problem000,0.13,0,15,149913,15
problem001,0.1,0,15,149844,15
problem002,0.11,0,16,159614,16
problem003,0.18,0,14,139778,14
problem004,0.11,0,15,149715,15
problem005,0.1,0,15,149684,15
problem006,0.11,0,15,149763,15
problem007,0.29,0,14,139854,14
problem008,0.13,0,15,149963,15
problem009,0.73,0,14,139677,14
problem010,0.14,0,14,139953,14
problem011,0.25,0,15,149729,15
problem012,0.12,0,15,149575,15
problem013,0.23,0,15,149861,15
problem014,0.1,0,15,149578,15
problem015,0.09,0,17,169645,17
problem016,0.08,0,16,159979,16
problem017,0.1,0,16,159823,16
problem018,0.1,0,15,149847,15
problem019,0.13,0,15,149847,15
problem020,0.17,0,15,149787,15
problem021,0.17,0,14,139715,14
problem022,0.13,0,15,149949,15
problem023,0.1,0,16,159578,16
problem024,0.19,0,15,149498,15
problem025,0.1,0,16,159703,16
problem026,0.79,0,14,139815,14
problem027,0.1,0,15,149932,15
problem028,1.06,0,14,139645,14
problem029,0.09,0,16,159954,16
problem030,0.1,0,15,149908,15
problem031,0.1,0,16,159822,16
problem032,0.11,0,15,149858,15
problem033,0.1,0,16,159875,16
problem034,0.14,0,15,149769,15
problem035,0.15,0,16,159438,16
problem036,0.16,0,15,149978,15
problem037,0.15,0,15,149845,15
problem038,0.23,0,14,139889,14
problem039,0.18,0,14,139664,14
problem040,0.15,0,15,149965,15
problem041,0.22,0,15,149864,15
problem042,0.16,0,16,159769,16
problem043,0.21,0,16,159670,16
problem044,1.13,0,14,139887,14
problem045,0.17,0,15,149892,15
problem046,0.14,0,16,159960,16
problem047,0.16,0,16,159677,16
problem048,0.11,0,14,139934,14
problem049,0.75,0,14,139907,14
problem050,0.11,0,15,149970,15
problem051,0.13,0,16,159717,16
problem052,0.12,0,15,149812,15
problem053,0.15,0,13,129937,13
problem054,0.11,0,15,149877,15
problem055,0.1,0,16,159987,16
problem056,0.1,0,16,159981,16
problem057,0.09,0,16,159878,16
problem058,0.11,0,15,149856,15
problem059,0.09,0,16,159814,16
problem060,0.16,0,15,149648,15
problem061,0.1,0,16,159731,16
problem062,0.14,0,16,159601,16
problem063,0.13,0,15,149871,15
problem064,0.13,0,16,159613,16
problem065,0.1,0,16,159987,16
problem066,0.1,0,15,149344,15
problem067,0.11,0,15,149468,15
problem068,0.11,0,16,159914,16
problem069,0.09,0,15,149952,15
problem070,0.13,0,15,149966,15
problem071,0.11,0,15,149853,15
problem072,0.12,0,15,149921,15
problem073,0.11,0,16,159909,16
problem074,0.11,0,15,149841,15
problem075,0.12,0,14,139950,14
problem076,0.11,0,15,149888,15
problem077,0.1,0,15,149877,15
problem078,0.09,0,15,149934,15
problem079,0.11,0,16,159707,16
problem080,0.1,0,15,149774,15
problem081,0.12,0,15,149892,15
problem082,0.17,0,14,139869,14
problem083,0.08,0,16,159795,16
problem084,0.14,0,14,139717,14
problem085,0.12,0,15,149857,15
problem086,0.16,0,15,149652,15
problem087,0.68,0,15,149884,15
problem088,0.1,0,15,149749,15
problem089,0.1,0,16,159517,16
problem090,0.11,0,15,149910,15
problem091,0.12,0,14,139815,14
problem092,0.76,0,15,149929,15
problem093,0.09,0,16,159984,16
problem094,10.43,0,14,140000,14
problem095,0.13,0,15,149786,15
problem096,0.32,0,15,149669,15
problem097,0.12,0,15,149717,15
problem098,0.13,0,15,149861,15
problem099,0.1,0,15,149795,15
