problem000,4.3,0,4,39955,4
problem001,4.73,0,4,39997,4
problem002,5.67,0,4,40000,4
problem003,5.1,0,4,39998,4
problem004,6.57,0,4,39996,4
problem005,4.1,0,4,39994,4
problem006,5.45,0,4,39995,4
problem007,2.57,0,4,39998,4
problem008,3.73,0,4,39995,4
problem009,4.6,0,4,39996,4
problem010,5.99,0,4,39998,4
problem011,5.58,0,4,39981,4
problem012,4.09,0,4,39994,4
problem013,4.07,0,4,39997,4
problem014,3.46,0,4,39962,4
problem015,3.34,0,4,39998,4
problem016,6.55,0,4,39999,4
problem017,3.76,0,4,39992,4
problem018,4.62,0,4,39986,4
problem019,6.53,0,4,40000,4
problem020,3.09,0,4,40000,4
problem021,3.08,0,4,39986,4
problem022,2.44,0,4,39992,4
problem023,3.73,0,4,39999,4
problem024,2.87,0,4,39986,4
problem025,4.89,0,4,39987,4
problem026,2.89,0,4,39998,4
problem027,5.1,0,4,39993,4
problem028,3.12,0,4,39993,4
problem029,4.06,0,4,39993,4
problem030,2.49,0,4,39999,4
problem031,3.25,0,4,39974,4
problem032,4.99,0,4,40000,4
problem033,4.92,0,4,39988,4
problem034,3.67,0,4,39991,4
problem035,3.67,0,4,39991,4
problem036,3.02,0,4,39981,4
problem037,4.77,0,4,39993,4
problem038,4.08,0,4,39996,4
problem039,2.34,0,4,39997,4
problem040,3.79,0,4,39992,4
problem041,4.82,0,4,39999,4
problem042,4.2,0,4,39999,4
problem043,2.98,0,4,39992,4
problem044,4.41,0,4,39993,4
problem045,3.86,0,4,39983,4
problem046,5.37,0,4,39991,4
problem047,3.8,0,4,39981,4
problem048,3.69,0,4,39973,4
problem049,5.68,0,4,39989,4
problem050,3.07,0,4,39976,4
problem051,3.58,0,4,39991,4
problem052,3.94,0,4,39996,4
problem053,3.02,0,4,40000,4
problem054,4.28,0,4,40000,4
problem055,3.32,0,4,39996,4
problem056,4.89,0,4,39972,4
problem057,3.76,0,4,39997,4
problem058,4.89,0,4,39996,4
problem059,4.03,0,4,40000,4
problem060,3.74,0,4,39991,4
problem061,4.25,0,4,39993,4
problem062,3.58,0,4,39981,4
problem063,2.63,0,4,39999,4
problem064,3.59,0,4,39957,4
problem065,2.54,0,4,39982,4
problem066,3.46,0,4,40000,4
problem067,3.59,0,4,40000,4
problem068,3.99,0,4,39994,4
problem069,5.09,0,4,39976,4
problem070,3.48,0,4,39995,4
problem071,4.2,0,4,39997,4
problem072,3.79,0,4,39992,4
problem073,5.08,0,4,39996,4
problem074,2.47,0,4,39974,4
problem075,3.16,0,4,39990,4
problem076,3.14,0,4,39994,4
problem077,3.25,0,4,39993,4
problem078,3.53,0,4,39981,4
problem079,2.73,0,4,39972,4
problem080,3.76,0,4,40000,4
problem081,4.73,0,4,39994,4
problem082,4.78,0,4,39994,4
problem083,6.03,0,4,39995,4
problem084,3.86,0,4,40000,4
problem085,3.49,0,4,39979,4
problem086,4.3,0,4,39998,4
problem087,6.31,0,4,39991,4
problem088,5.17,0,4,39994,4
problem089,4.73,0,4,39994,4
problem090,6.68,0,4,39999,4
problem091,5.59,0,4,39987,4
problem092,5.94,0,4,39976,4
problem093,5.92,0,4,39999,4
problem094,3.02,0,4,39995,4
problem095,2.65,0,4,39987,4
problem096,4.22,0,4,39998,4
problem097,4.23,0,4,39997,4
problem098,2.66,0,4,40000,4
problem099,3.78,0,4,39997,4
