problem0 0.01 6001933725 1
problem1 0.02 5234887274 1
problem2 0.01 5902263198 1
problem3 0.01 6161462671 1
problem4 0.06 6628516087 1
problem5 0.1 5542197356 1
problem6 0.03 6657860584 1
problem7 0.38 5917278785 1
problem8 0 6284755121 1
problem9 0.02 6076858446 1
problem10 0.08 6221824402 1
problem11 0.01 6701952467 1
problem12 0.01 6380926667 1
problem13 0.04 6021030928 1
problem14 0.01 6975866524 1
problem15 0.08 5458979397 1
problem16 0.02 5169020229 1
problem17 0.01 6229214642 1
problem18 0.09 7015210246 1
problem19 0.02 6255020439 1
problem20 0 6917385759 1
problem21 0.01 6736963380 1
problem22 0.05 5849304784 1
problem23 0.15 6022544841 1
problem24 0.03 6731154265 1
problem25 0.04 5911669398 1
problem26 0.04 6166185466 1
problem27 0.06 6724491483 1
problem28 0.01 7289214707 1
problem29 0.03 6916116952 1
problem30 0.02 6191107204 1
problem31 0.14 5387685069 1
problem32 0 5925364461 1
problem33 0.03 6822297338 1
problem34 0.03 6697978990 1
problem35 0.04 6598847391 1
problem36 0 5908496711 1
problem37 0.06 7063745532 1
problem38 0 5460955064 1
problem39 0.01 6762456913 1
problem40 0.03 5650263041 1
problem41 0.01 6336811742 1
problem42 0.01 5889065058 1
problem43 0.21 5451715043 1
problem44 0.02 6810172699 1
problem45 0.07 6049193376 1
problem46 0.07 6457223276 1
problem47 0.01 6573645141 1
problem48 0.05 6300855957 1
problem49 0.05 6606009922 1
problem50 0 6803304918 1
problem51 0.02 5892217767 1
problem52 0.01 6184131183 1
problem53 0.05 6109699780 1
problem54 0.06 5157693088 1
problem55 0.02 6282116825 1
problem56 0.02 6460603049 1
problem57 0.02 5802260774 1
problem58 0 5795115210 1
problem59 0.02 6791174379 1
problem60 0 5885061443 1
problem61 0.01 5908825960 1
problem62 0.01 6611769940 1
problem63 0.19 6615653341 1
problem64 0.04 7217356861 1
problem65 0.01 5606337418 1
problem66 0.04 6455528766 1
problem67 0.06 6036756911 1
problem68 0.04 6406994327 1
problem69 0.03 5808695180 1
problem70 0 5801874312 1
problem71 0.02 6499402849 1
problem72 0.03 6412971857 1
problem73 0.02 5943565678 1
problem74 0.02 6043621170 1
problem75 0.05 5303414259 1
problem76 0 6434511723 1
problem77 0.1 6297128752 1
problem78 0.01 6488449596 1
problem79 0.38 5878646885 1
problem80 0.01 5912033253 1
problem81 0.06 6833512146 1
problem82 0.03 5942910630 1
problem83 0.11 6365078967 1
problem84 0.01 6286270143 1
problem85 0.02 6817435220 1
problem86 0.12 6366320240 1
problem87 0.01 6259865577 1
problem88 0.03 6925208057 1
problem89 0.04 6078922678 1
problem90 0 5608977306 1
problem91 0.01 6468849915 1
problem92 0.02 6124032915 1
problem93 0.04 6343030008 1
problem94 0.01 5440716836 1
problem95 0.02 6017311469 1
problem96 0 6808991117 1
problem97 0.3 6484119578 1
problem98 0 5509670414 1
problem99 0.05 6996230079 1
