problem0 0 4156438993 1
problem1 0 4164872046 1
problem2 0 4291667602 1
problem3 0 4410986387 1
problem4 0 4368973099 1
problem5 0.01 4521867760 1
problem6 0 4154209244 1
problem7 0 3638496709 1
problem8 0.01 4192945893 1
problem9 0 4910682194 1
problem10 0.01 3997681798 1
problem11 0.01 4070028503 1
problem12 0 4203229439 1
problem13 0.01 4320816276 1
problem14 0 4085919376 1
problem15 0.01 4552980169 1
problem16 0 4269946233 1
problem17 0 4247597238 1
problem18 0 4368142330 1
problem19 0 4773668251 1
problem20 0 4436782675 1
problem21 0.01 4388953784 1
problem22 0 4450252484 1
problem23 0 4237194061 1
problem24 0 4564080013 1
problem25 0 4312783002 1
problem26 0 4092513518 1
problem27 0.01 4348998111 1
problem28 0 4649305383 1
problem29 0 5088665692 1
problem30 0 3864517752 1
problem31 0 4102198097 1
problem32 0 4516280097 1
problem33 0 3938162686 1
problem34 0 4246163298 1
problem35 0.02 4168214947 1
problem36 0 4248896891 1
problem37 0.01 4351607168 1
problem38 0 4147720108 1
problem39 0 3989202645 1
problem40 0 4597574197 1
problem41 0 4258201314 1
problem42 0 4117030742 1
problem43 0 4388084967 1
problem44 0 4573429583 1
problem45 0.01 4964209188 1
problem46 0 4469506144 1
problem47 0 4187028953 1
problem48 0 4182572745 1
problem49 0.01 4519796038 1
problem50 0 4280050890 1
problem51 0 4289682347 1
problem52 0 4146791075 1
problem53 0 4539097672 1
problem54 0 4223262356 1
problem55 0.01 3959908445 1
problem56 0 3852141789 1
problem57 0.02 4334617386 1
problem58 0.01 4168652734 1
problem59 0 3960305135 1
problem60 0 4135673719 1
problem61 0 4142776812 1
problem62 0 4154382920 1
problem63 0.01 3967596129 1
problem64 0 4072197233 1
problem65 0 4455055502 1
problem66 0 4746530866 1
problem67 0.01 4498996147 1
problem68 0.01 4142687691 1
problem69 0 4038410512 1
problem70 0 4267311996 1
problem71 0 4122081253 1
problem72 0 3872499077 1
problem73 0 4328940914 1
problem74 0 4468530726 1
problem75 0.01 4061314295 1
problem76 0 4576142751 1
problem77 0 4260442036 1
problem78 0.01 4416940592 1
problem79 0 3591781609 1
problem80 0 4223066137 1
problem81 0 4083450326 1
problem82 0 4502557082 1
problem83 0 4104653243 1
problem84 0 4724862707 1
problem85 0 4652342744 1
problem86 0 3960479332 1
problem87 0.02 4295398765 1
problem88 0 4431268909 1
problem89 0 4361528762 1
problem90 0 4019370638 1
problem91 0 4359270911 1
problem92 0 4188443079 1
problem93 0.01 3964836732 1
problem94 0.01 4093685784 1
problem95 0 3524137329 1
problem96 0 4176067009 1
problem97 0 4145045790 1
problem98 0 4206536962 1
problem99 0.01 4644423107 1
