problem0 0 10395 1 0.00
problem1 0.00 10873 1 0.00
problem2 0.00 11975 1 0.00
problem3 0.00 11269 1 0.00
problem4 0.00 12467 1 0.00
problem5 0.00 11089 1 0.00
problem6 0.00 10591 1 0.00
problem7 0.00 11357 1 0.00
problem8 0.00 12235 1 0.00
problem9 0.00 11561 1 0.00
problem10 0.00 12279 1 0.00
problem11 0.00 11189 1 0.00
problem12 0.00 9955 1 0.00
problem13 0.00 12289 1 0.00
problem14 0.00 11151 1 0.00
problem15 0.00 13069 1 0.00
problem16 0.00 11771 1 0.00
problem17 0.00 10457 1 0.00
problem18 0.00 10535 1 0.00
problem19 0.00 12389 1 0.00
problem20 0.00 11027 1 0.00
problem21 0.00 12721 1 0.00
problem22 0.00 10943 1 0.00
problem23 0.00 10685 1 0.00
problem24 0.00 11051 1 0.00
problem25 0.00 12425 1 0.00
problem26 0.00 11351 1 0.00
problem27 0.00 12565 1 0.00
problem28 0.00 11075 1 0.00
problem29 0.00 10081 1 0.00
problem30 0.00 12271 1 0.00
problem31 0.00 11373 1 0.00
problem32 0.00 12635 1 0.00
problem33 0.00 11833 1 0.00
problem34 0.00 10631 1 0.00
problem35 0.00 10181 1 0.00
problem36 0.00 12147 1 0.00
problem37 0.00 11537 1 0.00
problem38 0.00 12319 1 0.00
problem39 0.00 11805 1 0.00
problem40 0.00 10123 1 0.00
problem41 0.00 10985 1 0.00
problem42 0.00 12471 1 0.00
problem43 0.00 11381 1 0.00
problem44 0.00 12451 1 0.00
problem45 0.00 11201 1 0.00
problem46 0.00 10063 1 0.00
problem47 0.00 11981 1 0.00
problem48 0.00 11707 1 0.00
problem49 0.00 12441 1 0.00
problem50 0.00 11751 1 0.00
problem51 0.00 11045 1 0.00
problem52 0.00 9939 1 0.00
problem53 0.00 12145 1 0.00
problem54 0.00 11647 1 0.00
problem55 0.00 12413 1 0.00
problem56 0.00 12011 1 0.00
problem57 0.00 10057 1 0.00
problem58 0.00 10775 1 0.00
problem59 0.00 12501 1 0.00
problem60 0.00 11267 1 0.00
problem61 0.00 12321 1 0.00
problem62 0.00 11439 1 0.00
problem63 0.00 10029 1 0.00
problem64 0.00 12059 1 0.00
problem65 0.00 11769 1 0.00
problem66 0.00 11847 1 0.00
problem67 0.00 11909 1 0.00
problem68 0.00 11571 1 0.00
problem69 0.00 9681 1 0.00
problem70 0.00 11999 1 0.00
problem71 0.00 11741 1 0.00
problem72 0.00 12875 1 0.00
problem73 0.00 11689 1 0.00
problem74 0.00 10103 1 0.00
problem75 0.00 10805 1 0.00
problem76 0.00 12387 1 0.00
problem77 0.00 11137 1 0.00
problem78 0.00 12559 1 0.00
problem79 0.00 11149 1 0.00
problem80 0.00 10363 1 0.00
problem81 0.00 11609 1 0.00
problem82 0.00 11943 1 0.00
problem83 0.00 11749 1 0.00
problem84 0.00 12179 1 0.00
problem85 0.00 11313 1 0.00
problem86 0.00 9791 1 0.00
problem87 0.00 12349 1 0.00
problem88 0.00 11435 1 0.00
problem89 0.00 12809 1 0.00
problem90 0.00 11991 1 0.00
problem91 0.00 10133 1 0.00
problem92 0.00 10947 1 0.00
problem93 0.00 12001 1 0.00
problem94 0.00 11119 1 0.00
problem95 0.00 12525 1 0.00
problem96 0.00 11227 1 0.00
problem97 0.00 10425 1 0.00
problem98 0.00 11527 1 0.00
problem99 0.00 12101 1 0.00
