problem0 0.53 1833454935772617 27 1 0.53 8172.00
problem1 0.14 1500735250625948 53 2 0.14 6388.00
problem2 0.07 1955953412012917 21 1 0.07 6388.00
problem3 0.14 1772519555086521 94 2 0.14 6388.00
problem4 0.07 1801296520880294 66 1 0.07 6388.00
problem5 0.07 1828394904501742 93 1 0.07 6388.00
problem6 0.07 1708742820568200 75 1 0.07 6388.00
problem7 0.07 2030782033276277 47 1 0.07 6388.00
problem8 0.06 1725885447564027 59 1 0.06 6388.00
problem9 0.07 1667106169385911 58 1 0.06 6388.00
problem10 0.07 1869641626679778 25 1 0.07 6388.00
problem11 0.08 2147425669714382 56 1 0.08 6388.00
problem12 0.06 1650562580694365 60 1 0.06 6388.00
problem13 0.14 1509475769023518 97 2 0.14 6388.00
problem14 0.07 1885649579214106 38 1 0.07 6388.00
problem15 0.07 1546616473713643 81 1 0.07 6388.00
problem16 0.06 1644782250169038 37 1 0.06 6388.00
problem17 0.07 2239322095694029 8 1 0.07 6388.00
problem18 0.07 1681162041254733 31 1 0.06 6388.00
problem19 0.07 1694062074528534 78 1 0.06 6388.00
problem20 0.08 1909889663411068 56 1 0.08 6388.00
problem21 0.07 1912334998003194 84 1 0.07 6388.00
problem22 0.06 1571337260675755 86 1 0.06 6388.00
problem23 0.07 1495932632514608 31 1 0.07 6388.00
problem24 0.07 1747329157098550 50 1 0.07 6388.00
problem25 0.13 1549226355184512 100 2 0.13 6388.00
problem26 0.07 1855137980973013 16 1 0.07 6388.00
problem27 0.08 1804885002238615 61 1 0.07 6388.00
problem28 0.07 1826104784984148 43 1 0.07 6388.00
problem29 0.06 1458369189749308 54 1 0.06 6388.00
problem30 0.07 1881356426316597 51 1 0.07 6388.00
problem31 0.07 2198080813089523 36 1 0.07 6388.00
problem32 0.07 1772278652660613 40 1 0.07 6388.00
problem33 0.08 1826660882289065 40 1 0.08 6388.00
problem34 0.07 2066677837305930 6 1 0.07 6388.00
problem35 0.07 1833817366447261 69 1 0.07 6388.00
problem36 0.07 1558033737194095 69 1 0.07 6388.00
problem37 0.07 1859105682227333 16 1 0.07 6388.00
problem38 0.07 1646039939365162 31 1 0.07 6388.00
problem39 0.07 1974689040154042 30 1 0.07 6388.00
problem40 0.07 1756901303722985 39 1 0.07 6388.00
problem41 0.07 1955660828914872 22 1 0.07 6388.00
problem42 0.07 1510500151783092 98 1 0.07 6388.00
problem43 0.07 1820687351111334 24 1 0.07 6388.00
problem44 0.07 2024429711816149 68 1 0.07 6388.00
problem45 0.23 1872133807788689 23 1 0.07 6392.00
problem46 0.07 1817009668819221 40 1 0.07 6392.00
problem47 0.07 1610052999255974 46 1 0.07 6392.00
problem48 0.07 1802227677928410 49 1 0.07 6392.00
problem49 0.07 2089626517450545 67 1 0.07 6392.00
problem50 0.07 1884357298019026 23 1 0.07 6392.00
problem51 0.07 1802244617808607 49 1 0.07 6392.00
problem52 0.07 1813376932792634 74 1 0.07 6392.00
problem53 0.07 1858649853595178 27 1 0.07 6392.00
problem54 0.13 1606741587973431 107 2 0.12 6392.00
problem55 0.07 1907154145935806 50 1 0.06 6392.00
problem56 0.07 1803575472083391 60 1 0.06 6392.00
problem57 0.08 1978399851692328 29 1 0.07 6392.00
problem58 0.07 1778229628961272 32 1 0.07 6392.00
problem59 0.07 1623282487767371 58 1 0.07 6392.00
problem60 0.07 1663767447352845 68 1 0.07 6392.00
problem61 0.07 1769598971999162 43 1 0.07 6392.00
problem62 0.07 1950065140426779 70 1 0.07 6392.00
problem63 0.06 1653990366956484 67 1 0.06 6392.00
problem64 0.07 1641142086630647 12 1 0.07 6392.00
problem65 0.07 1459557588345325 78 1 0.07 6392.00
problem66 0.07 1553146856398845 64 1 0.07 6392.00
problem67 0.06 1642957313132187 45 1 0.06 6392.00
problem68 0.07 1649788821006362 39 1 0.07 6392.00
problem69 0.07 1974432607460625 51 1 0.07 6392.00
problem70 0.19 1711737723078957 63 1 0.07 6392.00
problem71 0.07 1766791166965212 69 1 0.07 6392.00
problem72 0.07 1715580432835934 50 1 0.07 6392.00
problem73 0.07 1855347106364344 50 1 0.07 6392.00
problem74 0.07 1999258987796419 18 1 0.07 6392.00
problem75 0.07 1588258940301641 27 1 0.07 6392.00
problem76 0.07 1672845891282271 76 1 0.07 6392.00
problem77 0.07 1944363684425000 85 1 0.07 6392.00
problem78 0.07 1478370196733309 24 1 0.07 6392.00
problem79 0.07 1626528494827012 92 1 0.07 6392.00
problem80 0.14 1696238398909500 125 2 0.14 6392.00
problem81 0.07 1715578364062308 60 1 0.07 6392.00
problem82 0.07 2064739766462202 66 1 0.07 6392.00
problem83 0.28 2171848124949936 47 1 0.07 6392.00
problem84 0.07 1744678385590320 47 1 0.07 6392.00
problem85 0.33 1700538490415650 46 1 0.07 6392.00
problem86 0.07 1953869164290911 101 1 0.07 6392.00
problem87 0.07 2007194487861139 30 1 0.07 6392.00
problem88 0.13 1401454454066419 144 2 0.13 6392.00
problem89 0.07 1785796354074163 37 1 0.07 6392.00
problem90 0.07 1556968006120419 40 1 0.07 6392.00
problem91 0.07 2034965193028327 17 1 0.07 6392.00
problem92 0.07 1594748485604382 40 1 0.06 6392.00
problem93 0.08 1601957460379052 28 1 0.08 6392.00
problem94 0.07 1663572748579562 46 1 0.07 6392.00
problem95 0.07 1925807139909626 16 1 0.07 6392.00
problem96 0.07 1866239819169165 33 1 0.07 6392.00
problem97 0.07 1851173601588222 24 1 0.07 6392.00
problem98 0.07 1628845860542968 25 1 0.07 6392.00
problem99 0.08 1575675244893129 46 1 0.07 6392.00
