problem0 0 75163 1 0.00
problem1 0.00 88953 1 0.00
problem2 0.00 88263 1 0.00
problem3 0.00 89349 1 0.00
problem4 0.00 89011 1 0.00
problem5 0.00 95313 1 0.00
problem6 0.00 86623 1 0.00
problem7 0.00 91485 1 0.00
problem8 0.00 88267 1 0.00
problem9 0.00 93225 1 0.00
problem10 0.00 97015 1 0.00
problem11 0.00 89269 1 0.00
problem12 0.00 87267 1 0.00
problem13 0.00 97025 1 0.00
problem14 0.00 84623 1 0.00
problem15 0.00 88845 1 0.00
problem16 0.00 96251 1 0.00
problem17 0.00 94425 1 0.00
problem18 0.00 92455 1 0.00
problem19 0.00 110693 1 0.00
problem20 0.00 96787 1 0.00
problem21 0.00 91569 1 0.00
problem22 0.00 89791 1 0.00
problem23 0.00 99517 1 0.00
problem24 0.00 95019 1 0.00
problem25 0.00 90505 1 0.00
problem26 0.00 90967 1 0.00
problem27 0.00 96277 1 0.00
problem28 0.00 86851 1 0.00
problem29 0.00 95329 1 0.00
problem30 0.00 93935 1 0.00
problem31 0.00 90733 1 0.00
problem32 0.00 88667 1 0.00
problem33 0.00 89657 1 0.00
problem34 0.00 94599 1 0.00
problem35 0.00 95173 1 0.00
problem36 0.00 98419 1 0.00
problem37 0.00 98065 1 0.00
problem38 0.00 95007 1 0.00
problem39 0.00 95261 1 0.00
problem40 0.00 93579 1 0.00
problem41 0.00 81641 1 0.00
problem42 0.00 86967 1 0.00
problem43 0.00 99189 1 0.00
problem44 0.00 92579 1 0.00
problem45 0.00 81345 1 0.00
problem46 0.00 84815 1 0.00
problem47 0.00 82381 1 0.00
problem48 0.00 87227 1 0.00
problem49 0.00 91033 1 0.00
problem50 0.00 94695 1 0.00
problem51 0.00 89893 1 0.00
problem52 0.00 83667 1 0.00
problem53 0.00 96369 1 0.00
problem54 0.00 83839 1 0.00
problem55 0.00 107389 1 0.00
problem56 0.00 85995 1 0.00
problem57 0.00 89161 1 0.00
problem58 0.00 93207 1 0.00
problem59 0.00 91861 1 0.00
problem60 0.00 83971 1 0.00
problem61 0.00 93985 1 0.00
problem62 0.00 96175 1 0.00
problem63 0.00 92461 1 0.00
problem64 0.00 102171 1 0.00
problem65 0.00 106745 1 0.00
problem66 0.00 88647 1 0.00
problem67 0.00 88709 1 0.00
problem68 0.00 103731 1 0.00
problem69 0.00 86481 1 0.00
problem70 0.00 97247 1 0.00
problem71 0.00 92893 1 0.00
problem72 0.00 90699 1 0.00
problem73 0.00 92585 1 0.00
problem74 0.00 93303 1 0.00
problem75 0.00 94773 1 0.00
problem76 0.00 83555 1 0.00
problem77 0.00 94337 1 0.00
problem78 0.00 91151 1 0.00
problem79 0.00 92301 1 0.00
problem80 0.00 98683 1 0.00
problem81 0.00 91737 1 0.00
problem82 0.00 98983 1 0.00
problem83 0.00 97765 1 0.00
problem84 0.00 93075 1 0.00
problem85 0.00 95025 1 0.00
problem86 0.00 90175 1 0.00
problem87 0.00 82493 1 0.00
problem88 0.00 91307 1 0.00
problem89 0.00 93961 1 0.00
problem90 0.00 93399 1 0.00
problem91 0.00 75157 1 0.00
problem92 0.00 89283 1 0.00
problem93 0.00 88545 1 0.00
problem94 0.00 88175 1 0.00
problem95 0.00 88045 1 0.00
problem96 0.00 95195 1 0.00
problem97 0.00 86969 1 0.00
problem98 0.00 92935 1 0.00
problem99 0.00 88389 1 0.00
