problem0 4.3 628887833200 1 6500.00
problem1 4.73 640299598448 1 9592.00
problem2 14.35 552733653616 1 9592.00
problem3 9.16 577582920304 1 9592.00
problem4 10.88 531103328880 1 9592.00
problem5 4.13 521608585840 1 9592.00
problem6 15.28 519973444208 1 9592.00
problem7 4.08 600151872112 1 9592.00
problem8 7.64 595579669104 1 9592.00
problem9 16.43 511491326576 1 9592.00
problem10 17.08 507740158576 1 9592.00
problem11 16.08 520841179760 1 7156.00
problem12 16.55 538849012336 1 9592.00
problem13 12.99 532638409328 1 9592.00
problem14 6.48 576163338864 1 9592.00
problem15 6.99 502859600496 1 9592.00
problem16 12.61 524120115824 1 9592.00
problem17 10.90 542100161136 1 9592.00
problem18 6.35 544854358640 1 9592.00
problem19 12.72 468897722992 1 9592.00
problem20 2.54 628702390896 1 9592.00
problem21 14.51 531286647408 1 6500.00
problem22 10.86 525482367600 1 9592.00
problem23 7.11 564984435312 1 9592.00
problem24 4.00 603487734384 1 9592.00
problem25 3.55 594687148656 1 9592.00
problem26 4.85 526637300336 1 9592.00
problem27 2.13 610731111024 1 9592.00
problem28 7.85 542965426800 1 9592.00
problem29 3.83 620632515184 1 9592.00
problem30 12.76 522549353072 1 9592.00
problem31 4.07 563188077168 1 9592.00
problem32 18.16 524444879472 1 9592.00
problem33 8.26 566173074032 1 9592.00
