problem0 0 11380171138 1
problem1 0 10903022784 1
problem2 0 13005959103 1
problem3 0 12331215385 1
problem4 0 11783001220 1
problem5 0 11301910106 1
problem6 0 11895315729 1
problem7 0 11728801219 1
problem8 0 10498271398 1
problem9 0 11957491348 1
problem10 0 12330940547 1
problem11 0 11988906253 1
problem12 0 11300437992 1
problem13 0 11786045294 1
problem14 0 11911394325 1
problem15 0 12668427767 1
problem16 0 11800108106 1
problem17 0 12334244584 1
problem18 0 11321729479 1
problem19 0 12397428353 1
problem20 0 11266547660 1
problem21 0.01 10528908034 1
problem22 0 11625149337 1
problem23 0 12702899371 1
problem24 0 11825286254 1
problem25 0 12274540988 1
problem26 0 11858754443 1
problem27 0 12229665397 1
problem28 0 11185325104 1
problem29 0 11768731926 1
problem30 0 11530333085 1
problem31 0 11390425567 1
problem32 0 12967741714 1
problem33 0 12133540624 1
problem34 0 12412605903 1
problem35 0 12848753897 1
problem36 0 12793314580 1
problem37 0 11563415978 1
problem38 0.01 11078544417 1
problem39 0 12365686163 1
problem40 0 10897023542 1
problem41 0 11260425956 1
problem42 0 10128605331 1
problem43 0 11316178397 1
problem44 0 12648274552 1
problem45 0 11233268926 1
problem46 0 10294035749 1
problem47 0 12120068039 1
problem48 0 11910129626 1
problem49 0 12649884984 1
problem50 0 10024913879 1
problem51 0.01 12324566353 1
problem52 0 12031929436 1
problem53 0 12147489362 1
problem54 0 11254302377 1
problem55 0 12001568891 1
problem56 0.01 12031289854 1
problem57 0 12426991116 1
problem58 0 11507845019 1
problem59 0 12078977861 1
problem60 0 12491424448 1
problem61 0 13597653606 1
problem62 0 12188696749 1
problem63 0 11021565871 1
problem64 0 11947882658 1
problem65 0 12014879072 1
problem66 0 12738135007 1
problem67 0 12645619641 1
problem68 0 12857175460 1
problem69 0 12416034042 1
problem70 0 11643372337 1
problem71 0 10875397475 1
problem72 0.01 12216345542 1
problem73 0 12183027508 1
problem74 0 11641770147 1
problem75 0 11470279341 1
problem76 0 11226774792 1
problem77 0 10512763406 1
problem78 0 11975138869 1
problem79 0 11165051287 1
problem80 0 12091964266 1
problem81 0 10719420296 1
problem82 0 12423740903 1
problem83 0 11432072225 1
problem84 0 12183388396 1
problem85 0 12346669474 1
problem86 0.01 11705246137 1
problem87 0 11735391307 1
problem88 0 13056282510 1
problem89 0 10974343772 1
problem90 0 12351789995 1
problem91 0 12777794581 1
problem92 0 13478840656 1
problem93 0 11524473782 1
problem94 0 10623851965 1
problem95 0 12728683903 1
problem96 0 12278181938 1
problem97 0 12284790704 1
problem98 0 12565133807 1
problem99 0 12169816713 1
