problem0 0.89 484259560 1 4048.00
problem1 1.28 525440041 1 4664.00
problem2 1.28 501999753 1 4664.00
problem3 2.84 463542878 1 4664.00
problem4 3.30 473427682 1 4664.00
problem5 2.78 502002603 1 4040.00
problem6 1.34 513320499 1 4664.00
problem7 0.58 522826064 1 4664.00
problem8 1.27 514717884 1 4664.00
problem9 4.37 454920845 1 4664.00
problem10 0.31 604270269 1 4664.00
problem11 1.06 512470178 1 4664.00
problem12 2.9 448052854 1 4040.00
problem13 1.65 529533647 1 4664.00
problem14 0.91 549641255 1 4664.00
problem15 1.00 548056660 1 4664.00
problem16 0.90 543197712 1 4664.00
problem17 0.81 477464177 1 4664.00
problem18 2.61 420964465 1 4664.00
