problem0 1208.64 939053178033406 5 1546024024 6.95322e-310 0.00
problem1 1356.66 983037548603900 5 1546024024 6.95322e-310 0.00
problem2 1080.47 948380833975856 5 1546024024 6.95322e-310 0.00
problem3 1773.81 856158062402907 5 1546024024 6.95322e-310 0.00
problem4 2166.16 931582548141948 5 1546024024 6.95322e-310 0.00
problem5 1374.52 1023285863891871 5 1546024024 6.95322e-310 0.00
problem6 6567.41 1124701784816178 5 1546024024 6.95322e-310 0.00
problem7 1659.16 924026706282687 5 1546024024 6.95322e-310 0.00
problem8 1243.59 1026282717040138 5 1546024024 6.95322e-310 0.00
problem9 1013.76 945422342509271 5 1546024024 6.95322e-310 0.00
problem10 2224.38 1008616575455489 5 1546024024 6.95322e-310 0.00
problem11 1558.66 913147484946348 5 1546024024 6.95322e-310 0.00
problem12 1273.86 1023167931405290 5 1546024024 6.95322e-310 0.00
problem13 1174.95 1185026868296488 5 1546024024 6.95322e-310 0.00
problem14 2477.9 887097427013493 5 1546024024 6.95322e-310 0.00
problem15 824.49 1004040213608299 5 1546024024 6.95322e-310 0.00
problem16 842.19 965785064635103 5 1546024024 6.95322e-310 0.00
problem17 2182.23 1022414985602803 5 1546024024 6.95322e-310 0.00
problem18 3102.23 834645816180829 5 1546024024 6.95322e-310 0.00
problem19 669.2 952129780398217 5 1546024024 6.95322e-310 0.00
problem20 2051.66 1103096056877405 5 1546024024 6.95322e-310 0.00
problem21 2019.96 1110754357109286 5 1546024024 6.95322e-310 0.00
problem22 2190.8 1135094723125371 5 1546024024 6.95322e-310 0.00
problem23 1502.28 1224082489884261 5 1546024024 6.95322e-310 0.00
problem24 1254.48 980097855284216 5 1546024024 6.95322e-310 0.00
problem25 1534.89 834916182121603 5 1546024024 6.95322e-310 0.00
problem26 1726.38 1001356123868766 5 1546024024 6.95322e-310 0.00
problem27 4350.61 1223294383824478 5 1546024024 6.95322e-310 0.00
problem28 667.87 1104360455560904 5 1546024024 6.95322e-310 0.00
problem29 2211.47 914774193734251 5 1546024024 6.95322e-310 0.00
problem30 2581.47 1207655581904116 5 1546024024 6.95322e-310 0.00
problem31 2754.5 936820612408374 5 1546024024 6.95322e-310 0.00
problem32 2326.72 952938113644166 5 1546024024 6.95322e-310 0.00
problem33 1783.73 1006360417624970 5 1546024024 6.95322e-310 0.00
problem34 1764.57 1161739635744975 5 1546024024 6.95322e-310 0.00
problem35 2892.88 964474050444853 5 1546024024 6.95322e-310 0.00
problem36 954.3 932674346493014 5 1546024024 6.95322e-310 0.00
problem37 1831.43 1025740727109412 5 1546024024 6.95322e-310 0.00
problem38 1565.94 985570395362819 5 1546024024 6.95322e-310 0.00
