problem0 0 1251640 0
problem1 0 1487151 1
problem2 0 1023656 0
problem3 0 1448352 0
problem4 0 1038872 0
problem5 0 1579025 0
problem6 0 1018760 0
problem7 0 1338495 1
problem8 0 1078007 1
problem9 0 1234672 0
problem10 0 1462377 0
problem11 0 1382241 0
problem12 0 1500120 0
problem13 0 1371599 1
problem14 0 1305929 0
problem15 0 1317441 0
problem16 0 1518776 0
problem17 0 1072303 1
problem18 0 1073704 0
problem19 0 1275167 1
problem20 0 1396120 0
problem21 0 1385361 0
problem22 0 1158920 0
problem23 0 1124351 1
problem24 0.01 1394296 0
problem25 0 1393263 1
problem26 0 1430507 0
problem27 0 1389280 0
problem28 0 1382235 0
problem29 0 964944 0
problem30 0 1233096 0
problem31 0 1021375 1
problem32 0 1228856 0
problem33 0 1542192 0
problem34 0 1090985 0
problem35 0 1462431 1
problem36 0 1327387 0
problem37 0 1158929 0
problem38 0 1528456 0
problem39 0 1401731 0
problem40 0 1153529 0
problem41 0 1388017 0
problem42 0 1365864 0
problem43 0 1363554 0
problem44 0 1231576 0
problem45 0 1311952 0
problem46 0 1389641 0
problem47 0 1478976 0
problem48 0 1430456 0
problem49 0 1192880 0
problem50 0 1337640 0
problem51 0.01 1485859 0
problem52 0 1225880 0
problem53 0 1424016 0
problem54 0 1209863 1
problem55 0 1384191 1
problem56 0 1404280 0
problem57 0 1481073 0
problem58 0 1268455 1
problem59 0 1173983 1
problem60 0 1310302 0
problem61 0 1364048 0
problem62 0 1251271 1
problem63 0 1379521 0
problem64 0 1075000 0
problem65 0 1204016 0
problem66 0 1682600 0
problem67 0 1476513 0
problem68 0 1222680 0
problem69 0 1394192 0
problem70 0 1251721 0
problem71 0 1202816 0
problem72 0 1360119 1
problem73 0 1279216 0
problem74 0.01 1531496 0
problem75 0 1475942 0
problem76 0 1487320 0
problem77 0 1121232 0
problem78 0 1211209 0
problem79 0 1247297 0
problem80 0 1473208 0
problem81 0 1706673 0
problem82 0 1077289 0
problem83 0 1696544 0
problem84 0 1186714 0
problem85 0 1462672 0
problem86 0 1129735 1
problem87 0 1381888 0
problem88 0 1283191 1
problem89 0 1044593 0
problem90 0 1761767 1
problem91 0 1351904 0
problem92 0 1238360 0
problem93 0 1501008 0
problem94 0 876233 0
problem95 0 1344447 1
problem96 0 1314360 0
problem97 0.01 1259057 0
problem98 0 1094568 0
problem99 0 1490594 0
