problem0 0.2 116852711 1 3228.00
problem1 0.76 91899452 1 3472.00
problem2 0.25 121241608 1 3472.00
problem3 0.28 120669089 1 3472.00
problem4 0.21 113916609 1 3472.00
problem5 0.94 103260158 1 3472.00
problem6 0.00 112077394 1 3472.00
problem7 0.16 130958995 1 3472.00
problem8 0.31 120706811 1 3472.00
problem9 0.56 124424352 1 3472.00
problem10 0.46 109178620 1 3472.00
problem11 0.61 115971429 1 3472.00
problem12 0.48 109598357 1 3472.00
problem13 0.18 135985698 1 3472.00
problem14 0.56 103692294 1 3472.00
problem15 0.86 113721879 1 3472.00
problem16 0.49 109548431 1 3472.00
problem17 0.25 133537412 1 3472.00
problem18 0.45 118247280 1 3472.00
problem19 0.80 93666985 1 3472.00
problem20 0.73 123914217 1 3472.00
problem21 0.59 115220422 1 3472.00
problem22 0.00 115334970 1 3472.00
problem23 0.51 106781979 1 3472.00
problem24 0.32 117476771 1 3472.00
problem25 0.7 117506024 1 3232.00
problem26 0.22 117502308 1 3476.00
problem27 0.25 123162477 1 3476.00
problem28 0.46 110419645 1 3476.00
problem29 1.03 110469354 1 3476.00
problem30 0.74 124121070 1 3476.00
problem31 0.40 119187359 1 3476.00
problem32 0.26 115021111 1 3476.00
problem33 0.30 121652428 1 3476.00
problem34 0.34 118334680 1 3476.00
problem35 0.15 116447153 1 3476.00
problem36 0.48 116386577 1 3476.00
problem37 0.21 114560398 1 3476.00
problem38 0.62 105462306 1 3476.00
problem39 0.52 105329059 1 3476.00
problem40 0.82 101415499 1 3476.00
problem41 0.32 120913200 1 3476.00
problem42 0.36 111557068 1 3476.00
problem43 0.60 104916853 1 3476.00
problem44 0.44 110836965 1 3476.00
problem45 0.35 123336114 1 3476.00
problem46 0.00 121146838 1 3476.00
problem47 0.57 115936039 1 3476.00
problem48 0.43 117181663 1 3476.00
problem49 0.31 124696852 1 3476.00
problem50 0.13 113541184 1 3232.00
problem51 0.60 113544889 1 3476.00
problem52 0.35 110371897 1 3476.00
problem53 0.63 110487894 1 3476.00
problem54 0.52 118012682 1 3476.00
problem55 0.14 109331499 1 3476.00
problem56 0.35 109911283 1 3476.00
problem57 0.47 113969272 1 3476.00
problem58 1.10 111691828 1 3476.00
problem59 0.52 118939005 1 3476.00
problem60 0.26 120451341 1 3476.00
problem61 1.55 98859130 1 3476.00
problem62 0.25 116691390 1 3476.00
problem63 0.34 123399343 1 3476.00
problem64 0.53 114621063 1 3476.00
problem65 0.39 112556892 1 3476.00
problem66 0.17 127361448 1 3476.00
problem67 0.38 120644545 1 3476.00
problem68 0.77 110228321 1 3476.00
problem69 0.41 114307870 1 3476.00
problem70 0.47 119333362 1 3476.00
problem71 0.47 95229107 1 3476.00
