problem0 0.25 247799147135 0
problem1 0.24 288582594551 0
problem2 0.13 242397227663 0
problem3 0.18 254434166635 0
problem4 0.26 222929767386 0
problem5 0.29 303600725527 0
problem6 0.27 246262069792 0
problem7 0.39 310418485809 0
problem8 0.13 219076698724 0
problem9 0.25 244318444082 0
problem10 0.14 223471791897 0
problem11 0.24 230195787203 0
problem12 0.16 245311458677 0
problem13 0.27 296844710128 0
problem14 0.33 278876547454 0
problem15 0.22 267852773213 0
problem16 0.21 257724427791 0
problem17 0.13 194588079443 0
problem18 0.2 263467550835 0
problem19 0.32 250222581460 0
problem20 0.76 284138284322 0
problem21 0.23 254644053804 0
problem22 0.2 259465112959 0
problem23 0.3 233838621512 0
problem24 0.27 296760545072 0
problem25 0.32 270188447283 0
problem26 0.43 224935261591 0
problem27 0.43 302089645213 0
problem28 0.18 305221619326 0
problem29 0.23 218836611544 0
problem30 0.2 283993638084 0
problem31 0.2 301439968139 0
problem32 0.22 249091572373 0
problem33 0.11 252937816754 0
problem34 0.2 313976927937 0
problem35 0.15 246859281926 0
problem36 0.24 282581093822 0
problem37 0.2 272452497561 0
problem38 0.34 298460655399 0
problem39 0.54 305540367989 0
problem40 0.29 240245885856 0
problem41 0.19 257233404744 1
problem42 0.12 200582810669 0
problem43 0.28 298775163819 0
problem44 0.12 250789502632 0
problem45 0.17 250609099745 0
problem46 0.14 275796323829 0
problem47 0.27 242407611966 0
problem48 0.49 274171569970 0
problem49 0.1 226198024227 0
problem50 0.12 269272216829 0
problem51 0.41 268005910040 0
problem52 0.2 254238508173 0
problem53 0.16 207320336948 0
problem54 0.17 220962701651 0
problem55 0.37 294121351688 0
problem56 0.24 259811530642 0
problem57 0.33 269640323299 0
problem58 0.21 206854566467 0
problem59 0.49 349576891158 0
problem60 0.31 262044597940 0
problem61 0.47 298190365974 0
problem62 0.29 261953366214 0
problem63 0.1 251705305651 0
problem64 0.24 209477295205 0
problem65 0.32 280460518802 0
problem66 0.16 270250050517 0
problem67 0.22 280214463824 0
problem68 0.18 220393999565 0
problem69 0.11 233610556336 0
problem70 0.14 276936565767 0
problem71 0.14 209569783080 0
problem72 0.14 248244253530 1
problem73 0.32 289790504893 0
problem74 0.37 286567557447 0
problem75 0.14 230356988501 0
problem76 0.27 259506417673 0
problem77 0.3 260964824569 0
problem78 0.43 242952876739 0
problem79 0.33 280701666532 0
problem80 0.59 262569648201 0
problem81 0.18 255198276423 0
problem82 0.18 233730564543 0
problem83 0.32 270236709990 0
problem84 0.38 264943609275 0
