problem0 0 20538 1 0.00
problem1 0.00 22042 1 2272.00
problem2 0.00 22522 1 2272.00
problem3 0.00 24026 1 2272.00
problem4 0.00 28602 1 2272.00
problem5 0.00 23962 1 2272.00
problem6 0.00 26490 1 2272.00
problem7 0.00 27994 1 2272.00
problem8 0.00 20282 1 2272.00
problem9 0.00 23834 1 2272.00
problem10 0.00 24314 1 2272.00
problem11 0.00 29914 1 2272.00
problem12 0.00 24250 1 2272.00
problem13 0.00 19610 1 2272.00
problem14 0.00 20090 1 2272.00
problem15 0.00 19546 1 2272.00
problem16 0.00 20026 1 2272.00
problem17 0.00 23578 1 2272.00
problem18 0.00 26106 1 2272.00
problem19 0.00 27610 1 2272.00
problem20 0.00 17850 1 2272.00
problem21 0.00 21402 1 2272.00
problem22 0.00 21882 1 2272.00
problem23 0.00 25434 1 2272.00
problem24 0.00 23866 1 2272.00
problem25 0.00 21274 1 2272.00
problem26 0.00 25850 1 2272.00
problem27 0.00 25306 1 2272.00
problem28 0.00 23738 1 2272.00
problem29 0.00 21146 1 2272.00
problem30 0.00 23674 1 2272.00
problem31 0.00 25178 1 2272.00
problem32 0.00 27706 1 2272.00
problem33 0.00 23066 1 2272.00
problem34 0.00 25594 1 2272.00
problem35 0.00 23002 1 2272.00
problem36 0.00 27578 1 2272.00
problem37 0.00 20890 1 2272.00
problem38 0.00 19322 1 2272.00
problem39 0.00 26970 1 2272.00
problem40 0.00 21306 1 2272.00
problem41 0.00 22810 1 2272.00
problem42 0.00 27386 1 2272.00
problem43 0.00 26842 1 2272.00
problem44 0.00 23226 1 2272.00
problem45 0.00 26778 1 2272.00
problem46 0.00 21114 1 2272.00
problem47 0.00 18522 1 2272.00
problem48 0.00 23098 1 2272.00
problem49 0.00 28698 1 2272.00
problem50 0.00 25082 1 2272.00
problem51 0.00 32730 1 2272.00
problem52 0.00 27066 1 2272.00
problem53 0.00 22426 1 2272.00
problem54 0.00 22906 1 2272.00
problem55 0.00 20314 1 2272.00
problem56 0.00 24890 1 2272.00
problem57 0.00 24346 1 2272.00
problem58 0.00 24826 1 2272.00
problem59 0.00 24282 1 2272.00
problem60 0.00 22714 1 2272.00
problem61 0.00 22170 1 2272.00
problem62 0.00 28794 1 2272.00
problem63 0.00 24154 1 2272.00
problem64 0.00 24634 1 2272.00
problem65 0.00 26138 1 2272.00
problem66 0.00 20474 1 2272.00
problem67 0.00 26074 1 2272.00
problem68 0.00 20410 1 2272.00
problem69 0.00 23962 1 2272.00
problem70 0.00 26490 1 2272.00
problem71 0.00 19802 1 2272.00
problem72 0.00 24378 1 2272.00
problem73 0.00 25882 1 2272.00
problem74 0.00 26362 1 2272.00
problem75 0.00 23770 1 2272.00
problem76 0.00 24250 1 2272.00
problem77 0.00 29850 1 2272.00
problem78 0.00 24186 1 2272.00
problem79 0.00 21594 1 2272.00
problem80 0.00 28218 1 2272.00
problem81 0.00 23578 1 2272.00
problem82 0.00 24058 1 2272.00
problem83 0.00 25562 1 2272.00
problem84 0.00 23994 1 2272.00
problem85 0.00 29594 1 2272.00
problem86 0.00 30074 1 2272.00
problem87 0.00 27482 1 2272.00
problem88 0.00 30010 1 2272.00
problem89 0.00 31514 1 2272.00
problem90 0.00 21754 1 2272.00
problem91 0.00 31450 1 2272.00
problem92 0.00 15546 1 2272.00
problem93 0.00 25242 1 2272.00
problem94 0.00 23674 1 2272.00
problem95 0.00 25178 1 2272.00
problem96 0.00 23610 1 2272.00
problem97 0.00 23066 1 2272.00
problem98 0.00 25594 1 2272.00
problem99 0.00 25050 1 2272.00
