problem0 0 3937950220431 0 2216.00
problem1 0.00 3241220068128 0 2272.00
problem2 0.00 2873709518562 0 2272.00
problem3 0.00 4081946789380 0 2272.00
problem4 0.00 3119456511020 0 2272.00
problem5 0.00 3788031198847 0 2272.00
problem6 0.00 3235313700492 0 2272.00
problem7 0.00 3201137229121 0 2272.00
problem8 0.00 3522425561204 0 2272.00
problem9 0.00 3151068077120 0 2272.00
problem10 0.00 3702602588633 0 2272.00
problem11 0.00 2856963659832 0 2272.00
problem12 0.00 3690341357053 0 2272.00
problem13 0.00 3070143083722 0 2272.00
problem14 0.00 3059175245000 0 2272.00
problem15 0.00 4337864152944 0 2272.00
problem16 0.00 3600400956149 0 2272.00
problem17 0.00 3136779200708 0 2272.00
problem18 0.00 3154432467448 0 2272.00
problem19 0.01 3468272435659 0 2272.00
problem20 0.00 3804523101759 0 2272.00
problem21 0.00 3783507180017 0 2272.00
problem22 0.00 3096780510311 0 2272.00
problem23 0.00 3218643206244 0 2272.00
problem24 0.00 3470840658402 0 2272.00
problem25 0.00 2950972476970 0 2272.00
problem26 0.00 3342440515075 0 2272.00
problem27 0.00 2950852212463 0 2272.00
problem28 0.00 3372999042826 0 2272.00
problem29 0.00 2925521889726 0 2272.00
problem30 0.00 3187186550915 0 2272.00
problem31 0.00 3331641785606 0 2272.00
problem32 0.00 3107018021511 0 2272.00
problem33 0.00 2608261637637 0 2272.00
problem34 0.00 2931009915096 0 2272.00
problem35 0.00 2999722193217 0 2272.00
problem36 0.00 3255953679709 0 2272.00
problem37 0.00 4077769953697 0 2272.00
problem38 0.00 3294002983177 0 2272.00
problem39 0.00 3754096192556 0 2272.00
problem40 0.00 3156517149887 0 2272.00
problem41 0.00 2385252404329 0 2272.00
problem42 0.00 3732733094820 0 2272.00
problem43 0.01 3097993022199 0 2272.00
problem44 0.00 3063736437386 0 2272.00
problem45 0.00 3112369121616 0 2272.00
problem46 0.00 3780271734309 0 2272.00
problem47 0.00 3275480560768 0 2272.00
problem48 0.00 3566842361043 0 2272.00
problem49 0.00 3095421576103 0 2272.00
problem50 0.00 3286712362039 0 2272.00
problem51 0.00 3540524250570 0 2272.00
problem52 0.00 2806128051041 0 2272.00
problem53 0.00 3310254463777 0 2272.00
problem54 0.00 3759200366991 0 2272.00
problem55 0.00 3696040017652 0 2272.00
problem56 0.00 3860295244328 0 2272.00
problem57 0.00 3340337897531 0 2272.00
problem58 0.00 3104893366028 0 2272.00
problem59 0.00 3509778803694 0 2272.00
problem60 0.00 2617464016438 0 2272.00
problem61 0.00 3541430254668 0 2272.00
problem62 0.00 3018304702397 0 2272.00
problem63 0.00 2679966825201 0 2272.00
problem64 0.01 3408854893150 0 2272.00
problem65 0.00 3357952405430 0 2272.00
problem66 0.00 2899630424477 0 2272.00
problem67 0.00 3274846856923 0 2272.00
problem68 0.00 3031511075194 0 2272.00
problem69 0.00 3487649668483 0 2272.00
problem70 0.00 2844045426010 0 2272.00
problem71 0.00 3101248470628 0 2272.00
problem72 0.00 3358321279486 0 2272.00
problem73 0.00 2823576055966 0 2272.00
problem74 0.00 3332466206185 0 2272.00
problem75 0.00 3366810560762 0 2272.00
problem76 0.00 3607079378050 0 2272.00
problem77 0.00 2542902873457 0 2272.00
problem78 0.00 2998168733088 0 2272.00
problem79 0.00 3697818675383 0 2272.00
problem80 0.00 3054902818681 0 2272.00
problem81 0.00 3598657714494 0 2272.00
problem82 0.00 3540229855207 0 2272.00
problem83 0.00 3479234589465 0 2272.00
problem84 0.00 3752653792315 0 2272.00
problem85 0.00 3111951894937 0 2272.00
problem86 0.01 3366975924071 0 2272.00
problem87 0.00 2919848721769 0 2272.00
problem88 0.00 3618629848810 0 2272.00
problem89 0.00 3408592382666 0 2272.00
problem90 0.00 3334059807371 0 2272.00
problem91 0.00 3292798013111 0 2272.00
problem92 0.00 3825908507669 0 2272.00
problem93 0.00 3738383764289 0 2272.00
problem94 0.00 3411565661987 0 2272.00
problem95 0.00 3052915495240 0 2272.00
problem96 0.00 3545307469501 0 2272.00
problem97 0.00 3814181370905 0 2272.00
problem98 0.00 3199405394283 0 2272.00
problem99 0.00 3025050936181 0 2272.00
