problem0 0.1 117419 5 -1608863144 6.95328e-310 0.00
problem1 0.39 137889 5 -1608863144 6.95328e-310 0.00
problem2 0.78 117768 5 -1608863144 6.95328e-310 0.00
problem3 0.29 116095 5 -1608863144 6.95328e-310 0.00
problem4 0.14 148653 5 -1608863144 6.95328e-310 0.00
problem5 0.42 139106 5 -1608863144 6.95328e-310 0.00
problem6 0.39 129114 5 -1608863144 6.95328e-310 0.00
problem7 0.01 119347 5 -1608863144 6.95328e-310 0.00
problem8 0.18 105420 5 -1608863144 6.95328e-310 0.00
problem9 0.04 119868 5 -1608863144 6.95328e-310 0.00
problem10 0.39 121086 5 -1608863144 6.95328e-310 0.00
problem11 0.01 132954 5 -1608863144 6.95328e-310 0.00
problem12 0.08 130237 5 -1608863144 6.95328e-310 0.00
problem13 0.06 128551 5 -1608863144 6.95328e-310 0.00
problem14 0.2 122505 5 -1608863144 6.95328e-310 0.00
problem15 0.16 131515 5 -1608863144 6.95328e-310 0.00
problem16 1.97 138229 5 -1608863144 6.95328e-310 0.00
problem17 0.18 116999 5 -1608863144 6.95328e-310 0.00
problem18 0.15 131186 5 -1608863144 6.95328e-310 0.00
problem19 0.03 87812 5 -1608863144 6.95328e-310 0.00
problem20 0.02 144362 5 -1608863144 6.95328e-310 0.00
problem21 0.09 129935 5 -1608863144 6.95328e-310 0.00
problem22 0.76 143201 5 -1608863144 6.95328e-310 0.00
problem23 0.03 118481 5 -1608863144 6.95328e-310 0.00
problem24 0.17 147517 5 -1608863144 6.95328e-310 0.00
problem25 0.18 130141 5 -1608863144 6.95328e-310 0.00
problem26 0.12 159939 5 -1608863144 6.95328e-310 0.00
problem27 0.07 112605 5 -1608863144 6.95328e-310 0.00
problem28 0.24 137296 5 -1608863144 6.95328e-310 0.00
problem29 0.07 122269 5 -1608863144 6.95328e-310 0.00
problem30 1 144728 5 -1608863144 6.95328e-310 0.00
problem31 0.18 132166 5 -1608863144 6.95328e-310 0.00
problem32 0.14 137925 5 -1608863144 6.95328e-310 0.00
problem33 0.03 131059 5 -1608863144 6.95328e-310 0.00
problem34 0.37 117198 5 -1608863144 6.95328e-310 0.00
problem35 0.26 128156 5 -1608863144 6.95328e-310 0.00
problem36 0.04 142686 5 -1608863144 6.95328e-310 0.00
problem37 0.08 121089 5 -1608863144 6.95328e-310 0.00
problem38 0.15 124363 5 -1608863144 6.95328e-310 0.00
problem39 0.03 100654 5 -1608863144 6.95328e-310 0.00
problem40 0.09 106674 5 -1608863144 6.95328e-310 0.00
problem41 0.03 135261 5 -1608863144 6.95328e-310 0.00
problem42 0.19 138581 5 -1608863144 6.95328e-310 0.00
problem43 0.1 120809 5 -1608863144 6.95328e-310 0.00
problem44 0.18 128743 5 -1608863144 6.95328e-310 0.00
problem45 0.2 127285 5 -1608863144 6.95328e-310 0.00
problem46 0.23 115850 5 -1608863144 6.95328e-310 0.00
problem47 0.05 148631 5 -1608863144 6.95328e-310 0.00
problem48 0.48 131162 5 -1608863144 6.95328e-310 0.00
problem49 0.08 121804 5 -1608863144 6.95328e-310 0.00
problem50 0.04 112169 5 -1608863144 6.95328e-310 0.00
problem51 0.12 135159 5 -1608863144 6.95328e-310 0.00
problem52 0.1 114517 5 -1608863144 6.95328e-310 0.00
problem53 0.05 134438 5 -1608863144 6.95328e-310 0.00
problem54 0.11 116366 5 -1608863144 6.95328e-310 0.00
problem55 0.42 116851 5 -1608863144 6.95328e-310 0.00
problem56 0.28 128531 5 -1608863144 6.95328e-310 0.00
problem57 0.44 157143 5 -1608863144 6.95328e-310 0.00
problem58 0.07 129867 5 -1608863144 6.95328e-310 0.00
problem59 0.11 121134 5 -1608863144 6.95328e-310 0.00
problem60 0.25 97310 5 -1608863144 6.95328e-310 0.00
problem61 0.33 128969 5 -1608863144 6.95328e-310 0.00
problem62 0.39 137812 5 -1608863144 6.95328e-310 0.00
problem63 0.16 137243 5 -1608863144 6.95328e-310 0.00
problem64 0.06 125198 5 -1608863144 6.95328e-310 0.00
problem65 0.22 111117 5 -1608863144 6.95328e-310 0.00
problem66 0.14 137983 5 -1608863144 6.95328e-310 0.00
problem67 0.07 167069 5 -1608863144 6.95328e-310 0.00
problem68 0.14 103515 5 -1608863144 6.95328e-310 0.00
problem69 0.09 126307 5 -1608863144 6.95328e-310 0.00
problem70 0.26 119192 5 -1608863144 6.95328e-310 0.00
problem71 0.17 137923 5 -1608863144 6.95328e-310 0.00
problem72 0.21 103856 5 -1608863144 6.95328e-310 0.00
problem73 0.18 122899 5 -1608863144 6.95328e-310 0.00
problem74 0.05 111941 5 -1608863144 6.95328e-310 0.00
problem75 0.14 128207 5 -1608863144 6.95328e-310 0.00
problem76 0.02 115833 5 -1608863144 6.95328e-310 0.00
problem77 0.05 127362 5 -1608863144 6.95328e-310 0.00
problem78 0.08 108698 5 -1608863144 6.95328e-310 0.00
problem79 0.19 127106 5 -1608863144 6.95328e-310 0.00
problem80 0.16 127313 5 -1608863144 6.95328e-310 0.00
problem81 0.09 113415 5 -1608863144 6.95328e-310 0.00
problem82 0.1 114564 5 -1608863144 6.95328e-310 0.00
problem83 0.03 121939 5 -1608863144 6.95328e-310 0.00
problem84 0.41 124282 5 -1608863144 6.95328e-310 0.00
problem85 0.15 111225 5 -1608863144 6.95328e-310 0.00
problem86 0.66 118239 5 -1608863144 6.95328e-310 0.00
problem87 0.06 142054 5 -1608863144 6.95328e-310 0.00
problem88 0.21 127316 5 -1608863144 6.95328e-310 0.00
problem89 0.08 119948 5 -1608863144 6.95328e-310 0.00
problem90 0.15 143087 5 -1608863144 6.95328e-310 0.00
problem91 0.03 112832 5 -1608863144 6.95328e-310 0.00
problem92 0.61 133363 5 -1608863144 6.95328e-310 0.00
problem93 0.17 137052 5 -1608863144 6.95328e-310 0.00
problem94 0.33 137745 5 -1608863144 6.95328e-310 0.00
problem95 0.08 125475 5 -1608863144 6.95328e-310 0.00
problem96 0.08 130226 5 -1608863144 6.95328e-310 0.00
problem97 1.67 143457 5 -1608863144 6.95328e-310 0.00
problem98 0.28 143786 5 -1608863144 6.95328e-310 0.00
problem99 0.15 138173 5 -1608863144 6.95328e-310 0.00
