problem0 0 404673 1 0.00
problem1 0.00 357551 1 0.00
problem2 0.00 423501 1 0.00
problem3 0.00 387355 1 0.00
problem4 0.00 389273 1 0.00
problem5 0.00 416839 1 0.00
problem6 0.00 386981 1 0.00
problem7 0.00 375347 1 0.00
problem8 0.00 411505 1 0.00
problem9 0.00 413407 1 0.00
problem10 0.00 416765 1 0.00
problem11 0.00 386635 1 0.00
problem12 0.00 397641 1 0.00
problem13 0.00 404599 1 0.00
problem14 0.00 389973 1 0.00
problem15 0.00 396643 1 0.00
problem16 0.00 405025 1 0.00
problem17 0.00 414991 1 0.00
problem18 0.00 396717 1 0.00
problem19 0.00 397179 1 0.00
problem20 0.00 384505 1 0.00
problem21 0.00 379047 1 0.00
problem22 0.00 379653 1 0.00
problem23 0.00 396435 1 0.00
problem24 0.00 401617 1 0.00
problem25 0.00 370495 1 0.00
problem26 0.00 428893 1 0.00
problem27 0.00 402603 1 0.00
problem28 0.00 415401 1 0.00
problem29 0.00 413911 1 0.00
problem30 0.00 405173 1 0.00
problem31 0.00 407491 1 0.00
problem32 0.00 376705 1 0.00
problem33 0.00 402799 1 0.00
problem34 0.00 398605 1 0.00
problem35 0.00 402907 1 0.00
problem36 0.00 400217 1 0.00
problem37 0.00 410887 1 0.00
problem38 0.00 368229 1 0.00
problem39 0.00 405235 1 0.00
problem40 0.00 387633 1 0.00
problem41 0.00 413599 1 0.00
problem42 0.00 412349 1 0.00
problem43 0.00 414475 1 0.00
problem44 0.00 371721 1 0.00
problem45 0.00 378167 1 0.00
problem46 0.00 375317 1 0.00
problem47 0.00 414243 1 0.00
problem48 0.00 401633 1 0.00
problem49 0.00 402895 1 0.00
problem50 0.00 363629 1 0.00
problem51 0.00 420923 1 0.00
problem52 0.00 403641 1 0.00
problem53 0.00 422247 1 0.00
problem54 0.00 385477 1 0.00
problem55 0.00 368979 1 0.00
problem56 0.00 410513 1 0.00
problem57 0.00 362495 1 0.00
problem58 0.00 399901 1 0.00
problem59 0.00 381291 1 0.00
problem60 0.00 422249 1 0.00
problem61 0.00 354711 1 0.00
problem62 0.00 415093 1 0.00
problem63 0.00 310403 1 0.00
problem64 0.00 430657 1 0.00
problem65 0.00 407087 1 0.00
problem66 0.00 439245 1 0.00
problem67 0.00 410267 1 0.00
problem68 0.00 386585 1 0.00
problem69 0.00 421319 1 0.00
problem70 0.00 431397 1 0.00
problem71 0.00 394163 1 0.00
problem72 0.00 412913 1 0.00
problem73 0.00 413791 1 0.00
problem74 0.00 391549 1 0.00
problem75 0.00 376779 1 0.00
problem76 0.00 419529 1 0.00
problem77 0.00 409079 1 0.00
problem78 0.00 401621 1 0.00
problem79 0.00 407267 1 0.00
problem80 0.00 398241 1 0.00
problem81 0.00 358031 1 0.00
problem82 0.00 355117 1 0.00
problem83 0.00 395515 1 0.00
problem84 0.00 447353 1 0.00
problem85 0.00 399911 1 0.00
problem86 0.00 366725 1 0.00
problem87 0.00 439827 1 0.00
problem88 0.00 403025 1 0.00
problem89 0.00 403647 1 0.00
problem90 0.00 411869 1 0.00
problem91 0.00 409131 1 0.00
problem92 0.00 429097 1 0.00
problem93 0.00 410199 1 0.00
problem94 0.00 408629 1 0.00
problem95 0.00 409923 1 0.00
problem96 0.00 402689 1 0.00
problem97 0.00 378607 1 0.00
problem98 0.00 389773 1 0.00
problem99 0.00 417627 1 0.00
