problem0 0.3 4060787601 1
problem1 0.21 4886049387 1
problem2 0.07 4260023230 1
problem3 0.04 4801664548 1
problem4 0.01 4595903443 1
problem5 0.05 5181301797 1
problem6 0.77 5026858768 1
problem7 0.41 5652452014 1
problem8 0.16 4883434165 1
problem9 0 4512410111 1
problem10 0.01 4220349954 1
problem11 0.04 4398945368 1
problem12 0.01 5086675511 1
problem13 0.08 4250086905 1
problem14 0.46 3993371284 1
problem15 0.07 4000470306 1
problem16 0.02 3693929561 1
problem17 0.35 4121606675 1
problem18 0.35 4355942086 1
problem19 0.02 5033209612 1
problem20 0.01 3820577563 1
problem21 0.03 4284495949 1
problem22 0.02 5015608472 1
problem23 0.21 4438858774 1
problem24 0.33 4287926397 1
problem25 0.04 4617302695 1
problem26 0.07 4829169162 1
problem27 0.01 4257822272 1
problem28 0.03 4637630079 1
problem29 0.09 4482224929 1
problem30 0.11 5341750556 1
problem31 0.01 3939612554 1
problem32 0.22 4787887905 1
problem33 0.28 5140636603 1
problem34 0.01 4622359502 1
problem35 0.09 4583946740 1
problem36 0.02 4331029603 1
problem37 0.02 5057171061 1
problem38 0.6 4783352864 1
problem39 0.17 4476565374 1
problem40 0.01 4727267397 1
problem41 0.21 4634697039 1
problem42 0.15 5165873170 1
problem43 0.02 4206938664 1
problem44 0.09 4361839815 1
problem45 0.17 4710267465 1
problem46 0.13 5518213540 1
problem47 0.01 5026851826 1
problem48 0.04 4350059497 1
problem49 0.12 4885393251 1
problem50 0.26 4839369430 1
problem51 0.52 4509955804 1
problem52 0.11 4320071595 1
problem53 0.09 4408551069 1
problem54 0.2 5316572584 1
problem55 0.03 4980876518 1
problem56 0.01 4715657741 1
problem57 0.03 4435519991 1
problem58 0 4881581082 1
problem59 0.04 4414230544 1
problem60 0.65 4512568591 1
problem61 0.03 4721779569 1
problem62 0 4725954604 1
problem63 0.05 4733710938 1
problem64 0.03 3777180337 1
problem65 0.01 4712635659 1
problem66 0.27 4562670558 1
problem67 0 4527236548 1
problem68 0.6 4658578675 1
problem69 0.03 4769661125 1
problem70 0 4458117424 1
problem71 0.03 4397442126 1
problem72 0.11 4270955989 1
problem73 0.02 4614215839 1
problem74 0.18 5080738338 1
problem75 0.18 4311533560 1
problem76 0.29 4330155863 1
problem77 0.23 4524527257 1
problem78 0.75 5326137524 1
problem79 0.12 4526787266 1
problem80 0.07 4828793721 1
problem81 0.36 4890700979 1
problem82 0.01 4599961318 1
problem83 0 3951232684 1
problem84 0.23 4466304059 1
problem85 0.01 4563868909 1
problem86 0.13 4691834552 1
problem87 0.08 3757700534 1
problem88 0.06 4109372317 1
problem89 0.02 4341262663 1
problem90 0.03 4428802602 1
problem91 0.06 4339413472 1
problem92 0.31 4457935775 1
problem93 0.09 4346477505 1
problem94 0 4455920444 1
problem95 0.11 5035914538 1
problem96 0.35 4661194305 1
problem97 0 4599504475 1
problem98 0.04 4997673966 1
problem99 0.1 4783839636 1
