problem0 4.2 79553132119535 1 4956.00
problem1 6.18 71789279396785 1 6448.00
problem2 10.56 65725400942684 1 6448.00
problem3 8.57 62735747733130 1 6448.00
problem4 13.23 66204478068081 1 6448.00
problem5 5.88 68110170727019 1 6448.00
problem6 10.91 67453651356782 1 6448.00
problem7 10.02 66123931455892 1 6448.00
problem8 14.07 62827263874707 1 6448.00
problem9 14.66 61755449831493 1 6448.00
problem10 9.19 69041084626720 1 6448.00
problem11 5.14 72582110444734 1 6448.00
problem12 6.59 73558813645653 1 6448.00
problem13 14.20 65577041655615 1 6448.00
problem14 9.78 70968081132146 1 6448.00
problem15 5.14 75821491335688 1 6448.00
problem16 6.35 71943520196023 1 6448.00
problem17 8.22 71986766061913 1 6448.00
problem18 12.18 65986041981028 1 6448.00
problem19 4.01 68318170770290 1 6448.00
problem20 12.11 66271454943161 1 6448.00
problem21 14.34 68521355540627 1 6448.00
problem22 9.45 68077182358262 1 6448.00
problem23 9.51 69478132777724 1 6448.00
problem24 9.55 57934100894555 1 6448.00
problem25 7.48 66011878631149 1 6448.00
problem26 5.31 76158212877352 1 6448.00
problem27 8.89 62877824152230 1 6448.00
problem28 8.21 68504085928605 1 6448.00
problem29 6.71 70403647501927 1 6448.00
problem30 13.01 62215449564666 1 6448.00
problem31 4.98 72821592740976 1 6448.00
problem32 5.36 76361287917439 1 6448.00
problem33 4.65 66016393777409 1 6448.00
problem34 7.73 68583710364268 1 6448.00
problem35 6.18 69871751717466 1 6448.00
problem36 15.72 70025308140545 1 6448.00
problem37 6.50 71815920926907 1 6448.00
problem38 9.32 65648825795454 1 6448.00
problem39 11.23 59804082697828 1 6448.00
problem40 6.02 71932724939299 1 6448.00
problem41 10.78 65577279123349 1 6448.00
problem42 9.08 68691977956144 1 6448.00
problem43 7.09 69474093075086 1 6448.00
problem44 9.54 65092614714341 1 6448.00
problem45 8.31 69637547108239 1 6448.00
problem46 7.38 65157045693314 1 6448.00
problem47 15.59 63677713627352 1 6448.00
problem48 15.47 69740175565639 1 6448.00
problem49 9.88 68539519324841 1 6448.00
problem50 12.16 58443845551732 1 6448.00
problem51 5.08 73651846888258 1 6448.00
problem52 20.98 63463918971465 1 6448.00
problem53 7.44 70433168259811 1 6448.00
problem54 9.81 67396882947590 1 6448.00
problem55 6.19 73529996340172 1 6448.00
problem56 7.60 71981233978091 1 6448.00
problem57 7.36 62363516160573 1 6448.00
problem58 7.25 66643555791928 1 6448.00
problem59 6.86 58005606351990 1 6448.00
problem60 8.78 73680371492653 1 6448.00
problem61 4.00 71179992271543 1 6448.00
problem62 9.29 69366134156042 1 6448.00
problem63 8.29 67457418092352 1 6448.00
problem64 5.23 68018377416975 1 6448.00
problem65 4.20 73058747852369 1 6448.00
problem66 7.38 65400260084860 1 6448.00
problem67 6.85 65288861644330 1 6448.00
problem68 12.83 66046464129681 1 6448.00
problem69 7.12 64898515805963 1 6448.00
problem70 8.96 69455714722446 1 6448.00
problem71 2.05 79594233127732 1 6448.00
problem72 9.33 71536712164787 1 6448.00
problem73 6.44 75122687915749 1 6448.00
problem74 5.09 73343468898112 1 6448.00
problem75 15.95 63431400923230 1 6448.00
problem76 7.24 70755172299893 1 6448.00
problem77 6.81 71723546648543 1 6448.00
problem78 15.66 62641111618706 1 6448.00
problem79 8.82 71907206547368 1 6448.00
problem80 11.33 64064587372759 1 6448.00
problem81 7.48 73200166915065 1 6448.00
problem82 8.99 67539182292100 1 6448.00
problem83 8.28 70117105865490 1 6448.00
problem84 6.29 65915779409113 1 6448.00
problem85 17.44 61949416588595 1 6448.00
problem86 4.18 70704260501782 1 6448.00
problem87 5.06 64601210707100 1 6448.00
problem88 6.14 72254120217211 1 6448.00
problem89 6.22 67584404174221 1 6448.00
problem90 12.92 59906086462536 1 6448.00
problem91 8.58 61045853560390 1 6448.00
problem92 5.28 71791268436925 1 6448.00
problem93 7.42 73127319660295 1 6448.00
problem94 6.90 66649574582298 1 6448.00
problem95 3.49 74219942638096 1 6448.00
problem96 13.39 61648103262879 1 6448.00
problem97 7.94 75414235857825 1 6448.00
problem98 17.60 62399210856076 1 6448.00
problem99 17.65 57656466117114 1 6448.00
