problem0 0.26 495295274027703 5 -1149551992 6.9533e-310 0.00
problem1 0.29 458290055383251 5 -1149551992 6.9533e-310 0.00
problem2 0.4 485751025624792 5 -1149551992 6.9533e-310 0.00
problem3 0.3 465116498320003 5 -1149551992 6.9533e-310 0.00
problem4 0.21 502772567106944 5 -1149551992 6.9533e-310 0.00
problem5 0.3 438763463317274 5 -1149551992 6.9533e-310 0.00
problem6 0.23 386471602220072 5 -1149551992 6.9533e-310 0.00
problem7 0.51 514162275001078 5 -1149551992 6.9533e-310 0.00
problem8 0.34 467687107813665 5 -1149551992 6.9533e-310 0.00
problem9 0.27 476387359498343 5 -1149551992 6.9533e-310 0.00
problem10 0.35 413884755192052 5 -1149551992 6.9533e-310 0.00
problem11 0.29 538065247362553 5 -1149551992 6.9533e-310 0.00
problem12 0.3 493592848876684 5 -1149551992 6.9533e-310 0.00
problem13 0.32 483438081546757 5 -1149551992 6.9533e-310 0.00
problem14 0.27 470054488412998 5 -1149551992 6.9533e-310 0.00
problem15 0.8 427396713353107 5 -1149551992 6.9533e-310 0.00
problem16 0.23 429582910565712 5 -1149551992 6.9533e-310 0.00
problem17 0.22 389419986716128 5 -1149551992 6.9533e-310 0.00
problem18 0.29 476572736359491 5 -1149551992 6.9533e-310 0.00
problem19 0.24 470858211371535 5 -1149551992 6.9533e-310 0.00
problem20 0.29 436852795183355 5 -1149551992 6.9533e-310 0.00
problem21 0.27 468603116639001 5 -1149551992 6.9533e-310 0.00
problem22 0.29 429653190541992 5 -1149551992 6.9533e-310 0.00
problem23 0.3 504298621687566 5 -1149551992 6.9533e-310 0.00
problem24 0.33 498954121837313 5 -1149551992 6.9533e-310 0.00
problem25 0.28 438587336104037 5 -1149551992 6.9533e-310 0.00
problem26 0.26 518671234394925 5 -1149551992 6.9533e-310 0.00
problem27 0.36 560240512644187 5 -1149551992 6.9533e-310 0.00
problem28 0.26 440773230636572 5 -1149551992 6.9533e-310 0.00
problem29 0.25 491244145050956 5 -1149551992 6.9533e-310 0.00
problem30 0.32 455382579257053 5 -1149551992 6.9533e-310 0.00
problem31 0.18 498590779496252 5 -1149551992 6.9533e-310 0.00
problem32 0.27 365039773532870 5 -1149551992 6.9533e-310 0.00
problem33 0.29 399353484027931 5 -1149551992 6.9533e-310 0.00
problem34 0.26 492587711443447 5 -1149551992 6.9533e-310 0.00
problem35 0.3 480931856861734 5 -1149551992 6.9533e-310 0.00
problem36 0.25 502466766539688 5 -1149551992 6.9533e-310 0.00
problem37 0.27 516768542449684 5 -1149551992 6.9533e-310 0.00
problem38 0.2 564614727340926 5 -1149551992 6.9533e-310 0.00
problem39 0.3 446269127947951 5 -1149551992 6.9533e-310 0.00
problem40 0.28 449738559546303 5 -1149551992 6.9533e-310 0.00
problem41 0.19 489141379575251 5 -1149551992 6.9533e-310 0.00
problem42 0.29 490507231766472 5 -1149551992 6.9533e-310 0.00
problem43 0.24 623922216488028 5 -1149551992 6.9533e-310 0.00
problem44 0.27 475185006472624 5 -1149551992 6.9533e-310 0.00
problem45 0.25 396816580380598 5 -1149551992 6.9533e-310 0.00
problem46 0.21 451462340104708 5 -1149551992 6.9533e-310 0.00
problem47 0.2 515164088229093 5 -1149551992 6.9533e-310 0.00
problem48 0.28 509085014631418 5 -1149551992 6.9533e-310 0.00
problem49 1.01 437990990762977 5 -1149551992 6.9533e-310 0.00
problem50 0.3 425250905216958 5 -1149551992 6.9533e-310 0.00
problem51 0.21 439462551044820 5 -1149551992 6.9533e-310 0.00
problem52 0.36 486734508441448 5 -1149551992 6.9533e-310 0.00
problem53 0.33 492981169441890 5 -1149551992 6.9533e-310 0.00
problem54 0.31 499646770880271 5 -1149551992 6.9533e-310 0.00
problem55 0.25 512689791371311 5 -1149551992 6.9533e-310 0.00
problem56 0.4 498317592957876 5 -1149551992 6.9533e-310 0.00
problem57 0.32 420061972630114 5 -1149551992 6.9533e-310 0.00
problem58 0.29 561670526600743 5 -1149551992 6.9533e-310 0.00
problem59 0.21 522375358460647 5 -1149551992 6.9533e-310 0.00
problem60 0.3 490931843203423 5 -1149551992 6.9533e-310 0.00
problem61 0.31 456188398568203 5 -1149551992 6.9533e-310 0.00
problem62 0.37 464173496928242 5 -1149551992 6.9533e-310 0.00
problem63 0.2 413571481336520 5 -1149551992 6.9533e-310 0.00
problem64 0.32 486103815953383 5 -1149551992 6.9533e-310 0.00
problem65 0.29 518905465595054 5 -1149551992 6.9533e-310 0.00
problem66 0.26 463210988823386 5 -1149551992 6.9533e-310 0.00
problem67 0.31 414837630571442 5 -1149551992 6.9533e-310 0.00
problem68 1.04 444174926843367 5 -1149551992 6.9533e-310 0.00
problem69 0.27 496982252729379 5 -1149551992 6.9533e-310 0.00
problem70 0.25 498444548492277 5 -1149551992 6.9533e-310 0.00
problem71 0.3 430414513643702 5 -1149551992 6.9533e-310 0.00
problem72 0.24 397645820881950 5 -1149551992 6.9533e-310 0.00
problem73 0.24 469067348350481 5 -1149551992 6.9533e-310 0.00
problem74 0.28 458366356166353 5 -1149551992 6.9533e-310 0.00
problem75 0.35 519395673784863 5 -1149551992 6.9533e-310 0.00
problem76 0.35 486255592445864 5 -1149551992 6.9533e-310 0.00
problem77 0.25 540382767540780 5 -1149551992 6.9533e-310 0.00
problem78 0.31 513725567801505 5 -1149551992 6.9533e-310 0.00
problem79 0.23 357916763210312 5 -1149551992 6.9533e-310 0.00
problem80 0.6 407660376636326 5 -1149551992 6.9533e-310 0.00
problem81 0.28 531253791158705 5 -1149551992 6.9533e-310 0.00
problem82 0.4 452490482962588 5 -1149551992 6.9533e-310 0.00
problem83 0.29 463494408331811 5 -1149551992 6.9533e-310 0.00
problem84 0.23 496563232133891 5 -1149551992 6.9533e-310 0.00
problem85 0.2 478198901921922 5 -1149551992 6.9533e-310 0.00
problem86 0.27 421893068571467 5 -1149551992 6.9533e-310 0.00
problem87 0.22 428939799028936 5 -1149551992 6.9533e-310 0.00
problem88 0.29 430851967156874 5 -1149551992 6.9533e-310 0.00
problem89 0.68 481278509082127 5 -1149551992 6.9533e-310 0.00
problem90 0.29 458391757337488 5 -1149551992 6.9533e-310 0.00
problem91 1.56 531440308166684 5 -1149551992 6.9533e-310 0.00
problem92 0.3 450109423206305 5 -1149551992 6.9533e-310 0.00
problem93 0.26 514059823397123 5 -1149551992 6.9533e-310 0.00
problem94 0.33 482730158438787 5 -1149551992 6.9533e-310 0.00
problem95 0.23 485638146502385 5 -1149551992 6.9533e-310 0.00
problem96 0.32 453926823707071 5 -1149551992 6.9533e-310 0.00
problem97 0.25 405926668258682 5 -1149551992 6.9533e-310 0.00
problem98 0.16 459038776363652 5 -1149551992 6.9533e-310 0.00
problem99 0.28 514920218844929 5 -1149551992 6.9533e-310 0.00
