problem0 0.09 43481390971692 0 2288.00
problem1 0.10 42169857795099 0 2344.00
problem2 0.09 43745886218588 0 2344.00
problem3 0.09 42831691218410 0 2344.00
problem4 0.09 40719453577168 0 2344.00
problem5 0.09 40405553701730 0 2344.00
problem6 0.08 40001528875232 0 2344.00
problem7 0.09 44750000703723 0 2344.00
problem8 0.09 41618728109075 0 2344.00
problem9 0.09 37575103246225 0 2344.00
problem10 0.09 43161917552789 0 2344.00
problem11 0.09 37554795378223 0 2344.00
problem12 0.09 41530988421566 0 2344.00
problem13 0.09 46266459957864 0 2344.00
problem14 0.09 37406476329577 0 2344.00
problem15 0.09 46909544290217 0 2344.00
problem16 0.09 41885003403943 0 2344.00
problem17 0.09 37021117814344 0 2344.00
problem18 0.10 48254912303329 0 2344.00
problem19 0.06 46332182732389 1 2344.00
problem20 0.10 44961853575460 0 2344.00
problem21 0.09 41343835247893 0 2344.00
problem22 0.09 48852590128543 0 2344.00
problem23 0.09 50398590197160 0 2344.00
problem24 0.10 46849775040253 0 2344.00
problem25 0.09 52650268682421 0 2344.00
problem26 0.09 41344885179093 0 2344.00
problem27 0.09 39450036471352 0 2344.00
problem28 0.09 46142698896854 0 2344.00
problem29 0.10 47680433894219 0 2344.00
problem30 0.09 41223903263319 0 2344.00
problem31 0.09 39256737442529 0 2344.00
problem32 0.09 45837565231248 0 2344.00
problem33 0.09 48119048632072 0 2344.00
problem34 0.10 45089250893354 0 2344.00
problem35 0.09 35668664630640 0 2344.00
problem36 0.09 45536576813137 0 2344.00
problem37 0.09 45874401252556 0 2344.00
problem38 0.09 39657442875586 0 2344.00
problem39 0.10 50530764754938 0 2344.00
problem40 0.09 44809042411353 0 2344.00
problem41 0.09 42141789343726 0 2344.00
problem42 0.09 51143941665632 0 2344.00
problem43 0.09 43868864009400 0 2344.00
problem44 0.09 41954474053651 0 2344.00
problem45 0.08 37583433648658 0 2344.00
problem46 0.09 38584982624335 0 2344.00
problem47 0.09 36628851776614 0 2344.00
problem48 0.08 35693230883875 0 2344.00
problem49 0.10 48394912761058 0 2344.00
problem50 0.09 46056544506272 0 2344.00
problem51 0.09 47634937928360 0 2344.00
problem52 0.10 47238282302887 0 2344.00
problem53 0.09 36338283733661 0 2344.00
problem54 0.08 39566927251829 0 2344.00
problem55 0.09 47879510352005 0 2344.00
problem56 0.09 37545934953987 0 2344.00
problem57 0.09 42516923163979 0 2344.00
problem58 0.09 38583622814142 0 2344.00
problem59 0.09 39169574133862 0 2344.00
problem60 0.09 48484367210635 0 2344.00
problem61 0.03 44291187470006 1 2344.00
problem62 0.08 32905477897230 0 2344.00
problem63 0.09 48379631414294 0 2344.00
problem64 0.10 46553253567925 0 2344.00
problem65 0.09 40149275754816 0 2344.00
problem66 0.10 48012285061906 0 2344.00
problem67 0.09 47225699038592 0 2344.00
problem68 0.08 32109700409499 0 2344.00
problem69 0.09 40501512797854 0 2344.00
problem70 0.09 41702729580618 0 2344.00
problem71 0.09 50269125496561 0 2344.00
problem72 0.09 36876099228338 0 2344.00
problem73 0.09 41071841896595 0 2344.00
problem74 0.09 39866659276293 0 2344.00
problem75 0.09 37632287877781 0 2344.00
problem76 0.10 49234905831032 0 2344.00
problem77 0.08 38109328286136 0 2344.00
problem78 0.09 43976459871814 0 2344.00
problem79 0.09 33173312362911 0 2344.00
problem80 0.09 48091323927931 0 2344.00
problem81 0.09 44049507953539 0 2344.00
problem82 0.09 35485783730792 0 2344.00
problem83 0.09 44240741109390 0 2344.00
problem84 0.10 43885655945626 0 2344.00
problem85 0.09 46608313936047 0 2344.00
problem86 0.09 39658452008278 0 2344.00
problem87 0.09 43404590144410 0 2344.00
problem88 0.09 44653162437977 0 2344.00
problem89 0.10 36702331345370 0 2344.00
problem90 0.09 44028624922708 0 2344.00
problem91 0.09 39158021796517 0 2344.00
problem92 0.09 40037914495640 0 2344.00
problem93 0.09 38075276386908 0 2344.00
problem94 0.09 43728373110271 0 2344.00
problem95 0.09 40544731325764 0 2344.00
problem96 0.09 41352066568978 0 2344.00
problem97 0.10 41595610547168 0 2344.00
problem98 0.09 44217366974411 0 2344.00
problem99 0.10 47152844514726 0 2344.00
