problem0 120.88 92531957279955 1
problem1 89.99 89380165514885 1
problem2 29.03 86518844611392 1
problem3 21.97 81799356919198 1
problem4 43.06 87722859537109 1
problem5 13.02 80105738859583 1
problem6 69.4 87991660858066 1
problem7 17.41 93373789703336 1
problem8 346.94 84966344606839 1
problem9 340.18 97369698335513 1
problem10 33.83 86473208331012 1
problem11 118.52 103106067633618 1
problem12 21.97 91614298743737 1
problem13 2.42 88677439051027 1
problem14 64.68 93060756868566 1
problem15 4.04 84707026248476 1
problem16 136.84 86168815891099 1
problem17 24.62 74115525012525 1
problem18 74.68 89406695949640 1
problem19 79.57 94121515200134 1
problem20 137.41 91861524415261 1
problem21 24.47 92429898959463 1
problem22 20.68 82585470108506 1
problem23 69.22 83551971791376 1
problem24 43.21 85576712767295 1
problem25 10.62 87203577928129 1
problem26 183.12 78732526275084 1
problem27 8.02 87523942057914 1
problem28 96.79 79076457173249 1
problem29 18.12 93185942578235 1
problem30 9.47 80824813009758 1
problem31 72.79 75622379776388 1
problem32 5.93 81950967190115 1
problem33 4.5 82150424826837 1
problem34 165.66 81624183970128 1
problem35 121.58 80019284078958 1
problem36 82.92 87295543090533 1
problem37 8.53 78756138726031 1
problem38 99.31 78474813425122 1
problem39 48.03 82105515456888 1
problem40 5.19 86316379841543 1
problem41 17.51 84831339571817 1
problem42 31.46 86152485487380 1
problem43 20.89 82970500905890 1
problem44 23.29 82782685493321 1
problem45 12.89 88484183704931 1
problem46 237.56 88940844790502 1
problem47 6.23 79727231898092 1
problem48 2.11 87084308843563 1
problem49 250.86 87602419379581 1
problem50 33.7 69748868405080 1
problem51 87.08 85867121686102 1
problem52 3.04 93622673109421 1
problem53 159.77 84817736445111 1
problem54 266.51 87136829379178 1
problem55 54.22 83480476599008 1
problem56 119.3 79547925650127 1
problem57 25.57 93062094679313 1
problem58 12.43 89761694049820 1
problem59 3.36 87893778985354 1
problem60 179.06 85054289123729 1
problem61 36.31 84577806645387 1
problem62 59.07 90884469322862 1
problem63 46.5 76753744305236 1
problem64 0.07 88904552570867 1
problem65 18.53 74852258642213 1
problem66 223.35 85193850421088 1
problem67 37.75 92409686834494 1
problem68 14.12 88934085001205 1
problem69 42.18 86744537807071 1
problem70 155.08 81623389792498 1
problem71 85.85 90559453720136 1
problem72 23.77 81462419057559 1
problem73 6.23 87826682323385 1
problem74 64.59 87231718470436 1
problem75 19.74 74737178732914 1
problem76 0.39 78261230384345 1
problem77 5.91 83581596155315 1
problem78 4.27 83054343192566 1
problem79 47.36 75092199737532 1
problem80 42.47 90384926739899 1
problem81 27.2 82752657602253 1
problem82 288.93 82208876007784 1
problem83 4.77 84427953391142 1
problem84 33.46 81135649671229 1
problem85 18.57 83618024740615 1
problem86 337.05 89203678529914 1
problem87 20.4 89892108876720 1
problem88 66.53 80369219688031 1
problem89 55.15 82559900092513 1
problem90 41.29 80853456955948 1
problem91 11.18 77064626643802 1
problem92 251.62 99022013549089 1
problem93 3.32 83939953988827 1
problem94 156.75 84939800401278 1
problem95 97.14 91080267028260 1
problem96 89.06 94490818467203 1
problem97 34.4 84262508881525 1
problem98 42.71 94034743659888 1
problem99 32 81243812843790 1
