problem0 0 1035876817 1
problem1 0 1111418734 1
problem2 0 1137550994 1
problem3 0 1089097619 1
problem4 0 1147747627 1
problem5 0 1099315696 1
problem6 0 1000092636 1
problem7 0 853478853 1
problem8 0 1105938149 1
problem9 0.01 1152585810 1
problem10 0 1078446214 1
problem11 0 1050129623 1
problem12 0 1250439423 1
problem13 0 1032481940 1
problem14 0 1133129360 1
problem15 0 895547081 1
problem16 0 1082275193 1
problem17 0 1026371766 1
problem18 0 1180471290 1
problem19 0 1082680731 1
problem20 0 1114893907 1
problem21 0 1033510584 1
problem22 0 1195472580 1
problem23 0 1049523021 1
problem24 0 1040864653 1
problem25 0 1024448666 1
problem26 0 1173277934 1
problem27 0 1127772639 1
problem28 0 1092535591 1
problem29 0 1162797148 1
problem30 0 1012391032 1
problem31 0.01 1015190353 1
problem32 0 1060173601 1
problem33 0 985372670 1
problem34 0 1125601122 1
problem35 0 1081207203 1
problem36 0 1128334715 1
problem37 0 996163968 1
problem38 0 993603500 1
problem39 0 1069967061 1
problem40 0 1074358837 1
problem41 0 1036975842 1
problem42 0 962914134 1
problem43 0 1099750631 1
problem44 0 1050214223 1
problem45 0 1239667236 1
problem46 0 1046954080 1
problem47 0 1032912345 1
problem48 0 994901705 1
problem49 0 1030135110 1
problem50 0 1058825418 1
problem51 0 1068456875 1
problem52 0 1059783331 1
problem53 0.01 1015882312 1
problem54 0 1270472340 1
problem55 0 906455133 1
problem56 0 1033569501 1
problem57 0 979174186 1
problem58 0 1115199422 1
problem59 0 1041069551 1
problem60 0 1015111543 1
problem61 0 955105772 1
problem62 0 1033820744 1
problem63 0 1182578273 1
problem64 0 1052298353 1
problem65 0 1133166734 1
problem66 0 988434482 1
problem67 0 1076444083 1
problem68 0 1055679947 1
problem69 0 1085620496 1
problem70 0 1079640956 1
problem71 0 967964645 1
problem72 0 1087481221 1
problem73 0 1141269874 1
problem74 0 1012424230 1
problem75 0 1074969847 1
problem76 0 1287808415 1
problem77 0.01 938553268 1
problem78 0 1061497392 1
problem79 0 940981481 1
problem80 0 1102503961 1
problem81 0 996442582 1
problem82 0 1046450586 1
problem83 0 984091067 1
problem84 0 1268756211 1
problem85 0 1028464088 1
problem86 0 1074798180 1
problem87 0 939955565 1
problem88 0 1176489005 1
problem89 0 1006085562 1
problem90 0 999471758 1
problem91 0 1138045439 1
problem92 0 1067880903 1
problem93 0.01 1112710012 1
problem94 0 1006678040 1
problem95 0 1074663793 1
problem96 0 1021950401 1
problem97 0 1058038046 1
problem98 0 1018865922 1
problem99 0 1087653315 1
