problem0 0 385706580 1 2368.00
problem1 0.02 350111877 1 2424.00
problem2 0.00 384583093 1 2424.00
problem3 0.01 366601274 1 2424.00
problem4 0.02 374372174 1 2424.00
problem5 0.01 347511943 1 2424.00
problem6 0.01 319902559 1 2424.00
problem7 0.01 375556780 1 2424.00
problem8 0.01 362994728 1 2424.00
problem9 0.01 292589033 1 2424.00
problem10 0.01 352965097 1 2424.00
problem11 0.01 381262718 1 2424.00
problem12 0.02 357778146 1 2424.00
problem13 0.01 353865387 1 2424.00
problem14 0.02 306420563 1 2424.00
problem15 0.01 323844272 1 2424.00
problem16 0.02 367080828 1 2424.00
problem17 0.01 328298701 1 2424.00
problem18 0.02 308177309 1 2424.00
problem19 0.01 378266690 1 2424.00
problem20 0.00 365370870 1 2424.00
problem21 0.01 385902159 1 2424.00
problem22 0.01 330684103 1 2424.00
problem23 0.01 347340852 1 2424.00
problem24 0.01 389301840 1 2424.00
problem25 0.01 361038129 1 2424.00
problem26 0.02 348871889 1 2424.00
problem27 0.01 319311494 1 2424.00
problem28 0.01 346478730 1 2424.00
problem29 0.02 358626163 1 2424.00
problem30 0.00 378557883 1 2424.00
problem31 0.01 392212792 1 2424.00
problem32 0.01 375774884 1 2424.00
problem33 0.01 410341141 1 2424.00
problem34 0.01 378534789 1 2424.00
problem35 0.02 354183754 1 2424.00
problem36 0.01 349913758 1 2424.00
problem37 0.01 338429463 1 2424.00
problem38 0.01 402221103 1 2424.00
problem39 0.02 343153596 1 2424.00
problem40 0.00 399363704 1 2424.00
problem41 0.02 296905337 1 2424.00
problem42 0.01 411669945 1 2424.00
problem43 0.02 338413454 1 2424.00
problem44 0.01 343616562 1 2424.00
problem45 0.01 413068859 1 2424.00
problem46 0.01 341138979 1 2424.00
problem47 0.01 296013760 1 2424.00
problem48 0.01 361883084 1 2424.00
problem49 0.01 368206685 1 2424.00
problem50 0.01 376666989 1 2424.00
problem51 0.01 340784722 1 2424.00
problem52 0.02 319513926 1 2424.00
problem53 0.01 360315871 1 2424.00
problem54 0.01 411469719 1 2424.00
problem55 0.00 411000132 1 2424.00
problem56 0.01 367391904 1 2424.00
problem57 0.01 361843137 1 2424.00
problem58 0.00 371653793 1 2424.00
problem59 0.00 412649110 1 2424.00
problem60 0.01 348044762 1 2424.00
problem61 0.02 323239683 1 2424.00
problem62 0.02 304952459 1 2424.00
problem63 0.01 329667656 1 2424.00
problem64 0.01 390843124 1 2424.00
problem65 0.01 382807461 1 2424.00
problem66 0.01 349923669 1 2424.00
problem67 0.00 407570522 1 2424.00
problem68 0.02 347473390 1 2424.00
problem69 0.01 344639399 1 2424.00
problem70 0.01 350729471 1 2424.00
problem71 0.01 353518796 1 2424.00
problem72 0.01 382941384 1 2424.00
problem73 0.02 370810633 1 2424.00
problem74 0.02 375787913 1 2424.00
problem75 0.01 354618270 1 2424.00
problem76 0.01 339742082 1 2424.00
problem77 0.01 337683915 1 2424.00
problem78 0.02 328358131 1 2424.00
problem79 0.02 357678800 1 2424.00
problem80 0.00 391777820 1 2424.00
problem81 0.02 389688813 1 2424.00
problem82 0.01 326780221 1 2424.00
problem83 0.01 328343650 1 2424.00
problem84 0.01 421110934 1 2424.00
problem85 0.01 341764463 1 2424.00
problem86 0.01 361197671 1 2424.00
problem87 0.01 365515348 1 2424.00
problem88 0.02 315366128 1 2424.00
problem89 0.01 413493841 1 2424.00
problem90 0.00 417944689 1 2424.00
problem91 0.02 352310950 1 2424.00
problem92 0.00 380476202 1 2424.00
problem93 0.01 375693971 1 2424.00
problem94 0.01 333400923 1 2424.00
problem95 0.01 401837912 1 2424.00
problem96 0.01 342044484 1 2424.00
problem97 0.01 364241973 1 2424.00
problem98 0.02 350392101 1 2424.00
problem99 0.02 336182890 1 2424.00
