problem0 0 5745875 1
problem1 0 4978308 0
problem2 0 4840256 1
problem3 0 5680542 1
problem4 0 4825813 1
problem5 0 5108799 1
problem6 0 4606674 1
problem7 0 4918440 1
problem8 0 4965495 1
problem9 0 5634841 1
problem10 0 4684548 1
problem11 0 4789714 1
problem12 0 4957113 1
problem13 0 5444882 0
problem14 0 5443030 1
problem15 0 5350171 0
problem16 0 4682395 1
problem17 0 4877357 1
problem18 0 4736328 1
problem19 0 5287558 1
problem20 0 4719389 1
problem21 0 4147814 0
problem22 0 4588378 1
problem23 0 4805135 0
problem24 0 4900671 1
problem25 0 5183937 1
problem26 0 4639244 1
problem27 0 4704186 1
problem28 0 4837633 1
problem29 0 5596219 1
problem30 0 4504414 1
problem31 0 4680068 1
problem32 0 5362275 1
problem33 0 5362645 1
problem34 0 4954448 1
problem35 0 4764014 1
problem36 0 5250405 1
problem37 0 5255823 1
problem38 0 4769250 1
problem39 0 4798840 1
problem40 0 4629511 1
problem41 0 5401193 1
problem42 0 4670228 1
problem43 0 5356450 1
problem44 0 4847689 1
problem45 0 5277027 1
problem46 0 5485286 1
problem47 0 5116396 1
problem48 0 5327915 1
problem49 0 5025149 1
problem50 0 5658456 1
problem51 0 4666965 0
problem52 0 4878765 1
problem53 0 4926647 1
problem54 0 5182058 1
problem55 0 5325536 1
problem56 0 4840143 1
problem57 0 5008657 1
problem58 0 5072412 1
problem59 0 5599626 1
problem60 0 5282193 1
problem61 0 5568650 0
problem62 0 5010542 1
problem63 0 5643348 1
problem64 0 4481011 1
problem65 0 5077285 1
problem66 0 5308256 1
problem67 0 5160254 1
problem68 0 4685813 1
problem69 0 5159135 1
problem70 0 5204210 1
problem71 0 5107272 1
problem72 0 4909975 1
problem73 0 5087672 0
problem74 0 5354276 1
problem75 0 4811122 1
problem76 0 4863193 1
problem77 0 5586354 0
problem78 0 4554742 1
problem79 0 4982972 1
problem80 0 5737915 1
problem81 0 5027532 0
problem82 0 4985192 1
problem83 0 5359142 1
problem84 0 4835389 1
problem85 0 5461766 0
problem86 0 4475258 1
problem87 0 5487535 0
problem88 0 4609631 1
problem89 0 5146720 0
problem90 0 5286444 1
problem91 0 5251930 1
problem92 0 4934177 1
problem93 0 5231835 1
problem94 0 5199230 1
problem95 0 5396259 0
problem96 0 4937091 1
problem97 0 4908661 1
problem98 0 5246320 1
problem99 0 5951758 1
