problem0 0.13 732265110230651 74 1 0.12 14456.00
problem1 0.01 610862589205659 73 1 0.01 9228.00
problem2 0.01 650541468578085 35 1 0 9228.00
problem3 0.01 527630424422801 61 1 0 9228.00
problem4 0.02 707882606546890 101 2 0 9228.00
problem5 0.01 732611195554842 52 1 0 9228.00
problem6 0.01 794911220332610 91 1 0 9228.00
problem7 0.01 718830776456055 84 1 0.01 9228.00
problem8 0.01 713085572898338 66 1 0 9228.00
problem9 0.01 654005624907105 53 1 0 9228.00
problem10 0.02 682319703297736 113 2 0 9228.00
problem11 0.01 563962537782326 54 1 0 9228.00
problem12 0.02 669633221188047 85 1 0 9228.00
problem13 0.01 646942226709496 64 1 0.01 9228.00
problem14 0.01 899677345515147 48 1 0 9228.00
problem15 0.01 672846703024461 86 1 0 9228.00
problem16 0.02 706141973944199 85 1 0 9228.00
problem17 0.01 645571337140715 89 1 0 9228.00
problem18 0.02 691252869722343 102 1 0 9228.00
problem19 0.01 772067757721696 66 1 0 9228.00
problem20 0.01 573557657848949 69 1 0 9228.00
problem21 0.02 576226901428203 91 1 0 9228.00
problem22 0.01 593802776961790 64 1 0.01 9228.00
problem23 0.01 651506237868247 60 1 0.01 9228.00
problem24 0.01 655646602660083 80 1 0.01 9228.00
problem25 0.01 724363285136683 56 1 0 9228.00
problem26 0.02 658314427244962 69 1 0 9228.00
problem27 0.01 553321686566928 56 1 0 9228.00
problem28 0.01 726857630361113 98 1 0.01 9228.00
problem29 0.02 626427155338994 79 1 0 9228.00
problem30 0.02 594125140303386 120 2 0.02 9228.00
problem31 0.02 868460968447725 60 1 0 9228.00
problem32 0.01 640520772151491 44 1 0 9228.00
problem33 0.01 746214801101137 85 1 0 9228.00
problem34 0.01 765059519997609 59 1 0 9228.00
problem35 0.01 699649245096023 51 1 0 9228.00
problem36 0.01 590538435302762 70 1 0 9228.00
problem37 0.02 730147202043624 56 1 0 9228.00
problem38 0.01 733917274799868 70 1 0.01 9228.00
problem39 0.01 703879222597331 88 1 0 9228.00
problem40 0.02 683663468205794 77 1 0 9228.00
problem41 0.01 659577792328492 61 1 0.01 9228.00
problem42 0.01 783706621998326 86 1 0.01 9228.00
problem43 0.01 740089411579238 91 1 0.01 9228.00
problem44 0.02 675942031618486 87 1 0 9228.00
problem45 0.01 784739516569819 96 1 0.01 9228.00
problem46 0.02 700203057028534 93 1 0 9228.00
problem47 0.01 619695456192465 72 1 0 9228.00
problem48 0.01 703832891463317 61 1 0 9228.00
problem49 0.01 585993643630743 102 1 0 9228.00
problem50 0.01 656826608689554 64 1 0 9228.00
problem51 0.02 601908563367443 74 1 0 9228.00
problem52 0.01 710080805581973 106 1 0.01 9228.00
problem53 0.01 681265426938322 55 1 0 9228.00
problem54 0.02 567314600904373 29 1 0 9228.00
problem55 0.01 782387801408238 66 1 0 9228.00
problem56 0.01 639045907628565 83 1 0 9228.00
problem57 0.02 670873085724416 28 1 0.01 9228.00
problem58 0.01 702122811905544 68 1 0.01 9228.00
problem59 0.02 756705860190221 113 1 0 9228.00
problem60 0.01 763866203425266 42 1 0 9228.00
problem61 0.01 722969303498047 53 1 0.01 9228.00
problem62 0.01 799133661242608 57 1 0 9228.00
problem63 0.01 767003114386648 67 1 0 9228.00
problem64 0.02 749504080029217 81 1 0 9228.00
problem65 0.02 711422617590931 124 2 0 9228.00
problem66 0.01 661171027166789 57 1 0.01 9228.00
problem67 0.03 751484556861129 109 1 0 9228.00
problem68 0.01 556348839469760 44 1 0.01 9228.00
problem69 0.01 619477390828111 105 1 0.01 9228.00
problem70 0.02 606964792640013 107 1 0 9228.00
problem71 0.01 635333955622038 63 1 0.01 9228.00
problem72 0.02 560926657858991 109 1 0.01 9228.00
problem73 0.01 672451384278101 58 1 0.01 9228.00
problem74 0.01 772850478886165 42 1 0 9228.00
problem75 0.02 669997897694276 82 1 0 9228.00
problem76 0.01 773306771052034 68 1 0 9228.00
problem77 0.01 651683705554595 69 1 0.01 9228.00
problem78 0.02 688538818242978 123 1 0 9228.00
problem79 0.01 724768752437908 59 1 0 9228.00
problem80 0.03 678401304193489 75 1 0.01 9228.00
problem81 0.01 730186369543236 86 1 0 9228.00
problem82 0.01 672402202646239 70 1 0 9228.00
problem83 0.02 760015441507078 42 1 0 9228.00
problem84 0.01 849877886490652 25 1 0.01 9228.00
problem85 0.01 620392029409483 74 1 0.01 9228.00
problem86 0.01 670581673979848 74 1 0.01 9228.00
problem87 0.02 681849841637333 103 1 0 9228.00
problem88 0.01 583640861389110 91 1 0.01 9228.00
problem89 0.01 828436747073699 56 1 0.01 9228.00
problem90 0.01 663589045438592 79 1 0 9228.00
problem91 0.01 715263985272841 79 1 0 9228.00
problem92 0.01 594313525728851 55 1 0 9228.00
problem93 0.02 695849256466779 77 1 0 9228.00
problem94 0.01 858987662361454 73 1 0 9228.00
problem95 0.01 666652390638472 79 1 0.01 9228.00
problem96 0.02 666656968429772 107 1 0 9228.00
problem97 0.02 679338844894627 108 1 0 9232.00
problem98 0.01 723099820305477 88 1 0.01 9232.00
problem99 0.02 643655069672853 65 1 0 9232.00
