problem0 0.19 3510309356 1 3136.00
problem1 0.44 3426650666 1 3408.00
problem2 0.14 4012908280 1 3408.00
problem3 0.20 3640317910 1 3408.00
problem4 0.21 3559071812 1 3408.00
problem5 0.22 3634800578 1 3408.00
problem6 0.46 3250930128 1 3408.00
problem7 0.26 3475686894 1 3408.00
problem8 0.31 3744591772 1 3408.00
problem9 0.16 3292020314 1 3408.00
problem10 0.13 3778729384 1 3408.00
problem11 0.20 3526647046 1 3408.00
problem12 0.29 3404980212 1 3408.00
problem13 0.34 3412372978 1 3408.00
problem14 0.32 3397335680 1 3408.00
problem15 0.30 3512401182 1 3408.00
problem16 0.22 3591983436 1 3408.00
problem17 0.28 3533788810 1 3408.00
problem18 0.37 3580153944 1 3408.00
problem19 0.30 3534095926 1 3408.00
problem20 0.22 3807814564 1 3408.00
problem21 0.37 3488061474 1 3408.00
problem22 0.14 3525441328 1 3408.00
problem23 0.23 3428898894 1 3408.00
problem24 0.61 3305387772 1 3408.00
problem25 0.16 3560231610 1 3408.00
problem26 0.82 3067154184 1 3408.00
problem27 0.33 3063599974 1 3408.00
problem28 0.21 3730729812 1 3408.00
problem29 0.18 3440010834 1 3408.00
problem30 0.15 4109400032 1 3408.00
problem31 0.42 3433518974 1 3408.00
problem32 0.16 3712327852 1 3408.00
problem33 0.53 3454907114 1 3408.00
problem34 0.04 4276261304 1 3408.00
problem35 0.16 3734881430 1 3408.00
problem36 0.29 3382589188 1 3408.00
problem37 0.35 3521648770 1 3408.00
problem38 0.13 3312303248 1 3408.00
problem39 0.32 3403250350 1 3144.00
problem40 0.26 3530591836 1 3416.00
problem41 0.43 3305568026 1 3416.00
problem42 0.14 3577501800 1 3416.00
problem43 0.27 3749304774 1 3416.00
problem44 0.11 3949528756 1 3416.00
problem45 0.11 3722161842 1 3416.00
problem46 0.15 3562849600 1 3416.00
problem47 0.12 3957473758 1 3416.00
problem48 0.30 3528982540 1 3416.00
problem49 0.43 3606814538 1 3416.00
problem50 0.17 3619775256 1 3416.00
problem51 0.38 3392803574 1 3416.00
problem52 0.23 3299990116 1 3416.00
problem53 0.27 3363842274 1 3416.00
problem54 0.17 3636498928 1 3416.00
problem55 0.31 3907824910 1 3416.00
problem56 0.13 3842962876 1 3416.00
problem57 0.31 3783699322 1 3416.00
problem58 0.09 3801395656 1 3416.00
problem59 0.33 3962138662 1 3416.00
problem60 0.36 3366695444 1 3416.00
problem61 0.21 3920660242 1 3416.00
problem62 0.24 3487310496 1 3416.00
problem63 0.26 3882073150 1 3416.00
problem64 0.22 3572002668 1 3416.00
problem65 0.56 2997033898 1 3416.00
problem66 0.09 3759752312 1 3416.00
problem67 0.21 3738366294 1 3416.00
problem68 0.21 3569978820 1 3416.00
problem69 0.14 3783772482 1 3416.00
problem70 0.36 3442636624 1 3416.00
problem71 0.20 3371331438 1 3416.00
problem72 0.13 4000804124 1 3416.00
problem73 0.08 4035702746 1 3416.00
problem74 0.21 3773963048 1 3416.00
problem75 0.12 4026635910 1 3416.00
problem76 0.29 2831052148 1 3416.00
problem77 0.24 3630231410 1 3416.00
problem78 0.14 3934687232 1 3416.00
problem79 0.27 3280193182 1 3416.00
problem80 0.50 3633245900 1 3416.00
problem81 0.59 3250333706 1 3416.00
problem82 0.14 3691132376 1 3416.00
problem83 0.18 3921698742 1 3140.00
problem84 0.28 3464319268 1 3412.00
problem85 0.18 3604412834 1 3412.00
problem86 0.26 3487263920 1 3412.00
problem87 0.25 3242377678 1 3412.00
problem88 0.27 3426874492 1 3412.00
problem89 0.27 3572417594 1 3412.00
problem90 0.23 3597440136 1 3412.00
problem91 0.19 3931786470 1 3412.00
problem92 0.43 3392747732 1 3412.00
problem93 0.36 3452233682 1 3412.00
problem94 0.31 3279162720 1 3412.00
problem95 0.21 3902431486 1 3412.00
problem96 0.26 3840114220 1 3412.00
problem97 0.32 3642672234 1 3412.00
problem98 0.05 3952359224 1 3412.00
problem99 0.39 3025821206 1 3412.00
