problem0 0.01 948039996571804 0
problem1 0.02 1006308751580223 0
problem2 0.03 794666152900987 0
problem3 0.02 963802585027797 0
problem4 0.06 1156594615206542 0
problem5 0.1 1307129764207248 0
problem6 0.06 972199686706032 0
problem7 0.03 986079877939527 0
problem8 0.01 786981731480400 0
problem9 0.03 945288031552237 0
problem10 0.03 787154022577607 0
problem11 0.04 961986455056107 0
problem12 0.02 984801129268537 0
problem13 0.04 904312453975084 0
problem14 0.04 933615991224920 0
problem15 0.05 1058942438789795 0
problem16 0.05 979058262250198 0
problem17 0.02 911984281457676 0
problem18 0.03 897831094983432 0
problem19 0.07 774827137305493 0
problem20 0.04 811466794497874 0
problem21 0.02 1051364537552373 0
problem22 0.02 999663491693390 0
problem23 0.08 933546703128154 0
problem24 0.06 983789484254626 0
problem25 0.05 919745850143132 0
problem26 0.03 943333379432049 0
problem27 0.05 1114627700309421 0
problem28 0.06 1016560083284432 0
problem29 0.07 1166473921251146 0
problem30 0.02 795537802514777 0
problem31 0.03 841054314885730 0
problem32 0.02 812575013949650 0
problem33 0.03 863414629036337 0
problem34 0.06 1145825273252512 0
problem35 0.06 1084910324336120 0
problem36 0.06 974471804696505 0
problem37 0.04 925857539622177 0
problem38 0.02 862707030685809 0
problem39 0.06 1064673618329268 0
problem40 0.02 894676731488199 0
problem41 0.03 861893054476303 0
problem42 0.03 1117199186057699 0
problem43 0.04 942926322556801 0
problem44 0.02 796009744801113 0
problem45 0.03 787512909436595 0
problem46 0.03 969820326157950 0
problem47 0.04 943316835191533 0
problem48 0.05 1100981724920877 0
problem49 0.04 996198157687036 0
problem50 0.02 1031095816942592 0
problem51 0.03 807708681692408 0
problem52 0.02 1029545047796992 0
problem53 0.03 860064335710545 0
problem54 0.02 706985218394197 0
problem55 0.04 1021126073059929 0
problem56 0.06 1052469273983357 0
problem57 0.01 942666128328419 0
problem58 0.02 889010023132636 0
problem59 0.1 1241860509796142 0
problem60 0.03 1141945248404161 0
problem61 0.07 994267590797927 0
problem62 0.02 856211043496401 0
problem63 0.04 937489216046569 0
problem64 0.05 846197926189787 0
problem65 0.01 966754635014043 0
problem66 0.05 1137944556749157 0
problem67 0.02 872565077612958 0
problem68 0.06 862042882149684 0
problem69 0.04 1016907039538495 0
problem70 0.01 872880467050005 0
problem71 0.04 910503155475802 0
problem72 0.04 963154850561988 0
problem73 0.02 978018955942981 0
problem74 0.05 1020590146465410 0
problem75 0.02 1002848894730024 0
problem76 0.02 916705280829225 0
problem77 0.06 1104753286706862 0
problem78 0.03 967531516528651 0
problem79 0.03 1008020154760338 0
problem80 0.03 901725952818312 0
problem81 0.07 1021285777390795 0
problem82 0.07 967463991388877 0
problem83 0.06 999463033775270 0
problem84 0.07 1095709514331431 0
problem85 0.03 1021227597132783 0
problem86 0.03 1074691163076469 0
problem87 0.1 771408108184480 0
problem88 0.03 1104076554063903 0
problem89 0.1 908180097029402 0
problem90 0.04 978479470606231 0
problem91 0.02 771012806404594 0
problem92 0.03 779991371871164 0
problem93 0.02 839899832119769 0
problem94 0.06 927264377093342 0
problem95 0.05 1054979636544885 0
problem96 0.03 899754976720549 0
problem97 0.04 632023412057190 0
problem98 0.03 924871817423695 0
problem99 0.08 916308646167457 0
