problem0 0 141246 1
problem1 0 134604 1
problem2 0 153211 1
problem3 0 149861 1
problem4 0 153920 1
problem5 0 162150 1
problem6 0 144717 1
problem7 0 147983 1
problem8 0 152034 1
problem9 0 156064 1
problem10 0 170047 1
problem11 0 143449 1
problem12 0 160676 1
problem13 0 147578 1
problem14 0 143697 1
problem15 0 155203 1
problem16 0 139398 1
problem17 0 143348 1
problem18 0 144003 1
problem19 0 144845 1
problem20 0 158344 1
problem21 0 141838 1
problem22 0 163285 1
problem23 0 172279 1
problem24 0 144298 1
problem25 0 145608 1
problem26 0 148807 1
problem27 0 137665 1
problem28 0 159212 1
problem29 0 144930 1
problem30 0 146137 1
problem31 0 150059 1
problem32 0 158542 1
problem33 0 138268 1
problem34 0 147595 1
problem35 0 150581 1
problem36 0 146896 1
problem37 0 148662 1
problem38 0 149597 1
problem39 0 158175 1
problem40 0 173938 1
problem41 0 154096 1
problem42 0 144463 1
problem43 0 150825 1
problem44 0 141876 1
problem45 0 165322 1
problem46 0 140897 1
problem47 0 131091 1
problem48 0 141334 1
problem49 0 164420 1
problem50 0 147603 1
problem51 0 158877 1
problem52 0 152344 1
problem53 0 141662 1
problem54 0 144613 1
problem55 0 142535 1
problem56 0 134458 1
problem57 0 165144 1
problem58 0 140631 1
problem59 0 141969 1
problem60 0 149628 1
problem61 0 139122 1
problem62 0 144361 1
problem63 0 147451 1
problem64 0 149214 1
problem65 0 119404 1
problem66 0 160411 1
problem67 0 149253 1
problem68 0 129632 1
problem69 0 141318 1
problem70 0 160621 1
problem71 0 145839 1
problem72 0 148738 1
problem73 0 145984 1
problem74 0 161887 1
problem75 0 160249 1
problem76 0 145604 1
problem77 0 156442 1
problem78 0 172913 1
problem79 0 141795 1
problem80 0 145318 1
problem81 0 146580 1
problem82 0 161443 1
problem83 0 162669 1
problem84 0 152488 1
problem85 0 147630 1
problem86 0 152565 1
problem87 0 151703 1
problem88 0 143050 1
problem89 0 153960 1
problem90 0 154983 1
problem91 0 152417 1
problem92 0 146188 1
problem93 0 147650 1
problem94 0 144633 1
problem95 0 138699 1
problem96 0 137838 1
problem97 0 151740 1
problem98 0 154795 1
problem99 0 154069 1
