problem0 0.02 2527629178 1
problem1 0.24 2342975171 1
problem2 0.04 2051315067 1
problem3 0.61 2279766008 1
problem4 0.02 2406691956 1
problem5 0.54 1856015493 1
problem6 0.33 2581224613 1
problem7 0.17 2384245162 1
problem8 0.24 2425535566 1
problem9 0.18 2064497319 1
problem10 0.14 1908395951 1
problem11 0.14 2337349820 1
problem12 0.1 2247586056 1
problem13 0.26 2634797865 1
problem14 0.03 2289887385 1
problem15 0.03 2148828974 1
problem16 0.26 2100526242 1
problem17 0.19 2363197451 1
problem18 0.04 2584510819 1
problem19 0.23 1986266880 1
problem20 0.02 2140465436 1
problem21 0.51 2353195853 1
problem22 0.36 2468762637 1
problem23 0.36 2247565874 1
problem24 0.04 1830789238 1
problem25 0.31 2588897007 1
problem26 0.03 2255026839 1
problem27 0.06 2884745924 1
problem28 0.02 2322033840 1
problem29 0.61 2541217009 1
problem30 0.04 1969483521 1
problem31 0.3 2549486262 1
problem32 0.27 2202662858 1
problem33 0.24 2216591187 1
problem34 0.31 2273413963 1
problem35 0.27 2425801736 1
problem36 0.01 2491993028 1
problem37 0.08 2607992853 1
problem38 0.23 2429618549 1
problem39 0.33 2301159610 1
problem40 0.01 2386776734 1
problem41 0.15 2360592695 1
problem42 0.32 2595259263 1
problem43 0 2331364044 1
problem44 0.17 2035340888 1
problem45 0.02 2094120121 1
problem46 0.05 2690052969 1
problem47 0.09 2748134462 1
problem48 0.3 2709160178 1
problem49 0.16 2322619547 1
problem50 0.05 2570990387 1
problem51 1.2 2079803152 1
problem52 0.01 1855282284 1
problem53 0.36 2252913373 1
problem54 0.76 2339175645 1
problem55 0.15 2105967938 1
problem56 0.47 2658947782 1
problem57 0.39 2313898367 1
problem58 0.18 2543905383 1
problem59 0.01 2399785172 1
problem60 0.12 2582261248 1
problem61 0.26 2531383937 1
problem62 0.14 2304275921 1
problem63 0.03 1939762118 1
problem64 0.17 2654181402 1
problem65 0.11 2284953571 1
problem66 0.01 2361194779 1
problem67 0.21 2455894040 1
problem68 0.12 2514557716 1
problem69 0.47 2554145701 1
problem70 0.18 2221715013 1
problem71 0.4 2135193546 1
problem72 0.38 2586386670 1
problem73 0.28 2366009287 1
problem74 0.4 2435100495 1
problem75 0.05 1866091740 1
problem76 0.02 2403988392 1
problem77 0.2 2094054985 1
problem78 0.13 2236282425 1
problem79 0.38 2446211406 1
problem80 0.1 2512633154 1
problem81 0.12 2502084907 1
problem82 0.22 2522373379 1
problem83 0.35 2450743072 1
problem84 0.01 2322761660 1
problem85 0.47 2519245421 1
problem86 0.15 1981980077 1
problem87 0.29 2297905234 1
problem88 0.05 1736981782 1
problem89 0.07 2759179279 1
problem90 0.14 2114343479 1
problem91 0.19 2465447652 1
problem92 0.42 2154211152 1
problem93 0.73 2334582801 1
problem94 0.06 1844507809 1
problem95 0.55 2334203094 1
problem96 0.03 2186899562 1
problem97 0.03 2556713075 1
problem98 0.18 2303385323 1
problem99 0.15 2242378792 1
