problem0 0 1600 1 0.00
problem1 0.00 1377 1 0.00
problem2 0.00 1633 1 0.00
problem3 0.00 2070 1 0.00
problem4 0.00 1722 1 0.00
problem5 0.00 1763 1 0.00
problem6 0.00 2059 1 0.00
problem7 0.00 2056 1 0.00
problem8 0.00 1428 1 0.00
problem9 0.00 1477 1 0.00
problem10 0.00 1557 1 0.00
problem11 0.00 1370 1 0.00
problem12 0.00 1742 1 0.00
problem13 0.00 2183 1 0.00
problem14 0.00 1535 1 0.00
problem15 0.00 2060 1 0.00
problem16 0.00 1896 1 0.00
problem17 0.00 1577 1 0.00
problem18 0.00 1609 1 0.00
problem19 0.00 1566 1 0.00
problem20 0.00 1378 1 0.00
problem21 0.00 1707 1 0.00
problem22 0.00 2035 1 0.00
problem23 0.00 1680 1 0.00
problem24 0.00 1852 1 0.00
problem25 0.00 2061 1 0.00
problem26 0.00 2045 1 0.00
problem27 0.00 1378 1 0.00
problem28 0.00 1526 1 0.00
problem29 0.00 1487 1 0.00
problem30 0.00 1383 1 0.00
problem31 0.00 1812 1 0.00
problem32 0.00 2064 1 0.00
problem33 0.00 1649 1 0.00
problem34 0.00 1969 1 0.00
problem35 0.00 1958 1 0.00
problem36 0.00 1546 1 0.00
problem37 0.00 1651 1 0.00
problem38 0.00 1499 1 0.00
problem39 0.00 1432 1 0.00
problem40 0.00 1636 1 0.00
problem41 0.00 2133 1 0.00
problem42 0.00 1637 1 0.00
problem43 0.00 1898 1 0.00
problem44 0.00 1950 1 0.00
problem45 0.00 2071 1 0.00
problem46 0.00 1359 1 0.00
problem47 0.00 1564 1 0.00
problem48 0.00 1464 1 0.00
problem49 0.00 1465 1 0.00
problem50 0.00 1817 1 0.00
problem51 0.00 1966 1 0.00
problem52 0.00 1714 1 0.00
problem53 0.00 1979 1 0.00
problem54 0.00 1987 1 0.00
problem55 0.00 1440 1 0.00
problem56 0.00 1676 1 0.00
problem57 0.00 1565 1 0.00
problem58 0.00 1357 1 0.00
problem59 0.00 1650 1 0.00
problem60 0.00 2118 1 0.00
problem61 0.00 1631 1 0.00
problem62 0.00 1975 1 0.00
problem63 0.00 1956 1 0.00
problem64 0.00 2016 1 0.00
problem65 0.00 1409 1 0.00
problem66 0.00 1537 1 0.00
problem67 0.00 1462 1 0.00
problem68 0.00 1498 1 0.00
problem69 0.00 1795 1 0.00
problem70 0.00 1963 1 0.00
problem71 0.00 1704 1 0.00
problem72 0.00 1972 1 0.00
problem73 0.00 2021 1 0.00
problem74 0.00 1461 1 0.00
problem75 0.00 1658 1 0.00
problem76 0.00 1518 1 0.00
problem77 0.00 1319 1 0.00
problem78 0.00 1695 1 0.00
problem79 0.00 2092 1 0.00
problem80 0.00 1672 1 0.00
problem81 0.00 1993 1 0.00
problem82 0.00 1897 1 0.00
problem83 0.00 1982 1 0.00
problem84 0.00 1410 1 0.00
problem85 0.00 1611 1 0.00
problem86 0.00 1427 1 0.00
problem87 0.00 1456 1 0.00
problem88 0.00 1884 1 0.00
problem89 0.00 1965 1 0.00
problem90 0.00 1693 1 0.00
problem91 0.00 1922 1 0.00
problem92 0.00 2070 1 0.00
problem93 0.00 1391 1 0.00
problem94 0.00 1671 1 0.00
problem95 0.00 1588 1 0.00
problem96 0.00 1328 1 0.00
problem97 0.00 1681 1 0.00
problem98 0.00 2129 1 0.00
problem99 0.00 1606 1 0.00
