problem0 25.66 42311218608409 1
problem1 32.11 41224221764753 1
problem2 6.26 40432828841609 1
problem3 38.16 37936560006913 1
problem4 41.71 40562238430713 1
problem5 10.62 44509180418929 1
problem6 31.66 43808560797545 1
problem7 1.27 41166459980257 1
problem8 13.09 43264338750169 1
problem9 104.95 46103485248081 1
problem10 17.49 40557929011273 1
problem11 15.22 41716616828097 1
problem12 18.17 42011771412409 1
problem13 6.97 42403155243313 1
problem14 6.98 44559845441833 1
problem15 4.13 39480381851553 1
problem16 4.52 39719558691993 1
problem17 3.82 43109120497681 1
problem18 16.31 43572346638857 1
problem19 11.61 46932047028865 1
problem20 271.75 43609274827129 1
problem21 128.04 45151938881265 1
problem22 301.82 39720713571049 1
problem23 123.55 43208812782945 1
problem24 30.83 42698585550425 1
problem25 11.22 43347073031633 1
problem26 41.19 42603512245193 1
problem27 76.88 38590595125313 1
problem28 44.57 42362313048889 1
problem29 20.12 44795378826417 1
problem30 70.67 40305322554537 1
problem31 68.22 38271439643425 1
problem32 111.76 42715328692249 1
problem33 41.99 37550782088081 1
problem34 4.32 41774643717513 1
problem35 131.19 40662472547841 1
problem36 55.8 43280645612793 1
problem37 156.87 42198003970673 1
problem38 57.9 44331929812585 1
problem39 237.38 36141528318177 1
problem40 253.09 40957362303449 1
problem41 11.22 41831172262225 1
problem42 11.1 41756476325705 1
problem43 2.56 39234802781121 1
problem44 6.55 37781131650745 1
problem45 63.1 42221481363505 1
problem46 22.12 44364855388201 1
problem47 14.54 49776926981793 1
problem48 12.71 44183504241561 1
problem49 20.24 43371087015697 1
problem50 4.71 44010690410761 1
problem51 205.73 40905996720513 1
problem52 38.53 44764797110393 1
problem53 348.56 42300003204593 1
problem54 85.28 42753025913321 1
problem55 89.14 44262301932641 1
problem56 58.19 36531650704729 1
problem57 9.57 40677722174673 1
problem58 7.4 41839199539913 1
problem59 40.38 38821151295297 1
problem60 282.17 47240297335353 1
problem61 46.41 41906394764209 1
problem62 29.8 37181704625065 1
problem63 48.19 45781047826977 1
problem64 66.55 41486564378393 1
problem65 77.74 43153129200273 1
problem66 0.2 42219764239497 1
problem67 9.89 41379610875137 1
problem68 76.56 38898542423033 1
problem69 6.86 41023106025841 1
problem70 5.32 43607616726377 1
problem71 96.29 42779500263393 1
problem72 11.62 38712127715545 1
problem73 21.62 38778881253457 1
problem74 88.6 44760652244553 1
problem75 53.07 38270365893313 1
problem76 57.6 41000508632505 1
problem77 8.83 44110761467697 1
problem78 10.69 43327772430121 1
problem79 268.14 36664729744801 1
problem80 105.5 41412293872281 1
problem81 21.63 38766553204241 1
problem82 24.5 43745042931721 1
problem83 27 43473265414273 1
problem84 10.67 43398747475833 1
problem85 2.04 42086477288689 1
problem86 7.53 36700917897449 1
problem87 7.31 41924800762721 1
problem88 115.27 43949665565785 1
problem89 52 39744829557713 1
problem90 28.17 43369571285449 1
problem91 45.77 43702229712449 1
problem92 35.73 39017383170361 1
problem93 13.83 48178248395441 1
problem94 18.16 44092428042921 1
problem95 173.39 44467589026081 1
problem96 1.35 40932329737753 1
problem97 9.98 43121217024401 1
problem98 116.67 42196546286473 1
problem99 132.51 46904020978689 1
