problem0 0.07 912355590376383 25 1 0.06 8352.00
problem1 0.02 966817923057791 30 2 0 6104.00
problem2 0.01 846737684472649 18 1 0 6104.00
problem3 0.01 955658334174557 30 1 0.01 6104.00
problem4 0.01 1071567024797409 17 1 0.01 6104.00
problem5 0.01 1120306280391672 14 1 0 6104.00
problem6 0.01 996010059005310 37 2 0 6104.00
problem7 0.01 966575749395960 28 1 0 6104.00
problem8 0.01 1161801017549594 47 2 0 6104.00
problem9 0.01 1011947385829508 30 1 0 6104.00
problem10 0.01 824329530556616 28 1 0 6104.00
problem11 0.01 892233026758339 46 1 0 6104.00
problem12 0.01 794752432278908 9 1 0 6104.00
problem13 0.02 1159748114149031 24 1 0 6104.00
problem14 0.01 713119213064138 20 1 0.01 6104.00
problem15 0.01 882103219108512 11 1 0.01 6104.00
problem16 0.01 998119565897257 14 1 0.01 6104.00
problem17 0.01 1231304382135923 35 1 0 6104.00
problem18 0.01 1098096422546258 29 1 0 6104.00
problem19 0.01 1103459442805364 30 1 0 6104.00
problem20 0.01 1096501576280118 16 1 0 6104.00
problem21 0.01 905602242782895 24 1 0 6104.00
problem22 0.01 997400200709273 22 1 0 6104.00
problem23 0.02 919813331193114 13 1 0 6104.00
problem24 0.01 1094320736260493 28 1 0.01 6104.00
problem25 0.01 881932452617357 39 1 0.01 6104.00
problem26 0.01 976846184224636 19 1 0 6104.00
problem27 0.01 889958091948983 24 1 0 6104.00
problem28 0.01 763484032089396 24 1 0 6104.00
problem29 0.01 956097878665250 31 1 0 6104.00
problem30 0.01 805085564716888 14 1 0 6104.00
problem31 0.01 813408280646085 21 1 0 6104.00
problem32 0.01 853157461328495 45 1 0 6104.00
problem33 0.01 950752984436536 28 1 0 6104.00
problem34 0.02 839971190268775 41 1 0 6104.00
problem35 0 910862953585522 6 1 0 6104.00
problem36 0.02 1072444330064520 28 1 0 6104.00
problem37 0.01 857089900441943 36 1 0.01 6104.00
problem38 0.01 917398187616347 38 1 0.01 6104.00
problem39 0.01 913692650297431 33 1 0 6104.00
problem40 0.01 826315139950578 11 1 0 6104.00
problem41 0.01 837745694043035 32 1 0 6104.00
problem42 0.01 998859013587561 24 1 0 6104.00
problem43 0.01 773270662086629 21 1 0 6104.00
problem44 0.01 1014735143276644 37 1 0 6104.00
problem45 0.01 896308058953103 10 1 0 6104.00
problem46 0.01 937731623854944 35 1 0 6104.00
problem47 0.01 930840661399034 22 1 0 6104.00
problem48 0.01 1123704588251411 11 1 0 6104.00
problem49 0.01 1074324463651811 40 1 0 6104.00
problem50 0.02 946511650492761 44 1 0 6104.00
problem51 0.01 862497107894110 32 1 0.01 6104.00
problem52 0.01 966200853825468 43 1 0 6104.00
problem53 0.01 996019102675818 18 1 0 6104.00
problem54 0.01 969531111236142 7 1 0 6104.00
problem55 0.01 1017568537278021 25 1 0 6104.00
problem56 0.01 808973060417308 35 1 0 6104.00
problem57 0.01 1099454600697511 43 1 0 6104.00
problem58 0.01 965532363071901 48 2 0 6104.00
problem59 0.01 1094824559243738 10 1 0 6104.00
problem60 0.02 1150888357825395 36 1 0 6104.00
problem61 0.01 1137277154862003 23 1 0.01 6104.00
problem62 0.01 1008250249275737 18 1 0.01 6104.00
problem63 0.01 1111732009389329 19 1 0 6104.00
problem64 0.01 884952300979855 27 1 0 6104.00
problem65 0.01 959875510456660 11 1 0 6104.00
problem66 0.02 1098452083521260 8 1 0.01 6104.00
problem67 0.01 1025931603441469 17 1 0.01 6104.00
problem68 0.01 950252913463360 31 1 0 6104.00
problem69 0.01 993646882082575 31 1 0 6104.00
problem70 0.01 862154031613843 26 1 0 6104.00
problem71 0.01 790237997494046 28 1 0 6104.00
problem72 0.01 1017388074002215 32 1 0 6104.00
problem73 0.01 1023572411225155 40 1 0 6104.00
problem74 0.01 998729707310804 34 1 0 6104.00
problem75 0.01 892798075785905 32 1 0 6104.00
problem76 0.02 1098619493923018 14 1 0 6104.00
problem77 0.01 885424250652962 22 1 0.01 6104.00
problem78 0.01 1164985699990637 22 1 0 6104.00
problem79 0.01 1041574091605389 44 1 0 6104.00
problem80 0.02 904084631121872 26 1 0 6104.00
problem81 0.01 1113705572031170 24 1 0 6104.00
problem82 0.01 1014299472423010 42 1 0 6104.00
problem83 0.01 915097065530238 20 1 0 6104.00
problem84 0.01 1094629909205924 14 1 0 6104.00
problem85 0.01 1028549384971147 14 1 0 6104.00
problem86 0.01 1117550878095733 22 1 0 6104.00
problem87 0.01 990493777576352 34 1 0 6104.00
problem88 0.02 941495711584287 41 1 0.01 6104.00
problem89 0.01 963170727325541 32 1 0.01 6104.00
problem90 0.01 1055628230785519 22 1 0 6104.00
problem91 0.01 967135593089034 29 1 0 6104.00
problem92 0.01 1187788536835077 33 1 0 6104.00
problem93 0.01 837342260536721 36 1 0 6104.00
problem94 0.01 909931905014893 21 1 0 6104.00
problem95 0.01 904217953521129 20 1 0 6104.00
problem96 0.01 851673784286746 27 1 0 6104.00
problem97 0.01 863680000077658 22 1 0 6104.00
problem98 0.02 1048158394609504 41 1 0 6104.00
problem99 0.01 1042498635756720 28 1 0.01 6104.00
