problem0 0 1830094 1 0.00
problem1 0.07 1669031 1 2880.00
problem2 0.10 1709071 1 2880.00
problem3 0.10 1663580 1 2880.00
problem4 0.07 1678024 1 2880.00
problem5 0.04 1777385 1 2880.00
problem6 0.11 1571129 1 2880.00
problem7 0.00 1647246 1 2880.00
problem8 0.00 1459618 1 2880.00
problem9 0.16 1579147 1 2880.00
problem10 0.08 1590339 1 2880.00
problem11 0.10 1716768 1 2880.00
problem12 0.00 1505116 1 2880.00
problem13 0.00 1635981 1 2880.00
problem14 0.00 1617709 1 2880.00
problem15 0.00 1610514 1 2880.00
problem16 0.00 1743350 1 2880.00
problem17 0.00 1682159 1 2880.00
problem18 0.00 1430519 1 2880.00
problem19 0.08 1550180 1 2880.00
problem20 0.00 1832816 1 2880.00
problem21 0.00 1542065 1 2880.00
problem22 0.03 1846433 1 2880.00
problem23 0.00 1388822 1 2880.00
problem24 0.15 1554890 1 2880.00
problem25 0.03 1851091 1 2880.00
problem26 0.14 1708843 1 2880.00
problem27 0.39 1462824 1 2880.00
problem28 0.08 1796868 1 2880.00
problem29 0.08 1827413 1 2880.00
problem30 0.11 1687957 1 2880.00
problem31 0.02 2002074 1 2880.00
problem32 0.00 1668382 1 2880.00
problem33 0.06 1958967 1 2880.00
problem34 0.00 1790431 1 2880.00
problem35 0.00 1753708 1 2880.00
problem36 0.00 1712664 1 2880.00
problem37 0.00 1644153 1 2880.00
problem38 0.00 1818121 1 2880.00
problem39 0.00 1652126 1 2880.00
problem40 0.00 1743858 1 2880.00
problem41 0.00 1616667 1 2880.00
problem42 0.00 1892371 1 2880.00
problem43 0.00 1673264 1 2880.00
problem44 0.00 1830060 1 2880.00
problem45 0.09 1782813 1 2880.00
problem46 0.18 1536509 1 2880.00
problem47 0.00 1686562 1 2880.00
problem48 0.00 1769030 1 2880.00
problem49 0.11 1680255 1 2880.00
problem50 0.00 1707463 1 2880.00
problem51 0.11 1586036 1 2880.00
problem52 0.12 1743552 1 2880.00
problem53 0.12 1592129 1 2880.00
problem54 0.00 1650033 1 2880.00
problem55 0.16 1421350 1 2880.00
problem56 0.00 1666074 1 2880.00
problem57 0.07 1760611 1 2880.00
problem58 0.00 1387259 1 2880.00
problem59 0.00 1659960 1 2880.00
problem60 0.00 1702996 1 2880.00
problem61 0.17 1731557 1 2880.00
problem62 0.17 1785957 1 2880.00
problem63 0.00 1548714 1 2880.00
problem64 0.11 1684846 1 2880.00
problem65 0.00 1730759 1 2880.00
problem66 0.00 1607599 1 2880.00
problem67 0.04 1800828 1 2880.00
problem68 0.09 1827176 1 2880.00
problem69 0.00 1811977 1 2880.00
problem70 0.03 1899225 1 2880.00
problem71 0.06 1777838 1 2880.00
problem72 0.05 1747522 1 2880.00
problem73 0.00 1660331 1 2880.00
problem74 0.00 1536995 1 2880.00
problem75 0.00 1783360 1 2880.00
problem76 0.09 1710588 1 2880.00
problem77 0.00 1771949 1 2880.00
problem78 0.00 1682637 1 2880.00
problem79 0.00 1490226 1 2880.00
problem80 0.18 1448598 1 2880.00
problem81 0.00 1815567 1 2880.00
problem82 0.21 1523607 1 2880.00
problem83 0.00 1709956 1 2880.00
problem84 0.10 1734160 1 2880.00
problem85 0.09 1681105 1 2880.00
problem86 0.00 1680961 1 2880.00
problem87 0.08 1705782 1 2880.00
problem88 0.00 1758826 1 2880.00
problem89 0.00 1348595 1 2880.00
problem90 0.00 1784523 1 2880.00
problem91 0.13 1551944 1 2880.00
problem92 0.08 1754532 1 2880.00
problem93 0.04 1740149 1 2880.00
problem94 0.00 1652533 1 2880.00
problem95 0.05 1806010 1 2880.00
problem96 0.13 1748414 1 2880.00
problem97 0.00 1508695 1 2880.00
problem98 0.00 1553791 1 2880.00
problem99 0.00 1804940 1 2880.00
