problem0 0.03 7957553752981 0
problem1 0.07 6302922522810 0
problem2 0.01 6866069529262 0
problem3 0.02 7227465634096 0
problem4 0.04 7604957218574 0
problem5 0.03 8056769719111 0
problem6 0.05 6828472889317 0
problem7 0.03 6415011086430 0
problem8 0.05 8527497718195 0
problem9 0.02 6854855947701 0
problem10 0.05 8150024943691 0
problem11 0.02 7610354032040 0
problem12 0.07 7885047927844 0
problem13 0.05 8210472528454 0
problem14 0.07 7827197234472 0
problem15 0.03 7259565293274 0
problem16 0.02 7639735342822 0
problem17 0.03 7086209070818 0
problem18 0.05 7226669492644 0
problem19 0.02 7368015301182 0
problem20 0.02 6074527125855 0
problem21 0.02 6828490982397 0
problem22 0.03 7354239018120 0
problem23 0.03 7757903484466 0
problem24 0.02 6873399371758 0
problem25 0.02 6051684915457 0
problem26 0.03 7648973783987 0
problem27 0.06 7419482524301 0
problem28 0.07 8307919725061 0
problem29 0.02 6489150139345 0
problem30 0.01 6088452590471 0
problem31 0.07 8724010573290 0
problem32 0.01 5533477397255 0
problem33 0.09 8544331787817 0
problem34 0.04 7830736543291 0
problem35 0.03 7938684865961 0
problem36 0.02 6901566538332 0
problem37 0.04 6665817992772 0
problem38 0.04 7286983597870 0
problem39 0.02 8042929682975 0
problem40 0.04 8470358695576 0
problem41 0.02 7022761065008 0
problem42 0.02 7242196740150 0
problem43 0.06 7791676674473 0
problem44 0.05 8209662612219 0
problem45 0.02 6309896599988 0
problem46 0.05 7747638048485 0
problem47 0.05 7632438459788 0
problem48 0.07 7517408675044 0
problem49 0.03 7187446894098 0
problem50 0.02 7450476528632 0
problem51 0.03 6714458427066 0
problem52 0.07 6999228016080 0
problem53 0.06 7942822728335 0
problem54 0.03 7695817619639 0
problem55 0.02 6826589018268 0
problem56 0.03 7933225067738 0
problem57 0.03 8081240721478 0
problem58 0.06 8301209180794 0
problem59 0.02 7108948528283 0
problem60 0.05 7799002093204 0
problem61 0.02 7455893765795 0
problem62 0.01 6288548616533 0
problem63 0.05 8401887046311 0
problem64 0.02 6171041530299 0
problem65 0.08 9629761426813 0
problem66 0.06 7646600656140 0
problem67 0.04 8348934330551 0
problem68 0.03 7722346155676 0
problem69 0.06 7555364999804 0
problem70 0.05 8114566892793 0
problem71 0.01 7804108147314 0
problem72 0.02 7129485553170 0
problem73 0.06 7699938600398 0
problem74 0.01 7390181131739 0
problem75 0.01 6691358888406 0
problem76 0.06 7409164575445 0
problem77 0.02 7440674397949 0
problem78 0.06 7657865043176 0
problem79 0.06 7464569900016 0
problem80 0.02 7273243283651 0
problem81 0.11 8635561658045 0
problem82 0.01 6490827903993 0
problem83 0.03 7703544255254 0
problem84 0.03 7193001918598 0
problem85 0.07 7477874552087 0
problem86 0.04 8164867041237 0
problem87 0.04 8347035194825 0
problem88 0.03 8962970584703 0
problem89 0.01 7130317906658 0
problem90 0.01 7610690481183 0
problem91 0.03 7401980649315 0
problem92 0.03 7034693600400 0
problem93 0.03 8669040661083 0
problem94 0.03 6973143275265 0
problem95 0.03 8244561422330 0
problem96 0.03 8051045791949 0
problem97 0.01 6951046666570 0
problem98 0.06 7329363933138 0
problem99 0.01 7012523652907 0
