problem0 0.37 594523381083919 5 473188856 6.95317e-310 0.00
problem1 1.27 553934052332165 5 473188856 6.95317e-310 0.00
problem2 3.35 677843801478799 5 473188856 6.95317e-310 0.00
problem3 0.28 663635277052201 5 473188856 6.95317e-310 0.00
problem4 11.31 619319477692203 5 473188856 6.95317e-310 0.00
problem5 0.74 716782376298231 5 473188856 6.95317e-310 0.00
problem6 1.36 654727268575931 5 473188856 6.95317e-310 0.00
problem7 5.5 628109341225422 5 473188856 6.95317e-310 0.00
problem8 2.59 662381541479370 5 473188856 6.95317e-310 0.00
problem9 0.17 574160035549988 5 473188856 6.95317e-310 0.00
problem10 1.38 474156148536666 5 473188856 6.95317e-310 0.00
problem11 0.67 613430541550623 5 473188856 6.95317e-310 0.00
problem12 0.68 644731128036942 5 473188856 6.95317e-310 0.00
problem13 0.7 613638446519109 5 473188856 6.95317e-310 0.00
problem14 1.63 642528243183432 5 473188856 6.95317e-310 0.00
problem15 1.94 715925042181954 5 473188856 6.95317e-310 0.00
problem16 1.66 538055394213477 5 473188856 6.95317e-310 0.00
problem17 0.76 594945825529845 5 473188856 6.95317e-310 0.00
problem18 1.22 609810838546231 5 473188856 6.95317e-310 0.00
problem19 5.16 607791979357110 5 473188856 6.95317e-310 0.00
problem20 1.44 653939288023244 5 473188856 6.95317e-310 0.00
problem21 0.6 609869132992226 5 473188856 6.95317e-310 0.00
problem22 1.32 580864066683150 5 473188856 6.95317e-310 0.00
problem23 0.6 611927479623144 5 473188856 6.95317e-310 0.00
problem24 3.03 644431754158152 5 473188856 6.95317e-310 0.00
problem25 0.32 607684181264707 5 473188856 6.95317e-310 0.00
problem26 1.85 563928416324117 5 473188856 6.95317e-310 0.00
problem27 1.1 593966569668052 5 473188856 6.95317e-310 0.00
problem28 0.87 537788481561004 5 473188856 6.95317e-310 0.00
problem29 0.97 546561311844870 5 473188856 6.95317e-310 0.00
problem30 1.33 545377070366629 5 473188856 6.95317e-310 0.00
problem31 2.2 560419447987035 5 473188856 6.95317e-310 0.00
problem32 5.33 632681171021798 5 473188856 6.95317e-310 0.00
problem33 2.73 557346860564596 5 473188856 6.95317e-310 0.00
problem34 0.88 645600431721849 5 473188856 6.95317e-310 0.00
problem35 2.03 692024031010328 5 473188856 6.95317e-310 0.00
problem36 1.7 583304828798140 5 473188856 6.95317e-310 0.00
problem37 0.96 638360398696525 5 473188856 6.95317e-310 0.00
problem38 1.73 602918689166976 5 473188856 6.95317e-310 0.00
problem39 1.54 590976476581611 5 473188856 6.95317e-310 0.00
problem40 7.57 498251753392353 5 473188856 6.95317e-310 0.00
problem41 1.47 601066979662487 5 473188856 6.95317e-310 0.00
problem42 1.65 615315532914794 5 473188856 6.95317e-310 0.00
problem43 2.72 540468266913097 5 473188856 6.95317e-310 0.00
problem44 1.22 613741235457182 5 473188856 6.95317e-310 0.00
problem45 1.64 537582164549663 5 473188856 6.95317e-310 0.00
problem46 1.03 684509073362580 5 473188856 6.95317e-310 0.00
problem47 1.64 625666251148969 5 473188856 6.95317e-310 0.00
problem48 0.53 599942492093722 5 473188856 6.95317e-310 0.00
problem49 0.46 502160693078158 5 473188856 6.95317e-310 0.00
problem50 2.32 669129336515045 5 473188856 6.95317e-310 0.00
problem51 1.09 744239064694808 5 473188856 6.95317e-310 0.00
problem52 2.5 585702059914226 5 473188856 6.95317e-310 0.00
problem53 1.75 710884320142981 5 473188856 6.95317e-310 0.00
problem54 0.45 701053854313379 5 473188856 6.95317e-310 0.00
problem55 0.33 667393696691695 5 473188856 6.95317e-310 0.00
problem56 0.89 639625705676532 5 473188856 6.95317e-310 0.00
problem57 1.34 682308954312203 5 473188856 6.95317e-310 0.00
problem58 1.79 755486165181267 5 473188856 6.95317e-310 0.00
problem59 0.34 502377876857482 5 473188856 6.95317e-310 0.00
problem60 1.19 717251971486047 5 473188856 6.95317e-310 0.00
problem61 0.96 701329202947745 5 473188856 6.95317e-310 0.00
problem62 2.1 643545298841089 5 473188856 6.95317e-310 0.00
problem63 3.39 577349200678526 5 473188856 6.95317e-310 0.00
problem64 1.25 618959149203887 5 473188856 6.95317e-310 0.00
problem65 0.66 624711025512385 5 473188856 6.95317e-310 0.00
problem66 2.54 558573592457047 5 473188856 6.95317e-310 0.00
problem67 1.63 725159639722620 5 473188856 6.95317e-310 0.00
problem68 1.01 509615634101078 5 473188856 6.95317e-310 0.00
problem69 0.48 558478447814467 5 473188856 6.95317e-310 0.00
problem70 0.87 539432124224851 5 473188856 6.95317e-310 0.00
problem71 3.83 668877485364973 5 473188856 6.95317e-310 0.00
problem72 1.25 449412844298144 5 473188856 6.95317e-310 0.00
problem73 0.81 615627553193517 5 473188856 6.95317e-310 0.00
problem74 0.65 627845672485261 5 473188856 6.95317e-310 0.00
problem75 1.21 578505186974183 5 473188856 6.95317e-310 0.00
problem76 3.07 729402057640020 5 473188856 6.95317e-310 0.00
problem77 2.3 641393209449081 5 473188856 6.95317e-310 0.00
problem78 0.24 652620304305127 5 473188856 6.95317e-310 0.00
problem79 1.59 613195321869997 5 473188856 6.95317e-310 0.00
problem80 3.23 641906050815330 5 473188856 6.95317e-310 0.00
problem81 1.51 545052636785858 5 473188856 6.95317e-310 0.00
problem82 0.94 653525250619015 5 473188856 6.95317e-310 0.00
problem83 1.16 586730897258208 5 473188856 6.95317e-310 0.00
problem84 0.36 627718155082884 5 473188856 6.95317e-310 0.00
problem85 1.16 606398043633660 5 473188856 6.95317e-310 0.00
problem86 6.71 607089985689323 5 473188856 6.95317e-310 0.00
problem87 0.72 693171325022770 5 473188856 6.95317e-310 0.00
problem88 0.9 629174536105520 5 473188856 6.95317e-310 0.00
problem89 0.26 682888109169945 5 473188856 6.95317e-310 0.00
problem90 6.66 673732735023009 5 473188856 6.95317e-310 0.00
problem91 0.93 639123441588848 5 473188856 6.95317e-310 0.00
problem92 3.2 548771914417589 5 473188856 6.95317e-310 0.00
problem93 0.81 670389321456417 5 473188856 6.95317e-310 0.00
problem94 1.04 703998804241816 5 473188856 6.95317e-310 0.00
problem95 2.08 574946140040862 5 473188856 6.95317e-310 0.00
problem96 0.69 555788574776808 5 473188856 6.95317e-310 0.00
problem97 1.16 584231582635746 5 473188856 6.95317e-310 0.00
problem98 0.87 530330718185510 5 473188856 6.95317e-310 0.00
problem99 1.02 602667769860819 5 473188856 6.95317e-310 0.00
