problem0 0 5478220 1
problem1 0 5244620 1
problem2 0 5166668 1
problem3 0 5375436 1
problem4 0 5215564 1
problem5 0 5604556 1
problem6 0 5624908 1
problem7 0 5669836 1
problem8 0 5346124 1
problem9 0 5178060 1
problem10 0 5165644 1
problem11 0 5571020 1
problem12 0 5083468 1
problem13 0 5537996 1
problem14 0 5230668 1
problem15 0 5734348 1
problem16 0 5082956 1
problem17 0 5111500 1
problem18 0 5295692 1
problem19 0 5242316 1
problem20 0 4951372 1
problem21 0 5078220 1
problem22 0 5753932 1
problem23 0 5798860 1
problem24 0 5737292 1
problem25 0 5569228 1
problem26 0 5032524 1
problem27 0 5044684 1
problem28 0 5343564 1
problem29 0 4880588 1
problem30 0 5883980 1
problem31 0 5208012 1
problem32 0 5211980 1
problem33 0 4847308 1
problem34 0 5949004 1
problem35 0 5764556 1
problem36 0 5735756 1
problem37 0 5338316 1
problem38 0 5227596 1
problem39 0 5272524 1
problem40 0 4817740 1
problem41 0 5436108 1
problem42 0 4768332 1
problem43 0 5173708 1
problem44 0 4555084 1
problem45 0 5533900 1
problem46 0 5226572 1
problem47 0 4419532 1
problem48 0 5472076 1
problem49 0 4976332 1
problem50 0 5553740 1
problem51 0 5107148 1
problem52 0 4816204 1
problem53 0 5467340 1
problem54 0 5356620 1
problem55 0 5401548 1
problem56 0 5077836 1
problem57 0 5302988 1
problem58 0 5290572 1
problem59 0 5302732 1
problem60 0 5470540 1
problem61 0 5138636 1
problem62 0 4569164 1
problem63 0.01 4941772 1
problem64 0 5207884 1
problem65 0 5498572 1
problem66 0 5682764 1
problem67 0 5760460 1
problem68 0 4814156 1
problem69 0 5596364 1
problem70 0 5485644 1
problem71 0 5792716 1
problem72 0 4944716 1
problem73 0 5694156 1
problem74 0 4895308 1
problem75 0 5300684 1
problem76 0 4944204 1
problem77 0 5005516 1
problem78 0 5091404 1
problem79 0 5070796 1
problem80 0 5467980 1
problem81 0 5365452 1
problem82 0 5418572 1
problem83 0 5103052 1
problem84 0 5598540 1
problem85 0 5070028 1
problem86 0 5090380 1
problem87 0 5135308 1
problem88 0 5204812 1
problem89 0 4774604 1
problem90 0 5155404 1
problem91 0 5429708 1
problem92 0 5466444 1
problem93 0 5134540 1
problem94 0 4696140 1
problem95 0 5068748 1
problem96 0 5597004 1
problem97 0 4576972 1
problem98 0 4892236 1
problem99 0 4707788 1
