problem0 0 90537295 1
problem1 0 91605828 1
problem2 0 91350768 1
problem3 0.01 93353641 1
problem4 0 86169641 1
problem5 0 92403206 1
problem6 0 81548090 1
problem7 0 89760923 1
problem8 0 89632867 1
problem9 0.01 90770344 1
problem10 0 91139556 1
problem11 0 103756397 1
problem12 0 95944701 1
problem13 0.01 81489450 1
problem14 0 96035054 1
problem15 0 83603999 1
problem16 0 91431159 1
problem17 0 97148812 1
problem18 0.01 101267032 1
problem19 0 87004593 1
problem20 0 88984913 1
problem21 0 86639054 1
problem22 0 82925602 1
problem23 0 85143331 1
problem24 0 92020491 1
problem25 0.01 93542128 1
problem26 0 99962956 1
problem27 0 100184181 1
problem28 0 89886757 1
problem29 0 94781682 1
problem30 0 91424982 1
problem31 0.01 84814759 1
problem32 0 97319583 1
problem33 0 93028820 1
problem34 0 91016128 1
problem35 0 93295289 1
problem36 0.01 97425529 1
problem37 0 91667350 1
problem38 0 93537034 1
problem39 0 93894571 1
problem40 0 81134515 1
problem41 0 94924856 1
problem42 0 91191476 1
problem43 0 87510141 1
problem44 0 88749645 1
problem45 0.01 84935098 1
problem46 0 88921790 1
problem47 0 94167855 1
problem48 0 90016327 1
problem49 0.01 95269404 1
problem50 0 88287016 1
problem51 0 89189825 1
problem52 0 88586657 1
problem53 0 87335774 1
problem54 0 98604018 1
problem55 0 92454451 1
problem56 0.01 96460379 1
problem57 0 88921984 1
problem58 0 83076892 1
problem59 0 87787141 1
problem60 0 83260021 1
problem61 0.01 93663362 1
problem62 0 93670054 1
problem63 0.01 84957367 1
problem64 0 97472495 1
problem65 0.01 94728292 1
problem66 0 99797136 1
problem67 0 89401033 1
problem68 0 87797961 1
problem69 0 91240742 1
problem70 0.01 87542490 1
problem71 0 99205819 1
problem72 0 93597443 1
problem73 0 84217032 1
problem74 0 91773828 1
problem75 0 95805069 1
problem76 0 89310365 1
problem77 0 101862730 1
problem78 0 94037134 1
problem79 0.01 101780543 1
problem80 0 74238871 1
problem81 0 92748972 1
problem82 0 86126584 1
problem83 0 91864529 1
problem84 0 88931825 1
problem85 0 95812846 1
problem86 0 91711426 1
problem87 0.01 88491331 1
problem88 0 93156779 1
problem89 0 89493520 1
problem90 0 91493868 1
problem91 0.01 89576597 1
problem92 0 93433029 1
problem93 0 90429458 1
problem94 0 93070454 1
problem95 0.01 90668487 1
problem96 0 88112447 1
problem97 0 99063540 1
problem98 0 91741536 1
problem99 0 84030169 1
