problem0 3.87 151913 1251 1 0.78 25848.00
problem1 5.63 123728 1795 2 0.56 30520.00
problem2 4.86 140533 2110 2 0.63 36676.00
problem3 15.12 134390 9268 3 1.58 63348.00
problem4 7.36 128738 3924 1 0.72 56576.00
problem5 5.41 133888 4421 1 0.56 56912.00
problem6 3.51 144226 2288 1 0.63 50352.00
problem7 4.94 123616 6250 1 0.94 82336.00
problem8 4.67 150624 3513 1 0.53 40596.00
problem9 1.6 137458 2966 1 0.92 71544.00
problem10 4.62 143700 1459 1 0.42 24268.00
problem11 6.58 127813 7352 1 0.81 67324.00
problem12 15.42 122078 11510 2 2.65 141688.00
problem13 2.91 141017 3734 1 0.85 70600.00
problem14 4.03 134264 8528 1 1.35 113088.00
problem15 29.5 132375 2081 1 0.51 68564.00
problem16 7.95 129208 6976 1 0.7 41148.00
problem17 13.77 125188 12991 2 2.53 94184.00
problem18 4.34 118048 10803 1 1.76 155844.00
problem19 2.72 124076 4355 1 1.11 155844.00
problem20 6.21 150255 1739 1 0.6 34312.00
problem21 20.86 104735 25693 2 3.68 182308.00
problem22 16.5 158632 1502 1 0.85 52600.00
problem23 1.73 156591 204 1 0.63 44860.00
problem24 2.53 142972 2023 1 1.05 64888.00
problem25 9.16 150398 2510 1 1.02 60792.00
problem26 2.32 124331 4785 1 1.25 82660.00
problem27 2.87 126588 3253 1 1.26 99700.00
problem28 2.34 137487 2171 1 1.18 87416.00
problem29 18.36 121291 4181 1 1.64 107896.00
problem30 6.89 141540 1923 1 1.06 62840.00
problem31 16.71 128705 12414 1 1.78 132472.00
problem32 5.75 127063 8599 1 2.03 164220.00
problem33 3.15 123654 5717 1 1.5 125948.00
problem34 3.59 125003 4132 1 1.44 106328.00
problem35 6.45 133310 4992 1 1.1 77176.00
problem36 4.05 139087 3222 1 1.13 72872.00
problem37 10.36 139495 6582 1 1.34 97656.00
problem38 4.79 132836 2082 1 1.21 67280.00
problem39 3.14 134019 3349 1 1.06 67932.00
problem40 10 136780 2016 1 0.92 58616.00
problem41 5.64 124843 2785 1 1.38 89464.00
problem42 6.29 131674 8695 1 1.36 85368.00
problem43 2.7 136719 5575 1 1.88 141648.00
problem44 2.82 139335 2041 1 1.18 103860.00
problem45 14.29 129980 3606 1 1.16 63168.00
problem46 21.36 138666 6044 1 1.39 95608.00
problem47 8.78 132282 4098 1 1.18 65276.00
problem48 12.26 145489 2759 1 1.07 71032.00
problem49 7.36 140987 5441 1 1.16 64628.00
problem50 6.52 134096 4116 1 1.27 88928.00
problem51 6.85 129315 2853 1 1.03 58744.00
problem52 3 133464 2266 1 1.26 85368.00
problem53 2.88 118012 3042 1 1.21 80616.00
problem54 9.32 137855 4264 1 1.29 97656.00
problem55 4.4 115967 4320 1 1.41 99704.00
problem56 7.34 126570 5898 1 1.12 71032.00
problem57 25.94 131809 1414 1 0.9 58584.00
problem58 23.22 160264 891 1 0.83 58584.00
problem59 13.65 136355 3547 1 1.14 66704.00
problem60 4.3 149460 1117 1 0.96 62840.00
problem61 8.72 134317 2380 1 1.44 71144.00
problem62 2.49 131088 3325 1 1.16 79224.00
problem63 3.26 132189 5654 1 1.37 97232.00
problem64 7.17 118940 9056 1 1.76 131244.00
problem65 2.46 138943 945 1 0.87 141020.00
problem66 23.88 145321 2340 1 1 60792.00
problem67 4.36 133939 3703 1 1.27 91512.00
problem68 3.22 144315 3536 1 1.13 68756.00
problem69 9.32 116763 10342 1 2.05 162172.00
problem70 4.87 124518 6316 1 1.22 63276.00
problem71 5.75 129744 3049 1 1.16 78496.00
problem72 9.03 128738 3198 1 1.04 64888.00
problem73 4.98 138512 6158 1 1.33 83320.00
problem74 2.28 128175 6429 1 1.47 101328.00
problem75 2.91 136411 1679 1 1.01 101752.00
problem76 2.86 140553 1522 1 1.04 66356.00
problem77 8.17 139764 2425 1 1.15 71032.00
problem78 3.7 146131 959 1 0.9 57476.00
problem79 1.8 150273 1575 1 1.11 62840.00
problem80 11.96 123882 6010 1 1.13 71032.00
problem81 34.67 150307 3079 1 0.97 54648.00
problem82 3.62 125904 4993 1 1.31 87416.00
problem83 7.1 130803 6483 1 1.43 101752.00
problem84 6.59 122482 10131 1 1.63 126252.00
problem85 4.87 130276 24395 1 1.88 123660.00
problem86 6.1 136531 2749 1 1.15 125044.00
problem87 2.92 158968 1197 1 0.99 56248.00
problem88 11.19 132356 4527 1 1.1 70932.00
problem89 7.79 134039 4362 1 1.35 93020.00
problem90 3.38 155568 1514 1 1.1 77176.00
problem91 6.14 131439 5022 1 1.22 76428.00
problem92 18.72 134469 8861 1 1.44 111992.00
problem93 5.22 124474 12744 1 2.09 174460.00
problem94 6.31 140097 12358 1 1.74 174460.00
problem95 11.57 148310 1549 1 1.01 60792.00
problem96 5.68 105691 16845 1 2.41 205180.00
problem97 5.8 136824 2880 1 1.41 75464.00
problem98 5 135931 2329 1 1.04 75468.00
problem99 4.59 141740 2319 1 1.03 70824.00
