problem0 87.33 991753784082115 254 1 3.67 8192836.00
problem1 92.36 1195193818008828 512 1 3.18 8193188.00
problem2 93.25 1120188121338018 571 1 3.11 8193188.00
problem3 88.34 1008018160623112 431 1 3.60 8193188.00
problem4 88.69 1164040906647985 468 1 3.20 8193188.00
problem5 88.97 1249495830077447 469 1 2.90 8199368.00
problem6 89.70 1180359575149653 512 1 3.28 8193192.00
problem7 90.60 1116134169226712 555 1 3.38 8193188.00
problem8 111.91 1280545511427891 763 1 3.08 8195240.00
problem9 88.64 1147022384307389 475 1 3.28 8193224.00
problem10 89.75 1309681290239369 539 1 2.81 8197284.00
problem11 94.00 1056323513348687 634 1 3.46 8193224.00
problem12 97.18 1234683003087034 618 1 3.14 8193188.00
problem13 90.99 1071000943114900 571 1 3.04 8193188.00
problem14 88.67 1079133380504058 476 1 3.28 8193188.00
problem15 89.93 1156822673250970 492 1 3.44 8193224.00
problem16 86.88 1056998715236506 328 1 3.42 8193192.00
problem17 89.71 961766511561203 466 1 3.28 8193224.00
problem18 92.95 1036021551382855 555 1 3.46 8193188.00
problem19 89.75 1058153432360155 500 1 3.07 8193192.00
problem20 87.14 1137074044160178 390 1 3.12 8195236.00
problem21 89.49 1157125875252268 502 1 2.91 8197284.00
problem22 90.57 1148367576672540 513 1 3.63 8193224.00
problem23 92.18 1064604534058814 565 1 3.26 8193192.00
problem24 90.96 1284877512392732 498 1 2.84 8199368.00
problem25 88.80 1144694594609451 457 1 2.99 8195236.00
problem26 88.51 1195132863194104 460 1 3.00 8193188.00
problem27 94.23 1104792306615402 534 1 3.25 8193224.00
problem28 88.02 1098380134205647 439 1 3.25 8193192.00
problem29 91.05 1060778657870327 584 1 3.73 8193188.00
problem30 92.03 1113027993922873 570 1 3.18 8193224.00
problem31 91.18 1202159110216725 597 1 3.27 8195240.00
problem32 87.83 1253716874527869 458 1 3.05 8197288.00
problem33 92.07 1175633691057348 535 1 3.23 8195240.00
problem34 86.70 1027835470510777 434 1 3.35 8193192.00
problem35 88.36 1039604844945944 415 1 3.19 8193228.00
problem36 96.78 1045273409837618 597 1 3.74 8193192.00
problem37 87.31 1075351950350517 332 1 3.50 8193196.00
problem38 93.72 1191060204489820 554 1 3.24 8193192.00
problem39 90.73 1144690061218078 515 1 3.09 8193228.00
problem40 91.10 1072822686424851 483 1 3.62 8193196.00
problem41 86.57 1097242199837183 333 1 3.14 8195276.00
problem42 85.90 1088980872066407 413 1 3.03 8193192.00
problem43 86.19 1304839207204805 377 1 3.06 8195244.00
problem44 92.46 963366486971008 499 1 5.61 8193228.00
problem45 85.34 1192984446728160 369 1 2.89 8193192.00
problem46 88.73 1251955969042819 507 1 2.90 8195240.00
problem47 88.28 1114764439388667 462 1 3.19 8195240.00
problem48 88.39 1102745338766329 367 1 3.03 8193228.00
problem49 97.22 1196612810378047 638 1 2.97 8195240.00
problem50 89.46 1106532717803045 434 1 3.26 8193228.00
problem51 95.63 1143371953829860 610 1 3.19 8193196.00
problem52 87.52 1009858642061926 422 1 3.46 8193196.00
problem53 89.67 1172506352940808 525 1 2.94 8193196.00
problem54 89.97 1105969597941695 474 1 3.36 8193196.00
problem55 93.83 1040463090182383 524 1 3.42 8193228.00
problem56 87.33 1220951540346247 360 1 3.11 8193196.00
problem57 90.09 1151645576741121 488 1 3.19 8193192.00
problem58 93.05 1112549781650646 548 1 3.18 8193192.00
problem59 90.30 1103566421721070 501 1 3.12 8193196.00
problem60 87.67 1113527752650276 346 1 3.23 8193228.00
problem61 95.18 969561153457737 665 1 5.00 8193192.00
problem62 87.06 1173688848614602 384 1 2.99 8193228.00
problem63 90.04 1158006805119940 510 1 3.04 8195240.00
problem64 90.01 1074078046833925 525 1 3.62 8193228.00
problem65 92.44 1169114909846820 606 1 3.06 8195240.00
problem66 88.67 977572072525483 430 1 3.37 8193192.00
problem67 97.15 1289175379089536 583 1 2.91 8195240.00
problem68 92.93 1131043471945621 549 1 3.41 8193196.00
problem69 87.73 1169969964293732 364 1 3.21 8195244.00
problem70 89.10 1010263000244503 429 1 3.61 8193196.00
problem71 87.76 1099944996763000 331 1 3.26 8193228.00
problem72 98.72 1156918319925151 603 1 2.97 8195240.00
problem73 96.10 1114549781406611 592 1 3.18 8193192.00
problem74 98.12 1112480296312157 673 1 3.36 8193228.00
problem75 99.41 1228580135562920 667 1 2.96 8195240.00
problem76 90.65 1176156620363885 580 1 3.18 8193196.00
problem77 86.72 1033755024201723 377 1 3.60 8193228.00
problem78 92.54 1200727956412624 535 1 3.19 8193192.00
problem79 87.43 1166114548823543 442 1 3.24 8193192.00
problem80 91.64 1109709238112207 593 1 3.50 8193192.00
problem81 91.18 1098528175364189 526 1 3.43 8193228.00
problem82 90.42 1031254618549528 528 1 3.64 8193192.00
problem83 91.20 1013494976778442 480 1 3.96 8193192.00
problem84 87.04 1087443302289068 353 1 3.33 8193196.00
problem85 90.36 1199191832199163 466 1 3.07 8195240.00
problem86 94.91 1005113095521478 579 1 3.37 8193196.00
problem87 94.54 1045342459806305 642 1 3.22 8193196.00
problem88 89.99 1275183108562543 515 1 2.89 8195276.00
problem89 86.52 1207049397459399 389 1 2.97 8197288.00
problem90 94.54 1158358277799520 581 1 3.23 8193228.00
problem91 89.59 964900075632450 517 1 3.89 8193192.00
problem92 87.34 1036068097395758 306 1 3.56 8193196.00
problem93 89.37 1120246686960935 474 1 3.20 8195240.00
problem94 95.11 1148365730793162 548 1 3.12 8193192.00
problem95 88.96 996061458780432 443 1 3.48 8193228.00
problem96 90.22 1331964618894284 519 1 2.98 8195240.00
problem97 94.65 1070709184946116 609 1 3.19 8193228.00
problem98 87.24 1249867180432874 386 1 2.83 8201384.00
problem99 90.52 1127042183679250 488 1 3.39 8193228.00
