problem0 0 315485834656492 0
problem1 0 363353403775758 0
problem2 0 387240175764790 0
problem3 0 378980021108032 0
problem4 0 449315111912041 0
problem5 0 387482788568763 0
problem6 0.01 452454088165466 0
problem7 0 414458169022611 0
problem8 0 422474247862423 0
problem9 0 381044986589569 0
problem10 0 386913489469531 0
problem11 0 383917260032325 0
problem12 0 342196631192688 0
problem13 0.01 450310713310193 0
problem14 0 397184213768229 0
problem15 0 348078552797367 0
problem16 0 326588495614296 0
problem17 0 410691774506453 0
problem18 0 430029284113741 0
problem19 0 491227731172752 0
problem20 0.01 411200576528335 0
problem21 0 414656930740544 0
problem22 0 448705370168732 0
problem23 0 352454841259564 0
problem24 0 455222307109017 0
problem25 0.01 389888546228581 0
problem26 0 321075854125087 0
problem27 0 350056687345559 0
problem28 0 353125386226308 0
problem29 0 361864584277194 0
problem30 0 401762605705683 0
problem31 0 382562969983597 0
problem32 0 464235209580623 0
problem33 0.01 384017282487913 0
problem34 0 378986977313370 0
problem35 0 497991173451985 0
problem36 0 433552622459888 0
problem37 0 364595491034690 0
problem38 0.01 428757881667251 0
problem39 0 456030077093579 0
problem40 0 393843582368852 0
problem41 0 369905162678904 0
problem42 0 404834466837154 0
problem43 0 413336945360997 0
problem44 0 378713519932613 0
problem45 0 365398904727342 0
problem46 0.01 373182437026351 0
problem47 0 471991307535096 0
problem48 0 490270512877028 0
problem49 0 317881455174165 0
problem50 0 388147003109779 0
problem51 0 389451022979151 0
problem52 0 374038822086570 0
problem53 0.01 438891400134670 0
problem54 0 325923200038490 0
problem55 0 462757176961257 0
problem56 0 435325702282308 0
problem57 0 338034311544080 0
problem58 0 404272015121313 0
problem59 0 435050686234662 0
problem60 0.01 407957507584167 0
problem61 0 429290939831979 0
problem62 0 359085103392772 0
problem63 0 463558962337811 0
problem64 0 309383455777106 0
problem65 0 374998666649020 0
problem66 0 427373829099105 0
problem67 0.01 487493386855447 0
problem68 0 321602560506940 0
problem69 0 453148899319774 0
problem70 0 353014305987927 0
problem71 0 381894109454232 0
problem72 0 335568781642822 0
problem73 0.01 342977777499257 0
problem74 0 431792299757326 0
problem75 0 244681443406169 0
problem76 0 391794877996598 0
problem77 0 309045499409273 0
problem78 0 359625238809342 0
problem79 0.01 318379802712190 0
problem80 0 393612320503547 0
problem81 0 220512319015968 0
problem82 0 415630750187135 0
problem83 0 439680775487456 0
problem84 0 409913804830152 0
problem85 0.01 339621617676182 0
problem86 0 397022689503871 0
problem87 0 313264561604358 0
problem88 0 327022066538638 0
problem89 0 363383089864120 0
problem90 0 437827601380504 0
problem91 0 380451625892189 0
problem92 0 391359228623324 0
problem93 0.01 450707093043215 0
problem94 0 399995423442935 0
problem95 0 427895545974102 0
problem96 0 413547450736445 0
problem97 0 358889796533089 0
problem98 0 408131688657654 0
problem99 0.01 439737457778302 0
