problem0 0 222201876 1
problem1 0 181387156 1
problem2 0 201299732 1
problem3 0 218500756 1
problem4 0 194717204 1
problem5 0 167173524 1
problem6 0 198259988 1
problem7 0.01 190983316 1
problem8 0 182567956 1
problem9 0 201849748 1
problem10 0 210555668 1
problem11 0 203967124 1
problem12 0 210919956 1
problem13 0 201529748 1
problem14 0 171077908 1
problem15 0 190343316 1
problem16 0 212664340 1
problem17 0 208156564 1
problem18 0 188878612 1
problem19 0 208832148 1
problem20 0 162635284 1
problem21 0 171398548 1
problem22 0 188460308 1
problem23 0.01 209101972 1
problem24 0 203439124 1
problem25 0 200307604 1
problem26 0 203377428 1
problem27 0.01 216318612 1
problem28 0 192469524 1
problem29 0 185831828 1
problem30 0 166521108 1
problem31 0 213704852 1
problem32 0 205223956 1
problem33 0 195080084 1
problem34 0 212109076 1
problem35 0 184483476 1
problem36 0 182982164 1
problem37 0.01 194497940 1
problem38 0 231089428 1
problem39 0 212540564 1
problem40 0 218018836 1
problem41 0 192474004 1
problem42 0 231850772 1
problem43 0 197212820 1
problem44 0 159339028 1
problem45 0 197396884 1
problem46 0 214393108 1
problem47 0.01 205609108 1
problem48 0 208269332 1
problem49 0 184100756 1
problem50 0 195493652 1
problem51 0 187397780 1
problem52 0 197037588 1
problem53 0 228083092 1
problem54 0 208706836 1
problem55 0 226464916 1
problem56 0 201141268 1
problem57 0.01 211903380 1
problem58 0 186923796 1
problem59 0 222147220 1
problem60 0 237357588 1
problem61 0 194281876 1
problem62 0 205642004 1
problem63 0 191221908 1
problem64 0.01 205023252 1
problem65 0 183607188 1
problem66 0 222918420 1
problem67 0.01 209186452 1
problem68 0 188024340 1
problem69 0 246988180 1
problem70 0 230364436 1
problem71 0 208931988 1
problem72 0 169583636 1
problem73 0 225041300 1
problem74 0 211202836 1
problem75 0 182069908 1
problem76 0 208421396 1
problem77 0 201652628 1
problem78 0 198988052 1
problem79 0 204097684 1
problem80 0 195485716 1
problem81 0 218765204 1
problem82 0 202108692 1
problem83 0 207906452 1
problem84 0 197885460 1
problem85 0.01 217658772 1
problem86 0 195398932 1
problem87 0 193496212 1
problem88 0 215620628 1
problem89 0 189944724 1
problem90 0 204024596 1
problem91 0 211198612 1
problem92 0 198359572 1
problem93 0 185954708 1
problem94 0 219597076 1
problem95 0 219070612 1
problem96 0.01 179656724 1
problem97 0 172134292 1
problem98 0 200173332 1
problem99 0 217112212 1
