problem0 0.02 172065735127 1 2364.00
problem1 0.02 181727195157 1 2420.00
problem2 0.01 183114089027 1 2420.00
problem3 0.02 166849308641 1 2420.00
problem4 0.03 206488800367 1 2420.00
problem5 0.01 212726167405 1 2420.00
problem6 0.03 202032786523 1 2420.00
problem7 0.02 190389471929 1 2420.00
problem8 0.01 163865062919 1 2420.00
problem9 0.01 193359990213 1 2420.00
problem10 0.02 162418941299 1 2420.00
problem11 0.03 158802029713 1 2420.00
problem12 0.02 187531806367 1 2420.00
problem13 0.02 190296888093 1 2420.00
problem14 0.03 173966144907 1 2420.00
problem15 0.04 187109109097 1 2420.00
problem16 0.03 194530768439 1 2420.00
problem17 0.02 175474370421 1 2420.00
problem18 0.02 203602007203 1 2420.00
problem19 0.02 159383711041 1 2420.00
problem20 0.02 173059792079 1 2420.00
problem21 0.01 197050673869 1 2420.00
problem22 0.04 198859414203 1 2420.00
problem23 0.02 188403485721 1 2420.00
problem24 0.01 206925617767 1 2420.00
problem25 0.03 172130647333 1 2420.00
problem26 0.03 165882193875 1 2420.00
problem27 0.03 177387907569 1 2420.00
problem28 0.01 184048144127 1 2420.00
problem29 0.01 186029342333 1 2420.00
problem30 0.03 184885320683 1 2420.00
problem31 0.02 158856095433 1 2420.00
problem32 0.02 176858634903 1 2420.00
problem33 0.02 172791877333 1 2420.00
problem34 0.01 199860901635 1 2420.00
problem35 0.02 165064762017 1 2420.00
problem36 0.02 188921814319 1 2420.00
problem37 0.02 188150353453 1 2420.00
problem38 0.01 192415299867 1 2420.00
problem39 0.01 205551910265 1 2420.00
problem40 0.01 195494786759 1 2420.00
problem41 0.02 149636390021 1 2420.00
problem42 0.04 198571516467 1 2420.00
problem43 0.03 162807715665 1 2420.00
problem44 0.01 203144873823 1 2420.00
problem45 0.03 194900515293 1 2420.00
problem46 0.02 168536830539 1 2420.00
problem47 0.02 173008277545 1 2420.00
problem48 0.02 165217611511 1 2420.00
problem49 0.03 180769662517 1 2420.00
problem50 0.02 141882100067 1 2420.00
problem51 0.03 168962312193 1 2420.00
problem52 0.02 174061702543 1 2420.00
problem53 0.02 187058577805 1 2420.00
problem54 0.02 162607105915 1 2420.00
problem55 0.02 165818752729 1 2420.00
problem56 0.02 182686614311 1 2420.00
problem57 0.03 204069006309 1 2420.00
problem58 0.03 157430238355 1 2420.00
problem59 0.05 190023627953 1 2420.00
problem60 0.03 192155692991 1 2420.00
problem61 0.02 163417826621 1 2420.00
problem62 0.01 198209321131 1 2420.00
problem63 0.03 186533669257 1 2420.00
problem64 0.03 165980418903 1 2420.00
problem65 0.04 174755179925 1 2420.00
problem66 0.02 186420898755 1 2420.00
problem67 0.02 153394748769 1 2420.00
problem68 0.01 186911878639 1 2420.00
problem69 0.04 152328807661 1 2420.00
problem70 0.03 196648568283 1 2420.00
problem71 0.05 185857568825 1 2420.00
problem72 0.05 177524621191 1 2420.00
problem73 0.02 197194197829 1 2420.00
problem74 0.01 173410297587 1 2420.00
problem75 0.01 163742630417 1 2420.00
problem76 0.03 181025310751 1 2420.00
problem77 0.01 171702444189 1 2420.00
problem78 0.03 175325638411 1 2420.00
problem79 0.02 207335912169 1 2420.00
problem80 0.05 180083959735 1 2420.00
problem81 0.03 210022540533 1 2420.00
problem82 0.02 195960225315 1 2420.00
problem83 0.03 183828341441 1 2420.00
problem84 0.02 132292574799 1 2420.00
problem85 0.02 146063480909 1 2420.00
problem86 0.05 154053047355 1 2420.00
problem87 0.02 205624275353 1 2420.00
problem88 0.03 162121673703 1 2420.00
problem89 0.02 186668440229 1 2420.00
problem90 0.03 190565445971 1 2420.00
problem91 0.02 162013904753 1 2420.00
problem92 0.01 196410101887 1 2420.00
problem93 0.02 184381180925 1 2420.00
problem94 0.03 190220080491 1 2420.00
problem95 0.01 173995191369 1 2420.00
problem96 0.05 185849449495 1 2420.00
problem97 0.01 181254343765 1 2420.00
problem98 0.01 176797302915 1 2420.00
problem99 0.02 185538943009 1 2420.00
