problem0 0 25526 1 0.00
problem1 0.00 19556 1 0.00
problem2 0.00 22899 1 0.00
problem3 0.00 20093 1 0.00
problem4 0.00 17976 1 0.00
problem5 0.00 22526 1 0.00
problem6 0.00 22341 1 0.00
problem7 0.00 26919 1 0.00
problem8 0.00 21466 1 0.00
problem9 0.00 22584 1 0.00
problem10 0.00 17719 1 0.00
problem11 0.00 21873 1 0.00
problem12 0.00 23196 1 0.00
problem13 0.00 16146 1 0.00
problem14 0.00 21833 1 0.00
problem15 0.00 17755 1 0.00
problem16 0.00 20606 1 0.00
problem17 0.00 21132 1 0.00
problem18 0.00 17787 1 0.00
problem19 0.00 21221 1 0.00
problem20 0.00 19328 1 0.00
problem21 0.00 20646 1 0.00
problem22 0.00 19405 1 0.00
problem23 0.00 21519 1 0.00
problem24 0.00 23970 1 0.00
problem25 0.00 19296 1 0.00
problem26 0.00 21055 1 0.00
problem27 0.00 19161 1 0.00
problem28 0.00 19684 1 0.00
problem29 0.00 20666 1 0.00
problem30 0.00 22225 1 0.00
problem31 0.00 20803 1 0.00
problem32 0.00 18246 1 0.00
problem33 0.00 18100 1 0.00
problem34 0.00 23427 1 0.00
problem35 0.00 25933 1 0.00
problem36 0.00 18120 1 0.00
problem37 0.00 18254 1 0.00
problem38 0.00 22101 1 0.00
problem39 0.00 20727 1 0.00
problem40 0.00 22890 1 0.00
problem41 0.00 20616 1 0.00
problem42 0.00 22855 1 0.00
problem43 0.00 21057 1 0.00
problem44 0.00 20780 1 0.00
problem45 0.00 20578 1 0.00
problem46 0.00 22105 1 0.00
problem47 0.00 22315 1 0.00
problem48 0.00 22542 1 0.00
problem49 0.00 19676 1 0.00
problem50 0.00 25483 1 0.00
problem51 0.00 18869 1 0.00
problem52 0.00 23568 1 0.00
problem53 0.00 19446 1 0.00
problem54 0.00 18141 1 0.00
problem55 0.00 23519 1 0.00
problem56 0.00 22322 1 0.00
problem57 0.00 26544 1 0.00
problem58 0.00 22095 1 0.00
problem59 0.00 21417 1 0.00
problem60 0.00 18292 1 0.00
problem61 0.00 22026 1 0.00
problem62 0.00 22497 1 2408.00
problem63 0.00 16147 1 2408.00
problem64 0.00 22230 1 2408.00
problem65 0.00 17668 1 2408.00
problem66 0.00 20883 1 2408.00
problem67 0.00 20509 1 2408.00
problem68 0.00 18264 1 2408.00
problem69 0.00 21150 1 2408.00
problem70 0.00 19813 1 2408.00
problem71 0.00 19655 1 2408.00
problem72 0.00 20218 1 2408.00
problem73 0.00 20696 1 2408.00
problem74 0.00 24919 1 2408.00
problem75 0.00 18193 1 2408.00
problem76 0.00 21436 1 2408.00
problem77 0.00 18866 1 2408.00
problem78 0.00 20329 1 2408.00
problem79 0.00 20731 1 2408.00
problem80 0.00 22430 1 2408.00
problem81 0.00 20268 1 2408.00
problem82 0.00 17819 1 2408.00
problem83 0.00 18565 1 2408.00
problem84 0.00 23712 1 2408.00
problem85 0.00 25414 1 2408.00
problem86 0.00 17901 1 2408.00
problem87 0.00 19375 1 2408.00
problem88 0.00 21698 1 2408.00
problem89 0.00 20480 1 2408.00
problem90 0.00 22111 1 2408.00
problem91 0.00 21625 1 2408.00
problem92 0.00 22020 1 2408.00
problem93 0.00 22362 1 2408.00
problem94 0.00 20721 1 2408.00
problem95 0.00 19683 1 2408.00
problem96 0.00 22118 1 2408.00
problem97 0.00 23380 1 2408.00
problem98 0.00 22435 1 2408.00
problem99 0.00 19181 1 2408.00
