problem0 6.41 700705077781202 2625 1 1.45
problem1 15.87 631103944611418 11639 3 14.37
problem2 7.94 694327219110267 7111 1 5.24
problem3 16.29 668121347534052 14482 2 8.43
problem4 32.45 730427859547679 28697 2 18.51
problem5 5.35 738085567538384 3510 1 2.28
problem6 9.01 672213044270547 8216 1 5.84
problem7 14.32 649274560112410 12107 1 10.27
problem8 20.85 636397373671108 17655 1 13.41
problem9 5.51 706047586921125 4386 1 4.66
problem10 14.28 703331307122947 5577 1 4.33
problem11 44.08 552481706287761 46895 2 28.97
problem12 7.31 714787055792485 3715 1 3.03
problem13 29.94 655670664572802 26551 1 12.41
problem14 10.56 692929141351101 13729 1 4.58
problem15 15.85 609212815651531 23412 1 8.78
problem16 13.94 678139245240450 11761 1 6.43
problem17 7.04 667318643979084 3261 1 2.74
problem18 14.65 712208136744537 7894 1 3.13
problem19 20.91 623117292599442 27395 1 12.27
problem20 12.26 627002426321920 12689 1 7.74
problem21 18 631354445881864 9965 1 5.21
problem22 17.71 695540157933697 12150 1 6.72
problem23 19.83 572863957821648 41402 1 10.36
problem24 10.57 619830225539626 9807 1 4.59
problem25 16.12 629598590960365 23704 1 9.37
problem26 19.08 618331954658608 18976 1 7.69
problem27 18.69 642740887261503 9895 1 4.94
problem28 13.32 653547478835086 10237 1 6.08
problem29 6.74 687569232347815 5652 1 4.3
problem30 27.94 566706135825529 12227 1 6.17
problem31 15.59 681665331533307 15295 1 6.07
problem32 26.31 716519680011862 10033 1 4.74
problem33 13.79 660729227766929 16083 1 8.77
problem34 6.4 612275836248517 6781 1 3.68
problem35 6.25 645149406466551 4983 1 3.73
problem36 8.02 666659457408111 6385 1 6.89
problem37 51.57 663068719712741 64261 2 30.78
problem38 12.45 636547315381171 13443 1 9.52
problem39 12.24 645196837840072 17314 1 8.57
problem40 9.14 686925537013310 8532 1 7.02
problem41 13.64 687971397166867 8921 1 5.75
problem42 30.34 651007050292568 25719 1 10.92
problem43 14.64 632207914954429 16723 1 9.96
problem44 19.15 649003201483591 30365 1 9.19
problem45 16.27 604701337180106 21408 1 9.95
problem46 9.9 657905758664760 7242 1 4.62
problem47 58.06 586898269901291 84343 2 39.84
problem48 13.19 630600831176284 20488 1 9.67
problem49 24.14 622067650789683 37072 1 12.94
problem50 16.71 614637517685645 9923 1 6.21
problem51 16.62 674579859736003 22614 1 7.18
problem52 12.16 625917795836948 15964 1 9.45
problem53 6.34 653707989305357 4811 1 5.16
problem54 8.93 726546844700915 4576 1 5.12
problem55 27.84 607414525496033 25634 1 17.6
problem56 17.07 684804122054473 15494 1 8.1
problem57 10.59 652690061985818 11290 1 8.96
problem58 20.44 681821171841657 13657 1 6.95
problem59 8.9 734910296995899 5604 1 4.33
problem60 10.99 647119564893356 8057 1 6.36
problem61 62.5 664646388425405 39499 1 17.95
problem62 11.11 681592536145936 5601 1 4.59
problem63 13.92 723026702529177 10533 1 6.33
problem64 20.86 628806714289071 20365 1 11.65
problem65 17.05 638317486635576 17040 1 9.05
problem66 20.56 645284854261301 28888 1 14.09
problem67 22.04 582062183366609 40301 1 16.43
problem68 9.78 722550047345166 7061 1 4.31
problem69 17.25 669573824542267 17296 1 15.67
problem70 11.89 646428126949137 6900 1 8.9
problem71 30.22 586786715398960 53916 1 14.03
problem72 15.06 692906677392232 9885 1 6.42
problem73 9.46 720598980419181 7163 1 5.01
problem74 13.61 685397110163760 6616 1 5.71
problem75 12.07 673222744971651 10256 1 6.43
problem76 12.85 632319887942106 15935 1 5.98
problem77 9.74 776777220286988 3550 1 4.26
problem78 14.96 655335828278809 13314 1 8.61
problem79 6.46 710456987621157 3115 1 4.55
problem80 28.3 733976252346363 8339 1 5.09
problem81 16.8 704875741162887 15193 1 6.73
problem82 22.16 662978475939827 48676 1 16.5
problem83 14.8 695662970618321 7593 1 7.05
problem84 10.74 713001157197195 7227 1 7.32
problem85 16.17 701872419862943 16402 1 8.33
problem86 10.34 689102551162765 9734 1 7.95
problem87 7.93 710619188954745 5747 1 4.55
problem88 16.92 702206231830147 7064 1 7.16
problem89 11.6 721889717233867 4539 1 4.12
problem90 15.97 737368230337522 3859 1 3.31
problem91 10.42 633892156281117 8048 1 7
problem92 8.57 739621572219425 8749 1 6.33
problem93 13.69 694882374161181 9529 1 6.03
problem94 17.07 708365465693368 7862 1 6.07
problem95 18.4 664801504840158 16081 1 5.42
problem96 12.19 748701921990849 9229 1 5.02
problem97 5.9 706007036438519 3696 1 4.19
problem98 9.46 660575009470731 11543 1 6.8
problem99 7.69 698981251428777 5428 1 5.18
