problem0 0.06 13035947419 1
problem1 0.2 12442735481 1
problem2 0.08 12545192135 1
problem3 0.07 11465276677 1
problem4 0.17 12522288051 1
problem5 0.18 11946822737 1
problem6 0.52 11871115871 1
problem7 0.08 12340456797 1
problem8 0.02 12489617611 1
problem9 0.02 11966680105 1
problem10 0.04 11567743735 1
problem11 0.01 11840476341 1
problem12 0.15 12470361315 1
problem13 0.03 10964333313 1
problem14 0.14 11725212303 1
problem15 0.53 12247192333 1
problem16 0.4 11977807867 1
problem17 0.13 12212412633 1
problem18 0.36 11990896935 1
problem19 0.01 11471734885 1
problem20 0.11 12007670291 1
problem21 0.22 12343702961 1
problem22 0.42 12131448511 1
problem23 0.1 11870934205 1
problem24 0.55 13855292203 1
problem25 0.21 11375530377 1
problem26 0.04 11521088343 1
problem27 0.38 12957620245 1
problem28 0.07 10148225859 1
problem29 0.63 12802036833 1
problem30 0.14 11582693103 1
problem31 0.05 12163986029 1
problem32 0.33 12386032219 1
problem33 0.08 12412165689 1
problem34 0.08 12323299719 1
problem35 0.19 12047401925 1
problem36 0.93 12176523379 1
problem37 0.03 12340580113 1
problem38 0.1 13433013023 1
problem39 0.34 12195408925 1
problem40 0.13 11459917195 1
problem41 0.02 12301567721 1
problem42 1.11 13504865207 1
problem43 0.09 11599694709 1
problem44 0.06 11393931683 1
problem45 0.21 11828798913 1
problem46 0.65 11939029839 1
