problem0 0 117679 1
problem1 0 99111 1
problem2 0 99359 1
problem3 0 116375 1
problem4 0 107151 1
problem5 0 110599 1
problem6 0 120575 1
problem7 0 114551 1
problem8 0 98671 1
problem9 0 120039 1
problem10 0 98783 1
problem11 0 118871 1
problem12 0 100431 1
problem13 0 106951 1
problem14 0 99519 1
problem15 0 104759 1
problem16 0 104239 1
problem17 0 100007 1
problem18 0 102303 1
problem19 0 100887 1
problem20 0 105999 1
problem21 0 123783 1
problem22 0 90751 1
problem23 0 119543 1
problem24 0 117999 1
problem25 0 120935 1
problem26 0 101727 1
problem27 0 107479 1
problem28 0 107471 1
problem29 0 95559 1
problem30 0 114751 1
problem31 0 93367 1
problem32 0 115375 1
problem33 0 100903 1
problem34 0 113439 1
problem35 0 97687 1
problem36 0 100751 1
problem37 0 108295 1
problem38 0 114175 1
problem39 0 99959 1
problem40 0 100463 1
problem41 0 105447 1
problem42 0 104671 1
problem43 0 112471 1
problem44 0 110415 1
problem45 0 92359 1
problem46 0 113599 1
problem47 0 110647 1
problem48 0 126511 1
problem49 0 105895 1
problem50 0 116383 1
problem51 0 106775 1
problem52 0 99599 1
problem53 0 113287 1
problem54 0 96639 1
problem55 0 109047 1
problem56 0 115695 1
problem57 0 102247 1
problem58 0 99423 1
problem59 0 92887 1
problem60 0 101071 1
problem61 0 117831 1
problem62 0 112447 1
problem63 0 99255 1
problem64 0 125359 1
problem65 0 102695 1
problem66 0 107039 1
problem67 0 99479 1
problem68 0 102543 1
problem69 0 97799 1
problem70 0 99583 1
problem71 0 101751 1
problem72 0 110447 1
problem73 0 115431 1
problem74 0 98271 1
problem75 0 97879 1
problem76 0 108111 1
problem77 0 98247 1
problem78 0 107199 1
problem79 0 91959 1
problem80 0 99631 1
problem81 0 115879 1
problem82 0 101791 1
problem83 0 108567 1
problem84 0 80911 1
problem85 0 106887 1
problem86 0 114815 1
problem87 0 94455 1
problem88 0 101103 1
problem89 0 104039 1
problem90 0 93023 1
problem91 0 123351 1
problem92 0 102863 1
problem93 0 103239 1
problem94 0 114239 1
problem95 0 101047 1
problem96 0 110767 1
problem97 0 108583 1
problem98 0 117023 1
problem99 0 109463 1
