problem0 0 365490685219033 140736570752328 4 1.16637e-312 0.00
problem1 0 495367529187034 140736570752328 4 1.16637e-312 0.00
problem2 0 339137129552247 140736570752328 4 1.16637e-312 0.00
problem3 0.01 378361349635396 140736570752328 4 1.16637e-312 0.00
problem4 0 477257018795251 140736570752328 4 1.16637e-312 0.00
problem5 0.01 371321214707408 140736570752328 4 1.16637e-312 0.00
problem6 0 367347248342588 140736570752328 4 1.16637e-312 0.00
problem7 0 361156015865594 140736570752328 4 1.16637e-312 0.00
problem8 0.01 363603471930594 140736570752328 4 1.16637e-312 0.00
problem9 0.01 419226348459446 140736570752328 4 1.16637e-312 0.00
problem10 0.01 536001900295468 140736570752328 4 1.16637e-312 0.00
problem11 0.01 375966857300165 140736570752328 4 1.16637e-312 0.00
problem12 0.01 443356284099726 140736570752328 4 1.16637e-312 0.00
problem13 0.01 460744459103773 140736570752328 4 1.16637e-312 0.00
problem14 0 371783020241414 140736570752328 4 1.16637e-312 0.00
problem15 0 458321083317939 140736570752328 4 1.16637e-312 0.00
problem16 0.01 346558942757637 140736570752328 4 1.16637e-312 0.00
problem17 0 345447018882279 140736570752328 4 1.16637e-312 0.00
problem18 0 426188286230406 140736570752328 4 1.16637e-312 0.00
problem19 0 386315147435082 140736570752328 4 1.16637e-312 0.00
problem20 0.01 375998941946277 140736570752328 4 1.16637e-312 0.00
problem21 0 434843713870965 140736570752328 4 1.16637e-312 0.00
problem22 0.01 293979119258909 140736570752328 4 1.16637e-312 0.00
problem23 0 419662797992463 140736570752328 4 1.16637e-312 0.00
problem24 0 432674786844984 140736570752328 4 1.16637e-312 0.00
problem25 0.01 344350980963302 140736570752328 4 1.16637e-312 0.00
problem26 0 398329776445535 140736570752328 4 1.16637e-312 0.00
problem27 0 341579672202335 140736570752328 4 1.16637e-312 0.00
problem28 0.01 414032793922444 140736570752328 4 1.16637e-312 0.00
problem29 0 432739393781293 140736570752328 4 1.16637e-312 0.00
problem30 0.01 469133105696658 140736570752328 4 1.16637e-312 0.00
problem31 0 309704378529863 140736570752328 4 1.16637e-312 0.00
problem32 0 423649589320494 140736570752328 4 1.16637e-312 0.00
problem33 0 332312040349055 140736570752328 4 1.16637e-312 0.00
problem34 0.01 423374590636660 140736570752328 4 1.16637e-312 0.00
problem35 0.01 445381203071829 140736570752328 4 1.16637e-312 0.00
problem36 0 441888383758913 140736570752328 4 1.16637e-312 0.00
problem37 0 451914542958194 140736570752328 4 1.16637e-312 0.00
problem38 0.01 489172082086988 140736570752328 4 1.16637e-312 0.00
problem39 0.01 387762920360351 140736570752328 4 1.16637e-312 0.00
problem40 0 456480507207604 140736570752328 4 1.16637e-312 0.00
problem41 0.01 405489740061102 140736570752328 4 1.16637e-312 0.00
problem42 0 378070307261027 140736570752328 4 1.16637e-312 0.00
problem43 0.01 387297493483946 140736570752328 4 1.16637e-312 0.00
problem44 0 439955957492378 140736570752328 4 1.16637e-312 0.00
problem45 0.02 438511383005368 140736570752328 4 1.16637e-312 0.00
problem46 0 350599671467871 140736570752328 4 1.16637e-312 0.00
problem47 0.01 396315183008023 140736570752328 4 1.16637e-312 0.00
problem48 0.01 471557702544075 140736570752328 4 1.16637e-312 0.00
problem49 0 367045775616152 140736570752328 4 1.16637e-312 0.00
problem50 0.01 536051777457181 140736570752328 4 1.16637e-312 0.00
problem51 0.01 437353433520059 140736570752328 4 1.16637e-312 0.00
problem52 0 346294838161699 140736570752328 4 1.16637e-312 0.00
problem53 0 365458773626877 140736570752328 4 1.16637e-312 0.00
problem54 0 333011328564079 140736570752328 4 1.16637e-312 0.00
problem55 0 387151291152396 140736570752328 4 1.16637e-312 0.00
problem56 0.01 433724734548764 140736570752328 4 1.16637e-312 0.00
problem57 0 430295846795568 140736570752328 4 1.16637e-312 0.00
problem58 0.01 428141046796754 140736570752328 4 1.16637e-312 0.00
problem59 0 465328039683508 140736570752328 4 1.16637e-312 0.00
problem60 0.01 412131196541819 140736570752328 4 1.16637e-312 0.00
problem61 0 460398651327397 140736570752328 4 1.16637e-312 0.00
problem62 0 376468484263915 140736570752328 4 1.16637e-312 0.00
problem63 0.01 376556328573502 140736570752328 4 1.16637e-312 0.00
problem64 0 377878708289563 140736570752328 4 1.16637e-312 0.00
problem65 0 403509491575112 140736570752328 4 1.16637e-312 0.00
problem66 0 366399057033313 140736570752328 4 1.16637e-312 0.00
problem67 0.01 448411016786301 140736570752328 4 1.16637e-312 0.00
problem68 0 364793327616468 140736570752328 4 1.16637e-312 0.00
problem69 0 470133684187054 140736570752328 4 1.16637e-312 0.00
problem70 0.02 468001470450301 140736570752328 4 1.16637e-312 0.00
problem71 0 332902986922860 140736570752328 4 1.16637e-312 0.00
problem72 0.01 380099535553163 140736570752328 4 1.16637e-312 0.00
problem73 0 416429692545005 140736570752328 4 1.16637e-312 0.00
problem74 0.01 490204997280556 140736570752328 4 1.16637e-312 0.00
problem75 0.01 536035282696777 140736570752328 4 1.16637e-312 0.00
problem76 0 380539441655071 140736570752328 4 1.16637e-312 0.00
problem77 0.01 373285806289809 140736570752328 4 1.16637e-312 0.00
problem78 0 391172117354863 140736570752328 4 1.16637e-312 0.00
problem79 0 344932524918926 140736570752328 4 1.16637e-312 0.00
problem80 0.03 467339084794979 140736570752328 4 1.16637e-312 0.00
problem81 0.01 438965413903095 140736570752328 4 1.16637e-312 0.00
problem82 0 396200741843426 140736570752328 4 1.16637e-312 0.00
problem83 0 492872097526582 140736570752328 4 1.16637e-312 0.00
problem84 0.01 436960505506155 140736570752328 4 1.16637e-312 0.00
problem85 0 440242519266577 140736570752328 4 1.16637e-312 0.00
problem86 0 447036894408794 140736570752328 4 1.16637e-312 0.00
problem87 0.01 431577791048152 140736570752328 4 1.16637e-312 0.00
problem88 0 442129696860578 140736570752328 4 1.16637e-312 0.00
problem89 0 414550705294431 140736570752328 4 1.16637e-312 0.00
problem90 0.01 564534246306153 140736570752328 4 1.16637e-312 0.00
problem91 0 397135176636538 140736570752328 4 1.16637e-312 0.00
problem92 0.01 411368833736904 140736570752328 4 1.16637e-312 0.00
problem93 0 426249105008780 140736570752328 4 1.16637e-312 0.00
problem94 0 370761896178074 140736570752328 4 1.16637e-312 0.00
problem95 0 465699068949289 140736570752328 4 1.16637e-312 0.00
problem96 0.01 462410897711059 140736570752328 4 1.16637e-312 0.00
problem97 0 292786684812672 140736570752328 4 1.16637e-312 0.00
problem98 0.01 391980331470554 140736570752328 4 1.16637e-312 0.00
problem99 0.01 425775591061074 140736570752328 4 1.16637e-312 0.00
