problem0 0.32 402390979995275 5 1430358840 6.95321e-310 0.00
problem1 1.59 487827394080146 5 1430358840 6.95321e-310 0.00
problem2 0.26 550534531536996 5 1430358840 6.95321e-310 0.00
problem3 0.86 508091866298161 5 1430358840 6.95321e-310 0.00
problem4 0.34 435284964958016 5 1430358840 6.95321e-310 0.00
problem5 0.36 468490517789445 5 1430358840 6.95321e-310 0.00
problem6 0.39 473307010241365 5 1430358840 6.95321e-310 0.00
problem7 0.21 480047726498562 5 1430358840 6.95321e-310 0.00
problem8 0.35 403053882056805 5 1430358840 6.95321e-310 0.00
problem9 0.31 427488329878310 5 1430358840 6.95321e-310 0.00
problem10 0.35 473327550209165 5 1430358840 6.95321e-310 0.00
problem11 0.37 399805641482348 5 1430358840 6.95321e-310 0.00
problem12 0.36 434363603332219 5 1430358840 6.95321e-310 0.00
problem13 0.42 422494745701636 5 1430358840 6.95321e-310 0.00
problem14 0.38 521442998955228 5 1430358840 6.95321e-310 0.00
problem15 0.29 496755658107110 5 1430358840 6.95321e-310 0.00
problem16 0.86 376918297781969 5 1430358840 6.95321e-310 0.00
problem17 0.29 491411588044896 5 1430358840 6.95321e-310 0.00
problem18 0.28 390016909358761 5 1430358840 6.95321e-310 0.00
problem19 0.23 501439600485925 5 1430358840 6.95321e-310 0.00
problem20 0.36 513881191700152 5 1430358840 6.95321e-310 0.00
problem21 1.18 405969658136865 5 1430358840 6.95321e-310 0.00
problem22 1.39 439826092225010 5 1430358840 6.95321e-310 0.00
problem23 0.4 413957839604599 5 1430358840 6.95321e-310 0.00
problem24 1.13 434101075998692 5 1430358840 6.95321e-310 0.00
problem25 0.36 335885552579270 5 1430358840 6.95321e-310 0.00
problem26 0.39 497370645264340 5 1430358840 6.95321e-310 0.00
problem27 0.3 374971469913631 5 1430358840 6.95321e-310 0.00
problem28 2.15 547202677040383 5 1430358840 6.95321e-310 0.00
problem29 0.27 568878011119835 5 1430358840 6.95321e-310 0.00
problem30 0.34 472082225269796 5 1430358840 6.95321e-310 0.00
problem31 0.41 478381850438968 5 1430358840 6.95321e-310 0.00
problem32 0.32 514119175385888 5 1430358840 6.95321e-310 0.00
problem33 0.55 457674753925612 5 1430358840 6.95321e-310 0.00
problem34 0.42 445069837655651 5 1430358840 6.95321e-310 0.00
problem35 0.74 494015566845515 5 1430358840 6.95321e-310 0.00
problem36 0.81 433247209245591 5 1430358840 6.95321e-310 0.00
problem37 0.28 472381607062837 5 1430358840 6.95321e-310 0.00
problem38 0.38 542730161523988 5 1430358840 6.95321e-310 0.00
problem39 0.3 423681124497836 5 1430358840 6.95321e-310 0.00
problem40 0.34 529342721135894 5 1430358840 6.95321e-310 0.00
problem41 0.38 514826149764792 5 1430358840 6.95321e-310 0.00
problem42 0.47 472396796146421 5 1430358840 6.95321e-310 0.00
problem43 0.36 446402877014341 5 1430358840 6.95321e-310 0.00
problem44 0.25 404469238482101 5 1430358840 6.95321e-310 0.00
problem45 0.41 418489162730595 5 1430358840 6.95321e-310 0.00
problem46 0.36 468201080272060 5 1430358840 6.95321e-310 0.00
problem47 0.38 496960960070181 5 1430358840 6.95321e-310 0.00
problem48 0.32 514989686958088 5 1430358840 6.95321e-310 0.00
problem49 0.39 477101830043693 5 1430358840 6.95321e-310 0.00
problem50 0.4 439671546636809 5 1430358840 6.95321e-310 0.00
problem51 0.33 475244365113057 5 1430358840 6.95321e-310 0.00
problem52 0.86 482579707239173 5 1430358840 6.95321e-310 0.00
problem53 0.37 455424963241944 5 1430358840 6.95321e-310 0.00
problem54 0.31 475934811553879 5 1430358840 6.95321e-310 0.00
problem55 0.31 459492009272108 5 1430358840 6.95321e-310 0.00
problem56 0.44 408071385588808 5 1430358840 6.95321e-310 0.00
problem57 0.29 408320597669675 5 1430358840 6.95321e-310 0.00
problem58 0.41 490587343349191 5 1430358840 6.95321e-310 0.00
problem59 0.37 381022167628332 5 1430358840 6.95321e-310 0.00
problem60 0.3 478782805665032 5 1430358840 6.95321e-310 0.00
problem61 0.38 450060642995511 5 1430358840 6.95321e-310 0.00
problem62 0.3 511489720686662 5 1430358840 6.95321e-310 0.00
problem63 0.65 509540108166280 5 1430358840 6.95321e-310 0.00
problem64 0.36 445290296453017 5 1430358840 6.95321e-310 0.00
problem65 0.36 508034734671629 5 1430358840 6.95321e-310 0.00
problem66 0.3 508881462102082 5 1430358840 6.95321e-310 0.00
problem67 0.29 430439508144615 5 1430358840 6.95321e-310 0.00
problem68 0.28 420008718176902 5 1430358840 6.95321e-310 0.00
problem69 0.32 549923508957823 5 1430358840 6.95321e-310 0.00
problem70 1.57 398456696393430 5 1430358840 6.95321e-310 0.00
problem71 0.38 420230013381472 5 1430358840 6.95321e-310 0.00
problem72 0.3 504464645807684 5 1430358840 6.95321e-310 0.00
problem73 0.33 490479857831762 5 1430358840 6.95321e-310 0.00
problem74 0.41 499865847286452 5 1430358840 6.95321e-310 0.00
problem75 0.33 445894463713897 5 1430358840 6.95321e-310 0.00
problem76 0.29 455055623557046 5 1430358840 6.95321e-310 0.00
problem77 0.39 474258952698838 5 1430358840 6.95321e-310 0.00
problem78 0.38 461474840467974 5 1430358840 6.95321e-310 0.00
problem79 0.42 491236676507456 5 1430358840 6.95321e-310 0.00
problem80 2.17 431899394576029 5 1430358840 6.95321e-310 0.00
problem81 0.84 462863699542560 5 1430358840 6.95321e-310 0.00
problem82 0.96 532947707932313 5 1430358840 6.95321e-310 0.00
problem83 0.94 459219537904742 5 1430358840 6.95321e-310 0.00
problem84 0.31 395596887435660 5 1430358840 6.95321e-310 0.00
problem85 0.32 445074167134736 5 1430358840 6.95321e-310 0.00
problem86 0.43 446532696281356 5 1430358840 6.95321e-310 0.00
problem87 0.39 461258351511820 5 1430358840 6.95321e-310 0.00
problem88 0.42 455866921934743 5 1430358840 6.95321e-310 0.00
problem89 0.76 475682042669113 5 1430358840 6.95321e-310 0.00
problem90 0.29 490167670944283 5 1430358840 6.95321e-310 0.00
problem91 0.37 481119582887808 5 1430358840 6.95321e-310 0.00
problem92 0.33 456889007508682 5 1430358840 6.95321e-310 0.00
problem93 0.34 469865667500173 5 1430358840 6.95321e-310 0.00
problem94 0.32 361010090587714 5 1430358840 6.95321e-310 0.00
problem95 0.3 441185238267878 5 1430358840 6.95321e-310 0.00
problem96 0.14 399129884292051 5 1430358840 6.95321e-310 0.00
problem97 0.39 449022459548657 5 1430358840 6.95321e-310 0.00
problem98 0.44 417990795581949 5 1430358840 6.95321e-310 0.00
problem99 0.3 567069463230852 5 1430358840 6.95321e-310 0.00
