problem0 0 583842 1
problem1 0 552459 1
problem2 0 584483 1
problem3 0 603200 1
problem4 0 508828 1
problem5 0 506573 1
problem6 0 553549 1
problem7 0 585458 1
problem8 0 488822 1
problem9 0 594927 1
problem10 0 629079 1
problem11 0 545540 1
problem12 0 526384 1
problem13 0 543601 1
problem14 0 580161 1
problem15 0 549494 1
problem16 0 583114 1
problem17 0 529235 1
problem18 0 544523 1
problem19 0 491336 1
problem20 0 546884 1
problem21 0 572821 1
problem22 0 553397 1
problem23 0 568186 1
problem24 0 625054 1
problem25 0 506935 1
problem26 0 580671 1
problem27 0 526604 1
problem28 0 558040 1
problem29 0 467257 1
problem30 0 510121 1
problem31 0 498174 1
problem32 0 569586 1
problem33 0 515739 1
problem34 0 561395 1
problem35 0 557136 1
problem36 0 547564 1
problem37 0 575069 1
problem38 0 552733 1
problem39 0 589314 1
problem40 0 469958 1
problem41 0 559743 1
problem42 0 556327 1
problem43 0 619796 1
problem44 0 486784 1
problem45 0 605441 1
problem46 0 505105 1
problem47 0 485254 1
problem48 0 526874 1
problem49 0 610275 1
problem50 0 569563 1
problem51 0 587608 1
problem52 0 527252 1
problem53 0 513317 1
problem54 0 567941 1
problem55 0 534154 1
problem56 0 531438 1
problem57 0 540359 1
problem58 0 539663 1
problem59 0 497436 1
problem60 0 574760 1
problem61 0 597705 1
problem62 0 515961 1
problem63 0 559886 1
problem64 0 586050 1
problem65 0 550699 1
problem66 0 601795 1
problem67 0 549984 1
problem68 0 535100 1
problem69 0 518637 1
problem70 0 533485 1
problem71 0 517394 1
problem72 0 580118 1
problem73 0 547087 1
problem74 0 530679 1
problem75 0 618276 1
problem76 0 543440 1
problem77 0 558737 1
problem78 0 559073 1
problem79 0 509078 1
problem80 0 517738 1
problem81 0 582771 1
problem82 0 527019 1
problem83 0 624488 1
problem84 0 554724 1
problem85 0 492725 1
problem86 0 613205 1
problem87 0 522650 1
problem88 0 550462 1
problem89 0 465239 1
problem90 0 529375 1
problem91 0 523564 1
problem92 0 605816 1
problem93 0 537689 1
problem94 0 601673 1
problem95 0 562206 1
problem96 0 534930 1
problem97 0 559035 1
problem98 0 509075 1
problem99 0 565360 1
