problem0 0.35 3331956271176 1 2752.00
problem1 0.21 3415049261998 1 2808.00
problem2 0.34 3453169032581 1 2808.00
problem3 0.19 2995334335847 1 2808.00
problem4 0.14 3237384669450 1 2808.00
problem5 0.18 3417077891528 1 2808.00
problem6 0.42 3200979285015 1 2808.00
problem7 0.20 3164357218577 1 2808.00
problem8 0.24 3730518690284 1 2808.00
problem9 0.14 4043605382530 1 2808.00
problem10 0.27 3072237971401 1 2808.00
problem11 0.27 3215907435355 1 2808.00
problem12 0.13 3328880225518 1 2808.00
problem13 0.17 3487302379740 1 2808.00
problem14 0.20 3554229176987 1 2808.00
problem15 0.16 3375178227269 1 2808.00
problem16 0.33 3210149319696 1 2808.00
problem17 0.15 3577115342294 1 2808.00
problem18 0.13 3935731732109 1 2808.00
problem19 0.18 3117138598863 1 2808.00
problem20 0.21 3355648573778 1 2808.00
problem21 0.25 3798583252592 1 2808.00
problem22 0.15 3368204469663 1 2808.00
problem23 0.06 3323624674809 1 2808.00
problem24 0.12 3579086509748 1 2808.00
problem25 0.27 3180212864170 1 2808.00
problem26 0.30 3779933200849 1 2808.00
problem27 0.22 3127265007299 1 2808.00
problem28 0.22 3394353239606 1 2808.00
problem29 0.25 3275332754052 1 2808.00
problem30 0.20 3382037148963 1 2808.00
problem31 0.27 3438788134957 1 2808.00
problem32 0.18 3850748797400 1 2808.00
problem33 0.19 3534500549118 1 2808.00
problem34 0.19 3543385272725 1 2808.00
problem35 0.24 3275472122935 1 2808.00
problem36 0.20 3168797375386 1 2808.00
problem37 0.20 3142433621272 1 2808.00
problem38 0.41 3326123976999 1 2808.00
problem39 0.34 3048726676705 1 2808.00
problem40 0.18 3694242006396 1 2808.00
problem41 0.16 3265606184402 1 2808.00
problem42 0.18 3910184570329 1 2808.00
problem43 0.16 3588226057259 1 2808.00
problem44 0.30 2874662338942 1 2808.00
problem45 0.22 3019389953580 1 2808.00
problem46 0.18 3401478484395 1 2808.00
problem47 0.30 2962734259221 1 2808.00
problem48 0.21 3635857805728 1 2808.00
problem49 0.18 3515934599206 1 2808.00
problem50 0.19 3875265234589 1 2808.00
problem51 0.21 3459779843743 1 2808.00
problem52 0.40 3265646114786 1 2808.00
problem53 0.19 3703486991808 1 2808.00
problem54 0.23 3230555184815 1 2808.00
problem55 0.22 3327669706185 1 2808.00
problem56 0.16 3493327443524 1 2808.00
problem57 0.21 3566305022202 1 2808.00
problem58 0.21 3122674150369 1 2808.00
problem59 0.13 3763539934099 1 2808.00
problem60 0.31 3527827795654 1 2808.00
problem61 0.22 3263136680916 1 2808.00
problem62 0.24 3437801734195 1 2808.00
problem63 0.28 3205091170813 1 2808.00
problem64 0.20 3273373442920 1 2808.00
problem65 0.16 4020623194190 1 2808.00
problem66 0.20 2998452342181 1 2808.00
problem67 0.19 3101473424135 1 2808.00
problem68 0.20 3715421550122 1 2808.00
problem69 0.24 3574033559656 1 2808.00
problem70 0.19 3061005805111 1 2808.00
problem71 0.15 3643017584817 1 2808.00
problem72 0.17 3341398558988 1 2808.00
problem73 0.18 3556289818146 1 2808.00
problem74 0.16 3333638437865 1 2808.00
problem75 0.19 3503114419451 1 2808.00
problem76 0.27 3402798620174 1 2808.00
problem77 0.22 3473937386364 1 2808.00
problem78 0.21 3449250537659 1 2808.00
problem79 0.21 3234315911653 1 2808.00
problem80 0.13 3833247225648 1 2808.00
problem81 0.20 3005715530358 1 2808.00
problem82 0.31 3230587422381 1 2808.00
problem83 0.10 3777210513775 1 2808.00
problem84 0.17 3325940774514 1 2808.00
problem85 0.17 3502727392528 1 2808.00
problem86 0.28 3189891268543 1 2808.00
problem87 0.25 3053820579225 1 2808.00
problem88 0.19 3141535768020 1 2808.00
problem89 0.21 3183960835402 1 2808.00
problem90 0.19 3205559533041 1 2808.00
problem91 0.21 3111832324195 1 2808.00
problem92 0.15 3592349110102 1 2808.00
problem93 0.19 3213907944740 1 2808.00
problem94 0.34 2829265654595 1 2808.00
problem95 0.27 3094236238797 1 2808.00
problem96 0.24 3005629050104 1 2808.00
problem97 0.28 3630801421982 1 2808.00
problem98 0.18 3606632985013 1 2808.00
problem99 0.12 3433908566487 1 2808.00
