problem0 0 85545001 0 2208.00
problem1 0.00 76319410 0 2264.00
problem2 0.00 113661319 0 2264.00
problem3 0.00 83355390 0 2264.00
problem4 0.00 92946275 0 2264.00
problem5 0.00 81949047 0 2264.00
problem6 0.00 78579752 0 2264.00
problem7 0.00 76618050 0 2264.00
problem8 0.00 80561752 0 2264.00
problem9 0.00 85196381 0 2264.00
problem10 0.00 66517180 0 2264.00
problem11 0.00 83755808 0 2264.00
problem12 0.00 73980025 0 2264.00
problem13 0.00 88660808 0 2264.00
problem14 0.00 83241165 0 2264.00
problem15 0.00 88710577 0 2264.00
problem16 0.00 75695881 0 2264.00
problem17 0.00 87675492 0 2264.00
problem18 0.00 83966558 0 2264.00
problem19 0.00 66651044 0 2264.00
problem20 0.00 75727919 1 2264.00
problem21 0.00 72011244 0 2264.00
problem22 0.00 102461376 0 2264.00
problem23 0.00 83193508 0 2264.00
problem24 0.00 89498133 0 2264.00
problem25 0.00 96786205 0 2264.00
problem26 0.00 88648362 0 2264.00
problem27 0.00 76953943 0 2264.00
problem28 0.00 97145500 0 2264.00
problem29 0.00 78649448 0 2264.00
problem30 0.00 100625751 0 2264.00
problem31 0.00 97180846 0 2264.00
problem32 0.00 102377417 0 2264.00
problem33 0.00 72211507 0 2264.00
problem34 0.00 87742828 0 2264.00
problem35 0.00 98890374 0 2264.00
problem36 0.00 92754816 0 2264.00
problem37 0.00 78810043 0 2264.00
problem38 0.00 86815030 0 2264.00
problem39 0.00 75642381 0 2264.00
problem40 0.00 77572069 0 2264.00
problem41 0.00 67088797 0 2264.00
problem42 0.00 76502720 0 2264.00
problem43 0.00 93749428 0 2264.00
problem44 0.00 94279402 0 2264.00
problem45 0.00 96335782 0 2264.00
problem46 0.00 93834195 0 2264.00
problem47 0.00 102091894 1 2264.00
problem48 0.00 74396397 0 2264.00
problem49 0.00 97986514 0 2264.00
problem50 0.00 84390532 0 2264.00
problem51 0.00 87962466 0 2264.00
problem52 0.00 72232152 0 2264.00
problem53 0.00 103820282 0 2264.00
problem54 0.00 90131658 0 2264.00
problem55 0.00 84012914 0 2264.00
problem56 0.00 76273582 0 2264.00
problem57 0.00 81989185 0 2264.00
problem58 0.00 95386798 1 2264.00
problem59 0.00 85023411 0 2264.00
problem60 0.00 74327344 0 2264.00
problem61 0.01 102299867 0 2264.00
problem62 0.00 93045845 0 2264.00
problem63 0.00 84209380 0 2264.00
problem64 0.00 95594320 0 2264.00
problem65 0.00 92550489 0 2264.00
problem66 0.00 102516151 0 2264.00
problem67 0.00 94848634 0 2264.00
problem68 0.00 112234583 0 2264.00
problem69 0.00 58338884 0 2264.00
problem70 0.00 72335940 1 2264.00
problem71 0.00 81730353 0 2264.00
problem72 0.00 85635446 0 2264.00
problem73 0.00 103640310 0 2264.00
problem74 0.00 95263939 0 2264.00
problem75 0.00 104417006 0 2264.00
problem76 0.00 98663877 0 2264.00
problem77 0.00 75996147 0 2264.00
problem78 0.00 88594138 0 2264.00
problem79 0.00 76727115 0 2264.00
problem80 0.00 70583865 0 2264.00
problem81 0.00 111379716 0 2264.00
problem82 0.00 88937135 0 2264.00
problem83 0.00 73575224 0 2264.00
problem84 0.00 86441309 0 2264.00
problem85 0.00 99029617 0 2264.00
problem86 0.00 87724515 0 2264.00
problem87 0.00 77871173 0 2264.00
problem88 0.00 82621749 0 2264.00
problem89 0.00 96292256 0 2264.00
problem90 0.00 70137579 0 2264.00
problem91 0.00 81839218 0 2264.00
problem92 0.00 79765431 0 2264.00
problem93 0.00 66085137 0 2264.00
problem94 0.00 89686891 0 2264.00
problem95 0.00 72993201 0 2264.00
problem96 0.00 90623707 0 2264.00
problem97 0.00 102995619 0 2264.00
problem98 0.00 84842904 0 2264.00
problem99 0.00 89317928 0 2264.00
