problem0 0.24 231038 184 1 0.24 12080.00
problem1 0.01 216087 46 1 0.01 8452.00
problem2 0.03 201137 368 2 0.01 8452.00
problem3 0.05 199295 399 2 0.05 8452.00
problem4 0.05 223666 401 2 0.05 8452.00
problem5 0.02 221822 169 1 0.02 8452.00
problem6 0.01 206871 52 1 0.01 8452.00
problem7 0.05 178815 418 2 0.05 8452.00
problem8 0.02 150756 19 1 0.02 8452.00
problem9 0.02 201342 202 1 0.02 8456.00
problem10 0.01 251927 11 1 0.01 8456.00
problem11 0.02 197655 17 1 0.02 8456.00
problem12 0.01 195812 15 1 0.01 8456.00
problem13 0.02 220183 46 1 0.02 8456.00
problem14 0.01 205232 145 1 0.01 8456.00
problem15 0.02 203389 175 1 0.02 8456.00
problem16 0.02 227762 320 1 0.01 8456.00
problem17 0.01 225918 195 1 0.01 8456.00
problem18 0.02 210967 56 1 0.02 8456.00
problem19 0.01 182909 180 1 0.01 8456.00
problem20 0.02 194174 308 1 0.02 8456.00
problem21 0.02 231652 15 1 0.02 8456.00
problem22 0.02 177380 103 1 0.02 8456.00
problem23 0.02 214858 95 1 0.02 8456.00
problem24 0.01 199908 134 1 0.01 8456.00
problem25 0.02 198065 245 1 0.02 8456.00
problem26 0.05 209330 429 2 0.04 8456.00
problem27 0.01 259914 54 1 0.01 8456.00
problem28 0.02 192536 221 1 0.02 8456.00
problem29 0.02 230014 199 1 0.02 8456.00
problem30 0.05 162635 457 2 0.05 8456.00
problem31 0.01 187006 271 1 0.01 8456.00
problem32 0.02 224484 102 1 0.02 8456.00
problem33 0.02 209534 220 1 0.02 8456.00
problem34 0.02 233905 210 1 0.02 8456.00
problem35 0.02 192740 30 1 0.02 8456.00
problem36 0.02 204004 70 1 0.02 8456.00
problem37 0.02 215268 222 1 0.01 8456.00
problem38 0.01 292068 32 1 0.01 8456.00
problem39 0.02 172260 132 1 0.02 8456.00
problem40 0.02 209738 91 1 0.02 8456.00
problem41 0.05 181682 569 2 0.04 8456.00
problem42 0.02 232267 119 1 0.02 8456.00
problem43 0.02 177995 401 1 0.01 8456.00
problem44 0.02 189258 124 1 0.02 8456.00
problem45 0.02 200522 100 1 0.02 8456.00
problem46 0.03 185572 48 1 0.03 8456.00
problem47 0.02 209943 9 1 0.02 8456.00
problem48 0.02 194993 395 1 0.02 8456.00
problem49 0.02 206257 233 1 0.02 8456.00
problem50 0.03 191306 64 1 0.03 8456.00
problem51 0.02 202571 279 1 0.02 8456.00
problem52 0.06 200729 588 2 0.06 8456.00
problem53 0.06 185778 607 2 0.06 8456.00
problem54 0.02 210148 12 1 0.02 8456.00
problem55 0.02 168983 196 1 0.02 8456.00
problem56 0.02 206461 196 1 0.02 8456.00
problem57 0.03 217726 174 1 0.02 8456.00
problem58 0.02 189668 25 1 0.02 8456.00
problem59 0.02 187825 244 1 0.02 8456.00
problem60 0.02 225303 93 1 0.02 8456.00
problem61 0.02 210353 178 1 0.02 8456.00
problem62 0.02 208510 195 1 0.02 8456.00
problem63 0.02 219773 161 1 0.02 8456.00
problem64 0.03 204823 33 1 0.03 8456.00
problem65 0.02 202980 100 1 0.02 8456.00
problem66 0.02 227351 46 1 0.02 8456.00
problem67 0.02 225509 209 1 0.02 8456.00
problem68 0.02 236772 4 1 0.02 8456.00
problem69 0.02 195607 20 1 0.02 8456.00
problem70 0.02 206871 121 1 0.02 8456.00
problem71 0.02 231242 97 1 0.02 8456.00
problem72 0.02 255614 116 1 0.02 8456.00
problem73 0.02 214449 243 1 0.02 8456.00
problem74 0.03 186391 53 1 0.01 8456.00
problem75 0.02 210763 365 1 0.02 8456.00
problem76 0.02 208919 74 1 0.02 8456.00
problem77 0.02 220183 101 1 0.02 8456.00
problem78 0.02 192125 171 1 0.02 8456.00
problem79 0.03 203389 52 1 0.02 8456.00
problem80 0.02 227761 128 1 0.02 8456.00
problem81 0.02 199703 136 1 0.02 8456.00
problem82 0.02 237182 164 1 0.02 8456.00
problem83 0.03 209124 15 1 0.03 8456.00
problem84 0.02 233495 8 1 0.02 8456.00
problem85 0.02 218545 278 1 0.02 8456.00
problem86 0.02 229809 177 1 0.02 8456.00
problem87 0.02 227966 163 1 0.02 8456.00
problem88 0.02 213015 167 1 0.02 8456.00
problem89 0.03 237387 123 1 0.03 8456.00
problem90 0.02 196222 278 1 0.02 8456.00
problem91 0.02 207486 127 1 0.02 8456.00
problem92 0.02 218750 268 1 0.02 8456.00
problem93 0.02 216906 97 1 0.02 8456.00
problem94 0.03 201956 6 1 0.02 8456.00
problem95 0.02 239435 119 1 0.01 8456.00
problem96 0.02 198270 341 1 0.02 8456.00
problem97 0.02 209534 239 1 0.02 8456.00
problem98 0.02 220798 155 1 0.02 8456.00
problem99 0.02 245169 158 1 0.02 8456.00
