problem0 0 4784486176 1 2284.00
problem1 0.00 4751350846 1 2340.00
problem2 0.00 5745178476 1 2340.00
problem3 0.01 4789772330 1 2340.00
problem4 0.00 5012238840 1 2340.00
problem5 0.01 4479446102 1 2340.00
problem6 0.00 4447883972 1 2340.00
problem7 0.01 5879499970 1 2340.00
problem8 0.00 5761517008 1 2340.00
problem9 0.00 5007314286 1 2340.00
problem10 0.01 4487493404 1 2340.00
problem11 0.00 6445972058 1 2340.00
problem12 0.00 5408363176 1 2340.00
problem13 0.00 4871233414 1 2340.00
problem14 0.01 5669389428 1 2340.00
problem15 0.01 5908498674 1 2340.00
problem16 0.00 5378340992 1 2340.00
problem17 0.00 5722014366 1 2340.00
problem18 0.01 5358131916 1 2340.00
problem19 0.00 5236447370 1 2340.00
problem20 0.00 4870100824 1 2340.00
problem21 0.01 5505062582 1 2340.00
problem22 0.00 5683272228 1 2340.00
problem23 0.00 5095360802 1 2340.00
problem24 0.01 4974186288 1 2340.00
problem25 0.00 5599083470 1 2340.00
problem26 0.01 5444346492 1 2340.00
problem27 0.00 4529945274 1 2340.00
problem28 0.01 5007212552 1 2340.00
problem29 0.00 5069885926 1 2340.00
problem30 0.01 4900770772 1 2340.00
problem31 0.00 4747332946 1 2340.00
problem32 0.01 4751624672 1 2340.00
problem33 0.00 4587862270 1 2340.00
problem34 0.01 4924591660 1 2340.00
problem35 0.01 5115715818 1 2340.00
problem36 0.00 4816407736 1 2340.00
problem37 0.01 4976759062 1 2340.00
problem38 0.00 5079495044 1 2340.00
problem39 0.00 4263253378 1 2340.00
problem40 0.01 4850313360 1 2340.00
problem41 0.00 5494012462 1 2340.00
problem42 0.01 5189475804 1 2340.00
problem43 0.00 4398205722 1 2340.00
problem44 0.00 6050053480 1 2340.00
problem45 0.01 6406050886 1 2340.00
problem46 0.01 5296894772 1 2340.00
problem47 0.00 4891648434 1 2340.00
problem48 0.00 5078559552 1 2340.00
problem49 0.01 5658017630 1 2340.00
problem50 0.00 5083664780 1 2340.00
problem51 0.00 4986992970 1 2340.00
problem52 0.01 4626240024 1 2340.00
problem53 0.00 5475605366 1 2340.00
problem54 0.00 5171484900 1 2340.00
problem55 0.01 5167329762 1 2340.00
problem56 0.00 4644884976 1 2340.00
problem57 0.00 5008246926 1 2340.00
problem58 0.01 4932413756 1 2340.00
problem59 0.00 4496239482 1 2340.00
problem60 0.01 4855859912 1 2340.00
problem61 0.00 5320337062 1 2340.00
problem62 0.00 5131281044 1 2340.00
problem63 0.01 5743232530 1 2340.00
problem64 0.00 4305509536 1 2340.00
problem65 0.01 4987213246 1 2340.00
problem66 0.00 4930954476 1 2340.00
problem67 0.01 5476802986 1 2340.00
problem68 0.00 5215528824 1 2340.00
problem69 0.01 4549506518 1 2340.00
problem70 0.00 5608493124 1 2340.00
problem71 0.00 5095448130 1 2340.00
problem72 0.00 5827480400 1 2340.00
problem73 0.01 5598783214 1 2340.00
problem74 0.00 4339188892 1 2340.00
problem75 0.00 4947254234 1 2340.00
problem76 0.01 4790036520 1 2340.00
problem77 0.00 4762913030 1 2340.00
problem78 0.00 5160477172 1 2340.00
problem79 0.01 4623497842 1 2340.00
problem80 0.00 5009350144 1 2340.00
problem81 0.00 4602870814 1 2340.00
problem82 0.01 4702914636 1 2340.00
problem83 0.00 5668166154 1 2340.00
problem84 0.01 4346088664 1 2340.00
problem85 0.00 5182185526 1 2340.00
problem86 0.00 5838444452 1 2340.00
problem87 0.01 5429107362 1 2340.00
problem88 0.00 5102949552 1 2340.00
problem89 0.01 4226323790 1 2340.00
problem90 0.00 5021986812 1 2340.00
problem91 0.00 4599389242 1 2340.00
problem92 0.01 5258565000 1 2340.00
problem93 0.00 5335137126 1 2340.00
problem94 0.01 5402833236 1 2340.00
problem95 0.00 5363416786 1 2340.00
problem96 0.00 5539098464 1 2340.00
problem97 0.01 4988908158 1 2340.00
problem98 0.00 5776849836 1 2340.00
problem99 0.00 4711211626 1 2340.00
