problem0 7.48 500649974904987 5 -1535098104 6.95328e-310 0.00
problem1 0.44 409457245959318 5 -1535098104 6.95328e-310 0.00
problem2 0.88 533668842870386 5 -1535098104 6.95328e-310 0.00
problem3 0.36 483557595092229 5 -1535098104 6.95328e-310 0.00
problem4 1.35 491515039375234 5 -1535098104 6.95328e-310 0.00
problem5 5.75 498966667924759 5 -1535098104 6.95328e-310 0.00
problem6 3.37 466265946941966 5 -1535098104 6.95328e-310 0.00
problem7 2.82 554140555608184 5 -1535098104 6.95328e-310 0.00
problem8 0.52 470866689189123 5 -1535098104 6.95328e-310 0.00
problem9 1.85 454908950757154 5 -1535098104 6.95328e-310 0.00
problem10 0.5 510111769741215 5 -1535098104 6.95328e-310 0.00
problem11 5.38 586025499944059 5 -1535098104 6.95328e-310 0.00
problem12 8.92 450619429512207 5 -1535098104 6.95328e-310 0.00
problem13 1.86 411908251022175 5 -1535098104 6.95328e-310 0.00
problem14 1.99 514626142400736 5 -1535098104 6.95328e-310 0.00
problem15 0.79 422008433671273 5 -1535098104 6.95328e-310 0.00
problem16 10.96 448920813498602 5 -1535098104 6.95328e-310 0.00
problem17 7.59 611191405451274 5 -1535098104 6.95328e-310 0.00
problem18 2.07 458797278571260 5 -1535098104 6.95328e-310 0.00
problem19 1.76 462323799923118 5 -1535098104 6.95328e-310 0.00
problem20 0.82 521108451378878 5 -1535098104 6.95328e-310 0.00
problem21 0.3 521943113240526 5 -1535098104 6.95328e-310 0.00
problem22 0.21 428683262576989 5 -1535098104 6.95328e-310 0.00
problem23 9.47 408265717945364 5 -1535098104 6.95328e-310 0.00
problem24 2.32 476764081008761 5 -1535098104 6.95328e-310 0.00
problem25 10.39 422833378127814 5 -1535098104 6.95328e-310 0.00
problem26 1.3 506243991449971 5 -1535098104 6.95328e-310 0.00
problem27 2.74 492482903344207 5 -1535098104 6.95328e-310 0.00
problem28 0.23 498191692173375 5 -1535098104 6.95328e-310 0.00
problem29 7.04 398136496370802 5 -1535098104 6.95328e-310 0.00
problem30 3.14 513378646443341 5 -1535098104 6.95328e-310 0.00
problem31 14.41 599935187029460 5 -1535098104 6.95328e-310 0.00
problem32 1.09 483812029496773 5 -1535098104 6.95328e-310 0.00
problem33 1.15 498351374036043 5 -1535098104 6.95328e-310 0.00
problem34 0.78 563801907295827 5 -1535098104 6.95328e-310 0.00
problem35 11 500432978264300 5 -1535098104 6.95328e-310 0.00
problem36 2.48 425221002683628 5 -1535098104 6.95328e-310 0.00
problem37 2.84 507406327578764 5 -1535098104 6.95328e-310 0.00
problem38 0.55 449189964697354 5 -1535098104 6.95328e-310 0.00
problem39 0.98 538801308374612 5 -1535098104 6.95328e-310 0.00
problem40 1.66 479359749294498 5 -1535098104 6.95328e-310 0.00
problem41 0.63 533730136411338 5 -1535098104 6.95328e-310 0.00
problem42 0.72 412181374784172 5 -1535098104 6.95328e-310 0.00
problem43 2.28 496828053680364 5 -1535098104 6.95328e-310 0.00
problem44 2.67 552408897008104 5 -1535098104 6.95328e-310 0.00
problem45 1.15 510841650107153 5 -1535098104 6.95328e-310 0.00
problem46 1.24 495796540886437 5 -1535098104 6.95328e-310 0.00
problem47 2.41 439340470631825 5 -1535098104 6.95328e-310 0.00
problem48 37.48 494599140289294 5 -1535098104 6.95328e-310 0.00
problem49 3.9 570399808538133 5 -1535098104 6.95328e-310 0.00
problem50 7.7 514259577125173 5 -1535098104 6.95328e-310 0.00
problem51 0.6 491741986788974 5 -1535098104 6.95328e-310 0.00
problem52 2.88 494757883647887 5 -1535098104 6.95328e-310 0.00
problem53 3.52 507294323329653 5 -1535098104 6.95328e-310 0.00
problem54 5.72 438489184991818 5 -1535098104 6.95328e-310 0.00
problem55 2.07 520425069845894 5 -1535098104 6.95328e-310 0.00
problem56 10.5 492306632322784 5 -1535098104 6.95328e-310 0.00
problem57 9.1 539909155612885 5 -1535098104 6.95328e-310 0.00
problem58 4.06 485287854289533 5 -1535098104 6.95328e-310 0.00
problem59 0.11 442872377624502 5 -1535098104 6.95328e-310 0.00
problem60 1.94 454168376416272 5 -1535098104 6.95328e-310 0.00
problem61 3.9 482905978639644 5 -1535098104 6.95328e-310 0.00
problem62 0.53 532141894198906 5 -1535098104 6.95328e-310 0.00
problem63 3.21 451439759363338 5 -1535098104 6.95328e-310 0.00
problem64 4.07 447777229995015 5 -1535098104 6.95328e-310 0.00
problem65 1.64 398232867815838 5 -1535098104 6.95328e-310 0.00
problem66 0.31 423760833624150 5 -1535098104 6.95328e-310 0.00
problem67 0.73 448320207272798 5 -1535098104 6.95328e-310 0.00
problem68 0.53 450132499375406 5 -1535098104 6.95328e-310 0.00
problem69 5.47 538876395306867 5 -1535098104 6.95328e-310 0.00
problem70 3.04 467138945688954 5 -1535098104 6.95328e-310 0.00
problem71 0.86 482092319412084 5 -1535098104 6.95328e-310 0.00
problem72 1.31 468153688693250 5 -1535098104 6.95328e-310 0.00
problem73 2.57 506297341918649 5 -1535098104 6.95328e-310 0.00
problem74 1.63 545590906047660 5 -1535098104 6.95328e-310 0.00
problem75 4.28 433598701175557 5 -1535098104 6.95328e-310 0.00
problem76 0.31 456420501390222 5 -1535098104 6.95328e-310 0.00
problem77 11.47 530673031161846 5 -1535098104 6.95328e-310 0.00
problem78 0.82 403536716964778 5 -1535098104 6.95328e-310 0.00
problem79 0 450055617338536 5 -1535098104 6.95328e-310 0.00
problem80 0.49 462919307040470 5 -1535098104 6.95328e-310 0.00
problem81 0.91 468157546397995 5 -1535098104 6.95328e-310 0.00
problem82 2.49 563386408229336 5 -1535098104 6.95328e-310 0.00
problem83 7.43 592739034229281 5 -1535098104 6.95328e-310 0.00
problem84 4.08 476045610198058 5 -1535098104 6.95328e-310 0.00
problem85 0.36 464079408385674 5 -1535098104 6.95328e-310 0.00
problem86 1.7 533057814261531 5 -1535098104 6.95328e-310 0.00
problem87 2.77 547778407478674 5 -1535098104 6.95328e-310 0.00
problem88 7.7 382526488478310 5 -1535098104 6.95328e-310 0.00
problem89 5.82 487416248362943 5 -1535098104 6.95328e-310 0.00
problem90 0.74 424819406906630 5 -1535098104 6.95328e-310 0.00
problem91 0.89 555272430231095 5 -1535098104 6.95328e-310 0.00
problem92 1.96 435113595439340 5 -1535098104 6.95328e-310 0.00
problem93 0.37 437243343207966 5 -1535098104 6.95328e-310 0.00
problem94 0.64 453907434333817 5 -1535098104 6.95328e-310 0.00
problem95 0.66 525415282478549 5 -1535098104 6.95328e-310 0.00
problem96 16.35 509368602550485 5 -1535098104 6.95328e-310 0.00
problem97 8.31 505158129652006 5 -1535098104 6.95328e-310 0.00
problem98 0.23 444479585613581 5 -1535098104 6.95328e-310 0.00
problem99 1.1 429968142889805 5 -1535098104 6.95328e-310 0.00
