problem0 4.09 29346608561274 1 3672.00
problem1 2.73 29566138344536 1 4372.00
problem2 1.28 35066188496311 1 4364.00
problem3 2.44 30655233349681 1 4364.00
problem4 6.18 25158172737660 1 4364.00
problem5 3.71 28224801650162 1 4364.00
problem6 1.82 34316457017865 1 4364.00
problem7 3.71 27532762778075 1 4364.00
problem8 3.33 33832671891870 1 4364.00
problem9 3.40 29535232117292 1 4364.00
problem10 2.59 30812995330171 1 4364.00
problem11 4.84 29508873217829 1 4364.00
problem12 4.31 30280211648992 1 4364.00
problem13 2.40 36221396441862 1 4364.00
problem14 3.36 31065291377421 1 4364.00
problem15 3.05 30152369289743 1 4364.00
problem16 2.11 35792169714498 1 4364.00
problem17 1.98 34643189285504 1 4364.00
problem18 1.99 35665561195455 1 4364.00
problem19 5.39 27806570638489 1 4364.00
problem20 1.42 36831992121284 1 4364.00
problem21 1.90 33245699439258 1 4364.00
problem22 1.30 33542025129105 1 4364.00
problem23 2.21 33062503254211 1 4364.00
problem24 2.22 32280158675302 1 4364.00
problem25 1.82 33721213558100 1 4364.00
problem26 0.98 36484987185027 1 4364.00
problem27 1.87 33394080692365 1 4364.00
problem28 2.36 34467231773224 1 4364.00
problem29 2.16 31909315503278 1 4364.00
problem30 1.84 31297322792597 1 4364.00
problem31 1.43 33846580168183 1 4364.00
problem32 1.00 30761743121418 1 4364.00
problem33 2.87 32488303930024 1 4364.00
problem34 2.11 30936482196423 1 4364.00
problem35 1.84 34669422418689 1 4364.00
problem36 1.88 32898207834380 1 4364.00
problem37 1.60 31114056591682 1 4364.00
problem38 1.88 33633399077145 1 4364.00
problem39 2.39 30550449734059 1 4364.00
problem40 3.02 29137293697838 1 4364.00
problem41 3.21 28801727937148 1 4364.00
problem42 3.73 31318800232587 1 4364.00
problem43 2.92 30680386429941 1 4364.00
problem44 4.97 26986367820912 1 4364.00
problem45 2.67 28372076419158 1 4364.00
problem46 3.02 34234967393309 1 4364.00
problem47 2.12 31495108479967 1 4364.00
problem48 4.62 27635383756498 1 4364.00
problem49 2.70 30303788178640 1 4364.00
problem50 4.32 30817143047631 1 4364.00
problem51 2.90 32005124842345 1 4364.00
problem52 3.02 29230774979668 1 4364.00
problem53 2.86 29951275270634 1 4364.00
problem54 2.64 31564030470049 1 4364.00
problem55 3.25 27052779353235 1 4364.00
problem56 0.95 32892240729846 1 4364.00
problem57 2.81 29342925267364 1 4364.00
problem58 5.55 27085420477331 1 4364.00
problem59 2.40 30066476411229 1 4364.00
problem60 2.15 31085858629816 1 4364.00
problem61 1.95 29592952714750 1 4364.00
problem62 2.13 30118578402213 1 4364.00
problem63 2.28 31331771337671 1 4364.00
problem64 2.45 31166622991258 1 4364.00
problem65 2.11 29954790463736 1 4364.00
problem66 2.39 33274455581143 1 4364.00
problem67 1.83 31074409399761 1 4364.00
problem68 2.24 29555285428636 1 4364.00
problem69 1.85 33888508626066 1 4364.00
problem70 2.22 34654117001257 1 4364.00
problem71 1.72 29723843223931 1 4364.00
problem72 3.90 29822262361278 1 4364.00
problem73 1.61 33260116038348 1 4364.00
problem74 2.91 32048928114843 1 4364.00
problem75 1.19 34874368805061 1 4364.00
problem76 2.85 31345834475264 1 4364.00
problem77 1.47 33868792364454 1 4364.00
problem78 3.25 33111713858861 1 4364.00
problem79 1.72 35092362479023 1 4364.00
problem80 3.12 29952451400290 1 4364.00
problem81 1.74 35657964298016 1 4364.00
problem82 1.83 33881963200479 1 4364.00
problem83 2.85 29882020938297 1 4364.00
problem84 2.71 30565481830628 1 4364.00
problem85 1.84 33053615632698 1 4364.00
problem86 3.03 32303409408689 1 4364.00
problem87 3.07 32754768234595 1 4364.00
problem88 2.20 32852328436870 1 4364.00
problem89 3.27 27809921682932 1 4364.00
problem90 2.68 32717315708835 1 4364.00
problem91 2.92 30892106383917 1 4364.00
problem92 1.88 33053152929608 1 4364.00
problem93 2.33 31789906767694 1 4364.00
problem94 3.64 26924837386421 1 4364.00
problem95 2.62 30506646780311 1 4364.00
problem96 3.68 29250224345898 1 4364.00
problem97 1.47 31476510732104 1 4364.00
problem98 1.83 29359028150247 1 4364.00
problem99 2.66 33304679241889 1 4364.00
