problem0 0.41 137861 5 748096008 6.95318e-310 0.00
problem1 1 172737 5 748096008 6.95318e-310 0.00
problem2 2.43 108755 5 748096008 6.95318e-310 0.00
problem3 2.54 147479 5 748096008 6.95318e-310 0.00
problem4 0.96 141210 5 748096008 6.95318e-310 0.00
problem5 0.35 129966 5 748096008 6.95318e-310 0.00
problem6 0.32 143083 5 748096008 6.95318e-310 0.00
problem7 0.46 146375 5 748096008 6.95318e-310 0.00
problem8 0.41 142335 5 748096008 6.95318e-310 0.00
problem9 0.95 146425 5 748096008 6.95318e-310 0.00
problem10 0.57 119657 5 748096008 6.95318e-310 0.00
problem11 0.66 148968 5 748096008 6.95318e-310 0.00
problem12 0.52 117583 5 748096008 6.95318e-310 0.00
problem13 1.68 140171 5 748096008 6.95318e-310 0.00
problem14 0.55 145910 5 748096008 6.95318e-310 0.00
problem15 0.71 131601 5 748096008 6.95318e-310 0.00
problem16 0.6 152503 5 748096008 6.95318e-310 0.00
problem17 0.34 138518 5 748096008 6.95318e-310 0.00
problem18 0.8 139888 5 748096008 6.95318e-310 0.00
problem19 0.56 150689 5 748096008 6.95318e-310 0.00
problem20 0.56 136052 5 748096008 6.95318e-310 0.00
problem21 0.78 117811 5 748096008 6.95318e-310 0.00
problem22 0.34 121648 5 748096008 6.95318e-310 0.00
problem23 1.65 146173 5 748096008 6.95318e-310 0.00
problem24 0.41 131948 5 748096008 6.95318e-310 0.00
problem25 0.69 141768 5 748096008 6.95318e-310 0.00
problem26 0.67 133048 5 748096008 6.95318e-310 0.00
problem27 1.91 145356 5 748096008 6.95318e-310 0.00
problem28 0.93 123808 5 748096008 6.95318e-310 0.00
problem29 1.25 143028 5 748096008 6.95318e-310 0.00
problem30 0.53 135857 5 748096008 6.95318e-310 0.00
problem31 0.37 124561 5 748096008 6.95318e-310 0.00
problem32 0.72 146212 5 748096008 6.95318e-310 0.00
problem33 1.11 148899 5 748096008 6.95318e-310 0.00
problem34 0.53 128251 5 748096008 6.95318e-310 0.00
problem35 0.59 140237 5 748096008 6.95318e-310 0.00
problem36 1.51 153656 5 748096008 6.95318e-310 0.00
problem37 0.85 135701 5 748096008 6.95318e-310 0.00
problem38 1.29 108414 5 748096008 6.95318e-310 0.00
problem39 0.74 146879 5 748096008 6.95318e-310 0.00
problem40 1.11 137041 5 748096008 6.95318e-310 0.00
problem41 2.98 145323 5 748096008 6.95318e-310 0.00
problem42 0.82 147345 5 748096008 6.95318e-310 0.00
problem43 0.73 120789 5 748096008 6.95318e-310 0.00
problem44 0.41 130946 5 748096008 6.95318e-310 0.00
problem45 0.48 139525 5 748096008 6.95318e-310 0.00
problem46 2.24 126714 5 748096008 6.95318e-310 0.00
problem47 1.21 147570 5 748096008 6.95318e-310 0.00
problem48 0.68 133552 5 748096008 6.95318e-310 0.00
problem49 0.4 131051 5 748096008 6.95318e-310 0.00
problem50 0.36 139363 5 748096008 6.95318e-310 0.00
problem51 0.38 130701 5 748096008 6.95318e-310 0.00
problem52 0.36 157596 5 748096008 6.95318e-310 0.00
problem53 0.61 132646 5 748096008 6.95318e-310 0.00
problem54 1.57 168912 5 748096008 6.95318e-310 0.00
problem55 0.3 133923 5 748096008 6.95318e-310 0.00
problem56 0.86 157590 5 748096008 6.95318e-310 0.00
problem57 0.65 157062 5 748096008 6.95318e-310 0.00
problem58 0.46 147995 5 748096008 6.95318e-310 0.00
problem59 0.37 133564 5 748096008 6.95318e-310 0.00
problem60 0.99 124434 5 748096008 6.95318e-310 0.00
problem61 1.15 144208 5 748096008 6.95318e-310 0.00
problem62 1.27 125768 5 748096008 6.95318e-310 0.00
problem63 1.17 135069 5 748096008 6.95318e-310 0.00
problem64 0.99 150921 5 748096008 6.95318e-310 0.00
problem65 1.27 143245 5 748096008 6.95318e-310 0.00
problem66 0.93 129553 5 748096008 6.95318e-310 0.00
problem67 0.92 143928 5 748096008 6.95318e-310 0.00
problem68 0.55 155177 5 748096008 6.95318e-310 0.00
problem69 0.59 152346 5 748096008 6.95318e-310 0.00
problem70 1.05 121085 5 748096008 6.95318e-310 0.00
problem71 1 136446 5 748096008 6.95318e-310 0.00
problem72 0.7 135367 5 748096008 6.95318e-310 0.00
problem73 1.14 155148 5 748096008 6.95318e-310 0.00
problem74 0.38 142271 5 748096008 6.95318e-310 0.00
problem75 0.52 125387 5 748096008 6.95318e-310 0.00
problem76 0.96 133373 5 748096008 6.95318e-310 0.00
problem77 0.84 149806 5 748096008 6.95318e-310 0.00
problem78 0.33 147580 5 748096008 6.95318e-310 0.00
problem79 0.35 130770 5 748096008 6.95318e-310 0.00
problem80 0.83 125509 5 748096008 6.95318e-310 0.00
problem81 0.39 141798 5 748096008 6.95318e-310 0.00
problem82 1.07 149769 5 748096008 6.95318e-310 0.00
problem83 0.49 128924 5 748096008 6.95318e-310 0.00
problem84 0.96 139096 5 748096008 6.95318e-310 0.00
problem85 0.87 136561 5 748096008 6.95318e-310 0.00
problem86 0.54 161553 5 748096008 6.95318e-310 0.00
problem87 0.52 110758 5 748096008 6.95318e-310 0.00
problem88 0.89 135896 5 748096008 6.95318e-310 0.00
problem89 0.87 139581 5 748096008 6.95318e-310 0.00
problem90 0.77 137450 5 748096008 6.95318e-310 0.00
problem91 0.63 147252 5 748096008 6.95318e-310 0.00
problem92 0.62 128672 5 748096008 6.95318e-310 0.00
problem93 1.29 156310 5 748096008 6.95318e-310 0.00
problem94 1.3 141175 5 748096008 6.95318e-310 0.00
problem95 0.92 149221 5 748096008 6.95318e-310 0.00
problem96 2.63 115575 5 748096008 6.95318e-310 0.00
problem97 0.52 148522 5 748096008 6.95318e-310 0.00
problem98 0.58 119920 5 748096008 6.95318e-310 0.00
problem99 0.8 122129 5 748096008 6.95318e-310 0.00
