problem0 0.43 3053405547439 1 2956.00
problem1 0.21 3781444141863 1 3204.00
problem2 0.33 3636722295839 1 3204.00
problem3 0.18 3382521104023 1 3204.00
problem4 0.28 3817214714511 1 3204.00
problem5 0.38 3010877779975 1 3204.00
problem6 0.37 3657639798527 1 3204.00
problem7 0.29 3497169321847 1 3204.00
problem8 0.24 3939060035951 1 3204.00
problem9 0.30 3602914211047 1 3204.00
problem10 0.34 3262126359007 1 3204.00
problem11 0.19 3554296041559 1 3204.00
problem12 0.35 3542337804367 1 3204.00
problem13 0.39 3011298300359 1 3204.00
problem14 0.46 3128816039103 1 3204.00
problem15 0.25 3625474832695 1 3204.00
problem16 0.25 3917693949743 1 3204.00
problem17 0.10 3662231357095 1 3204.00
problem18 0.33 3580758196127 1 3204.00
problem19 0.30 3499574786583 1 3204.00
problem20 0.25 3541052485135 1 3204.00
problem21 0.23 3706769675143 1 3204.00
problem22 0.30 3678642512511 1 3204.00
problem23 0.26 3794620175095 1 3204.00
problem24 0.22 3265694096623 1 3204.00
problem25 0.23 3681781938279 1 3204.00
problem26 0.22 3715638123871 1 3204.00
problem27 0.29 4011633394647 1 3204.00
problem28 0.24 3233637786575 1 3204.00
problem29 0.10 3790698050887 1 3204.00
problem30 0.27 3417265451071 1 3204.00
problem31 0.39 3852653055159 1 3204.00
problem32 0.43 3600953475759 1 3204.00
problem33 0.27 3623799392807 1 3204.00
problem34 0.39 3955198991135 1 3204.00
problem35 0.31 3679758609815 1 3204.00
problem36 0.20 3304569518479 1 3204.00
problem37 0.32 3905733637895 1 3204.00
problem38 0.38 3192201649663 1 3204.00
problem39 0.26 3290467804791 1 3204.00
problem40 0.17 3879961757807 1 3204.00
problem41 0.41 4085501230055 1 3204.00
problem42 0.35 3537083054303 1 3204.00
problem43 0.51 3270114506583 1 3204.00
problem44 0.44 3623756099407 1 3204.00
problem45 0.26 3740372818119 1 3204.00
problem46 0.15 3959818480575 1 3204.00
problem47 0.18 3698526674999 1 3204.00
problem48 0.35 3404282392111 1 3204.00
problem49 0.21 3808007998887 1 3204.00
problem50 0.31 4066935944863 1 3204.00
problem51 0.21 3646978318615 1 3204.00
problem52 0.32 3504236594447 1 3204.00
problem53 0.34 3661045717639 1 3204.00
problem54 0.41 3469619140991 1 3204.00
problem55 0.43 3389560781303 1 3204.00
problem56 0.26 4002395993071 1 3204.00
problem57 0.24 3644893069159 1 3204.00
problem58 0.17 4141107614815 1 3204.00
problem59 0.35 3693976267479 1 3204.00
problem60 0.28 3471707241167 1 3204.00
problem61 0.17 3732863663175 1 3204.00
problem62 0.21 3256449410879 1 3204.00
problem63 0.17 3841021047735 1 3204.00
problem64 0.31 4102645471663 1 3204.00
problem65 0.31 3658784739623 1 3204.00
problem66 0.22 3727518978591 1 3204.00
problem67 0.39 3183121716375 1 3204.00
problem68 0.23 3323196231823 1 3204.00
problem69 0.23 3702439312903 1 3204.00
problem70 0.10 3950393365759 1 3204.00
problem71 0.30 3768023338359 1 3204.00
problem72 0.27 3801297444719 1 3204.00
problem73 0.13 3791381136103 1 3204.00
problem74 0.14 3598726229983 1 3204.00
problem75 0.42 3444830068311 1 3204.00
problem76 0.13 3621712332367 1 3204.00
problem77 0.15 3805340508103 1 3204.00
problem78 0.39 3610326065855 1 3204.00
problem79 0.22 3229337192247 1 3204.00
problem80 0.30 4020728644911 1 3204.00
problem81 0.30 3433953481895 1 3204.00
problem82 0.34 3253156670879 1 3204.00
problem83 0.24 3639887153175 1 3204.00
problem84 0.35 3067724897295 1 3204.00
problem85 0.25 3649398776199 1 3204.00
problem86 0.48 3616608686207 1 3204.00
problem87 0.25 4022522814711 1 3204.00
problem88 0.24 3331150121711 1 3204.00
problem89 0.46 3334311577191 1 3204.00
problem90 0.35 3509268958047 1 3204.00
problem91 0.40 3491048427991 1 3204.00
problem92 0.23 3704664232399 1 3204.00
problem93 0.26 3846796903239 1 3204.00
problem94 0.26 3706106322495 1 3204.00
problem95 0.26 3756876208823 1 3204.00
problem96 0.28 3568424464559 1 3204.00
problem97 0.37 3105722767399 1 3204.00
problem98 0.21 3327277304095 1 3204.00
problem99 0.46 3678175968151 1 3204.00
