problem0 0.01 201494 5 -1472591624 6.95328e-310 0.00
problem1 0.03 142174 5 -1472591624 6.95328e-310 0.00
problem2 0.04 172543 5 -1472591624 6.95328e-310 0.00
problem3 0.38 174886 5 -1472591624 6.95328e-310 0.00
problem4 0.34 186522 5 -1472591624 6.95328e-310 0.00
problem5 0.12 191014 5 -1472591624 6.95328e-310 0.00
problem6 0.14 157060 5 -1472591624 6.95328e-310 0.00
problem7 0.11 148886 5 -1472591624 6.95328e-310 0.00
problem8 0.25 165886 5 -1472591624 6.95328e-310 0.00
problem9 0.03 148579 5 -1472591624 6.95328e-310 0.00
problem10 0.24 169053 5 -1472591624 6.95328e-310 0.00
problem11 0.02 180312 5 -1472591624 6.95328e-310 0.00
problem12 0.05 143248 5 -1472591624 6.95328e-310 0.00
problem13 0.11 200510 5 -1472591624 6.95328e-310 0.00
problem14 0.04 166533 5 -1472591624 6.95328e-310 0.00
problem15 0.04 170422 5 -1472591624 6.95328e-310 0.00
problem16 0.06 162054 5 -1472591624 6.95328e-310 0.00
problem17 0.19 169652 5 -1472591624 6.95328e-310 0.00
problem18 0.07 175398 5 -1472591624 6.95328e-310 0.00
problem19 0.21 144524 5 -1472591624 6.95328e-310 0.00
problem20 0.09 174472 5 -1472591624 6.95328e-310 0.00
problem21 0.31 180787 5 -1472591624 6.95328e-310 0.00
problem22 0.22 186430 5 -1472591624 6.95328e-310 0.00
problem23 0.22 186439 5 -1472591624 6.95328e-310 0.00
problem24 0.07 228625 5 -1472591624 6.95328e-310 0.00
problem25 0.11 145702 5 -1472591624 6.95328e-310 0.00
problem26 0.06 174028 5 -1472591624 6.95328e-310 0.00
problem27 0.09 195081 5 -1472591624 6.95328e-310 0.00
problem28 0.15 197102 5 -1472591624 6.95328e-310 0.00
problem29 0.46 165780 5 -1472591624 6.95328e-310 0.00
problem30 0.17 199195 5 -1472591624 6.95328e-310 0.00
problem31 0.17 184058 5 -1472591624 6.95328e-310 0.00
problem32 0.24 170159 5 -1472591624 6.95328e-310 0.00
problem33 0.02 194932 5 -1472591624 6.95328e-310 0.00
problem34 0.1 175473 5 -1472591624 6.95328e-310 0.00
problem35 0.08 169313 5 -1472591624 6.95328e-310 0.00
problem36 0.51 184222 5 -1472591624 6.95328e-310 0.00
problem37 0.15 151979 5 -1472591624 6.95328e-310 0.00
problem38 0.2 168549 5 -1472591624 6.95328e-310 0.00
problem39 0.09 159771 5 -1472591624 6.95328e-310 0.00
problem40 0.06 193793 5 -1472591624 6.95328e-310 0.00
problem41 0.23 145313 5 -1472591624 6.95328e-310 0.00
problem42 0.22 171544 5 -1472591624 6.95328e-310 0.00
problem43 0.05 194781 5 -1472591624 6.95328e-310 0.00
problem44 0.02 155722 5 -1472591624 6.95328e-310 0.00
problem45 0.2 154599 5 -1472591624 6.95328e-310 0.00
problem46 0.15 198648 5 -1472591624 6.95328e-310 0.00
problem47 0.04 175602 5 -1472591624 6.95328e-310 0.00
problem48 0.16 188355 5 -1472591624 6.95328e-310 0.00
problem49 0.05 189934 5 -1472591624 6.95328e-310 0.00
problem50 0.06 154045 5 -1472591624 6.95328e-310 0.00
problem51 0.14 202441 5 -1472591624 6.95328e-310 0.00
problem52 0.07 140867 5 -1472591624 6.95328e-310 0.00
problem53 0.06 170128 5 -1472591624 6.95328e-310 0.00
problem54 0.03 187677 5 -1472591624 6.95328e-310 0.00
problem55 0.05 171868 5 -1472591624 6.95328e-310 0.00
problem56 0.05 173736 5 -1472591624 6.95328e-310 0.00
problem57 0.31 194220 5 -1472591624 6.95328e-310 0.00
problem58 0.12 180322 5 -1472591624 6.95328e-310 0.00
problem59 0.06 198139 5 -1472591624 6.95328e-310 0.00
problem60 0.09 187634 5 -1472591624 6.95328e-310 0.00
problem61 0.14 204422 5 -1472591624 6.95328e-310 0.00
problem62 0.02 174257 5 -1472591624 6.95328e-310 0.00
problem63 0.06 173145 5 -1472591624 6.95328e-310 0.00
problem64 0.22 169835 5 -1472591624 6.95328e-310 0.00
problem65 0.03 145291 5 -1472591624 6.95328e-310 0.00
problem66 0.06 176648 5 -1472591624 6.95328e-310 0.00
problem67 0.15 159645 5 -1472591624 6.95328e-310 0.00
problem68 0.06 147397 5 -1472591624 6.95328e-310 0.00
problem69 0.11 179064 5 -1472591624 6.95328e-310 0.00
problem70 0.07 150194 5 -1472591624 6.95328e-310 0.00
problem71 0.13 175922 5 -1472591624 6.95328e-310 0.00
problem72 0.17 177817 5 -1472591624 6.95328e-310 0.00
problem73 0.14 161353 5 -1472591624 6.95328e-310 0.00
problem74 0.17 162917 5 -1472591624 6.95328e-310 0.00
problem75 0.07 158343 5 -1472591624 6.95328e-310 0.00
problem76 0.12 143037 5 -1472591624 6.95328e-310 0.00
problem77 0.11 156084 5 -1472591624 6.95328e-310 0.00
problem78 0.13 172834 5 -1472591624 6.95328e-310 0.00
problem79 0.3 167325 5 -1472591624 6.95328e-310 0.00
problem80 0.08 180131 5 -1472591624 6.95328e-310 0.00
problem81 0.04 145266 5 -1472591624 6.95328e-310 0.00
problem82 0.13 177749 5 -1472591624 6.95328e-310 0.00
problem83 0.66 153276 5 -1472591624 6.95328e-310 0.00
problem84 0.12 157000 5 -1472591624 6.95328e-310 0.00
problem85 0.15 188146 5 -1472591624 6.95328e-310 0.00
problem86 0.08 159083 5 -1472591624 6.95328e-310 0.00
problem87 0.3 171930 5 -1472591624 6.95328e-310 0.00
problem88 0.15 196671 5 -1472591624 6.95328e-310 0.00
problem89 0.05 168422 5 -1472591624 6.95328e-310 0.00
problem90 0.32 194226 5 -1472591624 6.95328e-310 0.00
problem91 0.12 178377 5 -1472591624 6.95328e-310 0.00
problem92 0.11 162368 5 -1472591624 6.95328e-310 0.00
problem93 0.12 168750 5 -1472591624 6.95328e-310 0.00
problem94 0.15 175652 5 -1472591624 6.95328e-310 0.00
problem95 0.29 158139 5 -1472591624 6.95328e-310 0.00
problem96 0.21 172435 5 -1472591624 6.95328e-310 0.00
problem97 0.07 161772 5 -1472591624 6.95328e-310 0.00
problem98 0.17 166706 5 -1472591624 6.95328e-310 0.00
problem99 0.08 173966 5 -1472591624 6.95328e-310 0.00
