problem0 0 18704980 1
problem1 0 26101893 1
problem2 0 20727221 1
problem3 0 23716922 1
problem4 0 23099214 1
problem5 0 23501959 1
problem6 0 17912671 1
problem7 0 24283820 1
problem8 0 21158952 1
problem9 0 22056425 1
problem10 0.01 22663657 1
problem11 0 23698302 1
problem12 0 20136674 1
problem13 0 22515371 1
problem14 0 26450771 1
problem15 0.01 25000112 1
problem16 0 25245052 1
problem17 0 23163085 1
problem18 0 25061789 1
problem19 0.01 21750850 1
problem20 0 22486518 1
problem21 0 23094863 1
problem22 0 21354183 1
problem23 0.01 22282292 1
problem24 0 22300240 1
problem25 0 21299505 1
problem26 0 21716177 1
problem27 0 22564486 1
problem28 0 24565898 1
problem29 0 22033267 1
problem30 0 23090619 1
problem31 0 24162616 1
problem32 0 24501924 1
problem33 0.01 22368021 1
problem34 0 26213253 1
problem35 0 21785162 1
problem36 0 22758046 1
problem37 0.01 17565207 1
problem38 0 20539439 1
problem39 0 23337916 1
problem40 0 21876344 1
problem41 0 25324153 1
problem42 0 22648249 1
problem43 0.01 21743502 1
problem44 0 20655154 1
problem45 0 22998587 1
problem46 0 23420451 1
problem47 0 21286848 1
problem48 0 25290188 1
problem49 0 23225181 1
problem50 0 21199725 1
problem51 0.01 22017618 1
problem52 0 22766918 1
problem53 0 20577247 1
problem54 0 22448023 1
problem55 0 21978436 1
problem56 0 18216096 1
problem57 0 21055937 1
problem58 0 18283681 1
problem59 0.01 25724566 1
problem60 0 26131930 1
problem61 0.01 24395523 1
problem62 0.01 21836939 1
problem63 0 22434888 1
problem64 0 24890100 1
problem65 0 20000165 1
problem66 0 24865109 1
problem67 0.01 24840282 1
problem68 0.01 23463406 1
problem69 0.01 24823719 1
problem70 0 21476607 1
problem71 0 23217356 1
problem72 0 21182664 1
problem73 0 20586249 1
problem74 0 21369225 1
problem75 0 21171102 1
problem76 0 23072130 1
problem77 0 19965387 1
problem78 0.01 25319667 1
problem79 0 25280208 1
problem80 0 22679068 1
problem81 0 22687213 1
problem82 0 22693181 1
problem83 0.01 23208034 1
problem84 0 19506326 1
problem85 0 21948783 1
problem86 0.01 23556199 1
problem87 0 22630996 1
problem88 0 24910576 1
problem89 0 23423569 1
problem90 0 19485809 1
problem91 0 25155238 1
problem92 0.01 18717482 1
problem93 0 26518163 1
problem94 0 20925275 1
problem95 0 24350552 1
problem96 0 21180228 1
problem97 0 26600501 1
problem98 0 25333541 1
problem99 0 20561514 1
