problem0 0.08 813107175 1
problem1 0.04 976897596 1
problem2 0.02 876216328 1
problem3 0.12 946946977 1
problem4 0 931805889 1
problem5 0.04 1013424126 1
problem6 0 791554642 1
problem7 0.01 911099539 1
problem8 0.02 946984699 1
problem9 0.12 959090848 1
problem10 0 876736252 1
problem11 0.07 1063884133 1
problem12 0.06 910710421 1
problem13 0.04 882571810 1
problem14 0.09 829306886 1
problem15 0.03 809976343 1
problem16 0.1 981963663 1
problem17 0.1 884317828 1
problem18 0.02 743198576 1
problem19 0.01 878001833 1
problem20 0 925026281 1
problem21 0.01 895360966 1
problem22 0.02 866115386 1
problem23 0.08 1025334555 1
problem24 0.01 838897059 1
problem25 0.01 927006696 1
problem26 0.06 927002980 1
problem27 0.05 928468845 1
problem28 0.01 970251965 1
problem29 0.02 865444074 1
problem30 0.06 946204654 1
problem31 0.03 937076639 1
problem32 0.01 844830007 1
problem33 0.03 1019233484 1
problem34 0.04 978167000 1
problem35 0.03 846256049 1
problem36 0.01 904915729 1
problem37 0.01 1037307278 1
problem38 0 893991458 1
problem39 0 948384163 1
problem40 0.03 1049328203 1
problem41 0.17 989134128 1
problem42 0.07 908474828 1
problem43 0.03 968943477 1
problem44 0.08 1041972453 1
problem45 0 882505138 1
problem46 0.01 939036118 1
problem47 0 946408231 1
problem48 0.01 977013983 1
problem49 0.01 867088660 1
problem50 0.01 1044676672 1
problem51 0.02 868519609 1
problem52 0.02 894706745 1
problem53 0.05 915794262 1
problem54 0.1 864598794 1
problem55 0.28 943997995 1
problem56 0.02 990715123 1
problem57 0.04 755697784 1
problem58 0.01 841500724 1
problem59 0 899079549 1
problem60 0.11 942534925 1
problem61 0.06 920942714 1
problem62 0.02 968135102 1
problem63 0.01 949677231 1
problem64 0.01 836041351 1
problem65 0.01 1001749340 1
problem66 0.06 882336168 1
problem67 0.05 993059777 1
problem68 0.03 1074918241 1
problem69 0.06 1028666142 1
problem70 0.06 974971378 1
problem71 0.01 971838643 1
problem72 0.01 903869851 1
problem73 0 791126464 1
problem74 0.07 819829916 1
problem75 0.05 900313477 1
problem76 0.04 880769845 1
problem77 0.03 848406850 1
problem78 0.01 898136998 1
problem79 0.13 989383735 1
problem80 0.01 875585071 1
problem81 0.17 1005128612 1
problem82 0.16 873253136 1
problem83 0.18 997611209 1
problem84 0.03 944494729 1
problem85 0.05 848259814 1
problem86 0.04 1025781466 1
problem87 0.17 989471547 1
problem88 0 918455363 1
problem89 0 1003440392 1
problem90 0.02 876394244 1
problem91 0 883549069 1
problem92 0.01 954358621 1
problem93 0 916326410 1
problem94 0.11 1069730702 1
problem95 0.04 971712959 1
problem96 0.02 901298135 1
problem97 0.17 943581676 1
problem98 0.04 936064632 1
problem99 0.21 926246865 1
