problem0 0 6758252500 1
problem1 0 6168055882 1
problem2 0 6374510737 1
problem3 0 6298292291 1
problem4 0 6180288278 1
problem5 0 6455026276 1
problem6 0 6727103651 1
problem7 0 6528478957 1
problem8 0 6177344632 1
problem9 0 7010072606 1
problem10 0 6415946709 1
problem11 0 6517303863 1
problem12 0 6128566778 1
problem13 0 6218935160 1
problem14 0 6906773543 1
problem15 0 6644280353 1
problem16 0 6198622620 1
problem17 0 5640844914 1
problem18 0 5736246169 1
problem19 0 6456393387 1
problem20 0 6763214174 1
problem21 0 6092747532 1
problem22 0 6822733867 1
problem23 0 6398905301 1
problem24 0 6997825344 1
problem25 0 7418223430 1
problem26 0 6536112093 1
problem27 0 6536748447 1
problem28 0 6287139138 1
problem29 0 6069078304 1
problem30 0 6965525679 1
problem31 0 6595026441 1
problem32 0 6206977380 1
problem33 0 6102415002 1
problem34 0 6758111393 1
problem35 0 6949525267 1
problem36 0 6535648678 1
problem37 0 6851083700 1
problem38 0 6472109491 1
problem39 0 6574256829 1
problem40 0 6199895048 1
problem41 0 6089988206 1
problem42 0 6331993573 1
problem43 0 7106394887 1
problem44 0 6236201610 1
problem45 0 7054860488 1
problem46 0 6619720503 1
problem47 0.01 6150724081 1
problem48 0 6211089196 1
problem49 0 6798479554 1
problem50 0 6843340713 1
problem51 0 6029613435 1
problem52 0 5676668910 1
problem53 0 6585860700 1
problem54 0 7206184251 1
problem55 0 7007773605 1
problem56 0 6265828048 1
problem57 0 6244134806 1
problem58 0 6101943789 1
problem59 0 7037059695 1
problem60 0 6810191314 1
problem61 0 6391427696 1
problem62 0 5883022271 1
problem63 0 6846914521 1
problem64 0 6009926388 1
problem65 0 6498698474 1
problem66 0 6534604977 1
problem67 0 6723798499 1
problem68 0 5575408694 1
problem69 0 6736937220 1
problem70 0 6883798723 1
problem71 0 6555885197 1
problem72 0 7163413400 1
problem73 0 6395519166 1
problem74 0 5726982133 1
problem75 0 5821133783 1
problem76 0 6362614554 1
problem77 0 6555680280 1
problem78 0 6801235527 1
problem79 0 6370865089 1
problem80 0 6981612732 1
problem81 0 6315250450 1
problem82 0 6024350649 1
problem83 0 6633888843 1
problem84 0 6683574910 1
problem85 0 6556842412 1
problem86 0 7073655371 1
problem87 0 6333653877 1
problem88 0 6211737184 1
problem89 0 6394883046 1
problem90 0 7220931581 1
problem91 0 5780066111 1
problem92 0 6134755938 1
problem93 0 6159467456 1
problem94 0 6338765519 1
problem95 0 6480415145 1
problem96 0 5506758788 1
problem97 0 7421131578 1
problem98 0 7168065729 1
problem99 0 6257859763 1
