problem0 0.61 3709665534957 1 3072.00
problem1 0.58 3447536908887 1 3332.00
problem2 0.66 3896461773082 1 3332.00
problem3 0.60 3745182525136 1 3332.00
problem4 0.67 3456758362031 1 3332.00
problem5 0.34 4328135503633 1 3332.00
problem6 0.70 3440532644588 1 3332.00
problem7 0.77 3843760238938 1 3332.00
problem8 0.64 3402122201105 1 3332.00
problem9 0.48 3136077938155 1 3332.00
problem10 0.72 3548733140574 1 3332.00
problem11 0.79 3946916996868 1 3332.00
problem12 0.46 3457640095507 1 3332.00
problem13 0.64 3842520895717 1 3332.00
problem14 0.73 3916679572848 1 3332.00
problem15 0.91 3519419990478 1 3332.00
problem16 0.35 3858097489589 1 3332.00
problem17 0.59 3501979742719 1 3332.00
problem18 0.55 3706562478626 1 3332.00
problem19 0.39 3713278434232 1 3332.00
problem20 0.33 3887936368887 1 3332.00
problem21 0.58 3781935057721 1 3332.00
problem22 0.37 3477225991796 1 3332.00
problem23 0.47 3483799842498 1 3332.00
problem24 0.81 3416156745689 1 3332.00
problem25 0.41 3311251531411 1 3332.00
problem26 0.46 3744436425830 1 3332.00
problem27 0.48 3974685185260 1 3332.00
problem28 0.95 3424662779227 1 3332.00
problem29 0.75 3560195419661 1 3332.00
problem30 0.65 3428569445880 1 3332.00
problem31 0.41 3532094703670 1 3332.00
problem32 0.62 3852633920381 1 3332.00
problem33 0.40 3838013598631 1 3332.00
problem34 0.60 3640062883114 1 3332.00
problem35 0.74 3521045111456 1 3332.00
problem36 0.43 3623421017151 1 3332.00
problem37 0.57 3759563508065 1 3332.00
problem38 0.65 3632688403452 1 3332.00
problem39 0.28 4083918233130 1 3332.00
problem40 0.76 3690177380769 1 3332.00
problem41 0.34 3491178664251 1 3332.00
problem42 0.93 3116321272942 1 3332.00
problem43 0.40 4131410351316 1 3332.00
problem44 0.28 3729981904291 1 3332.00
problem45 0.61 3326420708661 1 3332.00
problem46 0.56 3906433374336 1 3332.00
problem47 0.35 3785020784798 1 3332.00
problem48 0.69 3017479162437 1 3332.00
problem49 0.24 3812193347407 1 3332.00
problem50 0.75 3366232973874 1 3332.00
problem51 0.49 3693964000136 1 3332.00
problem52 0.53 3620765127047 1 3332.00
problem53 0.59 3716335331721 1 3332.00
problem54 0.51 3676658652036 1 3332.00
problem55 0.91 3028680245138 1 3332.00
problem56 0.44 3744125074793 1 3332.00
problem57 0.47 3603771735523 1 3332.00
problem58 0.76 3565586288246 1 3332.00
problem59 0.57 3863531562684 1 3332.00
problem60 0.47 3812674879467 1 3332.00
problem61 0.56 3276803231325 1 3332.00
problem62 0.39 3571981653256 1 3332.00
problem63 0.59 4003672288006 1 3332.00
problem64 0.73 3783032138509 1 3332.00
problem65 0.62 3854163469559 1 3332.00
problem66 0.64 3344425879866 1 3332.00
problem67 0.54 3965667599984 1 3332.00
problem68 0.43 3714817487055 1 3332.00
problem69 0.34 3913729108913 1 3332.00
problem70 0.45 3698424851724 1 3332.00
problem71 0.61 3373284709114 1 3332.00
problem72 0.52 3306710180657 1 3332.00
problem73 0.64 3515423190155 1 3332.00
problem74 0.82 3147163132542 1 3332.00
problem75 0.48 3571341822628 1 3332.00
problem76 0.75 3142917780531 1 3332.00
problem77 0.44 3984081916293 1 3332.00
problem78 0.62 3379238906768 1 3332.00
problem79 0.89 3376654452590 1 3332.00
problem80 1.14 3427872208341 1 3332.00
problem81 0.66 3577543533727 1 3332.00
problem82 0.71 3482034809410 1 3332.00
problem83 0.65 3455777956696 1 3332.00
problem84 0.54 3870913780247 1 3332.00
problem85 0.71 3858837999577 1 3332.00
problem86 0.75 3428353843348 1 3332.00
problem87 0.85 3097153624162 1 3332.00
problem88 0.73 3356002480889 1 3332.00
problem89 0.51 3620087127347 1 3332.00
problem90 0.54 3648320532614 1 3332.00
problem91 0.62 3588530684044 1 3332.00
problem92 0.51 3458723787387 1 3332.00
problem93 0.59 3596203538093 1 3332.00
problem94 0.53 3643128978456 1 3332.00
problem95 0.65 3798001358294 1 3332.00
problem96 0.50 3455880735389 1 3332.00
problem97 0.50 3885133260359 1 3332.00
problem98 0.76 3690825532746 1 3332.00
problem99 0.37 3536394678848 1 3332.00
