problem0 2.9 447422 5 -368944776 6.95334e-310 0.00
problem1 1.21 591602 5 -368944776 6.95334e-310 0.00
problem2 4.04 541289 5 -368944776 6.95334e-310 0.00
problem3 2.71 522506 5 -368944776 6.95334e-310 0.00
problem4 2.27 617295 5 -368944776 6.95334e-310 0.00
problem5 4.21 490227 5 -368944776 6.95334e-310 0.00
problem6 1.14 541339 5 -368944776 6.95334e-310 0.00
problem7 4.49 546518 5 -368944776 6.95334e-310 0.00
problem8 5.54 557174 5 -368944776 6.95334e-310 0.00
problem9 5.15 436959 5 -368944776 6.95334e-310 0.00
problem10 2.43 502711 5 -368944776 6.95334e-310 0.00
problem11 1.81 510264 5 -368944776 6.95334e-310 0.00
problem12 6.92 468103 5 -368944776 6.95334e-310 0.00
problem13 7.34 508598 5 -368944776 6.95334e-310 0.00
problem14 4.25 536339 5 -368944776 6.95334e-310 0.00
problem15 2.77 455044 5 -368944776 6.95334e-310 0.00
problem16 4.14 567513 5 -368944776 6.95334e-310 0.00
problem17 1.96 536183 5 -368944776 6.95334e-310 0.00
problem18 3.54 572932 5 -368944776 6.95334e-310 0.00
problem19 2.92 482234 5 -368944776 6.95334e-310 0.00
problem20 1.66 564927 5 -368944776 6.95334e-310 0.00
problem21 3.84 454520 5 -368944776 6.95334e-310 0.00
problem22 2.93 494048 5 -368944776 6.95334e-310 0.00
problem23 3.91 556678 5 -368944776 6.95334e-310 0.00
problem24 1.68 513937 5 -368944776 6.95334e-310 0.00
problem25 2.66 542479 5 -368944776 6.95334e-310 0.00
problem26 1.28 547153 5 -368944776 6.95334e-310 0.00
problem27 2.22 594066 5 -368944776 6.95334e-310 0.00
problem28 1.83 571895 5 -368944776 6.95334e-310 0.00
problem29 2.23 527334 5 -368944776 6.95334e-310 0.00
problem30 2.97 493656 5 -368944776 6.95334e-310 0.00
problem31 1.2 460937 5 -368944776 6.95334e-310 0.00
problem32 1.37 497481 5 -368944776 6.95334e-310 0.00
problem33 1.6 414887 5 -368944776 6.95334e-310 0.00
problem34 2.92 548255 5 -368944776 6.95334e-310 0.00
problem35 3.29 477120 5 -368944776 6.95334e-310 0.00
problem36 3.59 524506 5 -368944776 6.95334e-310 0.00
problem37 2.36 489470 5 -368944776 6.95334e-310 0.00
problem38 8.27 483280 5 -368944776 6.95334e-310 0.00
problem39 1.86 476385 5 -368944776 6.95334e-310 0.00
problem40 1.77 444417 5 -368944776 6.95334e-310 0.00
problem41 2.26 505663 5 -368944776 6.95334e-310 0.00
problem42 1.8 458817 5 -368944776 6.95334e-310 0.00
problem43 2.03 505496 5 -368944776 6.95334e-310 0.00
problem44 1.93 480103 5 -368944776 6.95334e-310 0.00
problem45 1.58 518422 5 -368944776 6.95334e-310 0.00
problem46 5.25 432883 5 -368944776 6.95334e-310 0.00
problem47 4.28 562062 5 -368944776 6.95334e-310 0.00
problem48 1.37 477625 5 -368944776 6.95334e-310 0.00
problem49 1.01 555394 5 -368944776 6.95334e-310 0.00
problem50 2.84 510948 5 -368944776 6.95334e-310 0.00
problem51 1.54 550853 5 -368944776 6.95334e-310 0.00
problem52 2.39 496031 5 -368944776 6.95334e-310 0.00
problem53 3.8 507694 5 -368944776 6.95334e-310 0.00
problem54 3.79 530880 5 -368944776 6.95334e-310 0.00
problem55 7.92 480401 5 -368944776 6.95334e-310 0.00
problem56 3.03 457841 5 -368944776 6.95334e-310 0.00
problem57 3.18 523119 5 -368944776 6.95334e-310 0.00
problem58 5.01 478001 5 -368944776 6.95334e-310 0.00
problem59 3.35 528541 5 -368944776 6.95334e-310 0.00
problem60 4.21 542253 5 -368944776 6.95334e-310 0.00
problem61 1.25 503707 5 -368944776 6.95334e-310 0.00
problem62 1.69 572472 5 -368944776 6.95334e-310 0.00
problem63 1.71 496276 5 -368944776 6.95334e-310 0.00
problem64 3.48 551635 5 -368944776 6.95334e-310 0.00
problem65 4.84 477106 5 -368944776 6.95334e-310 0.00
problem66 3.37 526548 5 -368944776 6.95334e-310 0.00
problem67 1.63 484981 5 -368944776 6.95334e-310 0.00
problem68 4.36 566885 5 -368944776 6.95334e-310 0.00
problem69 1.79 443656 5 -368944776 6.95334e-310 0.00
problem70 5.32 440240 5 -368944776 6.95334e-310 0.00
problem71 1.32 481345 5 -368944776 6.95334e-310 0.00
problem72 2.53 488673 5 -368944776 6.95334e-310 0.00
problem73 2.12 551156 5 -368944776 6.95334e-310 0.00
problem74 4.28 539169 5 -368944776 6.95334e-310 0.00
problem75 1.24 488440 5 -368944776 6.95334e-310 0.00
problem76 5.98 496199 5 -368944776 6.95334e-310 0.00
problem77 2.85 526880 5 -368944776 6.95334e-310 0.00
problem78 2.8 541053 5 -368944776 6.95334e-310 0.00
problem79 3.69 460185 5 -368944776 6.95334e-310 0.00
problem80 2.4 566595 5 -368944776 6.95334e-310 0.00
problem81 2 529548 5 -368944776 6.95334e-310 0.00
problem82 3.38 463983 5 -368944776 6.95334e-310 0.00
problem83 1.53 497957 5 -368944776 6.95334e-310 0.00
problem84 2.19 562303 5 -368944776 6.95334e-310 0.00
problem85 2.53 559502 5 -368944776 6.95334e-310 0.00
problem86 3.8 429813 5 -368944776 6.95334e-310 0.00
problem87 2.15 479217 5 -368944776 6.95334e-310 0.00
problem88 2.94 493222 5 -368944776 6.95334e-310 0.00
problem89 3.01 502394 5 -368944776 6.95334e-310 0.00
problem90 3.58 533095 5 -368944776 6.95334e-310 0.00
problem91 1.97 516264 5 -368944776 6.95334e-310 0.00
problem92 1.54 538551 5 -368944776 6.95334e-310 0.00
problem93 3.48 609787 5 -368944776 6.95334e-310 0.00
problem94 2.58 557080 5 -368944776 6.95334e-310 0.00
problem95 2.16 497481 5 -368944776 6.95334e-310 0.00
problem96 1.97 566195 5 -368944776 6.95334e-310 0.00
problem97 5.16 450578 5 -368944776 6.95334e-310 0.00
problem98 6.64 541705 5 -368944776 6.95334e-310 0.00
problem99 1.92 524245 5 -368944776 6.95334e-310 0.00
