problem0 0 29211770 1 0.00
problem1 0.90 29123672 1 3736.00
problem2 2.27 28671415 1 4380.00
problem3 0.70 28006449 1 4380.00
problem4 0.61 29556860 1 4380.00
problem5 0.47 31897074 1 4380.00
problem6 0.98 29032969 1 4380.00
problem7 1.22 28019163 1 4380.00
problem8 1.04 29610398 1 4380.00
problem9 0.83 27576876 1 4380.00
problem10 3.27 27533435 1 3676.00
problem11 0.62 30926629 1 4376.00
problem12 0.00 31609312 1 4376.00
problem13 0.58 30923526 1 4376.00
problem14 0.54 30952205 1 4376.00
problem15 1.75 30587407 1 4376.00
problem16 0.21 32490306 1 4376.00
problem17 0.56 31310464 1 4376.00
problem18 1.29 27988927 1 4376.00
problem19 0.57 29617305 1 4376.00
problem20 2.09 28215236 1 3676.00
problem21 0.00 27982490 1 3676.00
problem22 0.94 29240465 1 4376.00
problem23 1.03 28510403 1 4376.00
problem24 0.39 29630822 1 4376.00
problem25 0.66 31759700 1 4376.00
problem26 0.26 32728963 1 4376.00
problem27 0.30 30488717 1 4376.00
problem28 0.45 32191016 1 4376.00
problem29 0.00 28992686 1 4376.00
problem30 1.39 26130069 1 4376.00
problem31 2.08 28526071 1 4376.00
