problem0 1.24 123489188778476 1 3136.00
problem1 0.77 116752448916010 1 3408.00
problem2 1.12 117392716865272 1 3408.00
problem3 0.73 110219748890582 1 3408.00
problem4 1.13 109426038218820 1 3408.00
problem5 0.74 126564107200450 1 3408.00
problem6 1.15 123378468209104 1 3408.00
problem7 0.78 123948313003502 1 3408.00
problem8 1.33 122345753800604 1 3408.00
problem9 0.82 105577212034650 1 3408.00
problem10 1.31 115264594826664 1 3408.00
problem11 1.35 110938505370886 1 3408.00
problem12 0.69 111583299887092 1 3408.00
problem13 1.17 128652312620530 1 3408.00
problem14 0.78 120066926393984 1 3408.00
problem15 1.05 110012657237278 1 3408.00
problem16 0.92 118931504845132 1 3408.00
problem17 0.83 123783820170890 1 3408.00
problem18 1.23 121392911929432 1 3408.00
problem19 0.76 110280577517110 1 3408.00
problem20 1.26 107627769406372 1 3408.00
problem21 0.64 127195589089314 1 3408.00
problem22 0.46 129512492889904 1 3408.00
problem23 1.01 120673353652302 1 3408.00
problem24 0.68 132778058594044 1 3408.00
problem25 0.86 120126279307962 1 3408.00
problem26 0.96 118474237087496 1 3408.00
problem27 1.36 103135831577446 1 3408.00
problem28 0.99 96367630248788 1 3408.00
problem29 1.04 105869015148114 1 3408.00
problem30 1.01 107094555523040 1 3408.00
problem31 1.57 114818915194750 1 3408.00
problem32 0.52 131282877391020 1 3408.00
problem33 0.76 118334501532394 1 3408.00
problem34 1.21 104569818485176 1 3408.00
problem35 1.38 120880354935958 1 3408.00
problem36 1.11 119171679401732 1 3408.00
problem37 0.86 99972240906370 1 3408.00
problem38 0.68 114526065114256 1 3408.00
problem39 1.08 105259898337966 1 3408.00
problem40 0.91 121590162427484 1 3408.00
problem41 1.11 114924953466650 1 3408.00
problem42 0.41 125514064615528 1 3408.00
problem43 1.49 108712995445190 1 3408.00
problem44 1.53 124259903538868 1 3408.00
problem45 0.67 114520972046002 1 3408.00
problem46 0.87 123984504735040 1 3408.00
problem47 0.75 113933199491550 1 3408.00
problem48 0.69 126765327974412 1 3408.00
problem49 0.83 121751702576970 1 3408.00
problem50 0.83 137465658696472 1 3408.00
problem51 0.86 102488560243446 1 3408.00
problem52 1.42 112761089677924 1 3408.00
problem53 0.57 131553514498274 1 3408.00
problem54 1.36 124625736471024 1 3408.00
problem55 1.01 120389022559502 1 3408.00
problem56 1.03 124328382231996 1 3408.00
problem57 1.22 110305791617914 1 3408.00
problem58 0.60 129510352925128 1 3408.00
problem59 0.72 132202115985446 1 3408.00
problem60 0.61 138827447120404 1 3408.00
problem61 0.97 108795844921106 1 3408.00
problem62 0.71 116964842021536 1 3408.00
problem63 0.53 108014122286142 1 3408.00
problem64 0.34 108774424080236 1 3408.00
problem65 1.07 124944266763178 1 3408.00
problem66 0.66 118187837965432 1 3408.00
problem67 0.74 119305716035926 1 3408.00
problem68 0.62 118726263934404 1 3408.00
problem69 0.51 122517323237698 1 3408.00
problem70 0.59 121567794329424 1 3408.00
problem71 0.47 123328928051054 1 3408.00
problem72 1.10 118652069702940 1 3408.00
problem73 0.80 106552510640090 1 3408.00
problem74 0.92 87609966730024 1 3408.00
problem75 1.27 127397856908934 1 3408.00
problem76 0.86 111914109529460 1 3408.00
problem77 0.67 130110000787314 1 3408.00
problem78 0.39 121789611413504 1 3408.00
problem79 0.99 122958664418974 1 3408.00
problem80 1.22 112751088168652 1 3408.00
problem81 0.91 98441484838922 1 3408.00
problem82 1.27 107167285917144 1 3408.00
problem83 0.76 107567082659766 1 3408.00
problem84 1.15 118617978786084 1 3408.00
problem85 1.25 112154058881442 1 3408.00
problem86 0.96 132973527264432 1 3408.00
problem87 0.72 121750398616014 1 3408.00
problem88 0.85 112114152895612 1 3408.00
problem89 1.12 129692928492602 1 3408.00
problem90 1.00 111152921875592 1 3408.00
problem91 1.01 118054597577958 1 3408.00
problem92 1.46 109705447422164 1 3408.00
problem93 0.77 113482796427218 1 3408.00
problem94 1.09 115536691465568 1 3408.00
problem95 1.20 113170921971966 1 3408.00
problem96 0.98 105395895107116 1 3408.00
problem97 1.28 131094768698474 1 3408.00
problem98 1.46 113260495124280 1 3408.00
problem99 0.79 115536840777238 1 3408.00
