problem0 0 2177488 0
problem1 0 1894254 1
problem2 0 2336402 1
problem3 0 2051987 1
problem4 0 2047275 1
problem5 0 2046448 1
problem6 0 1913820 1
problem7 0 2231749 1
problem8 0 1853157 1
problem9 0 1708114 1
problem10 0 2214022 1
problem11 0 2077911 1
problem12 0 1716479 1
problem13 0 2190484 1
problem14 0 1978000 1
problem15 0 1963721 1
problem16 0 2110841 1
problem17 0 2109622 1
problem18 0 2068474 1
problem19 0 1861019 1
problem20 0 2027091 1
problem21 0 1973944 1
problem22 0 2258628 1
problem23 0 1733453 1
problem24 0 1987981 1
problem25 0 1890458 1
problem26 0 2084078 1
problem27 0 2388447 1
problem28 0 2344231 1
problem29 0 1957980 1
problem30 0 2022520 1
problem31 0 2200401 1
problem32 0 2029345 1
problem33 0 2004990 1
problem34 0 2183010 1
problem35 0 1894819 1
problem36 0 2033019 1
problem37 0 2113920 1
problem38 0 2109356 1
problem39 0 2057941 1
problem40 0 1927732 0
problem41 0 2096866 1
problem42 0 2025302 1
problem43 0 2284775 1
problem44 0 1900367 1
problem45 0 2019876 1
problem46 0 2048096 1
problem47 0 1899993 1
problem48 0 2031305 1
problem49 0 2268486 1
problem50 0 1991882 1
problem51 0 1858475 1
problem52 0 1835683 1
problem53 0 1909320 1
problem54 0 1957524 1
problem55 0 2254941 1
problem56 0 1967325 1
problem57 0 2032426 1
problem58 0 2201534 1
problem59 0 2061807 1
problem60 0 1990519 1
problem61 0 1884652 1
problem62 0 2021960 1
problem63 0 2340449 1
problem64 0 2215025 1
problem65 0 1753230 1
problem66 0 2117682 1
problem67 0 2177971 1
problem68 0 2188747 1
problem69 0 1917200 1
problem70 0 2098043 0
problem71 0 2095077 1
problem72 0 1942917 1
problem73 0 1992050 1
problem74 0 1924646 1
problem75 0 2079991 1
problem76 0 2057631 1
problem77 0 2174900 1
problem78 0 1976880 1
problem79 0 2178281 1
problem80 0 1892376 0
problem81 0 2130390 1
problem82 0 2068890 1
problem83 0 2034107 1
problem84 0 1945331 1
problem85 0 1973720 1
problem86 0 1973859 0
problem87 0 2200941 1
problem88 0 2018349 1
problem89 0 2074042 1
problem90 0 2407053 0
problem91 0 1978879 1
problem92 0 2200006 0
problem93 0 2071420 1
problem94 0 2142232 1
problem95 0 1970545 1
problem96 0 2013633 1
problem97 0 2122014 1
problem98 0 2271489 0
problem99 0 1983939 1
