problem0 0 68485097 1
problem1 0 65559063 1
problem2 0 69546229 1
problem3 0 79477763 1
problem4 0 70860481 1
problem5 0 76474543 1
problem6 0 69711181 1
problem7 0 65162267 1
problem8 0 60547225 1
problem9 0.01 71111239 1
problem10 0 65129637 1
problem11 0 74721075 1
problem12 0 70403441 1
problem13 0.01 68630239 1
problem14 0 69129981 1
problem15 0 71085387 1
problem16 0 75353417 1
problem17 0 72201847 1
problem18 0 58078293 1
problem19 0 72498787 1
problem20 0.01 80468001 1
problem21 0.01 73199887 1
problem22 0 65750189 1
problem23 0 66534011 1
problem24 0 62244345 1
problem25 0 70076071 1
problem26 0 63793157 1
problem27 0.01 75104659 1
problem28 0 75560657 1
problem29 0 66262847 1
problem30 0 68681309 1
problem31 0.01 74773419 1
problem32 0 54446761 1
problem33 0 78562007 1
problem34 0 70412213 1
problem35 0.01 68055235 1
problem36 0 67936641 1
problem37 0.01 67938671 1
problem38 0 63964173 1
problem39 0 70834395 1
problem40 0 74701657 1
problem41 0 71641863 1
problem42 0 70267749 1
problem43 0.01 72518643 1
problem44 0 71948337 1
problem45 0 68986783 1
problem46 0.01 77485501 1
problem47 0 61205003 1
problem48 0 68155401 1
problem49 0 73629495 1
problem50 0.02 72469269 1
problem51 0.01 71914275 1
problem52 0 76782305 1
problem53 0 74846671 1
problem54 0 63828845 1
problem55 0 73344827 1
problem56 0.01 70131897 1
problem57 0.01 75284327 1
problem58 0 67251909 1
problem59 0 68535891 1
problem60 0 69527953 1
problem61 0 69986303 1
problem62 0 74046749 1
problem63 0.01 69701739 1
problem64 0 74012009 1
problem65 0 73657239 1
problem66 0 72113781 1
problem67 0 62580099 1
problem68 0 62440513 1
problem69 0 68233775 1
problem70 0.01 73208525 1
problem71 0 69346715 1
problem72 0 73176601 1
problem73 0 74187719 1
problem74 0 66804261 1
problem75 0 68923571 1
problem76 0 63580913 1
problem77 0.01 70834271 1
problem78 0 66229373 1
problem79 0 61990603 1
problem80 0 67297993 1
problem81 0 67635191 1
problem82 0 62530005 1
problem83 0 58402787 1
problem84 0 85204385 1
problem85 0 60158607 1
problem86 0 72704557 1
problem87 0.01 72995835 1
problem88 0 70728569 1
problem89 0 72022055 1
problem90 0 62109061 1
problem91 0 66865939 1
problem92 0.01 64068689 1
problem93 0 75200703 1
problem94 0 68189149 1
problem95 0.01 69004587 1
problem96 0 68460585 1
problem97 0 65524823 1
problem98 0 64165173 1
problem99 0 67246659 1
