problem0 0.1 376022804514825 5 -451222104 6.95333e-310 0.00
problem1 0.17 496867077779930 5 -451222104 6.95333e-310 0.00
problem2 0.12 598762909398099 5 -451222104 6.95333e-310 0.00
problem3 0.18 525886762844963 5 -451222104 6.95333e-310 0.00
problem4 0.18 502133792562200 5 -451222104 6.95333e-310 0.00
problem5 0.17 552104138929220 5 -451222104 6.95333e-310 0.00
problem6 0.14 644081144632075 5 -451222104 6.95333e-310 0.00
problem7 0.14 595947886334880 5 -451222104 6.95333e-310 0.00
problem8 0.18 481352317276246 5 -451222104 6.95333e-310 0.00
problem9 0.21 526495726418446 5 -451222104 6.95333e-310 0.00
problem10 0.16 528447727637447 5 -451222104 6.95333e-310 0.00
problem11 0.15 481218069190182 5 -451222104 6.95333e-310 0.00
problem12 0.18 501783342121287 5 -451222104 6.95333e-310 0.00
problem13 0.19 479087251625613 5 -451222104 6.95333e-310 0.00
problem14 0.16 437912013566893 5 -451222104 6.95333e-310 0.00
problem15 0.17 538752284542893 5 -451222104 6.95333e-310 0.00
problem16 0.17 555920351104338 5 -451222104 6.95333e-310 0.00
problem17 0.2 524682805691978 5 -451222104 6.95333e-310 0.00
problem18 0.17 683681261287010 5 -451222104 6.95333e-310 0.00
problem19 0.22 563246324283018 5 -451222104 6.95333e-310 0.00
problem20 0.18 407127116046177 5 -451222104 6.95333e-310 0.00
problem21 0.18 420026598895141 5 -451222104 6.95333e-310 0.00
problem22 0.1 562674803972507 5 -451222104 6.95333e-310 0.00
problem23 0.2 505462060491913 5 -451222104 6.95333e-310 0.00
problem24 0.17 481138824175167 5 -451222104 6.95333e-310 0.00
problem25 0.15 505850545508785 5 -451222104 6.95333e-310 0.00
problem26 0.2 494557670619673 5 -451222104 6.95333e-310 0.00
problem27 0.17 505103465664007 5 -451222104 6.95333e-310 0.00
problem28 0.22 516893172996977 5 -451222104 6.95333e-310 0.00
problem29 0.17 520510840920033 5 -451222104 6.95333e-310 0.00
problem30 0.23 497911393294999 5 -451222104 6.95333e-310 0.00
problem31 0.17 597347748203825 5 -451222104 6.95333e-310 0.00
problem32 0.19 553894405068090 5 -451222104 6.95333e-310 0.00
problem33 0.2 468445944667011 5 -451222104 6.95333e-310 0.00
problem34 0.16 525532777466084 5 -451222104 6.95333e-310 0.00
problem35 0.17 647685397484246 5 -451222104 6.95333e-310 0.00
problem36 0.19 544047806977480 5 -451222104 6.95333e-310 0.00
problem37 0.17 450495607558201 5 -451222104 6.95333e-310 0.00
problem38 0.18 624652340021265 5 -451222104 6.95333e-310 0.00
problem39 0.2 492763581644280 5 -451222104 6.95333e-310 0.00
problem40 0.13 520408591152672 5 -451222104 6.95333e-310 0.00
problem41 0.19 440809689617527 5 -451222104 6.95333e-310 0.00
problem42 0.12 559552069790986 5 -451222104 6.95333e-310 0.00
problem43 0.21 478488912701010 5 -451222104 6.95333e-310 0.00
problem44 0.19 466801066773077 5 -451222104 6.95333e-310 0.00
problem45 0.2 497901952235931 5 -451222104 6.95333e-310 0.00
problem46 0.18 488487724611062 5 -451222104 6.95333e-310 0.00
problem47 0.22 521631592097137 5 -451222104 6.95333e-310 0.00
problem48 0.17 445400053474495 5 -451222104 6.95333e-310 0.00
problem49 0.14 481850011772904 5 -451222104 6.95333e-310 0.00
problem50 0.17 470062266152118 5 -451222104 6.95333e-310 0.00
problem51 0.14 540875461603059 5 -451222104 6.95333e-310 0.00
problem52 0.17 476855039972888 5 -451222104 6.95333e-310 0.00
problem53 0.2 522427084505175 5 -451222104 6.95333e-310 0.00
problem54 0.16 578569674884010 5 -451222104 6.95333e-310 0.00
problem55 0.18 507137510809694 5 -451222104 6.95333e-310 0.00
problem56 0.2 497867542082767 5 -451222104 6.95333e-310 0.00
problem57 0.21 523712189883092 5 -451222104 6.95333e-310 0.00
problem58 0.18 451723945138919 5 -451222104 6.95333e-310 0.00
problem59 0.11 487093672228310 5 -451222104 6.95333e-310 0.00
problem60 0.18 500307650815298 5 -451222104 6.95333e-310 0.00
problem61 0.18 483683682531376 5 -451222104 6.95333e-310 0.00
problem62 0.19 542232696836141 5 -451222104 6.95333e-310 0.00
problem63 0.15 577517709990880 5 -451222104 6.95333e-310 0.00
problem64 0.22 455808464190639 5 -451222104 6.95333e-310 0.00
problem65 0.18 594854713319454 5 -451222104 6.95333e-310 0.00
problem66 0.17 530007779233758 5 -451222104 6.95333e-310 0.00
problem67 0.16 573790652397024 5 -451222104 6.95333e-310 0.00
problem68 0.18 365374977952876 5 -451222104 6.95333e-310 0.00
problem69 0.19 562138944286965 5 -451222104 6.95333e-310 0.00
problem70 0.18 482070900529795 5 -451222104 6.95333e-310 0.00
problem71 0.13 491566541426158 5 -451222104 6.95333e-310 0.00
problem72 0.1 640996181594125 5 -451222104 6.95333e-310 0.00
problem73 0.15 560757585329092 5 -451222104 6.95333e-310 0.00
problem74 0.18 637107492688868 5 -451222104 6.95333e-310 0.00
problem75 0.11 363485606136848 5 -451222104 6.95333e-310 0.00
problem76 0.2 400848854244409 5 -451222104 6.95333e-310 0.00
problem77 0.1 574185329147757 5 -451222104 6.95333e-310 0.00
problem78 0.16 542874078560471 5 -451222104 6.95333e-310 0.00
problem79 0.11 552254446821055 5 -451222104 6.95333e-310 0.00
problem80 0.18 506856154950935 5 -451222104 6.95333e-310 0.00
problem81 0.11 402333114762661 5 -451222104 6.95333e-310 0.00
problem82 0.18 550028184046649 5 -451222104 6.95333e-310 0.00
problem83 0.18 451836313234474 5 -451222104 6.95333e-310 0.00
problem84 0.18 512421389111123 5 -451222104 6.95333e-310 0.00
problem85 0.17 465369065684203 5 -451222104 6.95333e-310 0.00
problem86 0.15 496559917246461 5 -451222104 6.95333e-310 0.00
problem87 0.17 421482248256716 5 -451222104 6.95333e-310 0.00
problem88 0.16 449665850722028 5 -451222104 6.95333e-310 0.00
problem89 0.16 438458058161749 5 -451222104 6.95333e-310 0.00
problem90 0.22 498546735035409 5 -451222104 6.95333e-310 0.00
problem91 0.17 620074059148623 5 -451222104 6.95333e-310 0.00
problem92 0.17 494638828432097 5 -451222104 6.95333e-310 0.00
problem93 0.18 526012325248664 5 -451222104 6.95333e-310 0.00
problem94 0.17 591341494501220 5 -451222104 6.95333e-310 0.00
problem95 0.19 600879057695687 5 -451222104 6.95333e-310 0.00
problem96 0.19 501935924229853 5 -451222104 6.95333e-310 0.00
problem97 0.18 542501305067798 5 -451222104 6.95333e-310 0.00
problem98 0.19 559407505208780 5 -451222104 6.95333e-310 0.00
problem99 0.18 581032720952580 5 -451222104 6.95333e-310 0.00
