problem0 1.12 1891584798824925 70 1 1.12 8036.00
problem1 0.44 1774404052677235 49 1 0.43 6240.00
problem2 0.88 1828512040114545 85 2 0.87 6240.00
problem3 0.44 1911324478118780 26 1 0.44 6240.00
problem4 0.45 2236705400730103 32 1 0.45 6240.00
problem5 0.94 2154350592931437 92 2 0.93 6240.00
problem6 0.49 2027732802317367 53 1 0.49 6240.00
problem7 0.49 2144047589012397 24 1 0.49 6240.00
problem8 0.96 1794440631796728 117 2 0.95 6240.00
problem9 0.97 1816671570480595 156 2 0.97 6240.00
problem10 0.96 1950798529279909 165 2 0.96 6240.00
problem11 2.79 1865043262513980 69 1 0.46 6244.00
problem12 0.48 1984375009662239 39 1 0.48 6244.00
problem13 0.48 2325770985194609 95 1 0.47 6244.00
problem14 0.48 1859614295642181 41 1 0.47 6244.00
problem15 0.46 1888663933760668 86 1 0.46 6244.00
problem16 0.49 1948923684742922 92 1 0.49 6244.00
problem17 0.48 2142999026240762 16 1 0.48 6244.00
problem18 0.48 2018840422657556 81 1 0.48 6244.00
problem19 0.49 2369012564324926 18 1 0.49 6244.00
problem20 0.49 1999742944609532 65 1 0.49 6244.00
problem21 0.48 1789080841033056 84 1 0.47 6244.00
problem22 0.49 1676063951939248 57 1 0.49 6244.00
problem23 0.47 1773248548033522 47 1 0.47 6244.00
problem24 0.47 1865186981510045 72 1 0.47 6244.00
problem25 0.47 2006862252657952 68 1 0.47 6244.00
problem26 0.49 2230899449252167 90 1 0.49 6244.00
problem27 0.47 1903964706997079 79 1 0.47 6244.00
problem28 0.48 1711740645181415 52 1 0.48 6244.00
problem29 0.91 1553739834771569 248 2 0.91 6244.00
problem30 0.49 2229061636833136 58 1 0.48 6244.00
problem31 0.51 2365649737354899 106 1 0.51 6244.00
problem32 0.48 2117790373746951 69 1 0.48 6244.00
problem33 0.49 2143095404626182 117 1 0.48 6244.00
problem34 0.51 1974204093579018 55 1 0.51 6244.00
problem35 0.46 1915303376789432 70 1 0.46 6244.00
problem36 0.49 2075001901372194 35 1 0.48 6244.00
problem37 0.48 1961081778560769 117 1 0.48 6244.00
problem38 0.5 1915907880731147 64 1 0.5 6244.00
problem39 0.48 1970302181670789 66 1 0.48 6244.00
problem40 0.48 1884946466243305 114 1 0.48 6244.00
problem41 0.5 2210463714085303 29 1 0.5 6244.00
problem42 0.48 1974582419507688 57 1 0.48 6244.00
problem43 0.47 2033265571468926 138 1 0.47 6244.00
problem44 0.5 2116975225654338 50 1 0.49 6244.00
problem45 0.5 1865208237288364 27 1 0.5 6244.00
problem46 0.48 1696984554538817 136 1 0.48 6244.00
problem47 0.49 1808590334534177 115 1 0.49 6244.00
problem48 0.48 2482813516887882 45 1 0.48 6244.00
problem49 0.48 1794785160973030 77 1 0.48 6244.00
problem50 0.48 1945313390792189 24 1 0.48 6244.00
problem51 0.49 2068476330079294 87 1 0.49 6244.00
problem52 3.62 2059830770394905 69 1 0.5 6244.00
problem53 0.48 1775467902826305 145 1 0.48 6244.00
problem54 0.48 2076916256307344 36 1 0.47 6244.00
problem55 0.48 2031572899347311 49 1 0.48 6244.00
problem56 0.5 1872611667933334 78 1 0.5 6244.00
problem57 0.49 1765557568704942 30 1 0.48 6244.00
problem58 0.49 2092873767037811 171 1 0.49 6244.00
problem59 0.48 1704987513095925 20 1 0.47 6244.00
problem60 0.49 2122458984674621 30 1 0.49 6244.00
problem61 0.49 1817352399083775 27 1 0.48 6244.00
problem62 0.49 2139538441527934 94 1 0.49 6244.00
problem63 0.49 1920266329425437 130 1 0.49 6244.00
problem64 0.5 2157861947703910 55 1 0.5 6244.00
problem65 0.49 1890917119571295 9 1 0.49 6244.00
problem66 0.48 1992293033900304 57 1 0.48 6244.00
problem67 0.49 1873165890886157 62 1 0.48 6244.00
problem68 0.48 1985447491983246 125 1 0.47 6244.00
problem69 0.47 2074160733036029 90 1 0.47 6244.00
problem70 0.5 1864612034212349 121 1 0.49 6244.00
problem71 0.48 1827512063809407 112 1 0.48 6244.00
problem72 0.47 1932900436200962 73 1 0.47 6244.00
problem73 0.49 2185823513689689 119 1 0.49 6244.00
problem74 0.49 1902803436925651 51 1 0.48 6244.00
problem75 0.5 2001616214245027 45 1 0.5 6244.00
problem76 0.49 2090923741001053 23 1 0.49 6244.00
problem77 0.48 1925321712607428 147 1 0.47 6244.00
problem78 0.5 2153286714482665 38 1 0.5 6244.00
problem79 0.49 2128009900830138 79 1 0.49 6244.00
problem80 0.48 1646786788881221 114 1 0.47 6244.00
problem81 0.5 2248114063307473 105 1 0.49 6244.00
problem82 0.5 2173764927476699 150 1 0.49 6244.00
problem83 0.49 1820837880325036 78 1 0.49 6244.00
problem84 0.49 2088662383140387 52 1 0.49 6244.00
problem85 0.49 1903937576380219 21 1 0.49 6244.00
problem86 0.48 1907705461287423 56 1 0.48 6244.00
problem87 0.49 2010213806556633 102 1 0.49 6244.00
problem88 0.49 2084049405969751 103 1 0.49 6244.00
problem89 0.5 2208114992792422 79 1 0.5 6244.00
problem90 0.5 2020252745923100 63 1 0.5 6244.00
problem91 0.49 1735098683323632 77 1 0.49 6244.00
problem92 0.49 1938101550484037 64 1 0.48 6244.00
problem93 0.47 1734500658241359 32 1 0.47 6244.00
problem94 0.48 2330711738649614 112 1 0.48 6244.00
problem95 0.49 1946082933786116 98 1 0.48 6244.00
problem96 0.49 2184349146318119 123 1 0.49 6244.00
problem97 0.49 2036296314440889 105 1 0.48 6244.00
problem98 0.48 1988119891901276 77 1 0.48 6244.00
problem99 0.5 2095611818495652 75 1 0.5 6244.00
