problem0 0.68 222305 1239 1 0.68 8036.00
problem1 0.29 259275 1246 2 0.27 8644.00
problem2 0.56 279485 3739 3 0.52 14200.00
problem3 0.57 235661 3742 2 0.54 14200.00
problem4 0.51 258848 3745 2 0.46 16020.00
problem5 0.48 246092 3751 2 0.46 11956.00
problem6 0.16 295795 1 1 0.15 11956.00
problem7 0.47 269601 3752 2 0.41 12156.00
problem8 0.58 295326 3753 2 0.54 14744.00
problem9 0.59 273549 3755 2 0.53 18456.00
problem10 1.19 235141 11266 3 1.08 28880.00
problem11 0.47 234919 686 1 0.43 9572.00
problem12 0.41 232820 2 1 0.39 11844.00
problem13 0.37 305804 198 1 0.37 12660.00
problem14 0.31 245998 1 1 0.29 12660.00
problem15 0.4 284194 1 1 0.37 12660.00
problem16 0.39 257496 1 1 0.38 12660.00
problem17 0.41 238208 339 1 0.41 12660.00
problem18 0.41 250751 2 1 0.39 12660.00
problem19 0.35 239042 738 1 0.35 12660.00
problem20 0.4 237666 310 1 0.39 12660.00
problem21 0.45 264296 1 1 0.42 12660.00
problem22 0.41 286467 1 1 0.4 12660.00
problem23 0.44 258595 508 1 0.41 12660.00
problem24 0.36 300512 1 1 0.33 12660.00
problem25 0.41 259752 393 1 0.41 12660.00
problem26 0.48 242759 1 1 0.45 15412.00
problem27 0.4 262775 369 1 0.38 9028.00
problem28 0.41 242257 9174 1 0.39 9180.00
problem29 0.38 267382 40 1 0.36 9852.00
problem30 0.47 241892 1117 1 0.43 9852.00
problem31 0.43 233765 1 1 0.39 12208.00
problem32 0.36 262171 149 1 0.33 12208.00
problem33 0.31 234960 2268 1 0.3 12208.00
problem34 0.52 232463 8448 1 0.5 12208.00
problem35 0.4 242220 59 1 0.37 12208.00
problem36 0.36 267890 402 1 0.35 12208.00
problem37 0.39 238059 4 1 0.37 12208.00
problem38 0.47 212217 32 1 0.43 12208.00
problem39 0.25 237555 818 1 0.22 12208.00
problem40 0.41 281737 421 1 0.4 12208.00
problem41 0.45 257221 367 1 0.42 12208.00
problem42 0.44 254269 164 1 0.41 12208.00
problem43 0.41 244551 353 1 0.4 12208.00
problem44 0.35 283437 227 1 0.35 12208.00
problem45 0.35 243500 858 1 0.35 12208.00
problem46 0.49 244955 6 1 0.45 14460.00
problem47 0.41 245390 884 1 0.41 9864.00
problem48 0.38 236331 3564 1 0.37 9864.00
problem49 0.48 262637 806 1 0.45 10196.00
problem50 0.41 250834 1 1 0.38 10336.00
problem51 0.37 271407 158 1 0.36 10336.00
problem52 0.38 283983 27 1 0.37 10336.00
problem53 1.12 232917 11276 2 1.03 26640.00
problem54 0.4 282761 51 1 0.37 26640.00
problem55 0.41 232694 1155 1 0.41 10044.00
problem56 0.35 265216 1 1 0.34 10044.00
problem57 0.45 265954 29 1 0.44 10364.00
problem58 0.41 243456 346 1 0.39 10364.00
problem59 1.36 206463 11277 2 1.19 39784.00
problem60 0.46 290826 115 1 0.45 9468.00
problem61 1.34 221053 11358 2 1.24 27344.00
problem62 0.44 242078 5 1 0.4 27348.00
problem63 0.52 266642 3 1 0.49 27348.00
problem64 0.35 297941 1 1 0.34 27348.00
problem65 0.43 281917 133 1 0.42 27348.00
problem66 0.43 305864 157 1 0.41 27348.00
problem67 0.43 234854 2 1 0.4 27348.00
problem68 0.48 246623 184 1 0.44 9888.00
problem69 0.39 275083 1 1 0.38 9936.00
problem70 0.45 235955 3 1 0.41 14100.00
problem71 0.36 283334 421 1 0.36 14100.00
problem72 0.4 277161 497 1 0.4 14100.00
problem73 0.47 246629 838 1 0.43 14100.00
problem74 0.47 223427 1529 1 0.46 14100.00
problem75 0.35 214042 629 1 0.35 14100.00
problem76 0.41 277530 142 1 0.4 14100.00
problem77 0.39 252467 3 1 0.37 14100.00
problem78 0.41 259476 320 1 0.39 14100.00
problem79 1.37 205769 11359 2 1.28 28224.00
problem80 1.3 197964 11362 2 1.17 38720.00
problem81 0.47 240372 1 1 0.42 38720.00
problem82 0.45 253375 2 1 0.43 10396.00
problem83 0.44 250524 79 1 0.41 10700.00
problem84 0.39 273775 30 1 0.37 10700.00
problem85 0.33 285915 1 1 0.32 10700.00
problem86 0.4 268406 1 1 0.38 10700.00
problem87 0.39 284618 1 1 0.37 10700.00
problem88 0.48 238931 1077 1 0.48 10700.00
problem89 0.34 290997 200 1 0.33 10700.00
problem90 0.49 259719 7 1 0.45 15132.00
problem91 0.45 241079 417 1 0.42 15132.00
problem92 0.37 269764 3 1 0.36 15132.00
problem93 0.43 245993 447 1 0.39 15132.00
problem94 0.34 270935 480 1 0.34 15132.00
problem95 0.4 259378 1 1 0.38 15132.00
problem96 0.4 277185 441 1 0.4 15132.00
problem97 0.38 255965 65 1 0.37 15132.00
problem98 0.47 237544 142 1 0.45 15132.00
problem99 0.37 252882 547 1 0.36 15132.00
