problem0 0.59 613881256417823 1048 1 0.31
problem1 0.52 674538659996650 844 1 0.07
problem2 0.17 663085596987179 643 1 0.1
problem3 1.12 575002811615392 4471 3 0.69
problem4 0.47 624075227363065 1827 1 0.21
problem5 0.58 699123281461420 568 1 0.14
problem6 0.83 654552974509733 1074 1 0.17
problem7 0.46 579148420343531 3016 1 0.25
problem8 1.24 574220939041464 4816 2 0.83
problem9 0.42 578773270612346 2351 1 0.24
problem10 0.56 598083232090064 4548 1 0.35
problem11 0.28 660529297934360 502 1 0.15
problem12 0.55 613003697750778 1807 1 0.19
problem13 0.98 577841575709079 2126 1 0.18
problem14 0.33 707470320197553 682 1 0.16
problem15 1.55 424402329160937 13352 2 1.04
problem16 0.89 607414297058534 3372 1 0.51
problem17 1.12 622897879687721 2141 1 0.48
problem18 1.26 631959982682853 2901 1 0.44
problem19 0.41 692943541760417 437 1 0.27
problem20 0.99 621905764685691 2714 1 0.53
problem21 0.79 643970115419587 697 1 0.32
problem22 0.92 667782623668492 2334 1 0.51
problem23 0.62 644587052473684 709 1 0.39
problem24 0.62 620930581121989 1503 1 0.43
problem25 1.2 554846495671273 10403 1 0.75
problem26 1.3 486331499358294 5645 1 0.7
problem27 0.95 531415982861085 5956 1 0.69
problem28 1.04 604518661976545 2281 1 0.43
problem29 1.49 582866889352858 4865 1 0.48
problem30 0.53 684131053602338 1187 1 0.46
problem31 0.67 622252182214177 1535 1 0.39
problem32 0.89 585422672637998 2659 1 0.49
problem33 0.76 603636038374207 3249 1 0.48
problem34 0.85 638215172721232 3714 1 0.47
problem35 0.83 642252663236271 1383 1 0.36
problem36 0.61 632725860815765 897 1 0.36
problem37 0.68 598590823146201 1131 1 0.39
problem38 0.63 702502608836016 739 1 0.3
problem39 1.27 658666901367129 2021 1 0.38
problem40 0.63 727889938023916 922 1 0.32
problem41 1.03 693359572524972 2508 1 0.41
problem42 0.7 736836508807699 678 1 0.31
problem43 1.06 618583531637537 3734 1 0.5
problem44 0.58 658124043554492 737 1 0.33
problem45 0.94 615151667642704 2415 1 0.5
problem46 0.61 668004487378832 783 1 0.33
problem47 1.41 614245581268231 2865 1 0.44
problem48 0.56 565978972687776 1659 1 0.46
problem49 0.68 630416683445696 2027 1 0.43
problem50 1.02 675806999347402 1019 1 0.37
problem51 1.91 601519191104472 5837 1 0.53
problem52 0.73 634555191755728 1357 1 0.4
problem53 0.47 732138434331812 908 1 0.31
problem54 1.36 595421548313672 4385 1 0.61
problem55 1.12 634103943513266 2419 1 0.39
problem56 0.76 639745085374274 1484 1 0.42
problem57 0.91 645086374007438 1621 1 0.41
problem58 0.75 604742611154614 4167 1 0.52
problem59 1.33 535969882836698 6087 1 0.53
problem60 0.93 551528898800376 3061 1 0.54
problem61 2.96 627368325075490 3793 1 0.47
problem62 1.06 564221710895583 4765 1 0.48
problem63 1.26 609166681778993 7148 1 0.65
problem64 0.81 691716600884443 1324 1 0.38
problem65 0.79 710460235684165 1077 1 0.33
problem66 0.74 640575056629875 2653 1 0.42
problem67 0.95 582943198432062 2070 1 0.45
problem68 1.03 631582072450905 1718 1 0.4
problem69 0.77 664374073328156 2949 1 0.48
problem70 0.71 638645285283741 2323 1 0.5
problem71 0.97 680915654850685 1794 1 0.38
problem72 1.08 572687924698810 3000 1 0.44
problem73 0.5 609863474925047 902 1 0.33
problem74 0.43 616185361077297 653 1 0.32
problem75 0.64 633117835687285 1569 1 0.37
problem76 0.44 650224487005501 346 1 0.31
problem77 0.66 623897151639291 1824 1 0.4
problem78 0.71 599892537235883 1723 1 0.44
problem79 0.83 594230038140237 4258 1 0.62
problem80 0.67 579595691117791 1484 1 0.4
problem81 0.83 555098265095522 6185 1 0.55
problem82 0.74 626548485069749 2134 1 0.42
problem83 0.93 667132691711007 1209 1 0.38
problem84 0.49 686682887724884 411 1 0.31
problem85 0.49 731346028630778 680 1 0.34
problem86 0.77 672659613378144 1038 1 0.35
problem87 0.55 685160254048544 1320 1 0.4
problem88 0.98 662738143529038 1335 1 0.36
problem89 0.53 610724011884815 1184 1 0.46
problem90 0.86 598703416147275 2517 1 0.47
problem91 1.28 639588532708492 3027 1 0.45
problem92 0.71 659263079811796 1978 1 0.43
problem93 0.54 674063401042238 982 1 0.4
problem94 0.67 628371777241660 2245 1 0.46
problem95 0.71 590745057324730 2206 1 0.44
problem96 0.56 697576167528796 519 1 0.3
problem97 1.19 585040150434889 4375 1 0.47
problem98 1.01 546756542612704 5377 1 0.6
problem99 0.68 646635231475253 1014 1 0.37
