problem0 0.06 1050648674021795 0
problem1 0.04 1018835503411351 0
problem2 0.06 849046710171529 0
problem3 0.05 855777573435380 0
problem4 0.09 1157968415235349 0
problem5 0.04 903600495331629 0
problem6 0.07 936481185764242 0
problem7 0.05 1018350173082197 0
problem8 0.06 1056957839509564 0
problem9 0.05 968356205063613 0
problem10 0.06 944965570589806 0
problem11 0.06 1010400685588257 0
problem12 0.04 815446303594867 0
problem13 0.12 1263958071102677 0
problem14 0.09 792915969130186 0
problem15 0.02 849409971789682 0
problem16 0.05 940702759520508 0
problem17 0.09 984854572783424 0
problem18 0.05 999914809584305 0
problem19 0.06 1151380451415265 0
problem20 0.08 996730608518360 0
problem21 0.04 896404686602359 0
problem22 0.06 1009628641544224 0
problem23 0.08 995197398930978 0
problem24 0.07 992366259820261 0
problem25 0.04 989799390271639 0
problem26 0.04 968525344864538 0
problem27 0.05 935487914594985 0
problem28 0.05 752907666046643 0
problem29 0.03 927028352187574 0
problem30 0.05 836111032255555 0
problem31 0.07 852757244911285 0
problem32 0.03 1002617376020848 0
problem33 0.06 1057077232575209 0
problem34 0.04 905874637908490 0
problem35 0.05 906931163831032 0
problem36 0.06 1018982628232742 0
problem37 0.06 869747529104122 0
problem38 0.06 990360296780532 0
problem39 0.08 982952455626817 0
problem40 0.03 948939167765754 0
problem41 0.03 831058752297142 0
problem42 0.04 871811958886009 0
problem43 0.05 913216729051373 0
problem44 0.05 1114666533797744 0
problem45 0.05 1018556401177043 0
problem46 0.03 1101397594796687 0
problem47 0.06 1017251710293212 0
problem48 0.09 1121505633425317 0
problem49 0.04 1022741937263481 0
problem50 0.06 907851541208649 0
problem51 0.05 950931736452106 0
problem52 0.04 947230659449740 0
problem53 0.05 1006872585709234 0
problem54 0.03 1024266923202876 0
problem55 0.1 1120337542371893 0
problem56 0.07 843882744136759 0
problem57 0.07 1002629127782276 0
problem58 0.07 1016264613472782 0
problem59 0.05 993378274703467 0
problem60 0.06 1175866357048387 0
problem61 0.06 1078280500215348 0
problem62 0.05 960964156945719 0
problem63 0.05 1027191908336750 0
problem64 0.05 995840688473802 0
problem65 0.05 864218242964692 0
problem66 0.04 1071001803344199 0
problem67 0.06 996328675664018 0
problem68 0.03 985706559627549 0
problem69 0.07 1072489601225070 0
problem70 0.06 950246468752176 0
problem71 0.05 806414913250657 0
problem72 0.01 768128142695574 0
problem73 0.05 921233944216202 0
problem74 0.06 1082658247403078 0
problem75 0.06 1011532878644427 0
problem76 0.04 930595919906606 0
problem77 0.07 926419603917858 0
problem78 0.04 1063328241668925 0
problem79 0.03 957239544986290 0
problem80 0.04 963738729528725 0
problem81 0.09 1171873412538342 0
problem82 0.04 973056559194476 0
problem83 0.07 985765529675655 0
problem84 0.04 922616621935343 0
problem85 0.05 1001562949889516 0
problem86 0.04 1038826017906491 0
problem87 0.04 995817421584001 0
problem88 0.02 897820823783476 0
problem89 0.09 870804235927070 0
problem90 0.03 985347448175064 0
problem91 0.06 1019468838272077 0
problem92 0.04 897825497436789 0
problem93 0.05 900618143659995 0
problem94 0.07 905064908681337 0
problem95 0.05 893637686839580 0
problem96 0.05 929285882930437 0
problem97 0.05 812558029182915 0
problem98 0.03 970409514643305 0
problem99 0.08 959091612311239 0
