problem0 0 9367838697 1 2228.00
problem1 0.00 8621392614 1 2284.00
problem2 0.00 9596840234 1 2284.00
problem3 0.00 7425258251 1 2284.00
problem4 0.01 8209426245 0 2284.00
problem5 0.00 7638810728 1 2284.00
problem6 0.00 8755200116 1 2284.00
problem7 0.01 8694702656 0 2284.00
problem8 0.00 7853318400 0 2284.00
problem9 0.00 7959113162 1 2284.00
problem10 0.01 9228929824 0 2284.00
problem11 0.00 8708089426 0 2284.00
problem12 0.01 8724342553 0 2284.00
problem13 0.00 8744783119 0 2284.00
problem14 0.01 7598248744 1 2284.00
problem15 0.00 8785457473 1 2284.00
problem16 0.00 8185639828 0 2284.00
problem17 0.01 9477062707 0 2284.00
problem18 0.00 7586497170 1 2284.00
problem19 0.00 9007748371 1 2284.00
problem20 0.01 8547295339 1 2284.00
problem21 0.00 8538409266 0 2284.00
problem22 0.00 8740365148 1 2284.00
problem23 0.01 7364445130 0 2284.00
problem24 0.00 7666509733 1 2284.00
problem25 0.01 9577482774 0 2284.00
problem26 0.00 8856952713 0 2284.00
problem27 0.01 7304499034 0 2284.00
problem28 0.00 8008999743 1 2284.00
problem29 0.00 9383544020 1 2284.00
problem30 0.00 9051144464 1 2284.00
problem31 0.01 7685859787 0 2284.00
problem32 0.00 9174355261 0 2284.00
problem33 0.01 8642878326 1 2284.00
problem34 0.00 8746168828 0 2284.00
problem35 0.01 8711595294 0 2284.00
problem36 0.00 8480751512 0 2284.00
problem37 0.00 8029835256 1 2284.00
problem38 0.01 9008725063 0 2284.00
problem39 0.00 8384787277 1 2284.00
problem40 0.01 9508353109 0 2284.00
problem41 0.00 6845908062 0 2284.00
problem42 0.01 8827193838 1 2284.00
problem43 0.00 9111545446 0 2284.00
problem44 0.01 9509717353 0 2284.00
problem45 0.00 7461632672 0 2284.00
problem46 0.01 8459347196 0 2284.00
problem47 0.00 7910584401 1 2284.00
problem48 0.00 6925593827 0 2284.00
problem49 0.01 9488733377 0 2284.00
problem50 0.00 7669299044 0 2284.00
problem51 0.01 8649188134 0 2284.00
problem52 0.00 7967491259 1 2284.00
problem53 0.01 7674713280 1 2284.00
problem54 0.00 9758886700 1 2284.00
problem55 0.00 9362911445 1 2284.00
problem56 0.00 8007157497 0 2284.00
problem57 0.01 8048958628 0 2284.00
problem58 0.00 6865193561 0 2284.00
problem59 0.01 7910681451 0 2284.00
problem60 0.00 7801851288 0 2284.00
problem61 0.00 8129949284 1 2284.00
problem62 0.01 7895269091 0 2284.00
problem63 0.00 8013677785 1 2284.00
problem64 0.00 9157038729 1 2284.00
problem65 0.00 8872864774 1 2284.00
problem66 0.01 7797215949 0 2284.00
problem67 0.00 9873854251 1 2284.00
problem68 0.00 7642591203 1 2284.00
problem69 0.00 7925274508 0 2284.00
problem70 0.01 7857082391 0 2284.00
problem71 0.00 6612057188 0 2284.00
problem72 0.01 8568496032 0 2284.00
problem73 0.00 8584205041 0 2284.00
problem74 0.01 9343049918 1 2284.00
problem75 0.00 9913179762 0 2284.00
problem76 0.00 7063616439 1 2284.00
problem77 0.01 8517787692 1 2284.00
problem78 0.00 8581975754 0 2284.00
problem79 0.01 7469836134 0 2284.00
problem80 0.00 7855636019 0 2284.00
problem81 0.00 9087230286 1 2284.00
problem82 0.01 7594705978 0 2284.00
problem83 0.00 6608496947 1 2284.00
problem84 0.00 8952725774 0 2284.00
problem85 0.01 9869187152 1 2284.00
problem86 0.00 9319418620 1 2284.00
problem87 0.00 8707511784 0 2284.00
problem88 0.01 9255812677 1 2284.00
problem89 0.00 8276305714 1 2284.00
problem90 0.00 9401929001 0 2284.00
problem91 0.01 6513934208 0 2284.00
problem92 0.00 8325402593 0 2284.00
problem93 0.01 8067600372 1 2284.00
problem94 0.00 6732436658 0 2284.00
problem95 0.00 6271752174 0 2284.00
problem96 0.01 9476583387 0 2284.00
problem97 0.00 7791178905 0 2284.00
problem98 0.00 9274166173 0 2284.00
problem99 0.01 8928391487 0 2284.00
