problem0 0.01 241033193 1
problem1 0.01 232784614 1
problem2 0.01 302262570 1
problem3 0.08 211055371 1
problem4 0.01 307357507 1
problem5 0.09 273612904 1
problem6 0 232374388 1
problem7 0.06 222208573 1
problem8 0.01 236462333 1
problem9 0 241593802 1
problem10 0 253119262 1
problem11 0.08 252372559 1
problem12 0 235071255 1
problem13 0.02 272289036 1
problem14 0.02 300159784 1
problem15 0.02 229077313 1
problem16 0 283571089 1
problem17 0 266371118 1
problem18 0 271630994 1
problem19 0.09 283596051 1
problem20 0.06 276127851 1
problem21 0.04 250464560 1
problem22 0 251093852 1
problem23 0.03 250905541 1
problem24 0 217425829 1
problem25 0.01 266127890 1
problem26 0 216686470 1
problem27 0.06 224513879 1
problem28 0 308257599 1
problem29 0.01 239961300 1
problem30 0 243106064 1
problem31 0.01 219998665 1
problem32 0.02 248876345 1
problem33 0 287824758 1
problem34 0 273674746 1
problem35 0.03 255878427 1
problem36 0.02 259915667 1
problem37 0.01 278761464 1
problem38 0.03 251018308 1
problem39 0 298169165 1
problem40 0 280884301 1
problem41 0 302793818 1
problem42 0.02 254036462 1
problem43 0.02 236398175 1
problem44 0.01 299025767 1
problem45 0 230652572 1
problem46 0.04 255288568 1
problem47 0.02 276951121 1
problem48 0.01 265039073 1
problem49 0.06 294819006 1
problem50 0.01 270546786 1
problem51 0 277357347 1
problem52 0.01 233194683 1
problem53 0.02 225629376 1
problem54 0.02 262982444 1
problem55 0.01 286437589 1
problem56 0.01 239306485 1
problem57 0 281107618 1
problem58 0 305302102 1
problem59 0 209939303 1
problem60 0.01 252104079 1
problem61 0 261434980 1
problem62 0 278413024 1
problem63 0.04 262603993 1
problem64 0.01 281891465 1
problem65 0 282930182 1
problem66 0.03 247468746 1
problem67 0.04 243732267 1
problem68 0.01 210284515 1
problem69 0.05 258086792 1
problem70 0.01 273780756 1
problem71 0 253492317 1
problem72 0 230219677 1
problem73 0.03 279483114 1
problem74 0 283353278 1
problem75 0 232726127 1
problem76 0.01 285621175 1
problem77 0.01 246620204 1
problem78 0 260476616 1
problem79 0.07 238856033 1
problem80 0.01 222002737 1
problem81 0.01 279191886 1
problem82 0.01 296617010 1
problem83 0.01 199600435 1
problem84 0.02 245350667 1
problem85 0.01 255842384 1
problem86 0.01 276499196 1
problem87 0.02 268572133 1
problem88 0.03 246447685 1
problem89 0.01 290350898 1
problem90 0 208014630 1
problem91 0 272809847 1
problem92 0.01 222007263 1
problem93 0.04 249417716 1
problem94 0 289985712 1
problem95 0 248731625 1
problem96 0.08 249114585 1
problem97 0 258208918 1
problem98 0 214469530 1
problem99 0.02 304902459 1
