problem0 0.07 16008230744517 0
problem1 0.08 16080896273882 0
problem2 0.1 14517383385050 0
problem3 0.07 14651175535724 0
problem4 0.03 15575833758315 0
problem5 0.03 15195098548368 0
problem6 0.06 15090441596731 0
problem7 0.11 16695076183716 0
problem8 0.06 16819837703592 0
problem9 0.04 13980110567196 0
problem10 0.1 16977754965341 0
problem11 0.05 14243148226892 0
problem12 0.04 15001836540499 0
problem13 0.06 17111878612794 0
problem14 0.04 17760271221117 0
problem15 0.1 18179180296973 0
problem16 0.07 13814453436404 0
problem17 0.06 13985803255131 0
problem18 0.07 16951413098892 0
problem19 0.04 11186885590324 0
problem20 0.05 15966235590385 0
problem21 0.04 15695870805506 0
problem22 0.04 13471101155382 0
problem23 0.08 16632050055968 0
problem24 0.04 12701397095634 0
problem25 0.04 17831110057742 0
problem26 0.07 14149251806072 0
problem27 0.09 14097168535262 0
problem28 0.07 16234875113204 0
problem29 0.07 19931256639428 0
problem30 0.06 15875356369022 0
problem31 0.09 13829871388638 0
problem32 0.06 16355443537119 0
problem33 0.03 13640696999236 0
problem34 0.07 17469234270560 0
problem35 0.05 16326745325324 0
problem36 0.05 17327535126526 0
problem37 0.07 15426992060797 0
problem38 0.06 16192981809042 0
problem39 0.09 15382222990842 0
problem40 0.04 11055748260032 0
problem41 0.05 15221121358610 0
problem42 0.06 16391910711185 0
problem43 0.07 17114751620043 0
problem44 0.08 15154901833330 0
problem45 0.07 15801796544443 0
problem46 0.06 17279123105411 0
problem47 0.07 15596611215279 0
problem48 0.05 13197911743475 0
problem49 0.06 16688796905974 0
problem50 0.05 16147610762156 0
problem51 0.1 17446361084278 0
problem52 0.06 15944308279641 0
problem53 0.04 14013583644144 0
problem54 0.08 18213783614070 0
problem55 0.05 18626888985467 0
problem56 0.06 13751462140263 0
problem57 0.05 16367192222697 0
problem58 0.04 15709030975206 0
problem59 0.07 17011949238379 0
problem60 0.05 14782075689949 0
problem61 0.06 16152263667818 0
problem62 0.05 15384156652790 0
problem63 0.08 17840233477144 0
problem64 0.05 16175826698124 0
problem65 0.04 10997214686526 0
problem66 0.07 15470636282584 0
problem67 0.05 15564302689631 0
problem68 0.04 13738276617896 0
problem69 0.07 15858918308606 0
problem70 0.06 16761096646195 0
problem71 0.09 15866052497905 0
problem72 0.06 14962675375844 0
problem73 0.07 14136850051683 0
problem74 0.1 17231479830970 0
problem75 0.07 15375340682208 0
problem76 0.05 16901752503669 0
problem77 0.05 14924464030972 0
problem78 0.1 14394148045639 0
problem79 0.06 14958079026308 0
problem80 0.04 12661170895260 0
problem81 0.03 12988151840526 0
problem82 0.04 18680465456358 0
problem83 0.07 17095766576237 0
problem84 0.07 16619038249071 0
problem85 0.03 13101989517409 0
problem86 0.05 14081180364408 0
problem87 0.03 13953533448609 0
problem88 0.06 16012498349912 0
problem89 0.04 15384182982968 0
problem90 0.04 13379168053085 0
problem91 0.02 14515207488582 0
problem92 0.1 16017170947424 0
problem93 0.06 15511279211786 0
problem94 0.04 16659509713726 0
problem95 0.05 15127891684190 0
problem96 0.05 14492208056532 0
problem97 0.08 12113563082175 0
problem98 0.06 16033420081096 0
problem99 0.08 17909657021046 0
