problem0 0 107287330772 1
problem1 0 103207473226 1
problem2 0 102608621713 1
problem3 0 104545669187 1
problem4 0.01 117581002518 1
problem5 0 97723081316 1
problem6 0.01 100142642339 1
problem7 0 93770002157 1
problem8 0 95029480568 1
problem9 0 103109965854 1
problem10 0.01 102381622229 1
problem11 0 100603931191 1
problem12 0 98873016826 1
problem13 0 104600529784 1
problem14 0 103677755431 1
problem15 0.01 109455060001 1
problem16 0 108472531356 1
problem17 0 102546044530 1
problem18 0 101567703961 1
problem19 0.01 102824722091 1
problem20 0 97628616030 1
problem21 0 96958149388 1
problem22 0 101580449835 1
problem23 0 96861653973 1
problem24 0.02 109003298624 1
problem25 0 111973833542 1
problem26 0.01 96864643037 1
problem27 0 100220722591 1
problem28 0 107487306050 1
problem29 0 100692576544 1
problem30 0 107763039407 1
problem31 0.01 103231790601 1
problem32 0.01 107004491108 1
problem33 0 108242106010 1
problem34 0 102858004641 1
problem35 0 110431393555 1
problem36 0 110151734694 1
problem37 0 96508526004 1
problem38 0 102437785011 1
problem39 0 105492722365 1
problem40 0 111426593800 1
problem41 0 116551178350 1
problem42 0.02 102297669093 1
problem43 0 97971796743 1
problem44 0 103946707594 1
problem45 0 106510196936 1
problem46 0.01 104867097399 1
problem47 0.01 101176875505 1
problem48 0 94526354220 1
problem49 0 107327557826 1
problem50 0 89924114345 1
problem51 0.01 88573516155 1
problem52 0 119627519982 1
problem53 0 110738817628 1
problem54 0.01 96997844283 1
problem55 0 103376102309 1
problem56 0 111358309072 1
problem57 0 98854367126 1
problem58 0 111060207085 1
problem59 0 99513074287 1
problem60 0 109620970962 1
problem61 0.01 105041457776 1
problem62 0.01 111512374207 1
problem63 0 112744701913 1
problem64 0 103720432372 1
problem65 0 109175260394 1
problem66 0 103842457777 1
problem67 0.01 104971175395 1
problem68 0 110131018806 1
problem69 0 102702612740 1
problem70 0.01 97749200579 1
problem71 0 118090817165 1
problem72 0 112255894424 1
problem73 0 101153235134 1
problem74 0.04 99142520821 1
problem75 0 107289736151 1
problem76 0 100583459610 1
problem77 0 112050814488 1
problem78 0 106659225159 1
problem79 0.01 97638920129 1
problem80 0.01 106436949180 1
problem81 0 103220450066 1
problem82 0 99574107065 1
problem83 0.01 107968273483 1
problem84 0 103722992254 1
problem85 0 102925171116 1
problem86 0.02 94717831755 1
problem87 0 98272797557 1
problem88 0.02 104593331808 1
problem89 0 106387090406 1
problem90 0 110031711229 1
problem91 0.01 109396152127 1
problem92 0 101160907362 1
problem93 0 110178206656 1
problem94 0.01 109149545167 1
problem95 0 100701260201 1
problem96 0 107243796612 1
problem97 0 104728984378 1
problem98 0 109307756737 1
problem99 0 97928567987 1
