problem0 0 218856 1 0.00
problem1 0.00 250921 1 0.00
problem2 0.00 231561 1 0.00
problem3 0.00 227934 1 0.00
problem4 0.00 257762 1 0.00
problem5 0.00 250795 1 0.00
problem6 0.00 239155 1 0.00
problem7 0.00 266576 1 0.00
problem8 0.00 219324 1 0.00
problem9 0.00 240269 1 0.00
problem10 0.00 208573 1 0.00
problem11 0.00 265378 1 0.00
problem12 0.00 245366 1 0.00
problem13 0.00 248527 1 0.00
problem14 0.00 228391 1 0.00
problem15 0.00 224852 1 0.00
problem16 0.00 256528 1 0.00
problem17 0.00 239217 1 0.00
problem18 0.00 256113 1 0.00
problem19 0.00 243814 1 0.00
problem20 0.00 238986 1 0.00
problem21 0.00 233331 1 0.00
problem22 0.00 249243 1 0.00
problem23 0.00 224472 1 0.00
problem24 0.00 236260 1 0.00
problem25 0.00 210901 1 0.00
problem26 0.00 255397 1 0.00
problem27 0.00 208298 1 0.00
problem28 0.00 250910 1 0.00
problem29 0.00 233879 1 0.00
problem30 0.00 248463 1 0.00
problem31 0.00 220380 1 0.00
problem32 0.00 236344 1 0.00
problem33 0.00 241337 1 0.00
problem34 0.00 259673 1 0.00
problem35 0.00 253038 1 0.00
problem36 0.00 227890 1 0.00
problem37 0.00 254267 1 0.00
problem38 0.00 238339 1 0.00
problem39 0.00 257632 1 0.00
problem40 0.00 244492 1 0.00
problem41 0.00 252701 1 0.00
problem42 0.00 240269 1 0.00
problem43 0.00 242866 1 0.00
problem44 0.00 214982 1 0.00
problem45 0.00 257631 1 0.00
problem46 0.00 222967 1 0.00
problem47 0.00 242020 1 0.00
problem48 0.00 256608 1 0.00
problem49 0.00 224513 1 0.00
problem50 0.00 225857 1 0.00
problem51 0.00 271990 1 0.00
problem52 0.00 240858 1 0.00
problem53 0.00 207107 1 0.00
problem54 0.00 247403 1 0.00
problem55 0.00 234984 1 0.00
problem56 0.00 244020 1 0.00
problem57 0.00 218213 1 0.00
problem58 0.00 269685 1 0.00
problem59 0.00 238010 1 0.00
problem60 0.00 244078 1 0.00
problem61 0.00 246055 1 0.00
problem62 0.00 258399 1 0.00
problem63 0.00 248812 1 0.00
problem64 0.00 210824 1 0.00
problem65 0.00 229705 1 0.00
problem66 0.00 220201 1 0.00
problem67 0.00 235134 1 0.00
problem68 0.00 236930 1 0.00
problem69 0.00 239307 1 0.00
problem70 0.00 260051 1 0.00
problem71 0.00 246640 1 0.00
problem72 0.00 234844 1 0.00
problem73 0.00 205741 1 0.00
problem74 0.00 237149 1 0.00
problem75 0.00 251074 1 0.00
problem76 0.00 239894 1 0.00
problem77 0.00 248303 1 0.00
problem78 0.00 248263 1 0.00
problem79 0.00 248948 1 0.00
problem80 0.00 246448 1 0.00
problem81 3.18 224145 1 4096.00
problem82 0.00 218129 1 4096.00
problem83 0.00 248966 1 4096.00
problem84 0.00 240682 1 4096.00
problem85 0.00 227987 1 4096.00
problem86 0.00 210747 1 4096.00
problem87 0.00 243448 1 4096.00
problem88 0.00 225156 1 4096.00
problem89 0.00 239861 1 4096.00
problem90 0.00 257349 1 4096.00
problem91 0.00 224714 1 4096.00
problem92 0.00 210622 1 4096.00
problem93 0.00 264375 1 4096.00
problem94 0.00 217135 1 4096.00
problem95 0.00 193276 1 4096.00
problem96 0.00 224216 1 4096.00
problem97 0.00 265177 1 4096.00
problem98 0.00 244217 1 4096.00
problem99 0.00 256142 1 4096.00
