problem0 0 315485834656493 0 2208.00
problem1 0.00 363353403775759 0 2264.00
problem2 0.00 387240175764791 0 2264.00
problem3 0.00 378980021108033 0 2264.00
problem4 0.00 449315111912042 0 2264.00
problem5 0.00 387482788568764 0 2264.00
problem6 0.00 452454088165467 0 2264.00
problem7 0.00 414458169022612 0 2264.00
problem8 0.00 422474247862424 0 2264.00
problem9 0.00 381044986589570 0 2264.00
problem10 0.00 386913489469532 0 2264.00
problem11 0.00 383917260032326 0 2264.00
problem12 0.00 342196631192689 0 2264.00
problem13 0.00 450310713310194 0 2264.00
problem14 0.00 397184213768230 0 2264.00
problem15 0.00 348078552797368 0 2264.00
problem16 0.00 326588495614297 0 2264.00
problem17 0.00 410691774506454 0 2264.00
problem18 0.00 430029284113742 0 2264.00
problem19 0.00 491227731172753 0 2264.00
problem20 0.00 411200576528336 0 2264.00
problem21 0.00 414656930740545 0 2264.00
problem22 0.00 448705308655069 0 2264.00
problem23 0.00 352454841259565 0 2264.00
problem24 0.00 455222229163029 0 2264.00
problem25 0.00 389888546228582 0 2264.00
problem26 0.00 321075854125088 0 2264.00
problem27 0.00 350056687345560 0 2264.00
problem28 0.00 353125386226309 0 2264.00
problem29 0.00 361864584277195 0 2264.00
problem30 0.00 401762605705684 0 2264.00
problem31 0.00 382562969983598 0 2264.00
problem32 0.00 464235209580624 0 2264.00
problem33 0.00 384017282487914 0 2264.00
problem34 0.00 378986710912162 0 2264.00
problem35 0.00 497991158604183 0 2264.00
problem36 0.00 433552622459889 0 2264.00
problem37 0.00 364595491034691 0 2264.00
problem38 0.00 428757881667252 0 2264.00
problem39 0.00 456030077093580 0 2264.00
problem40 0.00 393843582368853 0 2264.00
problem41 0.00 369905162678905 0 2264.00
problem42 0.00 404834466837155 0 2264.00
problem43 0.00 413336945360998 0 2264.00
problem44 0.00 378713519932614 0 2264.00
problem45 0.01 365398904727343 0 2264.00
problem46 0.00 373182421514693 0 2264.00
problem47 0.00 471991297738508 0 2264.00
problem48 0.00 490270512877029 0 2264.00
problem49 0.00 317881455174166 0 2264.00
problem50 0.00 388147003109780 0 2264.00
problem51 0.00 389451022979152 0 2264.00
problem52 0.00 374038822086571 0 2264.00
problem53 0.00 438891400134671 0 2264.00
problem54 0.00 325923200038491 0 2264.00
problem55 0.00 462757176961258 0 2264.00
problem56 0.00 435325702282309 0 2264.00
problem57 0.00 338034311544081 0 2264.00
problem58 0.00 404272015121314 0 2264.00
problem59 0.00 435050686234663 0 2264.00
problem60 0.00 407957507584168 0 2264.00
problem61 0.00 429290939831980 0 2264.00
problem62 0.00 359085103392773 0 2264.00
problem63 0.00 463558955370207 0 2264.00
problem64 0.00 309383445079959 0 2264.00
problem65 0.00 374998634119917 0 2264.00
problem66 0.00 427373828314681 0 2264.00
problem67 0.00 487493386855448 0 2264.00
problem68 0.00 321602560506941 0 2264.00
problem69 0.00 453148899319775 0 2264.00
problem70 0.00 353014305987928 0 2264.00
problem71 0.00 381894011840452 0 2264.00
problem72 0.00 335568781642823 0 2264.00
problem73 0.00 342977777499258 0 2264.00
problem74 0.00 431792299757327 0 2264.00
problem75 0.00 244681443406170 0 2264.00
problem76 0.00 391794877996599 0 2264.00
problem77 0.00 309045435875918 0 2264.00
problem78 0.00 359625238809343 0 2264.00
problem79 0.00 318379802712191 0 2264.00
problem80 0.00 393612320503548 0 2264.00
problem81 0.00 220512319015969 0 2264.00
problem82 0.00 415630750187136 0 2264.00
problem83 0.00 439680775487457 0 2264.00
problem84 0.00 409913804830153 0 2264.00
problem85 0.00 339621617676183 0 2264.00
problem86 0.00 397022490093752 0 2264.00
problem87 0.00 313264561604359 0 2264.00
problem88 0.01 327022066538639 0 2264.00
problem89 0.00 363383089864121 0 2264.00
problem90 0.00 437827601380505 0 2264.00
problem91 0.00 380451625892190 0 2264.00
problem92 0.00 391359228623325 0 2264.00
problem93 0.00 450707093043216 0 2264.00
problem94 0.00 399995423442936 0 2264.00
problem95 0.00 427895492016326 0 2264.00
problem96 0.00 413547450736446 0 2264.00
problem97 0.00 358889796533090 0 2264.00
problem98 0.00 408131688657655 0 2264.00
problem99 0.00 439737457778303 0 2264.00
