problem0 0 295933236913785 140734689517864 4 1.16637e-312 0.00
problem1 0 358308009369390 140734689517864 4 1.16637e-312 0.00
problem2 0 285400134702891 140734689517864 4 1.16637e-312 0.00
problem3 0 308043005652517 140734689517864 4 1.16637e-312 0.00
problem4 0 276101914661082 140734689517864 4 1.16637e-312 0.00
problem5 0 254433199230639 140734689517864 4 1.16637e-312 0.00
problem6 0 362742054302689 140734689517864 4 1.16637e-312 0.00
problem7 0 282460412270647 140734689517864 4 1.16637e-312 0.00
problem8 0 268528168838127 140734689517864 4 1.16637e-312 0.00
problem9 0 312602259555999 140734689517864 4 1.16637e-312 0.00
problem10 0 278962876152566 140734689517864 4 1.16637e-312 0.00
problem11 0 280356870003050 140734689517864 4 1.16637e-312 0.00
problem12 0 301586128227815 140734689517864 4 1.16637e-312 0.00
problem13 0 379378014544548 140734689517864 4 1.16637e-312 0.00
problem14 0 315056648450035 140734689517864 4 1.16637e-312 0.00
problem15 0 377181848388825 140734689517864 4 1.16637e-312 0.00
problem16 0 352673730144165 140734689517864 4 1.16637e-312 0.00
problem17 0 330150231898115 140734689517864 4 1.16637e-312 0.00
problem18 0 320183556039747 140734689517864 4 1.16637e-312 0.00
problem19 0 413532083893321 140734689517864 4 1.16637e-312 0.00
problem20 0 336966496228164 140734689517864 4 1.16637e-312 0.00
problem21 0 268697006985348 140734689517864 4 1.16637e-312 0.00
problem22 0 269031292496481 140734689517864 4 1.16637e-312 0.00
problem23 0 355748990960432 140734689517864 4 1.16637e-312 0.00
problem24 0 366188356064128 140734689517864 4 1.16637e-312 0.00
problem25 0 278998266704386 140734689517864 4 1.16637e-312 0.00
problem26 0 267258240419654 140734689517864 4 1.16637e-312 0.00
problem27 0 324290974705789 140734689517864 4 1.16637e-312 0.00
problem28 0 353380701598250 140734689517864 4 1.16637e-312 0.00
problem29 0 318678328598808 140734689517864 4 1.16637e-312 0.00
problem30 0 317913548935394 140734689517864 4 1.16637e-312 0.00
problem31 0 283775816845737 140734689517864 4 1.16637e-312 0.00
problem32 0 265480659500924 140734689517864 4 1.16637e-312 0.00
problem33 0 338932476934686 140734689517864 4 1.16637e-312 0.00
problem34 0 354686878129088 140734689517864 4 1.16637e-312 0.00
problem35 0 287688631422667 140734689517864 4 1.16637e-312 0.00
problem36 0 335650244583162 140734689517864 4 1.16637e-312 0.00
problem37 0 317016614328023 140734689517864 4 1.16637e-312 0.00
problem38 0 273898969373803 140734689517864 4 1.16637e-312 0.00
problem39 0 280239367345431 140734689517864 4 1.16637e-312 0.00
problem40 0 416082922002085 140734689517864 4 1.16637e-312 0.00
problem41 0 290392164774680 140734689517864 4 1.16637e-312 0.00
problem42 0 335639801544435 140734689517864 4 1.16637e-312 0.00
problem43 0 319727926444918 140734689517864 4 1.16637e-312 0.00
problem44 0 278655782437032 140734689517864 4 1.16637e-312 0.00
problem45 0 326037796650862 140734689517864 4 1.16637e-312 0.00
problem46 0 292009543234395 140734689517864 4 1.16637e-312 0.00
problem47 0 388389616818920 140734689517864 4 1.16637e-312 0.00
problem48 0 292856705663580 140734689517864 4 1.16637e-312 0.00
problem49 0 288310815982616 140734689517864 4 1.16637e-312 0.00
problem50 0 350422790667743 140734689517864 4 1.16637e-312 0.00
problem51 0 369218579290873 140734689517864 4 1.16637e-312 0.00
problem52 0 344057017692969 140734689517864 4 1.16637e-312 0.00
problem53 0 386504385005966 140734689517864 4 1.16637e-312 0.00
problem54 0 316316510932277 140734689517864 4 1.16637e-312 0.00
problem55 0 309656559394709 140734689517864 4 1.16637e-312 0.00
problem56 0 262399335388041 140734689517864 4 1.16637e-312 0.00
problem57 0 414828393041497 140734689517864 4 1.16637e-312 0.00
problem58 0 375222894138924 140734689517864 4 1.16637e-312 0.00
problem59 0 368053998752918 140734689517864 4 1.16637e-312 0.00
problem60 0 327425742194094 140734689517864 4 1.16637e-312 0.00
problem61 0 382753897579235 140734689517864 4 1.16637e-312 0.00
problem62 0 499083391797125 140734689517864 4 1.16637e-312 0.00
problem63 0 296426852092409 140734689517864 4 1.16637e-312 0.00
problem64 0 307016577869433 140734689517864 4 1.16637e-312 0.00
problem65 0 280917952280402 140734689517864 4 1.16637e-312 0.00
problem66 0 262452501999779 140734689517864 4 1.16637e-312 0.00
problem67 0 275635409581973 140734689517864 4 1.16637e-312 0.00
problem68 0 378762629837138 140734689517864 4 1.16637e-312 0.00
problem69 0 379526750611961 140734689517864 4 1.16637e-312 0.00
problem70 0 284191965443670 140734689517864 4 1.16637e-312 0.00
problem71 0 302426357418357 140734689517864 4 1.16637e-312 0.00
problem72 0 273996736519018 140734689517864 4 1.16637e-312 0.00
problem73 0 362824949925317 140734689517864 4 1.16637e-312 0.00
problem74 0 317911871606365 140734689517864 4 1.16637e-312 0.00
problem75 0 384511914223791 140734689517864 4 1.16637e-312 0.00
problem76 0 312675118089365 140734689517864 4 1.16637e-312 0.00
problem77 0 275088130726288 140734689517864 4 1.16637e-312 0.00
problem78 0 280649994819466 140734689517864 4 1.16637e-312 0.00
problem79 0 276999773927895 140734689517864 4 1.16637e-312 0.00
problem80 0 356926528508602 140734689517864 4 1.16637e-312 0.00
problem81 0 310834787868876 140734689517864 4 1.16637e-312 0.00
problem82 0 272484286463627 140734689517864 4 1.16637e-312 0.00
problem83 0 337786268723666 140734689517864 4 1.16637e-312 0.00
problem84 0 305418735454212 140734689517864 4 1.16637e-312 0.00
problem85 0 305783308139708 140734689517864 4 1.16637e-312 0.00
problem86 0 369576146140329 140734689517864 4 1.16637e-312 0.00
problem87 0 384547255683022 140734689517864 4 1.16637e-312 0.00
problem88 0 290206790204271 140734689517864 4 1.16637e-312 0.00
problem89 0 243248876477554 140734689517864 4 1.16637e-312 0.00
problem90 0 281173718879982 140734689517864 4 1.16637e-312 0.00
problem91 0 270404368171753 140734689517864 4 1.16637e-312 0.00
problem92 0 278612308381614 140734689517864 4 1.16637e-312 0.00
problem93 0 311265719287381 140734689517864 4 1.16637e-312 0.00
problem94 0 317285876072110 140734689517864 4 1.16637e-312 0.00
problem95 0 310759501906086 140734689517864 4 1.16637e-312 0.00
problem96 0 414491782625481 140734689517864 4 1.16637e-312 0.00
problem97 0 344661937859642 140734689517864 4 1.16637e-312 0.00
problem98 0 354478491279244 140734689517864 4 1.16637e-312 0.00
problem99 0 299145962670379 140734689517864 4 1.16637e-312 0.00
