problem0 0.74 1270826743742 1
problem1 0.23 1190844968396 1
problem2 0.65 1133692294779 1
problem3 0.14 1145442650469 1
problem4 0.2 1106472393024 1
problem5 1.83 1252250802534 1
problem6 0.69 1193180882253 1
problem7 0.3 1364553073167 1
problem8 3.36 1328226111970 1
problem9 0.04 1107616969120 1
problem10 0.84 1212673357887 1
problem11 0.9 1344200224857 1
problem12 1.24 1308069643172 1
problem13 0.67 1184888336506 1
problem14 1.39 1296240771409 1
problem15 1.19 1336466005571 1
problem16 0.02 1381440286854 1
problem17 0.01 1261641691124 1
problem18 2.92 1180819018371 1
problem19 1.29 1225961190861 1
problem20 2.13 1195082103432 1
problem21 0.8 1271454968334 1
problem22 3.72 1347792854485 1
problem23 0.87 1250346696951 1
problem24 0.3 1282080596906 1
problem25 0.52 1094661421256 1
problem26 1.36 1331847411015 1
problem27 0.18 1227038796225 1
problem28 0.29 1201009544684 1
problem29 0.41 1224247416354 1
problem30 0.06 1321410923225 1
problem31 0.21 1130608146987 1
problem32 0.11 1221766609742 1
problem33 0.03 1278304377884 1
problem34 2.44 1282849583243 1
problem35 0.07 1190847470645 1
problem36 1.96 1394316348880 1
problem37 0.15 1338948797622 1
problem38 0.03 1358759827549 1
problem39 0.73 1303369734623 1
problem40 0 1307498989426 1
problem41 0.19 1178934127088 1
problem42 4.56 1183796745295 1
problem43 0.46 1175075659049 1
problem44 0.09 1092526180916 1
problem45 0.18 1184416138698 1
problem46 2.26 1311111911009 1
problem47 0.31 1379678236691 1
problem48 2.12 1172600051734 1
problem49 0.11 1182925582916 1
problem50 0.4 1310126551187 1
problem51 0.32 1476771953821 1
problem52 0.43 1228451173144 1
problem53 0.42 1256666409310 1
problem54 0.19 1157170992357 1
problem55 1.95 1181798894791 1
problem56 0.06 1208064949562 1
problem57 1.18 1279548097816 1
problem58 0.19 1176574743895 1
problem59 0.12 1450142763665 1
problem60 0.8 1260873119868 1
problem61 0.29 1261984317298 1
problem62 0.12 1236346971113 1
problem63 0.07 1263229419515 1
problem64 0.77 1261090113246 1
problem65 0.05 1179970450028 1
problem66 0.34 1268923585179 1
problem67 0.78 1399143913221 1
problem68 0.88 1319850281568 1
problem69 0.89 1304099084294 1
problem70 0.04 1374063088493 1
problem71 0.67 1291565111727 1
problem72 1.08 1168760685826 1
problem73 0.57 1306667797056 1
problem74 0.65 1247568869471 1
problem75 0.18 1278508888569 1
problem76 2.13 1344607557828 1
problem77 0.16 1220901405466 1
problem78 0.63 1308572496753 1
problem79 0.04 1160413047267 1
problem80 0.11 1310125787046 1
problem81 0.2 1273091333268 1
problem82 0.12 1361709209251 1
problem83 0.85 1275570105197 1
problem84 2.81 1272754123688 1
problem85 0.04 1287631098030 1
problem86 1.59 1358427214837 1
problem87 2.17 1175338156183 1
problem88 0.03 1291170963146 1
problem89 0.06 1303914150248 1
problem90 0.04 1340376251751 1
problem91 0.01 1167611843425 1
problem92 3.61 1288691084044 1
problem93 0.95 1353072775362 1
problem94 2.1 1170230920441 1
problem95 0.16 1232236817867 1
problem96 0.7 1233748777582 1
problem97 0.01 1188489474236 1
problem98 1.23 1128287567019 1
problem99 0.04 1362447710677 1
