problem0 0 376022804514825 140737396892664 4 1.16637e-312 0.00
problem1 0.01 496867077779930 140737396892664 4 1.16637e-312 0.00
problem2 0 598762909398099 140737396892664 4 1.16637e-312 0.00
problem3 0.01 525886762844963 140737396892664 4 1.16637e-312 0.00
problem4 0.01 502133792562200 140737396892664 4 1.16637e-312 0.00
problem5 0 552104138929220 140737396892664 4 1.16637e-312 0.00
problem6 0.01 644081144632075 140737396892664 4 1.16637e-312 0.00
problem7 0 595947886334880 140737396892664 4 1.16637e-312 0.00
problem8 0.01 481352317276246 140737396892664 4 1.16637e-312 0.00
problem9 0 526495726418446 140737396892664 4 1.16637e-312 0.00
problem10 0.01 528447727637447 140737396892664 4 1.16637e-312 0.00
problem11 0.01 481218069190182 140737396892664 4 1.16637e-312 0.00
problem12 0.01 501783342121287 140737396892664 4 1.16637e-312 0.00
problem13 0 479087251625613 140737396892664 4 1.16637e-312 0.00
problem14 0.01 437912013566893 140737396892664 4 1.16637e-312 0.00
problem15 0.01 538752284542893 140737396892664 4 1.16637e-312 0.00
problem16 0.01 555920351104338 140737396892664 4 1.16637e-312 0.00
problem17 0.02 524682805691978 140737396892664 4 1.16637e-312 0.00
problem18 0.01 683681261287010 140737396892664 4 1.16637e-312 0.00
problem19 0.01 563246324283018 140737396892664 4 1.16637e-312 0.00
problem20 0.01 407127116046177 140737396892664 4 1.16637e-312 0.00
problem21 0.01 420026598895141 140737396892664 4 1.16637e-312 0.00
problem22 0.01 562674803972507 140737396892664 4 1.16637e-312 0.00
problem23 0 505462060491913 140737396892664 4 1.16637e-312 0.00
problem24 0.02 481138824175167 140737396892664 4 1.16637e-312 0.00
problem25 0.01 505850545508785 140737396892664 4 1.16637e-312 0.00
problem26 0 494557670619673 140737396892664 4 1.16637e-312 0.00
problem27 0.03 505103465664007 140737396892664 4 1.16637e-312 0.00
problem28 0 516893172996977 140737396892664 4 1.16637e-312 0.00
problem29 0.01 520510840920033 140737396892664 4 1.16637e-312 0.00
problem30 0.01 497911393294999 140737396892664 4 1.16637e-312 0.00
problem31 0.01 597347748203825 140737396892664 4 1.16637e-312 0.00
problem32 0 553894405068090 140737396892664 4 1.16637e-312 0.00
problem33 0.01 468445944667011 140737396892664 4 1.16637e-312 0.00
problem34 0 525532777466084 140737396892664 4 1.16637e-312 0.00
problem35 0 647685397484246 140737396892664 4 1.16637e-312 0.00
problem36 0.02 544047806977480 140737396892664 4 1.16637e-312 0.00
problem37 0.01 450495607558201 140737396892664 4 1.16637e-312 0.00
problem38 0.01 624652340021265 140737396892664 4 1.16637e-312 0.00
problem39 0.01 492763581644280 140737396892664 4 1.16637e-312 0.00
problem40 0.04 520408591152672 140737396892664 4 1.16637e-312 0.00
problem41 0.01 440809689617527 140737396892664 4 1.16637e-312 0.00
problem42 0.01 559552069790986 140737396892664 4 1.16637e-312 0.00
problem43 0.01 478488912701010 140737396892664 4 1.16637e-312 0.00
problem44 0 466801066773077 140737396892664 4 1.16637e-312 0.00
problem45 0.01 497901952235931 140737396892664 4 1.16637e-312 0.00
problem46 0.01 488487724611062 140737396892664 4 1.16637e-312 0.00
problem47 0.01 521631592097137 140737396892664 4 1.16637e-312 0.00
problem48 0 445400053474495 140737396892664 4 1.16637e-312 0.00
problem49 0.01 481850011772904 140737396892664 4 1.16637e-312 0.00
problem50 0 470062266152118 140737396892664 4 1.16637e-312 0.00
problem51 0.01 540875461603059 140737396892664 4 1.16637e-312 0.00
problem52 0 476855039972888 140737396892664 4 1.16637e-312 0.00
problem53 0.01 522427084505175 140737396892664 4 1.16637e-312 0.00
problem54 0.03 578569674884010 140737396892664 4 1.16637e-312 0.00
problem55 0.02 507137510809694 140737396892664 4 1.16637e-312 0.00
problem56 0.01 497867542082767 140737396892664 4 1.16637e-312 0.00
problem57 0.01 523712189883092 140737396892664 4 1.16637e-312 0.00
problem58 0 451723945138919 140737396892664 4 1.16637e-312 0.00
problem59 0.01 487093672228310 140737396892664 4 1.16637e-312 0.00
problem60 0.01 500307650815298 140737396892664 4 1.16637e-312 0.00
problem61 0 483683682531376 140737396892664 4 1.16637e-312 0.00
problem62 0.01 542232696836141 140737396892664 4 1.16637e-312 0.00
problem63 0 577517709990880 140737396892664 4 1.16637e-312 0.00
problem64 0.02 455808464190639 140737396892664 4 1.16637e-312 0.00
problem65 0.01 594854713319454 140737396892664 4 1.16637e-312 0.00
problem66 0 530154607232735 140737396892664 4 1.16637e-312 0.00
problem67 0.01 573790652397024 140737396892664 4 1.16637e-312 0.00
problem68 0.01 365374977952876 140737396892664 4 1.16637e-312 0.00
problem69 0.01 562138944286965 140737396892664 4 1.16637e-312 0.00
problem70 0.01 482070900529795 140737396892664 4 1.16637e-312 0.00
problem71 0 491566541426158 140737396892664 4 1.16637e-312 0.00
problem72 0.01 640996181594125 140737396892664 4 1.16637e-312 0.00
problem73 0.01 560757585329092 140737396892664 4 1.16637e-312 0.00
problem74 0.01 637107492688868 140737396892664 4 1.16637e-312 0.00
problem75 0 363485606136848 140737396892664 4 1.16637e-312 0.00
problem76 0.01 400848854244409 140737396892664 4 1.16637e-312 0.00
problem77 0.01 574185329147757 140737396892664 4 1.16637e-312 0.00
problem78 0 542874078560471 140737396892664 4 1.16637e-312 0.00
problem79 0 552254446821055 140737396892664 4 1.16637e-312 0.00
problem80 0.01 506856154950935 140737396892664 4 1.16637e-312 0.00
problem81 0 402333114762661 140737396892664 4 1.16637e-312 0.00
problem82 0.01 550028184046649 140737396892664 4 1.16637e-312 0.00
problem83 0.01 451836313234474 140737396892664 4 1.16637e-312 0.00
problem84 0.01 512421389111123 140737396892664 4 1.16637e-312 0.00
problem85 0 465369065684203 140737396892664 4 1.16637e-312 0.00
problem86 0 496559917246461 140737396892664 4 1.16637e-312 0.00
problem87 0.01 421482248256716 140737396892664 4 1.16637e-312 0.00
problem88 0 449665850722028 140737396892664 4 1.16637e-312 0.00
problem89 0.01 438458058161749 140737396892664 4 1.16637e-312 0.00
problem90 0.01 498546735035409 140737396892664 4 1.16637e-312 0.00
problem91 0.01 620074059148623 140737396892664 4 1.16637e-312 0.00
problem92 0.01 494638828432097 140737396892664 4 1.16637e-312 0.00
problem93 0 526012325248664 140737396892664 4 1.16637e-312 0.00
problem94 0.01 591341494501220 140737396892664 4 1.16637e-312 0.00
problem95 0.01 600879057695687 140737396892664 4 1.16637e-312 0.00
problem96 0 501935924229853 140737396892664 4 1.16637e-312 0.00
problem97 0.01 542501305067798 140737396892664 4 1.16637e-312 0.00
problem98 0.02 559407505208780 140737396892664 4 1.16637e-312 0.00
problem99 0 581032720952580 140737396892664 4 1.16637e-312 0.00
