problem0 350.14 1218823277319992 1
problem1 94.93 1361655578569110 1
problem2 349.38 1253065608427268 1
problem3 301.57 1216477331502850 1
problem4 1435.54 1374014609909008 1
problem5 1561.72 1268153234333870 1
problem6 189.19 1273989099097436 1
problem7 150.49 1250930352304794 1
problem8 1368.4 1379091407231976 1
problem9 349.28 1198051483252934 1
problem10 1572.1 1220215162174644 1
problem11 861.04 1227496707178290 1
problem12 3460.59 1310861156932544 1
problem13 189.12 1162993885286878 1
problem14 894.01 1310817137272076 1
problem15 8613.99 1260421070994634 1
problem16 159.02 1313268707017880 1
problem17 715.88 1183541197917174 1
problem18 37.47 1166988033222244 1
problem19 2813.66 1190180144319330 1
