problem0 0 742751567 1
problem1 0 836094788 1
problem2 0 751953648 1
problem3 0 745567913 1
problem4 0 727898153 1
problem5 0 738326022 1
problem6 0 656167738 1
problem7 0 783918235 1
problem8 0 739749987 1
problem9 0 734596008 1
problem10 0 804171236 1
problem11 0 739193453 1
problem12 0 785907709 1
problem13 0 712732202 1
problem14 0 733569262 1
problem15 0 689680927 1
problem16 0 687022327 1
problem17 0 799694732 1
problem18 0 722024024 1
problem19 0 810522033 1
problem20 0 648924497 1
problem21 0 740950478 1
problem22 0 689002530 1
problem23 0 689123107 1
problem24 0 700194571 1
problem25 0 737367792 1
problem26 0 764760140 1
problem27 0 651735157 1
problem28 0 689672229 1
problem29 0 686178546 1
problem30 0 741542102 1
problem31 0 823012263 1
problem32 0 793574047 1
problem33 0 694911444 1
problem34 0 806144960 1
problem35 0 703566521 1
problem36 0 737056889 1
problem37 0 653704086 1
problem38 0 684933898 1
problem39 0 725137323 1
problem40 0 733348787 1
problem41 0 677933112 1
problem42 0 791640244 1
problem43 0 766987389 1
problem44 0 717895245 1
problem45 0 709886394 1
problem46 0 730650302 1
problem47 0 767353647 1
problem48 0 696093255 1
problem49 0 755872284 1
problem50 0 725821224 1
problem51 0 661712321 1
problem52 0 661109153 1
problem53 0 752132958 1
problem54 0 690000882 1
problem55 0 654491187 1
problem56 0 702537307 1
problem57 0 780982144 1
problem58 0 743679772 1
problem59 0 716932741 1
problem60 0 769028725 1
problem61 0 714420354 1
problem62 0 682969766 1
problem63 0 703617207 1
problem64 0 789532655 1
problem65 0 728068196 1
problem66 0 796051600 1
problem67 0 701769417 1
problem68 0 733720777 1
problem69 0 789592358 1
problem70 0 722979546 1
problem71 0 606716603 1
problem72 0 745811715 1
problem73 0 681905352 1
problem74 0 771251076 1
problem75 0 752213645 1
problem76 0 680707229 1
problem77 0 678579530 1
problem78 0 737862798 1
problem79 0 777063487 1
problem80 0 770493335 1
problem81 0 707214508 1
problem82 0 734146552 1
problem83 0 721010129 1
problem84 0 770506225 1
problem85 0 819330286 1
problem86 0 775382978 1
problem87 0 776357187 1
problem88 0 722302379 1
problem89 0 701861904 1
problem90 0 796136940 1
problem91 0 735499413 1
problem92 0 632401093 1
problem93 0 713283602 1
problem94 0 772547702 1
problem95 0 694648263 1
problem96 0 694189375 1
problem97 0 703043316 1
problem98 0 666361184 1
problem99 0 815936217 1
