problem0 5.98 976166223852071 4576 1 5.89
problem1 5.02 1055919524997841 3442 1 4.88
problem2 4.26 1028189859883337 1847 1 4.2
problem3 11.38 970578772836898 6911 2 11.24
problem4 13.76 937929512892611 8108 2 13.58
problem5 4.04 1061214054025481 2057 1 3.99
problem6 5.34 1000870225595079 5870 1 5.09
problem7 12.86 915005031893969 14046 2 12.44
problem8 5.06 1079833436408363 2972 1 4.94
problem9 6.77 955586921644816 10430 1 6.53
problem10 3.12 1164984961995161 1266 1 3.01
problem11 5.18 1046886426701036 4614 1 4.99
problem12 6.02 1025515319546695 5140 1 5.87
problem13 5.21 951280474788162 3223 1 5.09
problem14 5.85 849715255080156 4435 1 5.74
problem15 5.84 1054552535936145 2832 1 5.77
problem16 4.64 1068546933970839 2458 1 4.58
problem17 4.32 1117298428566780 2444 1 4.19
problem18 5.31 1129617369126248 2946 1 5.24
problem19 5.56 1062644080553322 4976 1 5.32
problem20 4.98 1045975215488372 3464 1 4.84
problem21 5.49 1024649888783297 4039 1 5.35
problem22 5.63 821482016421606 6621 1 5.4
problem23 3.7 1075887625391320 1620 1 3.64
problem24 4.06 1116963910286261 2154 1 3.97
problem25 4.94 1021193331398800 4176 1 4.71
problem26 6.54 904282714422656 7968 1 6.35
problem27 3.02 1128096411928075 1392 1 2.93
problem28 3.35 1082532690890309 1157 1 3.28
problem29 5.44 1010645074760827 3034 1 5.34
problem30 6.26 998969459915243 7560 1 5.98
problem31 5.56 1019907357232840 3641 1 5.46
problem32 6.4 962548126158318 7188 1 6.19
problem33 6.44 803122528316408 5381 1 6.27
problem34 4.96 1015525061423243 2095 1 4.85
problem35 6.28 977516293718602 7884 1 5.93
problem36 6.3 905485661616558 7912 1 6.16
problem37 5.79 918383188395813 4457 1 5.61
problem38 5.6 980135920909360 1817 1 5.57
problem39 5.47 1040378036729060 4010 1 5.29
problem40 6.43 1026525785743319 7051 1 6.26
problem41 5.25 915004901726045 3169 1 5.18
problem42 4.09 1239277579477206 1171 1 4.04
problem43 4.92 1118494443462170 4065 1 4.6
problem44 4.53 1046651421622929 3085 1 4.38
problem45 4.82 1102039678932416 3306 1 4.69
problem46 6.16 1025067432029862 2873 1 6.11
problem47 6.88 872296754786788 9370 1 6.66
problem48 6.55 891124416042731 8844 1 6.33
problem49 5.9 1048188604118723 5633 1 5.78
problem50 4.35 1026641270449372 2485 1 4.18
problem51 4.91 1074063389455850 3996 1 4.72
problem52 6.86 936980772555310 6878 1 6.72
problem53 5.7 1077006570744689 5022 1 5.56
problem54 4.79 1041816997028498 3228 1 4.64
problem55 6.46 1021697478011697 7369 1 6.24
problem56 3.31 1111568532288442 850 1 3.24
problem57 6.32 1055717839155337 4465 1 6.17
problem58 5.59 1068433446609688 4132 1 5.48
problem59 6.68 1037795496904572 3149 1 6.62
problem60 6.14 978126076992281 4145 1 6.04
problem61 3.98 1113101521320390 1847 1 3.88
problem62 4.68 1050309678917144 3246 1 4.52
problem63 4.74 1057745956685512 3331 1 4.56
problem64 3.43 1199273976952659 1304 1 3.34
problem65 5.42 999815268548182 5030 1 5.22
problem66 5.44 930175474412075 1284 1 5.42
problem67 3.12 1144888766342224 1272 1 3.07
problem68 4.68 1008195932135790 2300 1 4.6
problem69 6.4 840109382917491 6211 1 6.29
problem70 2.83 1224755504518732 1295 1 2.78
problem71 5.14 1025704300348568 2268 1 5.05
problem72 5.48 960956911877874 3349 1 5.36
problem73 4.61 1040755221044649 1889 1 4.53
problem74 6.8 831456139293283 9160 1 6.57
problem75 6.3 933737232729085 12844 1 6.04
problem76 4.29 1123893149871347 1529 1 4.22
problem77 5.35 1155787034714777 3757 1 5.14
problem78 5 948523917203801 892 1 4.98
problem79 5.5 1004976190639504 4343 1 5.39
problem80 5.3 1058391045361816 4549 1 5.07
problem81 6.37 840143102850352 7460 1 6.21
problem82 5.82 976394823490469 5166 1 5.66
problem83 4.29 1078765457512243 1488 1 4.22
problem84 3.92 1208320031679290 2324 1 3.79
problem85 6.24 891653899500664 9145 1 6.01
problem86 5.34 942454155173713 4145 1 5.2
problem87 5.74 978358890807224 7236 1 5.43
problem88 6.79 951170761381697 11459 1 6.47
problem89 3.91 1120727181672831 2457 1 3.82
problem90 3.93 1076220849617767 2214 1 3.79
problem91 4.46 960803525246122 1753 1 4.41
problem92 5.6 945910600939261 7585 1 5.36
problem93 4.59 1138456854156060 2734 1 4.43
problem94 5.67 945907679002221 3565 1 5.59
problem95 4.14 1113551582356089 2311 1 3.98
problem96 4.56 1102358145840160 2274 1 4.45
problem97 3.83 1082818916539756 936 1 3.78
problem98 6.19 978078528447447 5398 1 6.05
problem99 4.42 1073514968683486 2007 1 4.34
