problem0 0 124647 0
problem1 0 128041 1
problem2 0 112776 0
problem3 0 125534 1
problem4 0 130785 0
problem5 0 140203 1
problem6 0 120370 0
problem7 0 123216 1
problem8 0 121020 1
problem9 0 121485 1
problem10 0 110268 0
problem11 0 130210 1
problem12 0 118389 0
problem13 0 117455 1
problem14 0 101414 0
problem15 0 114260 1
problem16 0 137743 0
problem17 0 124529 1
problem18 0 120944 0
problem19 0 133222 1
problem20 0 116106 1
problem21 0 114547 1
problem22 0 118171 1
problem23 0 113880 1
problem24 0 113379 0
problem25 0 116693 1
problem26 0 128420 0
problem27 0 114090 1
problem28 0 115741 0
problem29 0 119191 1
problem30 0 113294 0
problem31 0 117980 1
problem32 0 109367 0
problem33 0 122553 1
problem34 0 120408 0
problem35 0 121966 1
problem36 0 92721 0
problem37 0 123195 1
problem38 0 127746 0
problem39 0 101984 1
problem40 0 125707 0
problem41 0 105245 1
problem42 0 129676 0
problem43 0 119986 1
problem44 0 116678 1
problem45 0 122463 1
problem46 0 124662 0
problem47 0 127332 1
problem48 0 133727 0
problem49 0 122113 1
problem50 0 111168 0
problem51 0 140918 1
problem52 0 134361 0
problem53 0 108803 1
problem54 0 120426 0
problem55 0 116200 1
problem56 0 125236 1
problem57 0 128101 1
problem58 0 126325 1
problem59 0 127418 1
problem60 0 121197 0
problem61 0 119079 1
problem62 0 131423 1
problem63 0 121836 1
problem64 0 116615 0
problem65 0 119113 1
problem66 0 130088 0
problem67 0 120446 1
problem68 0 122241 0
problem69 0 120523 1
problem70 0 116690 0
problem71 0 123760 1
problem72 0 120155 0
problem73 0 103341 1
problem74 0 114268 0
problem75 0 120002 1
problem76 0 117013 0
problem77 0 129519 1
problem78 0 121286 0
problem79 0 138356 1
problem80 0 119471 0
problem81 0 121745 1
problem82 0 128016 0
problem83 0 142470 1
problem84 0 125994 1
problem85 0 105107 1
problem86 0 100155 1
problem87 0 120568 1
problem88 0 110467 0
problem89 0 125173 1
problem90 0 126276 0
problem91 0 122314 1
problem92 0 104125 0
problem93 0 125111 1
problem94 0 118830 0
problem95 0 103164 1
problem96 0 113623 0
problem97 0 130009 1
problem98 0 121336 0
problem99 0 125070 1
