problem0 12.84 12392195493 7061 1 4.7 211304.00
problem1 12.41 13759112050 8061 2 10.49 299496.00
problem2 27.58 12185375362 19481 2 22.59 433472.00
problem3 9.35 12032459920 7867 1 7.39 433472.00
problem4 11.65 12637312066 13370 1 8.35 412884.00
problem5 30.90 10936222691 19939 2 29.06 776448.00
problem6 30.30 12034563929 24028 2 25.93 692544.00
problem7 9.62 13362322985 4058 1 3.65 111428.00
problem8 15.07 11378269598 19328 1 12.92 386148.00
problem9 5.96 13642927366 3919 1 4.59 257692.00
problem10 5.85 12451376518 3034 1 4.90 259432.00
problem11 14.13 12368140923 19626 1 12.21 574068.00
problem12 12.80 11590945922 6680 1 11.89 863492.00
problem13 47.89 10158237777 41765 2 40.08 1098048.00
problem14 13.67 12358306656 14054 1 10.16 301380.00
problem15 16.92 11314430522 17606 1 14.17 704776.00
problem16 16.59 10291916766 21270 1 12.75 428928.00
problem17 29.08 11578192099 34242 1 21.56 1239296.00
problem18 8.40 12019993649 5240 1 6.91 217140.00
problem19 16.64 12089889392 17856 1 12.57 690440.00
problem20 7.57 12282411378 3988 1 4.86 163824.00
problem21 13.16 12302118872 11032 1 11.64 393928.00
problem22 11.82 11754800527 11070 1 9.29 229708.00
problem23 9.76 12341930531 8201 1 7.79 356676.00
problem24 15.96 12109405906 11261 1 11.92 696472.00
problem25 17.23 11507543229 33324 1 13.59 652740.00
problem26 47.86 10646276274 50402 2 42.36 991600.00
problem27 18.00 10630630864 23797 1 16.25 801136.00
problem28 7.57 12533990212 2183 1 7.48 181216.00
problem29 17.80 11861602577 13440 1 10.09 565512.00
problem30 24.04 12126598486 26702 1 17.85 569108.00
problem31 7.95 12871246262 4184 1 7.23 569108.00
problem32 17.29 12076059613 17935 1 11.92 542968.00
problem33 13.89 11790169150 8938 1 9.10 551220.00
problem34 11.43 11950727434 7727 1 8.73 393788.00
problem35 21.05 10859294097 35293 1 16.62 512448.00
problem36 14.55 11027038327 11490 1 13.38 383556.00
problem37 13.45 12349805660 8502 1 8.60 389440.00
problem38 12.08 12369740535 10959 1 9.80 340288.00
problem39 10.78 13194337243 6948 1 9.16 331936.00
problem40 9.78 11450161620 7331 1 8.53 304056.00
problem41 8.71 12073750512 6528 1 7.19 258716.00
problem42 5.95 11393439142 1515 1 5.26 259536.00
problem43 10.81 9631804492 16483 1 9.28 258716.00
problem44 15.02 12026305765 12943 1 9.58 454976.00
problem45 6.66 12125928442 2790 1 6.09 235152.00
problem46 21.05 11380293238 21109 1 19.03 638268.00
problem47 17.58 12314621326 11478 1 14.18 747696.00
problem48 24.63 10631040893 15780 1 20.77 1425728.00
problem49 8.05 12435470792 7065 1 6.35 1425728.00
problem50 7.65 12165452255 3010 1 7.17 346436.00
problem51 55.74 11105570213 58776 2 48.30 740704.00
problem52 16.13 12495103366 13627 1 11.66 558580.00
problem53 6.83 12985156975 2837 1 5.75 193512.00
problem54 30.92 9772305162 45721 1 28.80 833836.00
problem55 15.19 11383003443 12298 1 13.58 756120.00
problem56 15.41 12165460873 9799 1 11.47 762324.00
problem57 11.30 12522997372 9783 1 9.71 224004.00
problem58 21.73 11874337242 32361 1 17.50 534728.00
problem59 15.46 12136537053 9556 1 10.53 537848.00
problem60 20.05 11973734972 18213 1 18.44 985664.00
problem61 12.31 11998155850 6345 1 11.39 587760.00
problem62 16.22 11166315058 12726 1 12.10 571060.00
problem63 14.53 11979914717 10492 1 12.18 571060.00
problem64 7.38 12587241916 2388 1 5.76 185448.00
problem65 12.85 11554509455 8432 1 11.94 531636.00
problem66 10.96 12852104626 7386 1 9.86 252668.00
problem67 8.20 14305106390 3188 1 6.03 254384.00
problem68 16.76 12579511324 10149 1 10.17 513680.00
problem69 15.72 11389612203 8226 1 10.26 488120.00
problem70 7.96 13599345871 4079 1 7.30 490568.00
problem71 13.43 11820293817 10504 1 9.33 279548.00
problem72 16.05 10577709935 16499 1 13.26 558424.00
problem73 6.89 13902167063 2460 1 5.96 177804.00
problem74 10.65 11847347171 9373 1 9.20 358204.00
problem75 16.72 11460765126 17918 1 13.74 611676.00
problem76 12.33 12134712660 7304 1 9.00 611676.00
problem77 12.41 11666174730 11014 1 10.83 330596.00
problem78 21.10 12102037702 22075 1 16.48 542704.00
problem79 9.28 12484541085 5822 1 8.39 272840.00
problem80 7.89 11690106501 3714 1 7.12 274608.00
problem81 13.27 12341683532 6613 1 12.57 573428.00
problem82 12.77 11192089505 8720 1 10.34 524176.00
problem83 6.73 12914857221 1551 1 5.49 194240.00
problem84 7.77 13186149074 2909 1 6.26 269288.00
problem85 12.56 11616545657 13645 1 10.44 366520.00
problem86 19.91 11583363924 27354 1 15.13 396028.00
problem87 14.33 12546614903 14931 1 12.63 286544.00
problem88 22.37 11169796438 21056 1 18.89 1135772.00
problem89 17.86 9956729035 20661 1 12.88 1085752.00
problem90 61.84 11070893530 81551 2 54.16 723176.00
problem91 12.38 13375873236 7352 1 9.81 478076.00
problem92 16.22 12267637868 15235 1 13.38 203880.00
problem93 26.20 12176887542 22909 1 13.45 333152.00
problem94 10.31 13086872719 2670 1 9.96 466576.00
problem95 10.84 13586913188 4966 1 9.95 469084.00
problem96 17.59 10704526194 8489 1 17.22 753228.00
problem97 18.21 11119426411 18051 1 15.46 705500.00
problem98 13.81 10809292478 10645 1 10.70 343020.00
problem99 14.25 12276720032 4875 1 9.05 406916.00
