problem0 0 695687015012 0
problem1 0 737252300396 0
problem2 0 769066628477 0
problem3 0 767666235062 0
problem4 0.01 961383653694 0
problem5 0 837507336406 0
problem6 0 719367908858 0
problem7 0.01 723502217574 0
problem8 0 913850760224 0
problem9 0 901280787560 0
problem10 0 834533130835 0
problem11 0.01 826047844046 0
problem12 0 645675541216 0
problem13 0 712033392933 0
problem14 0 788352058249 0
problem15 0.01 885465054578 0
problem16 0 831277216734 0
problem17 0 730832847579 0
problem18 0.01 739110295204 0
problem19 0 997698892228 0
problem20 0 711243504676 0
problem21 0 955369181390 0
problem22 0.01 692934466034 0
problem23 0 742212577409 0
problem24 0 757399827585 0
problem25 0 628012949465 0
problem26 0.01 766440023001 0
problem27 0 775303519842 0
problem28 0 858417142685 0
problem29 0 728367827263 0
problem30 0.01 775273349683 0
problem31 0 766621772701 0
problem32 0 806003927060 0
problem33 0 898789554920 0
problem34 0.01 806579299040 0
problem35 0 794344529208 0
problem36 0 762294528155 0
problem37 0 828968078127 0
problem38 0.01 767123703016 0
problem39 0 789794265977 0
problem40 0 709221771391 0
problem41 0 701905569452 0
problem42 0.01 765888548987 0
problem43 0 722064553679 0
problem44 0 961754092615 0
problem45 0 779171302342 0
problem46 0.01 746999204016 0
problem47 0 707986172826 0
problem48 0 842037882628 0
problem49 0.01 602207693061 0
problem50 0 711035011066 0
problem51 0 859291264026 0
problem52 0 726286786295 0
problem53 0 686812575802 0
problem54 0 880111329052 0
problem55 0.01 764201037665 0
problem56 0 767926020239 0
problem57 0 795587307138 0
problem58 0 871664672001 0
problem59 0.01 999792195039 0
problem60 0 893580541245 0
problem61 0 705238376793 0
problem62 0 821559763180 0
problem63 0.01 652826844271 0
problem64 0 893372736160 0
problem65 0 816624905189 0
problem66 0.01 870381837435 0
problem67 0 537183542526 0
problem68 0 910375641047 0
problem69 0 809603076887 0
problem70 0.01 762746603853 0
problem71 0 750149175396 0
problem72 0 930567711186 0
problem73 0 767592921112 0
problem74 0 572335538082 0
problem75 0.01 1060637845433 0
problem76 0 680866550242 0
problem77 0 653562513154 0
problem78 0.01 740881237393 0
problem79 0 802108055395 0
problem80 0 962175163426 0
problem81 0 808934860627 0
problem82 0.01 754818467675 0
problem83 0 792167793662 0
problem84 0 784489414454 0
problem85 0 781968060127 0
problem86 0.01 603869715842 0
problem87 0 677800884391 0
problem88 0 662891000619 0
problem89 0 942744294877 0
problem90 0 766498520885 0
problem91 0 729708418623 0
problem92 0.01 947137086418 0
problem93 0 771453245677 0
problem94 0 755143958264 0
problem95 0.01 787843187324 0
problem96 0 822432040258 0
problem97 0 646855859604 0
problem98 0 791254336354 0
problem99 0 716219577294 0
