problem0 0.12 3199136213 1
problem1 0.08 3100277261 1
problem2 0.01 3140657861 1
problem3 0.01 2878940157 1
problem4 0.02 2767730101 1
problem5 0.09 2999619565 1
problem6 0.05 3032705701 1
problem7 0.1 3540418013 1
problem8 0.04 3135242645 1
problem9 0.1 3288116685 1
problem10 0.02 3122772613 1
problem11 0 3143950269 1
problem12 0.02 3135526261 1
problem13 0.03 3086930861 1
problem14 0.05 3121320549 1
problem15 0.3 2962377117 1
problem16 0.06 3087216981 1
problem17 0.07 3203334541 1
problem18 0.02 3284070981 1
problem19 0.03 3136076669 1
problem20 0 3048903989 1
problem21 0.08 2976593773 1
problem22 0.02 3069827621 1
problem23 0.21 3344053597 1
problem24 0.07 3020456213 1
problem25 0.01 3029431629 1
problem26 0.04 2952415749 1
problem27 0.04 3139483453 1
problem28 0.08 2943022325 1
problem29 0.01 3120544557 1
problem30 0.34 3346940389 1
problem31 0.01 3157672221 1
problem32 0.01 3101683925 1
problem33 0.01 3151235341 1
problem34 0.17 3133391301 1
problem35 0.08 3102790397 1
problem36 0.06 3118822581 1
problem37 0.09 2896977645 1
problem38 0.02 3347630501 1
problem39 0.37 3157159133 1
problem40 0.29 3162079381 1
problem41 0.01 3483811021 1
problem42 0.17 3289078149 1
problem43 0.01 3041726141 1
problem44 0.1 3340375157 1
problem45 0.02 3026264749 1
problem46 0.01 3205067109 1
problem47 0.01 3224025245 1
problem48 0.24 3234148437 1
problem49 0.02 3069808781 1
problem50 0.01 3149992261 1
problem51 0.14 3240454781 1
problem52 0.04 3036206133 1
problem53 0.14 3020818029 1
problem54 0.07 2985310501 1
problem55 0 3105563741 1
problem56 0.13 2880634901 1
problem57 0.03 2696709197 1
problem58 0.01 3184847109 1
problem59 0.25 3043616317 1
problem60 0.03 3245454325 1
problem61 0 2862811693 1
problem62 0.08 3022856421 1
problem63 0.07 3085938717 1
problem64 0.02 2603806677 1
problem65 0.04 2816448525 1
problem66 0.03 2922832069 1
problem67 0.02 2869592573 1
problem68 0.07 3195319221 1
problem69 0.06 3071290861 1
problem70 0.06 3115329701 1
problem71 0.06 2778225629 1
problem72 0.05 3040149397 1
problem73 0.02 2807221197 1
problem74 0.1 3369531525 1
problem75 0.03 3136765373 1
problem76 0.11 2985415541 1
problem77 0.15 2957341101 1
problem78 0.01 2926137445 1
problem79 0.07 3204786077 1
problem80 0.15 3148427093 1
problem81 0.01 2852528013 1
problem82 0.03 2913284165 1
problem83 0.04 3391101309 1
problem84 0.12 3252228917 1
problem85 0.01 2972898669 1
problem86 0.09 3192428581 1
problem87 0.01 3039171421 1
problem88 0.03 2759819029 1
problem89 0.12 2934543181 1
problem90 0.06 3432089605 1
problem91 0.09 3312784701 1
problem92 0.02 2954523381 1
problem93 0.01 3100137773 1
problem94 0.16 3242065893 1
problem95 0.16 2833981213 1
problem96 0.02 3316117205 1
problem97 0.03 2901223181 1
problem98 0.01 2911633349 1
problem99 0.14 3185979645 1
