problem0 0 169372979 1
problem1 0 128448875 1
problem2 0 118967587 1
problem3 0 130097243 1
problem4 0.04 158313235 1
problem5 0.01 169125195 1
problem6 0.01 142690051 1
problem7 0.01 144590907 1
problem8 0.02 144957683 1
problem9 0.01 122800427 1
problem10 0 161954019 1
problem11 0.03 161146907 1
problem12 0.1 164826835 1
problem13 0.01 123561227 1
problem14 0.09 166142659 1
problem15 0 141885435 1
problem16 0 144389299 1
problem17 0.02 154499307 1
problem18 0 153027747 1
problem19 0 174755803 1
problem20 0.08 169497235 1
problem21 0.02 165151947 1
problem22 0.02 137158275 1
problem23 0 146380731 1
problem24 0.01 141453427 1
problem25 0.04 155388075 1
problem26 0 133083235 1
problem27 0.01 136320923 1
problem28 0.02 162887251 1
problem29 0 158631051 1
problem30 0.04 146963011 1
problem31 0.02 123473787 1
problem32 0.08 160267315 1
problem33 0.04 149583979 1
problem34 0.03 143014947 1
problem35 0.01 145456987 1
problem36 0.02 135559699 1
problem37 0.06 128115787 1
problem38 0.02 152565251 1
problem39 0.05 164390715 1
problem40 0 149450739 1
problem41 0.01 169592875 1
problem42 0 148219875 1
problem43 0.01 125617947 1
problem44 0.03 128409043 1
problem45 0.03 148055051 1
problem46 0.06 169693635 1
problem47 0 142253819 1
problem48 0.07 149898163 1
problem49 0.06 130480107 1
problem50 0.01 147649443 1
problem51 0 134475483 1
problem52 0.03 165552531 1
problem53 0.01 158680011 1
problem54 0 163745155 1
problem55 0 148289211 1
problem56 0 152172403 1
problem57 0 131860395 1
problem58 0.01 140255075 1
problem59 0.02 129037979 1
problem60 0 136889683 1
problem61 0.04 142164875 1
problem62 0.01 158837059 1
problem63 0 156282491 1
problem64 0.04 155224883 1
problem65 0.01 155907947 1
problem66 0.02 158542627 1
problem67 0.02 133422683 1
problem68 0.01 133646611 1
problem69 0.07 156181323 1
problem70 0.01 162309379 1
problem71 0.09 140019259 1
problem72 0 149618419 1
problem73 0.01 142853931 1
problem74 0.01 142743267 1
problem75 0.02 154969627 1
problem76 0.01 121220307 1
problem77 0 149349131 1
problem78 0 173113539 1
problem79 0.07 157171195 1
problem80 0.01 142693043 1
problem81 0.09 158758635 1
problem82 0.04 167305891 1
problem83 0.07 167464411 1
problem84 0.03 148893843 1
problem85 0.01 170951371 1
problem86 0.02 131480707 1
problem87 0.12 156358075 1
problem88 0.01 158566003 1
problem89 0.04 185796267 1
problem90 0.05 164073059 1
problem91 0.04 178247067 1
problem92 0 148509779 1
problem93 0.03 161219211 1
problem94 0 145414211 1
problem95 0.01 144919931 1
problem96 0.02 162634291 1
problem97 0.02 155809387 1
problem98 0 148773411 1
problem99 0.01 144325979 1
