problem0 0 124648 1 0.00
problem1 0.00 128041 1 0.00
problem2 0.00 112777 1 0.00
problem3 0.00 125534 1 0.00
problem4 0.00 130786 1 0.00
problem5 0.00 140203 1 0.00
problem6 0.00 120371 1 0.00
problem7 0.00 123216 1 0.00
problem8 0.00 121020 1 0.00
problem9 0.00 121485 1 0.00
problem10 0.00 110269 1 0.00
problem11 0.00 130210 1 0.00
problem12 0.00 118390 1 0.00
problem13 0.00 117455 1 0.00
problem14 0.00 101415 1 0.00
problem15 0.00 114260 1 0.00
problem16 0.00 137744 1 0.00
problem17 0.00 124529 1 0.00
problem18 0.00 120945 1 0.00
problem19 0.00 133222 1 0.00
problem20 0.00 116106 1 0.00
problem21 0.00 114547 1 0.00
problem22 0.00 118171 1 0.00
problem23 2.85 113880 1 4096.00
problem24 0.00 113380 1 4096.00
problem25 0.00 116693 1 4096.00
problem26 0.00 128421 1 4096.00
problem27 0.00 114090 1 4096.00
problem28 0.00 115742 1 4096.00
problem29 0.00 119191 1 4096.00
problem30 0.00 113295 1 4096.00
problem31 0.00 117980 1 4096.00
problem32 0.00 109368 1 4096.00
problem33 0.00 122553 1 4096.00
problem34 0.00 120409 1 4096.00
problem35 0.00 121966 1 4096.00
problem36 0.00 92722 1 4096.00
problem37 0.00 123195 1 4096.00
problem38 0.00 127747 1 4096.00
problem39 0.00 101984 1 4096.00
problem40 0.00 125708 1 4096.00
problem41 0.00 105245 1 4096.00
problem42 0.00 129677 1 4096.00
problem43 0.00 119986 1 4096.00
problem44 0.00 116678 1 4096.00
problem45 0.00 122463 1 4096.00
problem46 0.00 124663 1 4096.00
problem47 0.00 127332 1 4096.00
problem48 0.00 133728 1 4096.00
problem49 0.00 122113 1 4096.00
problem50 0.00 111169 1 4096.00
problem51 0.00 140918 1 4096.00
problem52 0.00 134362 1 4096.00
problem53 0.00 108803 1 4096.00
problem54 0.00 120427 1 4096.00
problem55 0.00 116200 1 4096.00
problem56 0.00 125236 1 4096.00
problem57 0.00 128101 1 4096.00
problem58 0.00 126325 1 4096.00
problem59 0.00 127418 1 4096.00
problem60 0.00 121198 1 4096.00
problem61 0.00 119079 1 4096.00
problem62 0.00 131423 1 4096.00
problem63 0.00 121836 1 4096.00
problem64 0.00 116616 1 4096.00
problem65 0.00 119113 1 4096.00
problem66 0.00 130089 1 4096.00
problem67 0.00 120446 1 4096.00
problem68 0.00 122242 1 4096.00
problem69 0.00 120523 1 4096.00
problem70 0.00 116691 1 4096.00
problem71 0.00 123760 1 4096.00
problem72 0.00 120156 1 4096.00
problem73 0.00 103341 1 4096.00
problem74 0.00 114269 1 4096.00
problem75 0.00 120002 1 4096.00
problem76 0.00 117014 1 4096.00
problem77 0.00 129519 1 4096.00
problem78 0.00 121287 1 4096.00
problem79 0.00 138356 1 4096.00
problem80 0.00 119472 1 4096.00
problem81 0.00 121745 1 4096.00
problem82 0.00 128017 1 4096.00
problem83 0.00 142470 1 4096.00
problem84 0.00 125994 1 4096.00
problem85 0.00 105107 1 4096.00
problem86 0.00 100155 1 4096.00
problem87 0.00 120568 1 4096.00
problem88 0.00 110468 1 4096.00
problem89 0.00 125173 1 4096.00
problem90 0.00 126277 1 4096.00
problem91 0.00 122314 1 4096.00
problem92 0.00 104126 1 4096.00
problem93 0.00 125111 1 4096.00
problem94 0.00 118831 1 4096.00
problem95 0.00 103164 1 4096.00
problem96 0.00 113624 1 4096.00
problem97 0.00 130009 1 4096.00
problem98 0.00 121337 1 4096.00
problem99 0.00 125070 1 4096.00
