problem0 0 1378052 1 0.00
problem1 0.00 1555074 1 0.00
problem2 0.00 1392528 1 0.00
problem3 0.00 1310126 1 0.00
problem4 0.00 1409116 1 0.00
problem5 0.00 1431322 1 0.00
problem6 0.00 1209704 1 0.00
problem7 0.00 1315526 1 0.00
problem8 0.00 1247924 1 0.00
problem9 0.00 1391794 1 0.00
problem10 0.00 1469504 1 0.00
problem11 0.00 1450206 1 0.00
problem12 0.00 1443340 1 0.00
problem13 0.00 1461066 1 0.00
problem14 0.00 1344536 1 0.00
problem15 0.00 1542134 1 0.00
problem16 0.00 1495652 1 0.00
problem17 0.00 1368802 1 0.00
problem18 0.00 1350896 1 0.00
problem19 0.00 1550350 1 0.00
problem20 0.00 1593276 1 0.00
problem21 0.00 1336186 1 0.00
problem22 0.00 1414856 1 0.00
problem23 0.00 1499430 1 0.00
problem24 0.00 1433108 1 0.00
problem25 0.00 1486098 1 0.00
problem26 0.00 1560992 1 0.00
problem27 0.00 1479486 1 0.00
problem28 0.00 1400172 1 0.00
problem29 0.00 1515434 1 0.00
problem30 0.00 1420664 1 0.00
problem31 0.00 1449558 1 0.00
problem32 0.00 1420740 1 0.00
problem33 0.00 1448770 1 0.00
problem34 0.00 1477200 1 0.00
problem35 0.00 1401454 1 0.00
problem36 0.00 1388316 1 0.00
problem37 0.00 1408986 1 0.00
problem38 0.00 1361960 1 0.00
problem39 0.00 1261446 1 0.00
problem40 0.00 1556852 1 0.00
problem41 0.00 1518962 1 0.00
problem42 0.00 1296128 1 0.00
problem43 0.00 1414558 1 0.00
problem44 0.00 1492172 1 0.00
problem45 0.00 1344522 1 0.00
problem46 0.00 1402584 1 0.00
problem47 0.00 1393846 1 0.00
problem48 0.00 1317156 1 0.00
problem49 0.00 1532834 1 0.00
problem50 0.00 1443760 1 0.00
problem51 0.00 1486030 1 0.00
problem52 0.00 1220220 1 0.00
problem53 0.00 1453114 1 0.00
problem54 0.00 1280392 1 0.00
problem55 0.00 1453542 1 0.00
problem56 0.00 1389780 1 0.00
problem57 0.00 1555922 1 0.00
problem58 0.00 1494112 1 0.00
problem59 0.00 1517566 1 0.00
problem60 0.00 1391660 1 0.00
problem61 0.00 1439850 1 0.00
problem62 0.00 1290296 1 0.00
problem63 0.00 1473302 1 0.00
problem64 0.00 1381508 1 0.00
problem65 0.00 1358850 1 0.00
problem66 0.00 1479952 1 0.00
problem67 0.00 1541934 1 0.00
problem68 0.00 1613276 1 0.00
problem69 0.00 1501338 1 0.00
problem70 0.00 1563368 1 0.00
problem71 0.00 1387590 1 0.00
problem72 0.00 1357876 1 0.00
problem73 0.00 1465906 1 0.00
problem74 0.00 1368512 1 0.00
problem75 0.00 1559134 1 0.00
problem76 0.00 1491852 1 0.00
problem77 0.00 1277130 1 0.00
problem78 0.00 1411480 1 0.00
problem79 0.00 1393014 1 0.00
problem80 0.00 1351652 1 0.00
problem81 0.00 1352802 1 0.00
problem82 0.00 1258096 1 0.00
problem83 0.00 1667470 1 0.00
problem84 0.00 1518908 1 0.00
problem85 0.00 1357050 1 0.00
problem86 0.00 1424456 1 0.00
problem87 0.00 1391270 1 0.00
problem88 0.00 1395604 1 0.00
problem89 0.00 1314450 1 0.00
problem90 0.00 1345312 1 0.00
problem91 0.00 1506494 1 0.00
problem92 0.00 1399532 1 0.00
problem93 0.00 1347882 1 0.00
problem94 0.00 1405688 1 0.00
problem95 0.00 1415126 1 0.00
problem96 0.00 1456964 1 0.00
problem97 0.00 1416386 1 0.00
problem98 0.00 1466320 1 0.00
problem99 0.00 1403886 1 0.00
