problem0 0 554942 1
problem1 0 585163 0
problem2 0 628347 1
problem3 0 608612 0
problem4 0 612672 1
problem5 0 645477 0
problem6 0 599373 1
problem7 0 639502 0
problem8 0 676322 1
problem9 0 553376 1
problem10 0 669759 1
problem11 0 553048 0
problem12 0 623524 1
problem13 0 618617 0
problem14 0 606545 1
problem15 0 564802 0
problem16 0 651398 1
problem17 0 651251 0
problem18 0 561795 1
problem19 0 587212 0
problem20 0 604808 1
problem21 0 633357 0
problem22 0 564693 1
problem23 0 622838 0
problem24 0 549802 1
problem25 0 604359 0
problem26 0 587079 1
problem27 0 534976 0
problem28 0 658924 1
problem29 0 661026 1
problem30 0 592601 1
problem31 0 621098 0
problem32 0 572238 1
problem33 0 646171 0
problem34 0 618635 1
problem35 0 613429 1
problem36 0 609744 1
problem37 0 558261 0
problem38 0 563293 1
problem39 0 596446 0
problem40 0 673650 1
problem41 0 584176 1
problem42 0 611407 1
problem43 0 646440 0
problem44 0 625204 1
problem45 0 656841 0
problem46 0 595553 1
problem47 0 520210 0
problem48 0 595990 1
problem49 0 619076 1
problem50 0 569491 1
problem51 0 638108 0
problem52 0 676632 1
problem53 0 600413 0
problem54 0 562405 1
problem55 0 625862 0
problem56 0 638266 1
problem57 0 558359 0
problem58 0 660823 1
problem59 0 543376 0
problem60 0 587900 1
problem61 0 573297 0
problem62 0 599017 1
problem63 0 606202 0
problem64 0 640734 1
problem65 0 651883 0
problem66 0 578203 1
problem67 0 595717 1
problem68 0 625248 1
problem69 0 530437 0
problem70 0 529261 1
problem71 0 580015 1
problem72 0 591106 1
problem73 0 543295 0
problem74 0 620639 1
problem75 0 602616 0
problem76 0 579780 1
problem77 0 656153 0
problem78 0 619377 1
problem79 0 584162 0
problem80 0 575398 1
problem81 0 580755 0
problem82 0 644771 1
problem83 0 584556 0
problem84 0 619432 1
problem85 0 577709 0
problem86 0 529397 1
problem87 0 573590 0
problem88 0 646858 1
problem89 0 653671 0
problem90 0 589159 1
problem91 0 562016 0
problem92 0 600844 1
problem93 0 643266 1
problem94 0 509177 1
problem95 0 617931 1
problem96 0 580206 1
problem97 0 553148 1
problem98 0 638123 1
problem99 0 621012 0
