problem0 0.57 513378260041731 258 1 0.03 5292.00
problem1 0.18 428440087052389 373 2 0.02 3768.00
problem2 0.04 455634383472961 103 1 0.01 4032.00
problem3 0.09 369694207923001 208 1 0.02 4044.00
problem4 0.23 496095947995289 212 1 0.01 4044.00
problem5 0.07 513254498246398 174 1 0.01 4044.00
problem6 0.11 557004198451795 189 1 0.01 4044.00
problem7 0.03 503468644181626 112 1 0.02 4400.00
problem8 0.06 499482190785179 117 1 0.01 4400.00
problem9 0.02 458031016560423 101 1 0.01 4400.00
problem10 0.03 477739021350349 59 1 0.01 4400.00
problem11 0.05 395157676429581 203 1 0.01 4400.00
problem12 0.04 469072347864022 136 1 0.01 4400.00
problem13 0.06 453287739523932 186 1 0.01 4400.00
problem14 0.26 630470241036107 148 1 0.01 4400.00
problem15 0.08 471395312976579 187 1 0.01 4400.00
problem16 0.14 494861016071008 232 1 0.01 4400.00
problem17 0.24 452322878404526 198 1 0.01 4400.00
problem18 0.13 484412159209672 223 1 0.01 4400.00
problem19 0.08 540899927158293 140 1 0.01 4400.00
problem20 0.2 402165736536806 367 1 0.01 4400.00
problem21 0.03 403638043177463 159 1 0.01 4400.00
problem22 0.05 415954329619034 139 1 0.01 4400.00
problem23 0.04 456381856306931 168 1 0.01 4400.00
problem24 0.12 459449245149359 237 1 0.02 4400.00
problem25 0.16 507804256696354 299 1 0.01 4400.00
problem26 0.03 461060034547551 100 1 0.01 4400.00
problem27 0.06 387704982020439 164 1 0.02 4400.00
problem28 0.51 509565741466338 298 1 0.02 4400.00
problem29 0.03 438879099302674 167 1 0.01 4400.00
problem30 0.04 416164277636720 152 1 0.01 4400.00
problem31 0.08 608362156011960 110 1 0.01 4400.00
problem32 0.17 448781049993092 188 1 0.02 4400.00
problem33 0.09 522820478896907 173 1 0.02 4400.00
problem34 0.02 535796445597392 83 1 0 4400.00
problem35 0.04 490030285123938 113 1 0.01 4400.00
problem36 0.1 413704505575495 176 1 0.01 4400.00
problem37 0.03 511398162306062 123 1 0.01 4400.00
problem38 0.04 514121140723679 136 1 0.01 4400.00
problem39 0.07 493179257104589 184 1 0.01 4400.00
problem40 0.04 478924294746815 136 1 0.01 4400.00
problem41 0.03 462101738198942 182 1 0.01 4400.00
problem42 0.04 548982743350198 138 1 0.01 4400.00
problem43 0.08 518524606297032 158 1 0.01 4400.00
problem44 0.41 473939653692428 305 1 0.01 4400.00
problem45 0.04 549737333205942 159 1 0.02 4400.00
problem46 0.1 490585935395816 160 1 0.01 4400.00
problem47 0.04 434087081734311 139 1 0.01 4400.00
problem48 0.1 493228411117494 223 1 0.01 4400.00
problem49 0.21 410731598479488 270 1 0.01 4400.00
problem50 0.08 460134370905843 146 1 0.01 4400.00
problem51 0.1 421862263545613 253 1 0.01 4400.00
problem52 0.06 497470477784121 174 1 0.01 4400.00
problem53 0.07 477375514314349 181 1 0.01 4400.00
problem54 0.11 397546379821025 208 1 0.01 4400.00
problem55 0.12 548207519593426 178 1 0.01 4400.00
problem56 0.07 447595616252972 120 1 0.02 4444.00
problem57 0.02 469819273633930 79 1 0.01 4444.00
problem58 0.05 491838479921195 141 1 0.01 4444.00
problem59 0.05 530146848990311 175 1 0.01 4444.00
problem60 0.04 534968736460958 117 1 0.01 4444.00
problem61 0.04 506532251853172 147 1 0.01 4444.00
problem62 0.05 559693046758744 74 1 0 4444.00
problem63 0.06 537237395995421 136 1 0.01 4444.00
problem64 0.06 524981323846507 103 1 0.01 4444.00
problem65 0.22 498563596503687 236 1 0.01 4444.00
problem66 0.1 463236006406196 201 1 0.02 4500.00
problem67 0.06 526444454935145 155 1 0.01 4500.00
problem68 0.06 389789228187858 168 1 0.03 5008.00
problem69 0.03 433892786024702 125 1 0.01 5008.00
problem70 0.04 425160760289994 133 1 0.02 4084.00
problem71 0.04 445058834960361 163 1 0.01 4404.00
