problem0 0.39 10474935429 1
problem1 0.07 8997771762 1
problem2 0.03 9822548486 1
problem3 0.56 9244197143 1
problem4 0.09 10207280095 1
problem5 1.82 10445325556 1
problem6 0.82 10148671568 1
problem7 1.03 10048636105 1
problem8 0.26 11989463961 1
problem9 0.31 10983087574 1
problem10 0.03 10867400698 1
problem11 0.25 10308369243 1
problem12 0.1 10585986483 1
problem13 0.38 10839729816 1
problem14 0.12 9721514756 1
problem15 0.28 10310702797 1
problem16 0 8818367533 1
problem17 0.09 10781442362 1
problem18 0.02 10493418350 1
problem19 0.03 10383763743 1
problem20 0.21 9811583239 1
problem21 0.08 10224627644 1
problem22 0.27 10737457976 1
problem23 0.05 10698450001 1
problem24 0.13 11260059201 1
problem25 0.07 8936821790 1
problem26 0.05 10875925602 1
problem27 0.13 10179091043 1
problem28 0.21 10739363291 1
problem29 0.71 11554091104 1
problem30 0 11003654380 1
problem31 0.22 10730388821 1
problem32 0.08 9078032853 1
problem33 0.01 10252396162 1
problem34 0.03 10064493270 1
problem35 0.07 10976501543 1
problem36 0.06 12225743919 1
problem37 1.12 10567858308 1
problem38 0.05 11325529120 1
problem39 0.51 10215354841 1
problem40 0.01 9773887209 1
problem41 0.17 10473605222 1
problem42 0.33 10694508234 1
problem43 0.05 10542139243 1
problem44 0.19 10021653507 1
problem45 0.73 10861467688 1
problem46 0.49 10461031636 1
problem47 0.67 9390920157 1
problem48 0 10959445373 1
problem49 0.08 12096489930 1
problem50 0.03 11384655934 1
problem51 1.48 10982073135 1
problem52 0.04 10148166999 1
problem53 1.19 10368016204 1
problem54 0.09 9872782088 1
problem55 0.14 11343506785 1
problem56 0.04 10175620497 1
problem57 0.12 10782341806 1
problem58 0.4 10616651570 1
problem59 0.93 10626318963 1
problem60 0.01 10462539819 1
problem61 0.52 10791149040 1
problem62 0.5 11366678204 1
problem63 0.28 10335638629 1
problem64 0.01 10818967333 1
problem65 0.34 9823857426 1
problem66 0.11 9943882662 1
problem67 0.39 11347899703 1
problem68 0.18 10007311487 1
problem69 0.46 12139881492 1
problem70 0.09 10838188016 1
problem71 0.12 10332182249 1
problem72 0.16 10217275961 1
problem73 0.01 9781013238 1
problem74 0.06 10891818394 1
