problem0 4.22 593743060070267 171 1 0.55 30264.00
problem1 1.06 486593561971421 97 1 0.44 49308.00
problem2 3.61 536915110952113 138 1 0.75 42916.00
problem3 1.01 572537255699585 118 1 0.44 49704.00
problem4 2.46 614094376674784 151 1 0.44 53808.00
problem5 1.13 554396412327578 92 1 0.59 51484.00
problem6 4.43 575533347320153 166 1 0.45 51484.00
problem7 1.82 587100690735446 110 1 0.56 52520.00
problem8 1.30 598824187239904 91 1 0.59 52712.00
problem9 3.95 415175749605755 183 1 0.50 47976.00
problem10 5.10 534066239292791 149 1 0.42 48012.00
problem11 1.50 558617087268062 103 1 0.48 48852.00
problem12 1.34 677549112537324 90 1 0.52 53496.00
problem13 1.35 570583067508654 109 1 0.71 61044.00
problem14 4.28 535354398788169 151 1 0.59 57904.00
problem15 1.84 692279443923586 86 1 0.39 49396.00
problem16 0.96 588044660691999 99 1 0.65 61128.00
problem17 3.05 588957321730728 119 1 0.65 51364.00
problem18 1.25 547350177331523 109 1 0.52 53360.00
problem19 2.89 563904155225148 164 1 0.53 48344.00
problem20 3.80 544444280458145 163 1 0.51 53648.00
problem21 5.29 520043603880307 181 1 0.78 58784.00
problem22 1.17 588404230168398 124 1 0.47 51700.00
problem23 3.24 653487837578340 139 1 0.46 53824.00
problem24 1.71 658372492311042 121 1 0.49 49048.00
problem25 2.11 645838657912882 127 1 0.54 55332.00
problem26 2.92 525095781620298 148 1 0.78 62688.00
problem27 0.90 529799746832372 90 1 0.55 47896.00
problem28 1.31 587009552278160 110 1 0.45 53164.00
problem29 7.01 565875031359193 184 1 0.49 53164.00
problem30 1.43 572640814963138 155 1 0.48 53164.00
problem31 1.44 620591056549371 119 1 0.36 53692.00
problem32 3.07 625317618862209 132 1 0.44 48908.00
problem33 2.59 590406264763978 139 1 0.51 52724.00
problem34 2.39 406168574036063 184 1 0.63 57944.00
problem35 2.89 561891706547124 163 1 0.32 46176.00
problem36 1.75 594393438550083 107 1 0.69 53772.00
problem37 1.03 545312099429980 128 1 0.39 53772.00
problem38 2.60 664227834445142 129 1 0.45 48900.00
problem39 3.67 587812186354626 143 1 0.57 54184.00
problem40 5.01 598255762008887 158 1 0.58 51452.00
problem41 5.22 529330645909173 161 1 0.31 53172.00
problem42 0.92 524283770772127 81 1 0.68 60072.00
problem43 2.28 592472979982049 104 1 0.51 49112.00
problem44 2.36 592622794640674 123 1 0.53 51288.00
problem45 2.25 598945859619515 141 1 0.51 52200.00
problem46 2.22 533889433282474 148 1 0.68 57924.00
problem47 1.13 599309455741836 114 1 0.48 49040.00
problem48 1.02 596227074488986 118 1 0.41 49048.00
problem49 2.27 561583009516865 161 1 0.46 53204.00
problem50 5.59 571519760602987 131 1 0.61 61908.00
problem51 1.16 581415300248156 107 1 0.55 51648.00
problem52 1.36 617230763659138 120 1 0.53 50600.00
problem53 4.16 554442060113651 207 1 0.56 52028.00
problem54 1.06 600591569831668 105 1 0.61 58012.00
problem55 1.47 502882364737543 131 1 0.65 57544.00
problem56 3.24 569512497788435 164 1 0.51 50992.00
problem57 1.67 562651993924181 103 1 0.49 52652.00
problem58 2.84 530833266253410 118 1 0.58 56200.00
problem59 1.42 520625500771490 118 1 0.82 62440.00
problem60 4.04 567701422726640 138 1 0.45 48944.00
problem61 1.10 565612761189105 81 1 0.38 53096.00
problem62 1.56 554555225206434 117 1 0.86 65980.00
problem63 2.97 615248720545090 147 1 0.38 48252.00
problem64 1.57 477366727514127 95 1 0.82 66184.00
problem65 1.01 734041305489815 128 1 0.37 48632.00
problem66 0.93 530018398985524 108 1 0.44 52372.00
problem67 2.84 486159448385516 169 1 0.69 61500.00
problem68 12.97 569021814617121 199 1 0.66 53816.00
problem69 2.12 599313908970650 139 1 0.40 54164.00
problem70 0.99 639183884882163 108 1 0.58 54168.00
problem71 6.27 537774043375050 170 1 0.72 60020.00
problem72 2.74 540732387900101 171 1 0.38 46436.00
problem73 2.93 498542680085549 156 1 0.67 62288.00
problem74 1.49 639345920800448 105 1 0.41 48336.00
problem75 1.17 561965851570692 125 1 0.42 48560.00
problem76 2.28 687220323363298 147 1 0.24 48568.00
problem77 1.39 632040105535524 128 1 0.30 51972.00
problem78 2.23 544248071184717 161 1 0.71 59644.00
problem79 4.85 441252272179285 196 1 0.54 47020.00
problem80 0.92 598374345813633 97 1 0.51 52972.00
problem81 5.72 578528995419382 210 1 0.76 66220.00
problem82 1.77 604092508054681 136 1 0.54 48476.00
problem83 1.59 587395708094278 133 1 0.42 52692.00
problem84 6.08 612588800767452 185 1 0.48 53224.00
problem85 12.13 643774373246107 174 1 0.38 53224.00
problem86 12.06 620722179167588 190 1 0.39 53280.00
problem87 1.28 529327775416132 129 1 0.58 56876.00
problem88 1.01 589406627484519 117 1 0.44 49028.00
problem89 0.48 548035874542752 34 1 0.41 49480.00
problem90 1.08 531097200266069 104 1 0.54 49680.00
problem91 0.94 586886561764616 131 1 0.49 49744.00
problem92 1.44 585441460517472 111 1 0.82 71060.00
problem93 1.50 573465672696053 145 1 0.45 50516.00
problem94 6.77 464356522378428 181 1 0.65 58740.00
problem95 1.53 519452208979849 106 1 0.71 61592.00
problem96 0.63 577234549904491 69 1 0.42 48464.00
problem97 3.17 626390360161885 129 1 0.40 49052.00
problem98 1.03 572645671317081 101 1 0.56 53992.00
problem99 3.56 560606430583052 140 1 0.40 47868.00
