problem0 6.5 4946370629151453 1 4444.00
problem1 12.14 4457875817472149 1 5936.00
problem2 6.86 4144786826699469 1 5936.00
problem3 7.41 4099872749513093 1 5936.00
problem4 1.59 4736122167078077 1 5936.00
problem5 7.75 4241790539179125 1 5936.00
problem6 6.25 4169558053816493 1 5936.00
problem7 11.22 4229672536609125 1 5936.00
problem8 4.18 4640826530035357 1 5936.00
problem9 7.90 4159471909367893 1 5936.00
problem10 6.50 4713712077813389 1 5936.00
problem11 11.10 3863662413676869 1 5936.00
problem12 7.37 4485668897851517 1 5936.00
problem13 10.14 4310019300066357 1 5936.00
problem14 20.77 4110777881504877 1 5936.00
problem15 6.09 4472985534871845 1 5936.00
problem16 8.94 3883207472243293 1 5936.00
problem17 6.41 3789814598361109 1 5936.00
problem18 5.88 4598306044963405 1 5936.00
problem19 18.47 4133817761741061 1 5936.00
problem20 5.71 4160224117949501 1 5936.00
problem21 7.14 4239236943086581 1 5936.00
problem22 7.83 4327554000842797 1 5936.00
problem23 11.21 4392563111362789 1 5936.00
problem24 11.64 4083638660853277 1 5936.00
problem25 10.80 3972919363071957 1 5936.00
problem26 9.69 4264166502317581 1 5936.00
problem27 6.68 4195054385533125 1 5936.00
problem28 10.41 4582936562212861 1 5936.00
problem29 9.19 4400105872499637 1 5936.00
problem30 11.25 4715273120601069 1 5936.00
problem31 6.49 4204798652639397 1 5936.00
problem32 7.54 4452512436263389 1 5936.00
problem33 4.95 3857558933315477 1 5936.00
problem34 6.78 4499021421654477 1 5936.00
problem35 9.48 3739960654104709 1 5936.00
problem36 6.11 4764653920705469 1 5936.00
problem37 7.92 4361488025838453 1 5936.00
problem38 10.87 4654302891628461 1 5936.00
problem39 7.90 4083974598881381 1 5936.00
problem40 7.15 4258043344053661 1 5936.00
problem41 2.28 4289886912180053 1 5936.00
problem42 7.08 4796154821756301 1 5936.00
problem43 4.93 4480864580182085 1 5936.00
problem44 14.94 4276926629492605 1 5936.00
problem45 12.52 4331337682240309 1 5936.00
problem46 8.21 4288431872179053 1 5936.00
problem47 13.46 4288689101215781 1 5936.00
problem48 16.28 3555502042239325 1 5936.00
problem49 8.55 4496743770971925 1 5936.00
problem50 9.02 4220529873320269 1 5936.00
problem51 7.46 4076114408462341 1 5936.00
problem52 7.04 4378165475521341 1 5936.00
problem53 9.30 3908188829238005 1 5936.00
problem54 12.11 4345357074808621 1 5936.00
problem55 14.15 3654408400166885 1 5936.00
problem56 14.80 4358452882890013 1 5936.00
problem57 6.67 3679381773807317 1 5936.00
problem58 3.85 4898346747743501 1 5936.00
problem59 6.33 3762871155765189 1 5936.00
problem60 6.92 4515253295075069 1 5936.00
problem61 3.77 4476424064000693 1 5936.00
problem62 6.82 3936269141418733 1 5936.00
problem63 4.52 4614919249840037 1 5936.00
problem64 9.84 4089220843505885 1 5936.00
problem65 8.04 4421384088034965 1 5936.00
problem66 7.60 3915548885893325 1 5936.00
problem67 7.55 4222927710726021 1 5936.00
problem68 9.49 4755922392451773 1 5936.00
problem69 5.57 4127063448953461 1 5936.00
problem70 9.38 4075097005991597 1 5936.00
problem71 4.85 4205008087961445 1 5936.00
problem72 8.64 4108060921713821 1 5936.00
problem73 6.86 4118504221666901 1 5936.00
problem74 7.43 4165312659969165 1 5936.00
problem75 8.18 4177515793628997 1 5936.00
problem76 6.49 4441010982348413 1 5936.00
problem77 2.54 3962896761389621 1 5936.00
problem78 5.90 4532513069746797 1 5936.00
problem79 9.17 4258414203631397 1 5936.00
problem80 11.10 4047632415375453 1 5936.00
problem81 4.13 4548248295857685 1 5936.00
problem82 8.63 3893598758832205 1 5936.00
problem83 5.64 4385113055131397 1 5936.00
problem84 17.95 4374948050428477 1 5936.00
problem85 8.57 4114385930355189 1 5936.00
problem86 8.58 4017060561948205 1 5936.00
problem87 8.83 4490784907116261 1 5936.00
problem88 10.00 4189301248248861 1 5936.00
problem89 8.21 3972615598534101 1 5936.00
problem90 8.40 4208524547939341 1 5936.00
problem91 4.53 4094401385189061 1 5936.00
problem92 8.96 3969479842397693 1 5936.00
problem93 10.87 3962298961404341 1 5936.00
problem94 9.59 4105615551427053 1 5936.00
problem95 7.21 4363330559059621 1 5936.00
problem96 8.34 4059321319356381 1 5936.00
problem97 9.93 3862144764190101 1 5936.00
problem98 6.26 4435734895841229 1 5936.00
problem99 3.75 4448337732781701 1 5936.00
