problem0 0.29 528187540602298 5 -1547722872 6.95328e-310 0.00
problem1 0.41 524556814631048 5 -1547722872 6.95328e-310 0.00
problem2 0.31 545327536901007 5 -1547722872 6.95328e-310 0.00
problem3 0.45 484182841502800 5 -1547722872 6.95328e-310 0.00
problem4 0.37 538604281975439 5 -1547722872 6.95328e-310 0.00
problem5 2.21 438708570348930 5 -1547722872 6.95328e-310 0.00
problem6 0.36 487831432838375 5 -1547722872 6.95328e-310 0.00
problem7 0.3 381568661906313 5 -1547722872 6.95328e-310 0.00
problem8 0.42 605519656334927 5 -1547722872 6.95328e-310 0.00
problem9 1.16 580907880149283 5 -1547722872 6.95328e-310 0.00
problem10 0.36 550112169045983 5 -1547722872 6.95328e-310 0.00
problem11 0.34 500188176582056 5 -1547722872 6.95328e-310 0.00
problem12 0.33 554586768659230 5 -1547722872 6.95328e-310 0.00
problem13 0.36 498024597141308 5 -1547722872 6.95328e-310 0.00
problem14 0.38 463921836835013 5 -1547722872 6.95328e-310 0.00
problem15 0.32 504226192495694 5 -1547722872 6.95328e-310 0.00
problem16 1.02 507397153795378 5 -1547722872 6.95328e-310 0.00
problem17 0.34 418385275812900 5 -1547722872 6.95328e-310 0.00
problem18 0.34 512957250403813 5 -1547722872 6.95328e-310 0.00
problem19 0.34 583621926717824 5 -1547722872 6.95328e-310 0.00
problem20 0.29 569975680978576 5 -1547722872 6.95328e-310 0.00
problem21 0.32 590521405153200 5 -1547722872 6.95328e-310 0.00
problem22 0.28 380950949920397 5 -1547722872 6.95328e-310 0.00
problem23 0.31 506438236636806 5 -1547722872 6.95328e-310 0.00
problem24 0.41 461846575108992 5 -1547722872 6.95328e-310 0.00
problem25 0.81 516952378538450 5 -1547722872 6.95328e-310 0.00
problem26 0.3 589055613729383 5 -1547722872 6.95328e-310 0.00
problem27 0.35 541955930172876 5 -1547722872 6.95328e-310 0.00
problem28 0.43 543607084060840 5 -1547722872 6.95328e-310 0.00
problem29 0.79 563213120365837 5 -1547722872 6.95328e-310 0.00
problem30 0.34 527072830151197 5 -1547722872 6.95328e-310 0.00
problem31 0.67 483108896265734 5 -1547722872 6.95328e-310 0.00
problem32 0.51 524011744702963 5 -1547722872 6.95328e-310 0.00
problem33 0.37 519110181193447 5 -1547722872 6.95328e-310 0.00
problem34 0.61 510183868628711 5 -1547722872 6.95328e-310 0.00
problem35 0.24 533270157879736 5 -1547722872 6.95328e-310 0.00
problem36 0.35 463387622181613 5 -1547722872 6.95328e-310 0.00
problem37 0.36 374613017630508 5 -1547722872 6.95328e-310 0.00
problem38 0.37 552467509767084 5 -1547722872 6.95328e-310 0.00
problem39 0.29 497699194619276 5 -1547722872 6.95328e-310 0.00
problem40 0.75 489785961493029 5 -1547722872 6.95328e-310 0.00
problem41 0.39 497296881627304 5 -1547722872 6.95328e-310 0.00
problem42 0.36 453380599239918 5 -1547722872 6.95328e-310 0.00
problem43 0.09 425102784482040 5 -1547722872 6.95328e-310 0.00
problem44 0.37 516150717815405 5 -1547722872 6.95328e-310 0.00
problem45 0.31 630009393617841 5 -1547722872 6.95328e-310 0.00
problem46 0.36 497525636665851 5 -1547722872 6.95328e-310 0.00
problem47 0.58 552030813555176 5 -1547722872 6.95328e-310 0.00
problem48 0.49 574507694093734 5 -1547722872 6.95328e-310 0.00
problem49 0.37 564114356331824 5 -1547722872 6.95328e-310 0.00
problem50 0.27 452553705963515 5 -1547722872 6.95328e-310 0.00
problem51 0.93 558763819441233 5 -1547722872 6.95328e-310 0.00
problem52 0.42 461541384260779 5 -1547722872 6.95328e-310 0.00
problem53 0.3 532726189339408 5 -1547722872 6.95328e-310 0.00
problem54 0.31 402627490614741 5 -1547722872 6.95328e-310 0.00
problem55 0.35 570216585048355 5 -1547722872 6.95328e-310 0.00
problem56 0.35 513200443097621 5 -1547722872 6.95328e-310 0.00
problem57 0.4 473101484494145 5 -1547722872 6.95328e-310 0.00
problem58 0.52 620488219574494 5 -1547722872 6.95328e-310 0.00
problem59 0.37 512986202335649 5 -1547722872 6.95328e-310 0.00
problem60 0.7 414522354643144 5 -1547722872 6.95328e-310 0.00
problem61 0.3 602442292145489 5 -1547722872 6.95328e-310 0.00
problem62 0.27 621965189056603 5 -1547722872 6.95328e-310 0.00
problem63 0.28 522730774742631 5 -1547722872 6.95328e-310 0.00
problem64 1.05 537331359074841 5 -1547722872 6.95328e-310 0.00
problem65 0.41 609597204379905 5 -1547722872 6.95328e-310 0.00
problem66 0.29 594092797895335 5 -1547722872 6.95328e-310 0.00
problem67 0.31 503223771203315 5 -1547722872 6.95328e-310 0.00
problem68 0.36 610163040249692 5 -1547722872 6.95328e-310 0.00
problem69 0.58 567201968890766 5 -1547722872 6.95328e-310 0.00
problem70 0.39 598187160166077 5 -1547722872 6.95328e-310 0.00
problem71 0.29 510104428966698 5 -1547722872 6.95328e-310 0.00
problem72 0.77 555720746540964 5 -1547722872 6.95328e-310 0.00
problem73 0.35 545613273187331 5 -1547722872 6.95328e-310 0.00
problem74 0.3 535688430452530 5 -1547722872 6.95328e-310 0.00
problem75 0.37 479630358287638 5 -1547722872 6.95328e-310 0.00
problem76 0.37 543797196315497 5 -1547722872 6.95328e-310 0.00
problem77 0.39 584108996713241 5 -1547722872 6.95328e-310 0.00
problem78 0.39 484646911135040 5 -1547722872 6.95328e-310 0.00
problem79 0.43 459331354099155 5 -1547722872 6.95328e-310 0.00
problem80 0.36 557379370942169 5 -1547722872 6.95328e-310 0.00
problem81 0.38 532189487370069 5 -1547722872 6.95328e-310 0.00
problem82 0.33 442561206241865 5 -1547722872 6.95328e-310 0.00
problem83 0.34 524737547004669 5 -1547722872 6.95328e-310 0.00
problem84 0.29 546969674744193 5 -1547722872 6.95328e-310 0.00
problem85 1.46 471475338657441 5 -1547722872 6.95328e-310 0.00
problem86 0.33 522055847529024 5 -1547722872 6.95328e-310 0.00
problem87 0.36 443510377905700 5 -1547722872 6.95328e-310 0.00
problem88 0.3 491740004317273 5 -1547722872 6.95328e-310 0.00
problem89 0.35 492705641548005 5 -1547722872 6.95328e-310 0.00
problem90 0.36 535283219362787 5 -1547722872 6.95328e-310 0.00
problem91 0.57 594091097944760 5 -1547722872 6.95328e-310 0.00
problem92 0.31 584674792624724 5 -1547722872 6.95328e-310 0.00
problem93 0.32 582735886210626 5 -1547722872 6.95328e-310 0.00
problem94 0.38 565056277425853 5 -1547722872 6.95328e-310 0.00
problem95 0.37 617902667449282 5 -1547722872 6.95328e-310 0.00
problem96 0.35 524177055793452 5 -1547722872 6.95328e-310 0.00
problem97 1.04 462078025222634 5 -1547722872 6.95328e-310 0.00
problem98 0.34 407651159825294 5 -1547722872 6.95328e-310 0.00
problem99 0.29 503036966343223 5 -1547722872 6.95328e-310 0.00
