problem0 0.52 150511 5 930777656 6.95319e-310 0.00
problem1 0.69 156699 5 930777656 6.95319e-310 0.00
problem2 0.66 190815 5 930777656 6.95319e-310 0.00
problem3 1.19 161186 5 930777656 6.95319e-310 0.00
problem4 0.03 119439 5 930777656 6.95319e-310 0.00
problem5 0.26 148226 5 930777656 6.95319e-310 0.00
problem6 1.56 167124 5 930777656 6.95319e-310 0.00
problem7 2.4 182605 5 930777656 6.95319e-310 0.00
problem8 0.62 174585 5 930777656 6.95319e-310 0.00
problem9 1.6 157713 5 930777656 6.95319e-310 0.00
problem10 0.21 162895 5 930777656 6.95319e-310 0.00
problem11 0.72 181599 5 930777656 6.95319e-310 0.00
problem12 3.54 174762 5 930777656 6.95319e-310 0.00
problem13 0.36 168390 5 930777656 6.95319e-310 0.00
problem14 0.1 156756 5 930777656 6.95319e-310 0.00
problem15 0.61 142425 5 930777656 6.95319e-310 0.00
problem16 0.84 161058 5 930777656 6.95319e-310 0.00
problem17 0.23 173733 5 930777656 6.95319e-310 0.00
problem18 0.46 170337 5 930777656 6.95319e-310 0.00
problem19 0.64 174267 5 930777656 6.95319e-310 0.00
problem20 0.4 160226 5 930777656 6.95319e-310 0.00
problem21 0.17 185643 5 930777656 6.95319e-310 0.00
problem22 0.11 153589 5 930777656 6.95319e-310 0.00
problem23 1.16 167175 5 930777656 6.95319e-310 0.00
problem24 0.25 127339 5 930777656 6.95319e-310 0.00
problem25 0.97 185307 5 930777656 6.95319e-310 0.00
problem26 0.62 189586 5 930777656 6.95319e-310 0.00
problem27 1.05 160697 5 930777656 6.95319e-310 0.00
problem28 0.5 191547 5 930777656 6.95319e-310 0.00
problem29 0.56 180529 5 930777656 6.95319e-310 0.00
problem30 0.1 191414 5 930777656 6.95319e-310 0.00
problem31 1.73 155476 5 930777656 6.95319e-310 0.00
problem32 0.56 164564 5 930777656 6.95319e-310 0.00
problem33 0.84 197552 5 930777656 6.95319e-310 0.00
problem34 1.35 172516 5 930777656 6.95319e-310 0.00
problem35 1.41 170582 5 930777656 6.95319e-310 0.00
problem36 0.44 187828 5 930777656 6.95319e-310 0.00
problem37 0.28 149973 5 930777656 6.95319e-310 0.00
problem38 0.79 181144 5 930777656 6.95319e-310 0.00
problem39 0.44 169791 5 930777656 6.95319e-310 0.00
problem40 3.08 159069 5 930777656 6.95319e-310 0.00
problem41 0.32 125476 5 930777656 6.95319e-310 0.00
problem42 0.18 152916 5 930777656 6.95319e-310 0.00
problem43 1.73 192660 5 930777656 6.95319e-310 0.00
problem44 0.43 158285 5 930777656 6.95319e-310 0.00
problem45 0.39 172827 5 930777656 6.95319e-310 0.00
problem46 0.1 164760 5 930777656 6.95319e-310 0.00
problem47 0.59 174285 5 930777656 6.95319e-310 0.00
problem48 2.3 177415 5 930777656 6.95319e-310 0.00
problem49 0.32 170809 5 930777656 6.95319e-310 0.00
problem50 0.21 148197 5 930777656 6.95319e-310 0.00
problem51 0.85 166511 5 930777656 6.95319e-310 0.00
problem52 0.38 153094 5 930777656 6.95319e-310 0.00
problem53 0.67 172287 5 930777656 6.95319e-310 0.00
problem54 0.81 167866 5 930777656 6.95319e-310 0.00
problem55 2.33 157691 5 930777656 6.95319e-310 0.00
problem56 0.66 196047 5 930777656 6.95319e-310 0.00
problem57 1.01 166638 5 930777656 6.95319e-310 0.00
problem58 0.62 167574 5 930777656 6.95319e-310 0.00
problem59 0.43 130028 5 930777656 6.95319e-310 0.00
problem60 0.7 173279 5 930777656 6.95319e-310 0.00
problem61 0.72 169861 5 930777656 6.95319e-310 0.00
problem62 0.3 183290 5 930777656 6.95319e-310 0.00
problem63 0.41 149703 5 930777656 6.95319e-310 0.00
problem64 0.14 191415 5 930777656 6.95319e-310 0.00
problem65 0.8 191812 5 930777656 6.95319e-310 0.00
problem66 0.85 154728 5 930777656 6.95319e-310 0.00
problem67 0.84 153865 5 930777656 6.95319e-310 0.00
problem68 0.95 178905 5 930777656 6.95319e-310 0.00
problem69 0.23 137897 5 930777656 6.95319e-310 0.00
problem70 0.2 162907 5 930777656 6.95319e-310 0.00
problem71 1.07 163636 5 930777656 6.95319e-310 0.00
problem72 0.2 156353 5 930777656 6.95319e-310 0.00
problem73 0.41 144952 5 930777656 6.95319e-310 0.00
problem74 0.08 168023 5 930777656 6.95319e-310 0.00
problem75 4.04 153031 5 930777656 6.95319e-310 0.00
problem76 0.47 170993 5 930777656 6.95319e-310 0.00
problem77 0.1 155246 5 930777656 6.95319e-310 0.00
problem78 0.1 140508 5 930777656 6.95319e-310 0.00
problem79 0.05 163648 5 930777656 6.95319e-310 0.00
problem80 0.14 157417 5 930777656 6.95319e-310 0.00
problem81 2.13 162254 5 930777656 6.95319e-310 0.00
problem82 0.62 175721 5 930777656 6.95319e-310 0.00
problem83 0.22 173603 5 930777656 6.95319e-310 0.00
problem84 0.57 158762 5 930777656 6.95319e-310 0.00
problem85 1.68 169685 5 930777656 6.95319e-310 0.00
problem86 0.2 166269 5 930777656 6.95319e-310 0.00
problem87 0.7 187630 5 930777656 6.95319e-310 0.00
problem88 0.3 187442 5 930777656 6.95319e-310 0.00
problem89 0.14 150530 5 930777656 6.95319e-310 0.00
problem90 1.08 162459 5 930777656 6.95319e-310 0.00
problem91 0.8 212513 5 930777656 6.95319e-310 0.00
problem92 1.81 184196 5 930777656 6.95319e-310 0.00
problem93 0.73 145368 5 930777656 6.95319e-310 0.00
problem94 1.05 175679 5 930777656 6.95319e-310 0.00
problem95 0.16 175162 5 930777656 6.95319e-310 0.00
problem96 0.15 165531 5 930777656 6.95319e-310 0.00
problem97 0.31 155863 5 930777656 6.95319e-310 0.00
problem98 0.23 170219 5 930777656 6.95319e-310 0.00
problem99 0.34 192957 5 930777656 6.95319e-310 0.00
