problem0 0 447422 5 2003357576 6.95324e-310 0.00
problem1 0.01 591602 5 2003357576 6.95324e-310 0.00
problem2 0.02 541289 5 2003357576 6.95324e-310 0.00
problem3 0.01 522506 5 2003357576 6.95324e-310 0.00
problem4 0.02 617295 5 2003357576 6.95324e-310 0.00
problem5 0.01 490227 5 2003357576 6.95324e-310 0.00
problem6 0.01 541339 5 2003357576 6.95324e-310 0.00
problem7 0.03 546518 5 2003357576 6.95324e-310 0.00
problem8 0.01 557174 5 2003357576 6.95324e-310 0.00
problem9 0.01 436959 5 2003357576 6.95324e-310 0.00
problem10 0.01 502711 5 2003357576 6.95324e-310 0.00
problem11 0.01 510264 5 2003357576 6.95324e-310 0.00
problem12 0.01 468103 5 2003357576 6.95324e-310 0.00
problem13 0.02 508598 5 2003357576 6.95324e-310 0.00
problem14 0.01 536339 5 2003357576 6.95324e-310 0.00
problem15 0.01 455044 5 2003357576 6.95324e-310 0.00
problem16 0.01 567513 5 2003357576 6.95324e-310 0.00
problem17 0.01 536183 5 2003357576 6.95324e-310 0.00
problem18 0.03 572932 5 2003357576 6.95324e-310 0.00
problem19 0.01 482234 5 2003357576 6.95324e-310 0.00
problem20 0.02 564927 5 2003357576 6.95324e-310 0.00
problem21 0.01 454520 5 2003357576 6.95324e-310 0.00
problem22 0.01 494048 5 2003357576 6.95324e-310 0.00
problem23 0.02 556678 5 2003357576 6.95324e-310 0.00
problem24 0.01 513937 5 2003357576 6.95324e-310 0.00
problem25 0.01 542479 5 2003357576 6.95324e-310 0.00
problem26 0.01 547153 5 2003357576 6.95324e-310 0.00
problem27 0.02 594066 5 2003357576 6.95324e-310 0.00
problem28 0.02 571895 5 2003357576 6.95324e-310 0.00
problem29 0 527334 5 2003357576 6.95324e-310 0.00
problem30 0.02 493656 5 2003357576 6.95324e-310 0.00
problem31 0.01 460937 5 2003357576 6.95324e-310 0.00
problem32 0 497481 5 2003357576 6.95324e-310 0.00
problem33 0.01 414887 5 2003357576 6.95324e-310 0.00
problem34 0.01 548255 5 2003357576 6.95324e-310 0.00
problem35 0.01 477120 5 2003357576 6.95324e-310 0.00
problem36 0.01 524506 5 2003357576 6.95324e-310 0.00
problem37 0.01 489470 5 2003357576 6.95324e-310 0.00
problem38 0.01 483280 5 2003357576 6.95324e-310 0.00
problem39 0.01 476385 5 2003357576 6.95324e-310 0.00
problem40 0.01 444417 5 2003357576 6.95324e-310 0.00
problem41 0.01 505663 5 2003357576 6.95324e-310 0.00
problem42 0.01 458817 5 2003357576 6.95324e-310 0.00
problem43 0.01 505496 5 2003357576 6.95324e-310 0.00
problem44 0.02 480103 5 2003357576 6.95324e-310 0.00
problem45 0.01 518422 5 2003357576 6.95324e-310 0.00
problem46 0.01 432883 5 2003357576 6.95324e-310 0.00
problem47 0.03 562062 5 2003357576 6.95324e-310 0.00
problem48 0 477625 5 2003357576 6.95324e-310 0.00
problem49 0.01 555394 5 2003357576 6.95324e-310 0.00
problem50 0.02 510948 5 2003357576 6.95324e-310 0.00
problem51 0.01 550853 5 2003357576 6.95324e-310 0.00
problem52 0.01 496031 5 2003357576 6.95324e-310 0.00
problem53 0.01 507694 5 2003357576 6.95324e-310 0.00
problem54 0.02 530880 5 2003357576 6.95324e-310 0.00
problem55 0.02 480401 5 2003357576 6.95324e-310 0.00
problem56 0.01 457841 5 2003357576 6.95324e-310 0.00
problem57 0.01 523119 5 2003357576 6.95324e-310 0.00
problem58 0.02 478001 5 2003357576 6.95324e-310 0.00
problem59 0.01 528541 5 2003357576 6.95324e-310 0.00
problem60 0.01 542253 5 2003357576 6.95324e-310 0.00
problem61 0.01 503707 5 2003357576 6.95324e-310 0.00
problem62 0.01 572472 5 2003357576 6.95324e-310 0.00
problem63 0 496276 5 2003357576 6.95324e-310 0.00
problem64 0.03 551635 5 2003357576 6.95324e-310 0.00
problem65 0.01 477106 5 2003357576 6.95324e-310 0.00
problem66 0.01 526548 5 2003357576 6.95324e-310 0.00
problem67 0.01 484981 5 2003357576 6.95324e-310 0.00
problem68 0.02 566885 5 2003357576 6.95324e-310 0.00
problem69 0 443656 5 2003357576 6.95324e-310 0.00
problem70 0.01 440240 5 2003357576 6.95324e-310 0.00
problem71 0.01 481345 5 2003357576 6.95324e-310 0.00
problem72 0.01 488673 5 2003357576 6.95324e-310 0.00
problem73 0.02 551156 5 2003357576 6.95324e-310 0.00
problem74 0.02 539169 5 2003357576 6.95324e-310 0.00
problem75 0 488440 5 2003357576 6.95324e-310 0.00
problem76 0.03 496199 5 2003357576 6.95324e-310 0.00
problem77 0.02 526880 5 2003357576 6.95324e-310 0.00
problem78 0.02 541053 5 2003357576 6.95324e-310 0.00
problem79 0.01 460185 5 2003357576 6.95324e-310 0.00
problem80 0.01 566595 5 2003357576 6.95324e-310 0.00
problem81 0.02 529548 5 2003357576 6.95324e-310 0.00
problem82 0.01 463983 5 2003357576 6.95324e-310 0.00
problem83 0.01 497957 5 2003357576 6.95324e-310 0.00
problem84 0.01 562303 5 2003357576 6.95324e-310 0.00
problem85 0.01 559502 5 2003357576 6.95324e-310 0.00
problem86 0.02 429813 5 2003357576 6.95324e-310 0.00
problem87 0 479217 5 2003357576 6.95324e-310 0.00
problem88 0.01 493222 5 2003357576 6.95324e-310 0.00
problem89 0.02 502394 5 2003357576 6.95324e-310 0.00
problem90 0.01 533095 5 2003357576 6.95324e-310 0.00
problem91 0.01 516264 5 2003357576 6.95324e-310 0.00
problem92 0.01 538551 5 2003357576 6.95324e-310 0.00
problem93 0.02 609787 5 2003357576 6.95324e-310 0.00
problem94 0.01 557080 5 2003357576 6.95324e-310 0.00
problem95 0.01 497481 5 2003357576 6.95324e-310 0.00
problem96 0.01 566195 5 2003357576 6.95324e-310 0.00
problem97 0.01 450578 5 2003357576 6.95324e-310 0.00
problem98 0.04 541705 5 2003357576 6.95324e-310 0.00
problem99 0 524245 5 2003357576 6.95324e-310 0.00
