problem0 0 487410 1
problem1 0 444626 1
problem2 0 443826 1
problem3 0 485010 1
problem4 0 387954 1
problem5 0 513106 1
problem6 0 483634 1
problem7 0 463378 1
problem8 0 485106 1
problem9 0 483282 1
problem10 0 507058 1
problem11 0 458130 1
problem12 0 451186 1
problem13 0 437074 1
problem14 0 448562 1
problem15 0 485650 1
problem16 0 515570 1
problem17 0 440018 1
problem18 0 488370 1
problem19 0 447634 1
problem20 0 416114 1
problem21 0 442962 1
problem22 0 495410 1
problem23 0 458770 1
problem24 0 447730 1
problem25 0 478674 1
problem26 0 453298 1
problem27 0 469906 1
problem28 0 430194 1
problem29 0 416082 1
problem30 0 443954 1
problem31 0 448274 1
problem32 0 461810 1
problem33 0 484562 1
problem34 0 467378 1
problem35 0 459410 1
problem36 0 493426 1
problem37 0 471122 1
problem38 0 490802 1
problem39 0 503314 1
problem40 0 443122 1
problem41 0 441298 1
problem42 0 432306 1
problem43 0 399762 1
problem44 0 441970 1
problem45 0 395090 1
problem46 0 472114 1
problem47 0 460050 1
problem48 0 473586 1
problem49 0 463570 1
problem50 0 430002 1
problem51 0 520338 1
problem52 0 505202 1
problem53 0 515666 1
problem54 0 437042 1
problem55 0 515090 1
problem56 0 504050 1
problem57 0 436690 1
problem58 0 493234 1
problem59 0 427922 1
problem60 0 453746 1
problem61 0 505170 1
problem62 0 467506 1
problem63 0 488210 1
problem64 0 452594 1
problem65 0 426194 1
problem66 0 441778 1
problem67 0 499346 1
problem68 0 435058 1
problem69 0 445522 1
problem70 0 416050 1
problem71 0 461330 1
problem72 0 450290 1
problem73 0 497618 1
problem74 0 439474 1
problem75 0 521618 1
problem76 0 432754 1
problem77 0 451410 1
problem78 0 462898 1
problem79 0 401682 1
problem80 0 497138 1
problem81 0 421586 1
problem82 0 437170 1
problem83 0 429202 1
problem84 0 364914 1
problem85 0 440914 1
problem86 0 411442 1
problem87 0 473106 1
problem88 0 462066 1
problem89 0 493010 1
problem90 0 467634 1
problem91 0 418706 1
problem92 0 444530 1
problem93 0 479570 1
problem94 0 474674 1
problem95 0 478994 1
problem96 0 476146 1
problem97 0 449746 1
problem98 0 465330 1
problem99 0 490130 1
