problem0 244.76 1251111984706395 1 19764.00
problem1 86.84 1355378217958912 1 24316.00
problem2 491.37 1186621273636668 1 24316.00
problem3 683.58 1261536564511077 1 24316.00
problem4 213.23 1304625838602293 1 24316.00
problem5 304.27 1288424796038722 1 24316.00
problem6 278.77 1224248020801670 1 24316.00
problem7 154.88 1291501053792215 1 24316.00
problem8 139.34 1289074826104943 1 24316.00
problem9 247.92 1198841815297892 1 24316.00
problem10 221.18 1323173523461680 1 24316.00
problem11 383.08 1287223376712745 1 24316.00
problem12 413.89 1184027947906569 1 19068.00
problem13 253.03 1221850583776102 1 23040.00
problem14 495.55 1283111472996922 1 23040.00
problem15 540.11 1052049839169627 1 23040.00
problem16 225.45 1328135610106627 1 23040.00
problem17 156.98 1379722974923848 1 23040.00
problem18 655.45 1142379186767524 1 23040.00
problem19 209.00 1240875297252973 1 23040.00
problem20 299.37 1255936174109021 1 23040.00
problem21 471.00 1085755285619722 1 23040.00
problem22 172.58 1352857966964078 1 23040.00
problem23 238.86 1299750611204191 1 23040.00
problem24 846.35 1154929835744023 1 23040.00
problem25 206.10 1317356581397676 1 23040.00
problem26 345.56 1285315933724824 1 23040.00
problem27 309.72 1229699349071921 1 23040.00
problem28 445.98 1317300084701745 1 23040.00
problem29 219.71 1248670147366958 1 23040.00
problem30 162.89 1321538080754210 1 23040.00
problem31 268.30 1201488210372579 1 23040.00
problem32 435.39 1182599044098219 1 23040.00
problem33 457.71 1163048233879696 1 23040.00
problem34 170.38 1260165028426764 1 23040.00
problem35 237.61 1273799288621429 1 23040.00
problem36 460.00 1209470144471173 1 23040.00
problem37 318.83 1260894922469330 1 23040.00
problem38 299.34 1290692814538838 1 23040.00
problem39 311.53 1258530463022823 1 23040.00
problem40 173.57 1326681396919231 1 23040.00
problem41 336.50 1135687470581748 1 23040.00
problem42 316.42 1320976040464640 1 23040.00
problem43 476.49 1149684114553401 1 23040.00
problem44 329.89 1208034402514009 1 23040.00
problem45 374.06 1138451002503926 1 23040.00
problem46 191.62 1273675813353482 1 23040.00
problem47 380.05 1211455352393067 1 23040.00
problem48 166.01 1300640746824787 1 23040.00
problem49 327.40 1280143480976088 1 23040.00
problem50 285.20 1230791815677812 1 23040.00
problem51 281.79 1256829062163069 1 23040.00
problem52 395.89 1236237195986349 1 23040.00
problem53 244.91 1264970845890970 1 23040.00
problem54 258.76 1213770667419966 1 23040.00
problem55 273.28 1249121234297711 1 23040.00
problem56 289.12 1257520008344167 1 23040.00
problem57 263.44 1285849281730876 1 23040.00
problem58 368.21 1212202840893288 1 23040.00
problem59 359.69 1300636435622465 1 23040.00
problem60 296.32 1208570582066305 1 23040.00
problem61 303.71 1194274286855102 1 23040.00
problem62 551.22 1055802432793586 1 23040.00
problem63 288.16 1187953486106867 1 23040.00
problem64 114.22 1450629769917947 1 23040.00
problem65 258.23 1338749521136416 1 23040.00
problem66 142.74 1304647385645276 1 23040.00
problem67 165.06 1294781725051269 1 23040.00
problem68 450.88 1208441922248917 1 23040.00
problem69 275.72 1296519076540770 1 23040.00
problem70 311.00 1172702831874086 1 23040.00
problem71 281.87 1283887677154807 1 23040.00
problem72 285.09 1254554543161103 1 23040.00
problem73 309.12 1288589103388804 1 23040.00
problem74 203.95 1239369422349264 1 23040.00
problem75 180.50 1231814784931913 1 23040.00
problem76 248.99 1091539243567785 1 23040.00
problem77 151.42 1238995826238086 1 23040.00
problem78 197.68 1329042491827674 1 23040.00
problem79 136.23 1260516050137723 1 23040.00
problem80 178.38 1337339338890659 1 23040.00
problem81 80.85 1296869105373544 1 23040.00
problem82 110.37 1327076550434884 1 23040.00
problem83 263.76 1026413992191629 1 23040.00
problem84 336.97 1212493085389309 1 23040.00
problem85 416.28 1124344710219562 1 23040.00
problem86 245.66 1232593383619854 1 23040.00
problem87 139.75 1312259546973823 1 23040.00
problem88 280.23 1257747275325879 1 23040.00
problem89 223.28 1302147880797644 1 23040.00
problem90 163.66 1324320141641272 1 23040.00
problem91 353.80 1227246142522449 1 23040.00
problem92 353.47 1239448299710161 1 23040.00
problem93 170.55 1165950196756302 1 23040.00
problem94 121.90 1362534802204098 1 23040.00
problem95 83.37 1349177941979651 1 23040.00
problem96 204.95 1202888610863947 1 23040.00
problem97 233.07 1264873225618864 1 23040.00
problem98 152.11 1222533030405548 1 23040.00
problem99 227.30 1144956707340693 1 23040.00
