problem0 45.5 8931405845675 1 11112.00
problem1 32.57 9431810395747 1 18192.00
problem2 49.92 9318614410139 1 18192.00
problem3 27.13 9656439311443 1 18192.00
problem4 19.96 9351104249995 1 18192.00
problem5 46.94 9037808302147 1 18192.00
problem6 26.41 9385242815355 1 18192.00
problem7 16.62 10351366165043 1 18192.00
problem8 30.44 9248591766635 1 18192.00
problem9 35.66 9303787395619 1 18192.00
problem10 36.50 9216189950811 1 18192.00
problem11 17.63 9652314034195 1 18192.00
problem12 55.55 9100808863819 1 18192.00
problem13 39.49 9835042567171 1 18192.00
problem14 33.94 7913901892411 1 18192.00
problem15 46.65 9473487635955 1 18192.00
problem16 81.21 8752991884331 1 18192.00
problem17 35.60 9067085710819 1 18192.00
problem18 58.49 9107107877659 1 18192.00
problem19 39.08 10284162347987 1 18192.00
problem20 63.98 7899172511755 1 18192.00
problem21 18.30 9960235487171 1 18192.00
problem22 15.55 10281584671483 1 18192.00
problem23 56.91 8952073755059 1 18192.00
problem24 37.83 8452462846955 1 18192.00
problem25 35.51 9442050838947 1 18192.00
problem26 57.89 9118991424219 1 18192.00
problem27 31.31 8647075362707 1 18192.00
problem28 34.83 8909521444811 1 18192.00
problem29 32.57 9805637323651 1 18192.00
problem30 44.58 9251588977339 1 18192.00
problem31 23.32 9468983086451 1 18192.00
problem32 30.51 9400897983403 1 18192.00
problem33 46.06 8633116966243 1 18192.00
problem34 18.82 8940169200283 1 18192.00
problem35 59.68 8112030931795 1 18192.00
problem36 37.16 9835070521227 1 18192.00
problem37 64.10 8475947673411 1 18192.00
problem38 41.19 8959078075003 1 18192.00
problem39 24.68 9589594841395 1 18192.00
problem40 48.68 8832756736875 1 18192.00
problem41 8.56 10008208492835 1 18192.00
problem42 36.09 9176884857435 1 18192.00
problem43 37.51 10062376574739 1 18192.00
problem44 14.35 10323446824779 1 18192.00
problem45 56.82 9268693738243 1 18192.00
problem46 25.61 9775615918651 1 18192.00
problem47 14.18 10143675520243 1 18192.00
problem48 44.40 9216855724843 1 18192.00
problem49 32.40 9162298537187 1 18192.00
problem50 42.72 9137093964315 1 18192.00
problem51 66.81 9478603096787 1 18192.00
problem52 38.38 9750486540043 1 18192.00
problem53 30.48 9761445805763 1 18192.00
problem54 18.37 9666376817147 1 18192.00
problem55 23.72 9810152532147 1 18192.00
problem56 29.37 10542607475435 1 11280.00
problem57 41.41 9568269762723 1 18844.00
problem58 33.44 9287185299931 1 18844.00
problem59 34.59 10039449601683 1 18844.00
problem60 69.61 8852322524875 1 18844.00
problem61 17.27 9491218774659 1 18844.00
problem62 25.82 8845889982907 1 18844.00
problem63 61.55 8948225023091 1 18844.00
problem64 18.31 9753084744363 1 18844.00
problem65 22.91 9640472882275 1 18844.00
problem66 15.08 9585533542811 1 18844.00
problem67 20.69 10085950368339 1 18844.00
problem68 28.56 9433326534283 1 18844.00
problem69 23.18 9662414378563 1 18844.00
problem70 32.07 9760859662715 1 18844.00
problem71 44.68 9580184006707 1 18844.00
problem72 15.31 10898323202667 1 18844.00
problem73 17.41 10414128183331 1 18844.00
problem74 24.48 10015075215707 1 18844.00
problem75 21.84 8926446841363 1 18844.00
problem76 46.65 8851371212363 1 18844.00
problem77 54.56 8731594805763 1 18844.00
problem78 25.39 9651281781051 1 18844.00
problem79 43.78 9326918542323 1 18844.00
problem80 48.50 9450100871723 1 18844.00
problem81 93.25 8656197985251 1 18844.00
problem82 20.18 9741495095579 1 18844.00
problem83 56.42 8743553110483 1 18844.00
problem84 51.59 9346499059211 1 18844.00
problem85 42.92 9537128410563 1 18844.00
problem86 72.75 8779601279227 1 18844.00
problem87 23.67 10186828887987 1 18844.00
problem88 55.04 8502554763755 1 18844.00
problem89 67.13 9217712582563 1 18844.00
problem90 45.95 9295069599963 1 18844.00
problem91 27.80 8804539995539 1 18844.00
problem92 31.52 9502527446475 1 18844.00
problem93 11.06 10760794728835 1 18844.00
problem94 14.08 10688410153147 1 18844.00
problem95 103.28 8348164074355 1 18844.00
problem96 32.70 8584518455723 1 18844.00
problem97 133.32 7424404331363 1 18844.00
problem98 37.27 9179097383067 1 18844.00
problem99 46.53 8742690060627 1 18844.00
