problem0 13.27 1040035630796201 140734840281736 4 1.16637e-312 0.00
problem1 12.7 1104152004562762 140734840281736 4 1.16637e-312 0.00
problem2 73.86 1166303646355495 140734840281736 4 1.16637e-312 0.00
problem3 48.05 1083258993307408 140734840281736 4 1.16637e-312 0.00
problem4 48.5 801405574646017 140734840281736 4 1.16637e-312 0.00
problem5 10.97 971744288583803 140734840281736 4 1.16637e-312 0.00
problem6 17.27 1264042555875348 140734840281736 4 1.16637e-312 0.00
problem7 24.96 1033371525477847 140734840281736 4 1.16637e-312 0.00
problem8 12.84 1114270160863959 140734840281736 4 1.16637e-312 0.00
problem9 16.26 1201972970165970 140734840281736 4 1.16637e-312 0.00
problem10 45.32 1246133864863508 140734840281736 4 1.16637e-312 0.00
problem11 13.87 1086906566672071 140734840281736 4 1.16637e-312 0.00
problem12 13.58 1040476811785163 140734840281736 4 1.16637e-312 0.00
problem13 12.45 1093498143873923 140734840281736 4 1.16637e-312 0.00
problem14 29.57 986918578193993 140734840281736 4 1.16637e-312 0.00
problem15 23.55 1152349459738190 140734840281736 4 1.16637e-312 0.00
problem16 138.83 1063118345708972 140734840281736 4 1.16637e-312 0.00
problem17 17.59 1094917187223999 140734840281736 4 1.16637e-312 0.00
problem18 18.37 991648063768663 140734840281736 4 1.16637e-312 0.00
problem19 61.76 1139565761294822 140734840281736 4 1.16637e-312 0.00
problem20 19.26 894972026419185 140734840281736 4 1.16637e-312 0.00
problem21 46.57 1121179270190106 140734840281736 4 1.16637e-312 0.00
problem22 44.24 1094207355229085 140734840281736 4 1.16637e-312 0.00
problem23 26.68 1150663219215967 140734840281736 4 1.16637e-312 0.00
problem24 37.36 1092130556321509 140734840281736 4 1.16637e-312 0.00
problem25 82.57 1098928707221945 140734840281736 4 1.16637e-312 0.00
problem26 43.59 933410590856325 140734840281736 4 1.16637e-312 0.00
problem27 35.01 1028738969704785 140734840281736 4 1.16637e-312 0.00
problem28 64.45 1210765617809360 140734840281736 4 1.16637e-312 0.00
problem29 17.68 1151209816128312 140734840281736 4 1.16637e-312 0.00
problem30 51.31 856785700328125 140734840281736 4 1.16637e-312 0.00
problem31 29.39 1065950276070383 140734840281736 4 1.16637e-312 0.00
problem32 38.33 1093543377440790 140734840281736 4 1.16637e-312 0.00
problem33 39.54 1083761066408427 140734840281736 4 1.16637e-312 0.00
problem34 29.3 1056344304912337 140734840281736 4 1.16637e-312 0.00
problem35 45.68 1225047351042679 140734840281736 4 1.16637e-312 0.00
problem36 20.12 1063564599929086 140734840281736 4 1.16637e-312 0.00
problem37 17.87 1030634296991569 140734840281736 4 1.16637e-312 0.00
problem38 48.87 1019252354849611 140734840281736 4 1.16637e-312 0.00
problem39 18.44 1013574981769536 140734840281736 4 1.16637e-312 0.00
problem40 27.19 913239892520860 140734840281736 4 1.16637e-312 0.00
problem41 39.09 1288815141910213 140734840281736 4 1.16637e-312 0.00
problem42 31.12 1094839935470109 140734840281736 4 1.16637e-312 0.00
problem43 28.34 1192940144429539 140734840281736 4 1.16637e-312 0.00
problem44 38.28 1122095304171110 140734840281736 4 1.16637e-312 0.00
problem45 22.11 1116662136598903 140734840281736 4 1.16637e-312 0.00
problem46 12.35 1111402114039453 140734840281736 4 1.16637e-312 0.00
problem47 33.87 1242484016964684 140734840281736 4 1.16637e-312 0.00
problem48 63.23 1124367213683265 140734840281736 4 1.16637e-312 0.00
problem49 36.27 1056062089838061 140734840281736 4 1.16637e-312 0.00
problem50 45.32 1053044777999807 140734840281736 4 1.16637e-312 0.00
problem51 72.85 1304284918586078 140734840281736 4 1.16637e-312 0.00
problem52 33.67 1212903946412438 140734840281736 4 1.16637e-312 0.00
problem53 22.73 1122180044134977 140734840281736 4 1.16637e-312 0.00
problem54 15.01 925529626503393 140734840281736 4 1.16637e-312 0.00
problem55 20.91 1234045721944640 140734840281736 4 1.16637e-312 0.00
problem56 18.35 1098791423765343 140734840281736 4 1.16637e-312 0.00
problem57 27.61 1053254930265201 140734840281736 4 1.16637e-312 0.00
problem58 32.22 1162201459815346 140734840281736 4 1.16637e-312 0.00
problem59 15.9 1092782556172564 140734840281736 4 1.16637e-312 0.00
problem60 44.16 981384032796773 140734840281736 4 1.16637e-312 0.00
problem61 39.18 1044180013981418 140734840281736 4 1.16637e-312 0.00
problem62 25.95 1093013161602366 140734840281736 4 1.16637e-312 0.00
problem63 54.21 940101755937913 140734840281736 4 1.16637e-312 0.00
problem64 18.02 1244385868164422 140734840281736 4 1.16637e-312 0.00
problem65 18.4 1162427849958592 140734840281736 4 1.16637e-312 0.00
problem66 35.83 1218742552843441 140734840281736 4 1.16637e-312 0.00
problem67 41.95 1223853571080701 140734840281736 4 1.16637e-312 0.00
problem68 22.18 1228342245217908 140734840281736 4 1.16637e-312 0.00
problem69 41.89 966287165639616 140734840281736 4 1.16637e-312 0.00
problem70 22.14 1183918795890787 140734840281736 4 1.16637e-312 0.00
problem71 20.2 1120295604704311 140734840281736 4 1.16637e-312 0.00
problem72 42.39 1189076247226682 140734840281736 4 1.16637e-312 0.00
problem73 42.15 1070552637068809 140734840281736 4 1.16637e-312 0.00
problem74 39.35 1217168846508331 140734840281736 4 1.16637e-312 0.00
problem75 26.34 1129806591231172 140734840281736 4 1.16637e-312 0.00
problem76 19.18 1024439928931358 140734840281736 4 1.16637e-312 0.00
problem77 18.14 1199056958546856 140734840281736 4 1.16637e-312 0.00
problem78 24.37 1184304150911454 140734840281736 4 1.16637e-312 0.00
problem79 39.58 1202424412982565 140734840281736 4 1.16637e-312 0.00
problem80 21.06 1004817154689422 140734840281736 4 1.16637e-312 0.00
problem81 23.01 1197966748423473 140734840281736 4 1.16637e-312 0.00
problem82 50.76 1307388200276995 140734840281736 4 1.16637e-312 0.00
problem83 14.65 1148610100164681 140734840281736 4 1.16637e-312 0.00
problem84 27.5 1185969648106144 140734840281736 4 1.16637e-312 0.00
problem85 12.98 1012898608446017 140734840281736 4 1.16637e-312 0.00
problem86 25.48 1115787661716951 140734840281736 4 1.16637e-312 0.00
problem87 20.5 1364912604959915 140734840281736 4 1.16637e-312 0.00
problem88 52.84 1080489446016553 140734840281736 4 1.16637e-312 0.00
problem89 26.76 1149821256454673 140734840281736 4 1.16637e-312 0.00
problem90 31.7 1076515397068586 140734840281736 4 1.16637e-312 0.00
problem91 46.33 1284961851428769 140734840281736 4 1.16637e-312 0.00
problem92 29 1107821541247526 140734840281736 4 1.16637e-312 0.00
problem93 42.35 1086466943466339 140734840281736 4 1.16637e-312 0.00
problem94 21.33 1049182198803095 140734840281736 4 1.16637e-312 0.00
problem95 28.83 1072703521838500 140734840281736 4 1.16637e-312 0.00
problem96 27.09 1150370818142341 140734840281736 4 1.16637e-312 0.00
problem97 49.58 1151163345163786 140734840281736 4 1.16637e-312 0.00
problem98 35.85 1082470078047975 140734840281736 4 1.16637e-312 0.00
problem99 41.38 1040963828437504 140734840281736 4 1.16637e-312 0.00
