problem0 0 11914785205 1
problem1 0 11509284863 1
problem2 0 12025855714 1
problem3 0 12468806904 1
problem4 0.01 10481904247 1
problem5 0 10949350073 1
problem6 0 10737962932 1
problem7 0 11180627842 1
problem8 0 11371750361 1
problem9 0 12688094099 1
problem10 0.01 11317823014 1
problem11 0 12253227308 1
problem12 0 11732029403 1
problem13 0 11121708173 1
problem14 0 11864040504 1
problem15 0 12005839862 1
problem16 0 12180684925 1
problem17 0 11820607399 1
problem18 0 12458380266 1
problem19 0 11194364384 1
problem20 0.01 10340509631 1
problem21 0 12757429985 1
problem22 0 12040093500 1
problem23 0 10245192938 1
problem24 0 11664775073 1
problem25 0 11239828539 1
problem26 0 11649294382 1
problem27 0 11688562452 1
problem28 0 11684971043 1
problem29 0 9872279989 1
problem30 0 10651168960 1
problem31 0 12510896734 1
problem32 0 11722799429 1
problem33 0 11782574415 1
problem34 0 11812262642 1
problem35 0 11021537480 1
problem36 0 10386353927 1
problem37 0 12260076809 1
problem38 0.01 11640080580 1
problem39 0 10953331794 1
problem40 0 10880922985 1
problem41 0 10864289507 1
problem42 0 10379293750 1
problem43 0 11153688316 1
problem44 0 13029457515 1
problem45 0 12227668189 1
problem46 0.01 11096463176 1
problem47 0 11367080646 1
problem48 0 10705787917 1
problem49 0 12767673591 1
problem50 0 11644933114 1
problem51 0 11191321008 1
problem52 0 11357143119 1
problem53 0 11056794929 1
problem54 0 11286719564 1
problem55 0.01 11502181818 1
problem56 0 11882839345 1
problem57 0 11148239755 1
problem58 0 11872289342 1
problem59 0 10461073636 1
problem60 0 12775507123 1
problem61 0 11777305093 1
problem62 0 10390558672 1
problem63 0 11721856302 1
problem64 0 12039481557 1
problem65 0 11939408543 1
problem66 0 11108388610 1
problem67 0 11181687960 1
problem68 0 11937471383 1
problem69 0 11269279577 1
problem70 0.01 11967539668 1
problem71 0 10762066210 1
problem72 0 10413338361 1
problem73 0 10489356851 1
problem74 0 11443538502 1
problem75 0 11874757836 1
problem76 0 11047408891 1
problem77 0 11826728237 1
problem78 0 11740820056 1
problem79 0 12362709398 1
problem80 0 10775682973 1
problem81 0 10708015687 1
problem82 0 10573071370 1
problem83 0 11110242688 1
problem84 0.01 10772087007 1
problem85 0 12185973633 1
problem86 0 11358667100 1
problem87 0 12168808074 1
problem88 0 12141054657 1
problem89 0 11062289115 1
problem90 0 11062561870 1
problem91 0 11386198708 1
problem92 0 12291682115 1
problem93 0 13183767125 1
problem94 0 11083785952 1
problem95 0 10804154366 1
problem96 0 10885382245 1
problem97 0.01 11106585583 1
problem98 0 9883038482 1
problem99 0 10794696808 1
