problem0 0.65 3069279228577698 0 2456.00
problem1 0.64 3372520096650787 0 2512.00
problem2 0.65 3315328302272464 0 2512.00
problem3 0.61 2874860155857898 0 2512.00
problem4 0.62 3120256742384208 0 2512.00
problem5 0.65 3495476574088039 0 2512.00
problem6 0.66 3272556025036601 0 2512.00
problem7 0.62 2895627717121183 0 2512.00
problem8 0.60 2870954891027687 0 2512.00
problem9 0.62 2893756090329074 0 2512.00
problem10 0.61 2990268271252845 0 2512.00
problem11 0.65 3302518550259029 0 2512.00
problem12 0.63 3064882738008024 0 2512.00
problem13 0.63 2889039640857813 0 2512.00
problem14 0.66 3537218946044997 0 2512.00
problem15 0.60 2121891189055163 0 2512.00
problem16 0.62 3036890913972946 0 2512.00
problem17 0.64 3114319933872590 0 2512.00
problem18 0.65 3159615051791250 0 2512.00
problem19 0.64 3464621370048321 0 2512.00
problem20 0.63 3109354809122207 0 2512.00
problem21 0.65 3219702949596853 0 2512.00
problem22 0.64 3338759500368520 0 2512.00
problem23 0.66 3222825312864285 0 2512.00
problem24 0.63 3104504739184786 0 2512.00
problem25 0.59 2774082717101163 0 2512.00
problem26 0.62 2431531155800382 0 2512.00
problem27 0.60 2656966749403353 0 2512.00
problem28 0.63 3022416060992377 0 2512.00
problem29 0.63 2914111866351923 0 2512.00
problem30 0.63 3420519639032050 0 2512.00
problem31 0.64 3111118172574135 0 2512.00
problem32 0.62 2926972958932609 0 2512.00
problem33 0.62 3018053863267734 0 2512.00
problem34 0.62 3190887317317294 0 2512.00
problem35 0.64 3211091139236554 0 2512.00
problem36 0.65 3163506785868161 0 2512.00
problem37 0.65 2992813903262367 0 2512.00
problem38 0.66 3512312380413359 0 2512.00
problem39 0.64 3293126836091808 0 2512.00
problem40 0.65 3639272540069005 0 2512.00
problem41 0.64 3466571952566040 0 2512.00
problem42 0.65 3683998543228102 0 2512.00
problem43 0.62 3092752165997727 0 2512.00
problem44 0.66 3290464361744095 0 2512.00
problem45 0.63 3075578356028492 0 2512.00
problem46 0.66 3339893743627196 0 2512.00
problem47 0.64 3070992097658379 0 2512.00
problem48 0.63 2829795769735589 0 2512.00
problem49 0.63 3151934010171629 0 2512.00
problem50 0.65 3378863557759515 0 2512.00
problem51 0.62 3007367907354124 0 2512.00
problem52 0.63 3172621243929746 0 2512.00
problem53 0.65 3660529289467356 0 2512.00
problem54 0.61 2976926728495360 0 2512.00
problem55 0.64 3170322474872608 0 2512.00
problem56 0.64 3198574827370465 0 2512.00
problem57 0.64 3225238515004052 0 2512.00
problem58 0.63 3023559177836625 0 2512.00
problem59 0.61 2679664680788003 0 2512.00
problem60 0.61 2757501235741335 0 2512.00
problem61 0.63 3136617826023230 0 2512.00
problem62 0.61 2820912318822191 0 2512.00
problem63 0.60 3045686346004676 0 2512.00
problem64 0.64 3458393568130400 0 2512.00
problem65 0.65 3552142781310095 0 2512.00
problem66 0.63 3202701804895636 0 2512.00
problem67 0.64 2914556971039130 0 2512.00
problem68 0.64 3157751433515021 0 2512.00
problem69 0.62 3321707596052780 0 2512.00
problem70 0.63 3193087508966593 0 2512.00
problem71 0.64 3404386272731811 0 2512.00
problem72 0.64 2863246420972331 0 2512.00
problem73 0.66 3049158897940057 0 2512.00
problem74 0.64 3080825893421946 0 2512.00
problem75 0.64 3165422846456676 0 2512.00
problem76 0.66 3251022776794598 0 2512.00
problem77 0.64 3119337538362129 0 2512.00
problem78 0.64 2999340400296594 0 2512.00
problem79 0.61 2970991416585268 0 2512.00
problem80 0.65 2897858263814318 0 2512.00
problem81 0.60 2775325806831607 0 2512.00
problem82 0.62 3132591581800869 0 2512.00
problem83 0.64 3335499142286712 0 2512.00
problem84 0.66 3433273248828449 0 2512.00
problem85 0.65 3656585117981840 0 2512.00
problem86 0.65 3363116878444585 0 2512.00
problem87 0.63 3425639396284032 0 2512.00
problem88 0.64 3313515508674157 0 2512.00
problem89 0.63 3053533242669460 0 2512.00
problem90 0.64 2993359719100168 0 2512.00
problem91 0.63 3197734458197776 0 2512.00
problem92 0.64 3296169821976941 0 2512.00
problem93 0.64 3370194242813531 0 2512.00
problem94 0.62 3141732454321691 0 2512.00
problem95 0.17 2953596704563113 1 2512.00
problem96 0.65 3487732488498329 0 2512.00
problem97 0.62 2925009346685787 0 2512.00
problem98 0.61 2733646100747508 0 2512.00
problem99 0.65 3233012155637935 0 2512.00
