problem0 0.01 237913583 1
problem1 0.01 251610033 1
problem2 0.02 212666460 1
problem3 0 284513930 1
problem4 0 275109233 1
problem5 0.03 277357163 1
problem6 0.03 242060398 1
problem7 0.01 233968020 1
problem8 0.01 255776403 1
problem9 0.02 270954565 1
problem10 0.02 248706848 1
problem11 0.01 266927294 1
problem12 0.02 234167125 1
problem13 0 256243519 1
problem14 0 256125554 1
problem15 0 235844104 1
problem16 0.03 242685367 1
problem17 0 262054233 1
problem18 0 244820068 1
problem19 0 273476466 1
problem20 0.01 227006393 1
problem21 0.02 269383827 1
problem22 0.01 247829238 1
problem23 0 241992444 1
problem24 0.02 234951515 1
problem25 0.04 252946157 1
problem26 0 272215080 1
problem27 0.02 232747686 1
problem28 0.01 255138461 1
problem29 0 216430183 1
problem30 0.01 256202234 1
problem31 0.02 271242352 1
problem32 0 259055487 1
problem33 0 246632705 1
problem34 0.01 246518380 1
problem35 0 250667610 1
problem36 0.01 245232641 1
problem37 0 217366715 1
problem38 0.01 267453310 1
problem39 0.02 286979684 1
problem40 0.03 268732963 1
problem41 0 250441621 1
problem42 0.04 250735408 1
problem43 0.01 262376078 1
problem44 0 246248421 1
problem45 0.02 281159567 1
problem46 0.02 227552130 1
problem47 0 226506968 1
problem48 0.01 233055047 1
problem49 0 255054505 1
problem50 0 262620788 1
problem51 0 246135618 1
problem52 0 232303177 1
problem53 0.03 284785379 1
problem54 0.04 239361542 1
problem55 0.01 248507340 1
problem56 0.02 283228907 1
problem57 0.03 255478333 1
problem58 0.02 259535928 1
problem59 0 294634614 1
problem60 0.01 274638637 1
problem61 0 237472439 1
problem62 0.05 273230602 1
problem63 0.02 275865408 1
problem64 0.02 247030031 1
problem65 0 255239761 1
problem66 0.01 256197756 1
problem67 0 258471466 1
problem68 0.01 260602513 1
problem69 0.01 251340555 1
problem70 0.02 288629390 1
problem71 0.01 285074228 1
problem72 0.03 248587699 1
problem73 0 211859173 1
problem74 0 283707200 1
problem75 0.04 236888158 1
problem76 0.02 241775733 1
problem77 0.02 277159903 1
problem78 0.02 229954706 1
problem79 0 276875176 1
problem80 0.02 251205847 1
problem81 0 233982969 1
problem82 0.01 234359940 1
problem83 0.01 279974674 1
problem84 0.02 245228761 1
problem85 0.01 276317491 1
problem86 0.03 240439574 1
problem87 0.01 255286428 1
problem88 0.01 279661179 1
problem89 0.01 258422157 1
problem90 0.02 285271112 1
problem91 0.01 241868358 1
problem92 0.01 286104509 1
problem93 0 283731719 1
problem94 0.02 263694362 1
problem95 0 256963088 1
problem96 0 223070879 1
problem97 0 272450465 1
problem98 0 223092364 1
problem99 0.01 246321658 1
