problem0 0 43870804 1 2368.00
problem1 0.01 48121989 1 2424.00
problem2 0.01 46941621 1 2424.00
problem3 0.01 41542714 1 2424.00
problem4 0.00 47216462 1 2424.00
problem5 0.01 47619207 1 2424.00
problem6 0.02 34689887 1 2424.00
problem7 0.01 44206764 1 2424.00
problem8 0.02 42130472 1 2424.00
problem9 0.01 38833641 1 2424.00
problem10 0.01 38392297 1 2424.00
problem11 0.01 45718398 1 2424.00
problem12 0.02 43205346 1 2424.00
problem13 0.00 45584043 1 2424.00
problem14 0.02 46373715 1 2424.00
problem15 0.01 42825904 1 2424.00
problem16 0.01 46216572 1 2424.00
problem17 0.01 45183181 1 2424.00
problem18 0.01 48130461 1 2424.00
problem19 0.01 42722370 1 2424.00
problem20 0.02 38215158 1 2424.00
problem21 0.00 44066383 1 2424.00
problem22 0.01 43374279 1 2424.00
problem23 0.00 43253812 1 2424.00
problem24 0.01 45368912 1 2424.00
problem25 0.01 46465329 1 2424.00
problem26 0.01 44784849 1 2424.00
problem27 0.01 44584582 1 2424.00
problem28 0.01 44488842 1 2424.00
problem29 0.01 52441971 1 2424.00
problem30 0.01 40916411 1 2424.00
problem31 0.01 48279864 1 2424.00
problem32 0.00 50716324 1 2424.00
problem33 0.01 47533845 1 2424.00
problem34 0.01 47184773 1 2424.00
problem35 0.00 54291018 1 2424.00
problem36 0.02 39535262 1 2424.00
problem37 0.02 42731031 1 2424.00
problem38 0.01 45705263 1 2424.00
problem39 0.01 45358012 1 2424.00
problem40 0.01 47042168 1 2424.00
problem41 0.01 43149945 1 2424.00
problem42 0.01 40474041 1 2424.00
problem43 0.01 44812174 1 2424.00
problem44 0.01 39529522 1 2424.00
problem45 0.00 43970107 1 2424.00
problem46 0.02 43343395 1 2424.00
problem47 0.01 42258368 1 2424.00
problem48 0.01 49407436 1 2424.00
problem49 0.01 38953821 1 2424.00
problem50 0.01 43219821 1 2424.00
problem51 0.02 45086290 1 2424.00
problem52 0.01 42689862 1 2424.00
problem53 0.01 41548767 1 2424.00
problem54 0.02 40273815 1 2424.00
problem55 0.00 41901380 1 2424.00
problem56 0.01 50721952 1 2424.00
problem57 0.01 38881729 1 2424.00
problem58 0.01 40303777 1 2424.00
problem59 0.01 47744662 1 2424.00
problem60 0.01 46054874 1 2424.00
problem61 0.01 42221315 1 2424.00
problem62 0.02 38614155 1 2424.00
problem63 0.01 42357832 1 2424.00
problem64 0.01 49007348 1 2424.00
problem65 0.01 43068837 1 2424.00
problem66 0.01 43739477 1 2424.00
problem67 0.01 44763226 1 2424.00
problem68 0.00 49677806 1 2424.00
problem69 0.02 44746663 1 2424.00
problem70 0.00 44545279 1 2424.00
problem71 0.01 49431756 1 2424.00
problem72 0.01 45299912 1 2424.00
problem73 0.01 45752073 1 2424.00
problem74 0.01 44437897 1 2424.00
problem75 0.01 44239774 1 2424.00
problem76 0.02 44043650 1 2424.00
problem77 0.01 41985483 1 2424.00
problem78 0.00 43145459 1 2424.00
problem79 0.01 45203152 1 2424.00
problem80 0.01 49942044 1 2424.00
problem81 0.00 52047341 1 2424.00
problem82 0.01 45761853 1 2424.00
problem83 0.01 47325282 1 2424.00
problem84 0.02 43623574 1 2424.00
problem85 0.01 43968879 1 2424.00
problem86 0.02 40333415 1 2424.00
problem87 0.01 48845396 1 2424.00
problem88 0.01 44833520 1 2424.00
problem89 0.00 44395089 1 2424.00
problem90 0.01 50943089 1 2424.00
problem91 0.00 44029606 1 2424.00
problem92 0.02 40737578 1 2424.00
problem93 0.01 48538259 1 2424.00
problem94 0.01 46091099 1 2424.00
problem95 0.01 49516376 1 2424.00
problem96 0.01 44248900 1 2424.00
problem97 0.00 45474869 1 2424.00
problem98 0.01 44207909 1 2424.00
problem99 0.01 42581610 1 2424.00
