problem0 0 664115270789 1
problem1 0.08 692971313650 1
problem2 0.06 600648987142 1
problem3 1.18 669058547991 1
problem4 0.07 744915123167 1
problem5 0.16 741395072244 1
problem6 0.09 658688733264 1
problem7 0.07 706638644425 1
problem8 0.06 672340685721 1
problem9 0.12 836958985686 1
problem10 0.2 719000133626 1
problem11 0.01 676296735579 1
problem12 0.08 724355863987 1
problem13 0.03 641394615960 1
problem14 0.06 660409060100 1
problem15 0.65 639523411661 1
problem16 0.02 648500059181 1
problem17 0.87 708713627962 1
problem18 0.1 650980416366 1
problem19 0.4 651139197215 1
problem20 0 670699675911 1
problem21 0.68 693661298620 1
problem22 0.13 672699292472 1
problem23 0.04 698161652817 1
problem24 0.03 631077527105 1
problem25 1.34 643518239774 1
problem26 0.01 745315333218 1
problem27 0.2 638318058083 1
problem28 0.3 696055082459 1
problem29 0.47 621976318048 1
problem30 0.11 681286988012 1
problem31 0.42 707051961685 1
problem32 0.04 723921652181 1
problem33 1.27 690736277122 1
problem34 0.03 666389183190 1
problem35 0.16 717498621735 1
problem36 0.22 611105246255 1
problem37 0.02 696957319300 1
problem38 0.06 676508589088 1
problem39 0.68 634327790041 1
problem40 0.08 615095840489 1
problem41 0.04 714311370854 1
problem42 0.01 698426146506 1
problem43 0.26 662034990955 1
problem44 0.01 677352197123 1
problem45 0.03 751474890792 1
problem46 0.06 730404924628 1
problem47 0.1 572568506845 1
problem48 0.02 691711761789 1
problem49 0.71 703586224586 1
problem50 0.06 660998459454 1
problem51 3.35 672407036719 1
problem52 0.03 684726467927 1
problem53 0.22 714205781836 1
problem54 0 723105788680 1
problem55 0.23 714107530593 1
problem56 0.14 717771482513 1
problem57 0.99 611540892334 1
problem58 0.01 683584339762 1
problem59 0.06 697552650867 1
problem60 0.3 691751727147 1
problem61 1.15 758652329456 1
problem62 0.1 684871237308 1
problem63 0.51 620757865573 1
problem64 0.03 614798743333 1
problem65 0.77 600918731538 1
problem66 0.07 630835092390 1
problem67 0.05 581773243703 1
problem68 0.19 649420567679 1
problem69 0.06 693965939732 1
problem70 0.11 607033335792 1
problem71 0.03 678468032233 1
problem72 0.01 617955148345 1
problem73 0.22 723282455286 1
problem74 0.07 656747525530 1
problem75 0.59 663550331771 1
problem76 0 682602945107 1
problem77 0.01 714993500600 1
problem78 0.1 688205997732 1
problem79 0.78 690321818861 1
problem80 0.01 708857018061 1
problem81 0.52 670950410842 1
problem82 0.3 710193257742 1
problem83 0.08 734624142655 1
problem84 0.01 796331651495 1
problem85 0.13 646803539676 1
problem86 0.06 731567694552 1
problem87 2.2 731777838705 1
problem88 0.13 686597539041 1
problem89 0.01 688439810366 1
problem90 0.04 628187456002 1
problem91 0.05 662164087427 1
problem92 0.03 715634428539 1
problem93 0.2 711644070784 1
problem94 0.01 638837220492 1
problem95 0.23 681851200373 1
problem96 0.04 675110747253 1
problem97 0.1 709954250658 1
problem98 0.01 666573149302 1
problem99 0.2 754180719431 1
