problem0 0.03 484259560 1
problem1 0.01 525440041 1
problem2 0.01 501999753 1
problem3 0.02 463542878 1
problem4 0 473427682 1
problem5 0.01 502002603 1
problem6 0 513320499 1
problem7 0.01 522826064 1
problem8 0 514717884 1
problem9 0 454920845 1
problem10 0.02 604270269 1
problem11 0.03 512470178 1
problem12 0.02 448052854 1
problem13 0 529533647 1
problem14 0 549641255 1
problem15 0.07 548056660 1
problem16 0 543197712 1
problem17 0.15 477464177 1
problem18 0.01 420964465 1
problem19 0.05 475510886 1
problem20 0.01 515802506 1
problem21 0.03 501903219 1
problem22 0.01 469724571 1
problem23 0.03 488844504 1
problem24 0.02 571390692 1
problem25 0 465016789 1
problem26 0.01 538715557 1
problem27 0.02 495898026 1
problem28 0 467538974 1
problem29 0.1 527708567 1
problem30 0 545041039 1
problem31 0 446676188 1
problem32 0.02 486562616 1
problem33 0.06 487050937 1
problem34 0 524809817 1
problem35 0.01 483425390 1
problem36 0.03 459946546 1
problem37 0 478961979 1
problem38 0.03 541516547 1
problem39 0.02 543354464 1
problem40 0 535509772 1
problem41 0.05 479214365 1
problem42 0 458107533 1
problem43 0.03 521295026 1
problem44 0.01 466077638 1
problem45 0 481824351 1
problem46 0.01 545810167 1
problem47 0.01 488984932 1
problem48 0.04 557001312 1
problem49 0.02 549514497 1
problem50 0 497029697 1
problem51 0 484435574 1
problem52 0.01 464096474 1
problem53 0 467814659 1
problem54 0.03 550078059 1
problem55 0.02 458585576 1
problem56 0 472512820 1
problem57 0 495973477 1
problem58 0.01 548207989 1
problem59 0.02 496681402 1
problem60 0 508582254 1
problem61 0 530325799 1
problem62 0.02 506499423 1
problem63 0.01 525855724 1
problem64 0.01 441415560 1
problem65 0.09 549019977 1
problem66 0.01 505560105 1
problem67 0.04 481982078 1
problem68 0 466288002 1
problem69 0.04 425502411 1
problem70 0.01 432134099 1
problem71 0.02 466043760 1
problem72 0 496072028 1
problem73 0.01 469713837 1
problem74 0 573251165 1
problem75 0.04 520918210 1
problem76 0 490096918 1
problem77 0.06 532736495 1
problem78 0.01 463448519 1
problem79 0.05 531893364 1
problem80 0.03 495698608 1
problem81 0.01 527018897 1
problem82 0.01 464581649 1
problem83 0.03 552905862 1
problem84 0.01 503122986 1
problem85 0.01 449575571 1
problem86 0.03 474634043 1
problem87 0 467982072 1
problem88 0.03 482881412 1
problem89 0 495364341 1
problem90 0 463146309 1
problem91 0 548163018 1
problem92 0 504895166 1
problem93 0.01 472311991 1
problem94 0 484454447 1
problem95 0.08 487994108 1
problem96 0.01 519998424 1
problem97 0.03 464145369 1
problem98 0.01 504281593 1
problem99 0 545458318 1
