problem0 0 19055305 1 2284.00
problem1 0.00 18880451 1 2340.00
problem2 0.00 19412726 1 2340.00
problem3 0.00 17192700 1 2340.00
problem4 0.00 20313611 1 2340.00
problem5 0.00 18527101 1 2340.00
problem6 0.01 18801480 1 2340.00
problem7 0.00 16610182 1 2340.00
problem8 0.00 19618797 1 2340.00
problem9 0.00 19787607 1 2340.00
problem10 0.01 16254778 1 2340.00
problem11 0.00 19538224 1 2340.00
problem12 0.00 19080815 1 2340.00
problem13 0.00 20100433 1 2340.00
problem14 0.00 20735180 1 2340.00
problem15 0.00 18323962 1 2340.00
problem16 0.00 20653969 1 2340.00
problem17 0.01 19992427 1 2340.00
problem18 0.00 23027198 1 2340.00
problem19 0.00 18429924 1 2340.00
problem20 0.00 21025107 1 2340.00
problem21 0.00 17442725 1 2340.00
problem22 0.00 18937040 1 2340.00
problem23 0.01 20215022 1 2340.00
problem24 0.00 19084725 1 2340.00
problem25 0.00 17975295 1 2340.00
problem26 0.00 20958018 1 2340.00
problem27 0.00 18541336 1 2340.00
problem28 0.00 19203767 1 2340.00
problem29 0.01 20634233 1 2340.00
problem30 0.00 18555732 1 2340.00
problem31 0.00 17060962 1 2340.00
problem32 0.00 17733209 1 2340.00
problem33 0.00 19687699 1 2340.00
problem34 0.00 21290758 1 2340.00
problem35 0.01 22579916 1 2340.00
problem36 0.00 19912347 1 2340.00
problem37 0.00 18914765 1 2340.00
problem38 0.00 19103832 1 2340.00
problem39 0.00 21596246 1 2340.00
problem40 0.00 22174077 1 2340.00
problem41 0.00 18629287 1 2340.00
problem42 0.01 18098506 1 2340.00
problem43 0.00 17655552 1 2340.00
problem44 0.00 19615999 1 2340.00
problem45 0.00 18432417 1 2340.00
problem46 0.00 19700700 1 2340.00
problem47 0.00 20472010 1 2340.00
problem48 0.00 20811553 1 2340.00
problem49 0.00 19965115 1 2340.00
problem50 0.01 17644046 1 2340.00
problem51 0.00 18272180 1 2340.00
problem52 0.00 18580963 1 2340.00
problem53 0.00 18126325 1 2340.00
problem54 0.00 18023904 1 2340.00
problem55 0.00 20393406 1 2340.00
problem56 0.01 19482437 1 2340.00
problem57 0.00 18505551 1 2340.00
problem58 0.00 18456914 1 2340.00
problem59 0.00 22287592 1 2340.00
problem60 0.00 16680263 1 2340.00
problem61 0.00 21261001 1 2340.00
problem62 0.01 16600676 1 2340.00
problem63 0.00 19808050 1 2340.00
problem64 0.00 18387433 1 2340.00
problem65 0.00 19677795 1 2340.00
problem66 0.00 19722006 1 2340.00
problem67 0.01 19302044 1 2340.00
problem68 0.00 20733739 1 2340.00
problem69 0.00 18649117 1 2340.00
problem70 0.00 18613608 1 2340.00
problem71 0.00 20440358 1 2340.00
problem72 0.00 17334029 1 2340.00
problem73 0.01 20651511 1 2340.00
problem74 0.00 19182426 1 2340.00
problem75 0.00 17921232 1 2340.00
problem76 0.00 18293647 1 2340.00
problem77 0.00 21157361 1 2340.00
problem78 0.01 16366316 1 2340.00
problem79 0.00 21000090 1 2340.00
problem80 0.00 20979377 1 2340.00
problem81 0.00 20824587 1 2340.00
problem82 0.00 17333790 1 2340.00
problem83 0.00 20590468 1 2340.00
problem84 0.01 18539123 1 2340.00
problem85 0.00 20909125 1 2340.00
problem86 0.00 20643568 1 2340.00
problem87 0.00 20328078 1 2340.00
problem88 0.00 22053077 1 2340.00
problem89 0.00 20774559 1 2340.00
problem90 0.00 18472802 1 2340.00
problem91 0.01 20448952 1 2340.00
problem92 0.00 16624599 1 2340.00
problem93 0.00 19596057 1 2340.00
problem94 0.00 19816820 1 2340.00
problem95 0.00 16347650 1 2340.00
problem96 0.01 19182969 1 2340.00
problem97 0.00 20161459 1 2340.00
problem98 0.00 23357222 1 2340.00
problem99 0.00 22301292 1 2340.00
