problem0 0.042182 248299435290495 732 1 0.004094 2336.00
problem1 0.03 323512182997427 311 1 0.00 2484.00
problem2 0.01 380228206064653 175 1 0.00 2488.00
problem3 0.00 326871319492606 177 1 0.00 2452.00
problem4 0.00 308894790235399 210 1 0.00 2452.00
problem5 0.02 355428024929921 295 1 0.00 2488.00
problem6 0.01 407217514586468 78 1 0.00 2356.00
problem7 0.00 365058507330775 38 1 0.00 2356.00
problem8 0.01 300060133786394 314 1 0.00 2356.00
problem9 0.02 337363990756143 340 1 0.00 2484.00
problem10 0.01 330609978325561 234 1 0.00 2484.00
problem11 0.05 312279209462905 722 1 0.00 2484.00
problem12 0.20 352140905407720 1357 2 0.00 2592.00
problem13 0.02 310682130632491 471 1 0.00 2552.00
problem14 0.01 276884000032256 316 1 0.00 2552.00
problem15 0.00 330353644090426 74 1 0.00 2548.00
problem16 0.04 365092327228440 457 1 0.00 2356.00
problem17 0.00 324398778068006 114 1 0.00 2444.00
problem18 0.00 417407537815344 45 1 0.00 2356.00
problem19 0.03 369875563145422 519 1 0.00 2356.00
problem20 0.00 249266005123642 112 1 0.00 2472.00
problem21 0.03 274518549342996 1175 1 0.00 2724.00
problem22 0.04 372159309440162 486 1 0.00 2680.00
problem23 0.03 326364042938346 390 1 0.00 2680.00
problem24 0.01 306308382991056 422 1 0.00 2680.00
problem25 0.12 342878595261664 927 1 0.00 2680.00
problem26 0.02 316692251388366 373 1 0.00 2680.00
problem27 0.01 318269630308866 343 1 0.00 2680.00
problem28 0.01 325828172249091 298 1 0.00 2680.00
problem29 0.04 342781824948421 399 1 0.00 2680.00
problem30 0.01 313546224696700 225 1 0.00 2360.00
problem31 0.19 420553608912298 852 1 0.00 2360.00
problem32 0.00 343485978466812 102 1 0.00 2360.00
problem33 0.00 287778248621822 92 1 0.00 2360.00
problem34 0.01 331854061642861 210 1 0.00 2360.00
problem35 0.01 410391925337029 127 1 0.00 2360.00
problem36 0.03 347681402925111 375 1 0.00 2360.00
problem37 0.01 277014804715293 93 1 0.00 2360.00
problem38 0.02 401206038071691 216 1 0.00 2360.00
problem39 0.00 305625576799556 118 1 0.00 2360.00
problem40 0.03 335121052837337 625 1 0.00 2356.00
problem41 0.00 269471576049030 123 1 0.00 2356.00
problem42 0.00 348457060051487 108 1 0.00 2396.00
problem43 0.01 298691558637622 171 1 0.00 2396.00
problem44 0.00 287612913212410 134 1 0.00 2396.00
problem45 0.02 317115207509252 474 1 0.00 2396.00
problem46 0.00 304213750868140 108 1 0.00 2396.00
problem47 0.01 334099542552261 420 1 0.00 2396.00
problem48 0.00 276675020811590 197 1 0.00 2396.00
problem49 0.01 300617429559716 185 1 0.00 2396.00
problem50 0.01 289650484419760 223 1 0.00 2396.00
problem51 0.02 348590445910065 378 1 0.00 2396.00
problem52 0.01 301072550991341 196 1 0.00 2396.00
problem53 0.01 327983656081158 220 1 0.00 2396.00
problem54 0.04 383327884478770 418 1 0.00 2396.00
problem55 0.01 317848795703366 247 1 0.00 2396.00
problem56 0.01 313634217541880 270 1 0.00 2396.00
problem57 0.02 334005618279646 280 1 0.00 2396.00
problem58 0.03 295279064743398 494 1 0.00 2396.00
problem59 0.01 306631248450805 260 1 0.00 2396.00
problem60 0.02 320660929735167 379 1 0.00 2420.00
problem61 0.00 297384325243761 125 1 0.00 2420.00
problem62 0.01 342048614603533 192 1 0.00 2420.00
problem63 0.01 364810716377843 177 1 0.00 2420.00
problem64 0.01 286714915282329 206 1 0.00 2420.00
problem65 0.00 368891008041050 98 1 0.00 2420.00
problem66 0.00 326656391471263 68 1 0.00 2420.00
problem67 0.00 356961915609283 102 1 0.00 2420.00
problem68 0.01 228645621900381 448 1 0.00 2680.00
problem69 0.05 373987716772202 619 1 0.00 2680.00
problem70 0.01 299677547130436 196 1 0.00 2680.00
problem71 0.20 334306162304153 1407 2 0.00 3012.00
problem72 0.03 429193588420963 409 1 0.00 2720.00
problem73 0.04 377175057093849 672 1 0.00 2720.00
problem74 0.00 389006606487885 33 1 0.00 2356.00
problem75 0.04 245152906034939 1017 1 0.00 2356.00
problem76 0.17 271248661681746 1496 2 0.01 3068.00
problem77 0.02 373912652354200 342 1 0.00 2724.00
problem78 0.03 355495908792817 476 1 0.00 2356.00
problem79 0.00 341356806234408 78 1 0.00 2356.00
problem80 0.08 337891327129405 680 1 0.00 2356.00
problem81 0.29 275462569331062 1366 1 0.00 2616.00
problem82 0.01 343982322919628 226 1 0.00 2648.00
problem83 0.00 281084502639962 200 1 0.00 2648.00
problem84 0.01 321048483520691 195 1 0.00 2648.00
problem85 0.01 286671089587313 254 1 0.00 2648.00
problem86 0.00 304449589833743 40 1 0.00 2648.00
problem87 0.18 290861721337626 2627 2 0.01 3172.00
problem88 0.01 282620644640975 455 1 0.00 3044.00
problem89 0.00 269421597776378 154 1 0.00 2760.00
problem90 0.01 313090205557733 220 1 0.00 2760.00
problem91 0.03 410652906320814 332 1 0.00 2464.00
problem92 0.01 312542145842127 245 1 0.00 2464.00
problem93 0.03 339506903639603 612 1 0.00 2464.00
problem94 0.00 367846694497471 107 1 0.00 2464.00
problem95 0.00 367708199741696 47 1 0.00 2464.00
problem96 0.00 312907360088208 176 1 0.00 2356.00
problem97 0.00 331682460401475 38 1 0.00 2356.00
problem98 0.01 350686535444847 152 1 0.00 2356.00
problem99 0.02 375374549409142 260 1 0.00 2356.00
