problem0 1.68 1165045872832464 136 1 0.94 80016.00
problem1 0.76 1179037959779056 187 2 0.03 95028.00
problem2 0.75 1365185115390400 144 1 0.01 95216.00
problem3 0.77 1095146106294925 184 1 0.01 95076.00
problem4 0.76 1098437527463140 198 2 0.02 94848.00
problem5 0.77 1209506327002914 255 2 0.03 95188.00
problem6 0.77 1089632215479425 232 1 0.01 94960.00
problem7 0.76 1028577439698947 167 1 0.02 94992.00
problem8 0.76 1178122221487522 185 1 0.02 94884.00
problem9 0.75 1188886428903374 251 1 0.02 94960.00
problem10 0.75 1143415087619134 145 1 0.02 94840.00
problem11 0.76 1281691879429247 171 1 0.01 95096.00
problem12 0.77 1221591691891196 236 1 0.01 94928.00
problem13 0.77 1228802449148915 178 1 0.01 97032.00
problem14 0.75 1213033077358845 200 1 0.01 94868.00
problem15 0.79 1272691670265134 289 2 0.04 96980.00
problem16 0.76 1238256759730710 59 1 0.02 95252.00
problem17 0.76 1152696543679089 147 1 0.02 95012.00
problem18 0.77 1126547470429299 219 1 0.02 95056.00
problem19 0.79 1161607304546994 336 2 0.03 95204.00
problem20 0.76 1260409482807022 126 1 0.02 95160.00
problem21 0.76 1224890248927825 128 1 0.02 94972.00
problem22 0.77 1346248210924149 56 1 0.02 95124.00
problem23 0.77 1307166417282440 160 1 0.02 95312.00
problem24 0.77 1085511079905873 187 1 0.02 95072.00
problem25 0.76 1275899247501046 193 1 0.02 95068.00
problem26 0.77 1114823031003317 158 1 0.02 95128.00
problem27 0.76 1129294231670652 205 1 0.02 94900.00
problem28 0.76 1120001964243451 120 1 0.02 94960.00
problem29 0.79 1301980954414210 269 1 0.03 97112.00
problem30 0.76 1145978138492492 144 1 0.02 94880.00
problem31 0.77 1255535105019418 156 1 0.02 95264.00
problem32 0.76 1201685081789130 192 1 0.02 94980.00
problem33 0.77 1212293561330605 237 1 0.03 95176.00
problem34 0.77 1378090793094663 94 1 0.02 95192.00
problem35 0.77 1178906434971080 188 1 0.03 95084.00
problem36 0.75 1155865177016972 145 1 0.02 94044.00
problem37 0.77 1007159953899202 184 1 0.03 95120.00
problem38 0.76 1195709047756136 92 1 0.03 95036.00
problem39 0.76 1264079943637300 224 1 0.02 95064.00
problem40 0.8 1123053498939094 258 1 0.02 93968.00
problem41 0.83 1187110250616059 252 1 0.02 95284.00
problem42 0.82 1111267393783806 193 1 0.02 95004.00
problem43 0.83 1275095689580717 163 1 0.02 95176.00
problem44 0.82 1042921773641932 213 1 0.03 94984.00
problem45 0.8 1193258620661474 240 1 0.02 95136.00
problem46 0.79 1317561576199062 268 1 0.02 95316.00
problem47 0.78 1219693426085926 196 1 0.03 95016.00
problem48 0.79 1193045564471853 182 1 0.02 95220.00
problem49 0.78 1215849176975143 205 1 0.02 95068.00
problem50 0.77 1136231620916341 233 1 0.03 94964.00
problem51 0.79 1146681287895894 238 1 0.02 95240.00
problem52 0.78 1171363108753460 249 1 0.02 94844.00
problem53 0.77 1181011575329885 226 1 0.02 95292.00
problem54 0.79 1102888933446019 212 1 0.03 95064.00
problem55 0.78 1181617333405404 218 1 0.02 95152.00
problem56 0.79 856219894332142 204 1 0.03 94940.00
problem57 0.78 1157645316216150 151 1 0.03 94916.00
problem58 0.77 1192567992268808 155 1 0.02 95156.00
problem59 0.76 1206600334109755 158 1 0.02 95024.00
problem60 0.78 1034943877959028 178 1 0.03 95016.00
problem61 0.77 1065978581825226 71 1 0.02 94856.00
problem62 0.79 1311319445771104 125 1 0.02 96908.00
problem63 0.77 1193703419611127 232 1 0.02 95072.00
problem64 0.8 1283093525376425 267 1 0.02 96964.00
problem65 0.79 1035742017465067 249 1 0.02 95092.00
problem66 0.76 1096736963208906 292 1 0.02 94836.00
problem67 0.8 1317466581541447 196 1 0.02 96896.00
problem68 0.76 1120606075136695 120 1 0.02 95032.00
problem69 0.78 1084263836501971 274 1 0.02 94952.00
problem70 0.77 1186865673874392 92 1 0.02 94960.00
problem71 0.78 1327745914887540 146 1 0.02 95296.00
problem72 0.77 1267612953500729 102 1 0.03 95080.00
problem73 0.77 1166115224237724 92 1 0.02 94940.00
problem74 0.78 1252631156826728 217 1 0.03 95196.00
problem75 0.77 1179883826112497 184 1 0.02 95068.00
problem76 0.78 1168701650295823 115 1 0.02 94868.00
problem77 0.78 1020346041424598 153 1 0.03 94864.00
problem78 0.77 1211116261308734 202 1 0.02 95104.00
problem79 0.78 1074560645317186 229 1 0.03 95056.00
problem80 0.79 1374226572970049 266 1 0.02 95108.00
problem81 0.77 1105166374934608 164 1 0.02 94872.00
problem82 0.79 1230859030728012 259 1 0.02 95032.00
problem83 0.76 844601253991845 155 1 0.02 93936.00
problem84 0.77 986466857537078 137 1 0.02 95096.00
problem85 0.82 1164626062737274 356 2 0.05 95088.00
problem86 0.8 1228196188022257 229 1 0.02 97064.00
problem87 0.78 1061684114075848 227 1 0.02 94968.00
problem88 0.78 1236406346000109 51 1 0.02 95036.00
problem89 0.78 1113349846917928 201 1 0.02 95100.00
problem90 0.78 1269421639982698 150 1 0.02 95004.00
problem91 0.75 1042179883119123 164 1 0.02 94848.00
problem92 0.77 1230828350314269 143 1 0.02 95036.00
problem93 0.77 1145908207573780 215 1 0.02 94960.00
problem94 0.79 1278429585989335 179 1 0.02 97200.00
problem95 0.75 1295263496836488 182 1 0.02 95036.00
problem96 0.76 1144198192870943 155 1 0.03 94984.00
problem97 0.75 1268885401161530 111 1 0.02 94984.00
problem98 0.77 1331847391292518 118 1 0.03 95304.00
problem99 0.77 1340104691062181 174 1 0.02 95252.00
