problem0 1.76 788107811506488 1791 1 1.72 26376.00
problem1 0.51 872947114900360 899 1 0.47 25860.00
problem2 0.77 914784444519778 1638 1 0.69 25860.00
problem3 2.3 779203279338028 5274 2 2.19 29080.00
problem4 0.83 950741797231550 1457 1 0.63 23232.00
problem5 0.72 980038076021630 1046 1 0.58 23776.00
problem6 0.59 893332334397000 688 1 0.53 23776.00
problem7 1.33 697012997967868 3282 1 1.2 61856.00
problem8 3.63 765510567052266 10168 2 3.42 64580.00
problem9 1.46 812783016867691 2404 1 1.38 64580.00
problem10 1.74 696412776245231 9816 1 1.53 27224.00
problem11 1.23 808959385319171 1995 1 1.12 42052.00
problem12 1.83 766817509700009 4953 1 1.43 55856.00
problem13 1.11 893288304999106 1468 1 1 55856.00
problem14 0.82 930225100713872 612 1 0.77 35352.00
problem15 1.74 808352281327474 5253 1 1.6 55872.00
problem16 1.66 720733783847827 3892 1 1.59 77412.00
problem17 1.04 853573084633447 1616 1 0.97 77684.00
problem18 1.33 811987060165216 2295 1 1.15 37740.00
problem19 1.07 762599810095807 1966 1 1 37956.00
problem20 0.86 887576891393700 916 1 0.81 35364.00
problem21 1.05 871858191506195 1738 1 0.94 35908.00
problem22 1.23 767258985289834 2478 1 1.13 41824.00
problem23 1.56 765727191353308 4097 1 1.47 51624.00
problem24 1.64 717281355056041 3412 1 1.56 23620.00
problem25 1.29 755884657145992 1244 1 1.26 49628.00
problem26 1.15 857918499682573 2236 1 1.08 27716.00
problem27 0.91 850887305712665 1107 1 0.82 33860.00
problem28 1.71 846766463241108 5964 1 1.57 49604.00
problem29 1.72 778260116783454 6625 1 1.52 49616.00
problem30 1.38 810340130295308 2119 1 1.31 62084.00
problem31 1.55 765391600254290 3880 1 1.43 66116.00
problem32 1.17 830255434726200 2271 1 1.09 29468.00
problem33 1.21 827011970618481 1836 1 1.1 43792.00
problem34 0.75 916295514293553 825 1 0.7 20472.00
problem35 1.72 820984058667713 6130 1 1.58 53776.00
problem36 1.28 834309409308267 2344 1 1.14 35700.00
problem37 1.48 801984893238425 2361 1 1.44 50244.00
problem38 0.98 894091956516706 1569 1 0.89 33600.00
problem39 1.43 788457315667222 2437 1 1.35 52292.00
problem40 1.12 917096305433955 2052 1 1.04 23304.00
problem41 0.99 899322141261893 1439 1 0.94 31812.00
problem42 0.85 898045240905300 1267 1 0.78 21516.00
problem43 2.02 697506706178452 8789 1 1.8 47568.00
problem44 1 839344927381507 1193 1 0.93 41824.00
problem45 1.02 869983076305011 1060 1 0.96 42352.00
problem46 1.31 847780889707329 2784 1 1.16 42568.00
problem47 1.09 933089235921079 1664 1 0.96 39776.00
problem48 1.1 795794349353064 1160 1 1.06 45432.00
problem49 1.26 740831984762931 1505 1 1.23 37740.00
problem50 1.37 819869970012472 2718 1 1.27 37956.00
problem51 0.89 805748695772726 921 1 0.8 31220.00
problem52 1.18 778598408146104 1943 1 1.13 51932.00
problem53 2.01 787280876767493 8000 1 1.82 72460.00
problem54 4.71 642289465071819 13362 2 4.51 83524.00
problem55 1.04 796798462819267 1141 1 0.94 29672.00
problem56 1.21 803143617460782 1491 1 1.15 35908.00
problem57 1.23 852549107655305 1306 1 1.16 43876.00
problem58 1.77 766300586531963 4697 1 1.48 44100.00
problem59 0.99 856545478548842 782 1 0.88 35416.00
problem60 1.44 816782785289413 3547 1 1.34 35788.00
problem61 1.56 746855470431292 3110 1 1.5 55712.00
problem62 2.09 708453033724951 5829 1 1.89 55844.00
problem63 1.01 951944296698217 1087 1 0.93 27668.00
problem64 1 933284900282514 1270 1 0.96 28120.00
problem65 1.55 706577813667198 2509 1 1.46 64260.00
problem66 1.45 805914013051490 1969 1 1.39 64268.00
problem67 1.43 854934059381167 3114 1 1.26 39760.00
problem68 1.43 780680931027637 2207 1 1.3 66628.00
problem69 1.11 862679109131609 1065 1 1.05 35396.00
problem70 2.14 720053549340944 8018 1 1.91 63680.00
problem71 1.11 837512004838551 851 1 1.08 63684.00
problem72 1.91 760242460486761 6168 1 1.82 35140.00
problem73 1.01 900149125377651 1078 1 0.94 35348.00
problem74 1.49 850786725844555 3763 1 1.31 45468.00
problem75 1.35 800013727448988 945 1 1.32 45468.00
problem76 1.44 875457607369991 2538 1 1.36 51736.00
problem77 1.4 852609118114554 2541 1 1.28 52348.00
problem78 1.69 803652555496810 3041 1 1.58 47564.00
problem79 1.64 767211474797368 4669 1 1.39 47832.00
problem80 1.65 727547156467057 4225 1 1.51 31596.00
problem81 1.31 872086192310796 2173 1 1.22 37956.00
problem82 1.4 798224951190237 1502 1 1.35 60532.00
problem83 1.29 922699576188314 2046 1 1.13 60556.00
problem84 1.16 832657996021668 1570 1 1.1 37728.00
problem85 1.36 841644932815800 2315 1 1.18 48184.00
problem86 1.05 922834837391228 916 1 0.99 27656.00
problem87 1.67 773239291122475 3121 1 1.59 29844.00
problem88 1.31 923046227933032 2195 1 1.22 33628.00
problem89 1.62 798641900169834 3602 1 1.42 33860.00
problem90 1.08 831381579356689 1264 1 0.95 35660.00
problem91 1.52 737643420693586 1615 1 1.47 44100.00
problem92 1.73 716789458217249 2403 1 1.68 35696.00
problem93 1.07 908033965925905 869 1 1.04 35908.00
problem94 1.2 902269161954966 1109 1 1.16 43872.00
problem95 2.04 730600410029354 6102 1 1.92 44100.00
problem96 1.6 854603753061234 2433 1 1.51 51704.00
problem97 1.49 843491352392015 4553 1 1.27 51704.00
problem98 1.09 937597535713084 661 1 1.07 52292.00
problem99 1.21 846765229816734 1644 1 1.09 27612.00
