problem0 0 3073571 1
problem1 0 2992475 1
problem2 0 3316755 1
problem3 0 2979403 1
problem4 0 3633155 1
problem5 0 3555643 1
problem6 0 3088883 1
problem7 0 3328555 1
problem8 0 3240419 1
problem9 0 3133723 1
problem10 0 3153875 1
problem11 0 3479051 1
problem12 0 3337155 1
problem13 0 2906363 1
problem14 0 3249587 1
problem15 0 3037675 1
problem16 0 3333539 1
problem17 0 3659995 1
problem18 0 3441555 1
problem19 0 3577291 1
problem20 0 3098499 1
problem21 0 3428539 1
problem22 0 3336563 1
problem23 0 3197355 1
problem24 0 3221859 1
problem25 0 3260571 1
problem26 0 3196755 1
problem27 0 3077515 1
problem28 0 3310403 1
problem29 0 3352699 1
problem30 0 3284275 1
problem31 0 3152235 1
problem32 0 3364131 1
problem33 0 3311707 1
problem34 0 3205907 1
problem35 0 3355979 1
problem36 0 3383043 1
problem37 0 3006523 1
problem38 0 3092723 1
problem39 0 3295531 1
problem40 0 2973923 1
problem41 0 3223579 1
problem42 0 3272403 1
problem43 0 3101963 1
problem44 0 3250883 1
problem45 0 3110907 1
problem46 0 3417267 1
problem47 0 3037419 1
problem48 0 3624099 1
problem49 0 3586011 1
problem50 0 3527315 1
problem51 0 3495115 1
problem52 0 3307139 1
problem53 0 3403707 1
problem54 0 3209331 1
problem55 0 3623083 1
problem56 0 3479651 1
problem57 0 3088283 1
problem58 0 3446355 1
problem59 0 3355787 1
problem60 0 3289667 1
problem61 0 3032955 1
problem62 0 3255347 1
problem63 0 2955371 1
problem64 0 3327011 1
problem65 0 3434331 1
problem66 0 3029523 1
problem67 0 3470411 1
problem68 0 3460611 1
problem69 0 3702587 1
problem70 0 3227635 1
problem71 0 3262507 1
problem72 0 3493859 1
problem73 0 3444507 1
problem74 0 2932179 1
problem75 0 3183627 1
problem76 0 3361219 1
problem77 0 3249915 1
problem78 0 3453875 1
problem79 0 2971627 1
problem80 0 3324835 1
problem81 0 3249883 1
problem82 0 3613075 1
problem83 0 2888651 1
problem84 0 3777923 1
problem85 0 2920123 1
problem86 0 3606387 1
problem87 0 3131307 1
problem88 0 3540835 1
problem89 0 3571355 1
problem90 0 3499347 1
problem91 0 3109771 1
problem92 0 3137859 1
problem93 0 3499643 1
problem94 0 3029811 1
problem95 0 3151723 1
problem96 0 3355427 1
problem97 0 3753563 1
problem98 0 3311891 1
problem99 0 3650379 1
