problem0 0.13 14630905928 1 2744.00
problem1 0.06 14508905390 1 2800.00
problem2 0.05 13437099397 1 2800.00
problem3 0.12 11942677863 1 2800.00
problem4 0.14 12401101066 1 2800.00
problem5 0.06 14390051272 1 2800.00
problem6 0.07 14113551383 1 2800.00
problem7 0.09 11851223313 1 2800.00
problem8 0.11 13761366508 1 2800.00
problem9 0.08 13315446146 1 2800.00
problem10 0.13 10463160265 1 2800.00
problem11 0.13 11324961627 1 2800.00
problem12 0.06 12628602094 1 2800.00
problem13 0.08 13747579100 1 2800.00
problem14 0.14 12491770523 1 2800.00
problem15 0.03 14366318149 1 2800.00
problem16 0.14 12009296912 1 2800.00
problem17 0.12 12292486614 1 2800.00
problem18 0.09 12279107213 1 2800.00
problem19 0.03 15098469327 1 2800.00
problem20 0.10 13090275666 1 2800.00
problem21 0.07 14717064816 1 2800.00
problem22 0.12 12761269663 1 2800.00
problem23 0.09 13278631417 1 2800.00
problem24 0.05 14263654068 1 2800.00
problem25 0.09 12137612458 1 2800.00
problem26 0.09 13246882257 1 2800.00
problem27 0.10 13413717699 1 2800.00
problem28 0.07 13140235830 1 2800.00
problem29 0.11 12768221828 1 2800.00
problem30 0.12 13172176163 1 2800.00
problem31 0.08 13014845485 1 2800.00
problem32 0.06 11584905688 1 2800.00
problem33 0.12 11553624574 1 2800.00
problem34 0.05 13995897237 1 2800.00
problem35 0.05 13444461623 1 2800.00
problem36 0.07 11459541914 1 2800.00
problem37 0.09 12476204312 1 2800.00
problem38 0.09 13093579047 1 2800.00
problem39 0.07 14869152993 1 2800.00
problem40 0.10 13455033724 1 2800.00
problem41 0.05 13242199506 1 2800.00
problem42 0.10 11964878297 1 2800.00
problem43 0.06 13202654251 1 2800.00
problem44 0.07 14750990718 1 2800.00
problem45 0.09 12375975468 1 2800.00
problem46 0.07 14359900587 1 2800.00
problem47 0.13 13165468693 1 2800.00
problem48 0.09 13052891552 1 2800.00
problem49 0.14 12315027494 1 2800.00
problem50 0.05 15700248221 1 2800.00
problem51 0.08 14142330527 1 2800.00
problem52 0.05 14355871714 1 2800.00
problem53 0.08 13573213632 1 2800.00
problem54 0.05 13624680111 1 2800.00
problem55 0.05 14639308233 1 2800.00
problem56 0.10 13330191940 1 2800.00
problem57 0.14 13293326586 1 2800.00
problem58 0.07 14728440801 1 2800.00
problem59 0.10 14033484691 1 2800.00
problem60 0.11 14007676614 1 2800.00
problem61 0.08 12383308756 1 2800.00
problem62 0.09 13102186547 1 2800.00
problem63 0.13 13393598973 1 2800.00
problem64 0.02 15640748904 1 2800.00
problem65 0.05 12344965198 1 2800.00
problem66 0.07 15060684197 1 2800.00
problem67 0.11 13391938311 1 2800.00
problem68 0.11 13159740970 1 2800.00
problem69 0.08 14042542184 1 2800.00
problem70 0.06 15337121335 1 2800.00
problem71 0.06 14307090609 1 2800.00
problem72 0.08 13335775500 1 2800.00
problem73 0.06 14552411682 1 2800.00
problem74 0.12 13091847145 1 2800.00
problem75 0.06 13453491451 1 2800.00
problem76 0.08 12458810894 1 2800.00
problem77 0.16 12730616700 1 2800.00
problem78 0.12 11129217211 1 2800.00
problem79 0.06 14164181477 1 2800.00
problem80 0.11 12873815856 1 2800.00
problem81 0.08 12660195958 1 2800.00
problem82 0.08 13120046765 1 2800.00
problem83 0.11 13208549743 1 2800.00
problem84 0.09 13447247474 1 2800.00
problem85 0.06 14140206352 1 2800.00
problem86 0.15 12689211327 1 2800.00
problem87 0.10 12983733657 1 2800.00
problem88 0.07 14262705620 1 2800.00
problem89 0.11 12664358218 1 2800.00
problem90 0.14 11714477553 1 2800.00
problem91 0.08 15160903779 1 2800.00
problem92 0.11 13030739798 1 2800.00
problem93 0.09 12546696484 1 2800.00
problem94 0.10 12840850243 1 2800.00
problem95 0.13 12060333005 1 2800.00
problem96 0.04 14721199352 1 2800.00
problem97 0.09 13902087838 1 2800.00
problem98 0.11 13355970997 1 2800.00
problem99 0.09 12430244311 1 2800.00
