problem0 0 11348879 0
problem1 0 13110257 1
problem2 0 11409329 1
problem3 0 12901670 1
problem4 0 11527561 0
problem5 0 10976883 1
problem6 0 10682715 1
problem7 0 13332760 1
problem8 0 11806051 0
problem9 0 11639893 1
problem10 0 12085732 0
problem11 0 11640170 1
problem12 0 10802461 0
problem13 0 12359575 1
problem14 0 11889487 1
problem15 0 11371548 1
problem16 0 12304056 1
problem17 0 12255801 1
problem18 0 12648344 0
problem19 0 12494638 1
problem20 0 12553265 0
problem21 0 11652667 1
problem22 0 13369538 0
problem23 0 13363360 1
problem24 0 10078091 0
problem25 0 12995997 1
problem26 0 12527821 1
problem27 0 11897458 1
problem28 0 13163205 0
problem29 0 12071519 1
problem30 0 11342262 0
problem31 0 12267172 1
problem32 0 11669471 0
problem33 0 11767425 1
problem34 0 11548033 1
problem35 0 12703542 1
problem36 0 10981593 0
problem37 0 11981827 1
problem38 0 11333162 0
problem39 0 11920936 1
problem40 0 12740532 1
problem41 0 11850981 1
problem42 0 12023220 0
problem43 0 12131706 1
problem44 0 13139566 1
problem45 0 12239655 1
problem46 0 12445215 1
problem47 0 11837228 1
problem48 0 11181831 0
problem49 0 11677897 1
problem50 0 11680104 0
problem51 0 11201854 1
problem52 0 11957121 0
problem53 0 11734987 1
problem54 0 11815314 0
problem55 0 12708272 1
problem56 0 12092892 1
problem57 0 12694061 1
problem58 0 13095069 1
problem59 0 11589250 1
problem60 0 12206101 0
problem61 0 11586031 1
problem62 0 12216454 0
problem63 0 11425204 1
problem64 0 11267120 1
problem65 0 11233553 1
problem66 0 11897680 0
problem67 0 11168070 1
problem68 0 12760105 0
problem69 0 12255635 1
problem70 0 10523387 1
problem71 0 13398840 1
problem72 0 12755460 1
problem73 0 11625845 1
problem74 0 11450756 0
problem75 0 12662154 1
problem76 0 12623806 1
problem77 0 13026999 1
problem78 0 10557678 0
problem79 0 12898876 1
problem80 0 12875607 0
problem81 0 11253593 1
problem82 0 12102457 1
problem83 0 11324238 1
problem84 0 12243665 0
problem85 0 12527963 1
problem86 0 12601954 0
problem87 0 13238976 1
problem88 0 12270636 1
problem89 0 12611261 1
problem90 0 10661997 1
problem91 0 12499602 1
problem92 0 11410789 0
problem93 0 12401023 1
problem94 0 12089174 0
problem95 0 12358852 1
problem96 0 10141823 0
problem97 0 12032929 1
problem98 0 10623265 1
problem99 0 10916694 1
