problem0 0.54 939053178033406 1087 1 0.54 11348.00
problem1 0.07 983037548603900 75 1 0.06 7668.00
problem2 0.06 948380833975856 165 1 0.06 7668.00
problem3 0.07 856158062402907 529 1 0.06 7668.00
problem4 0.06 931582548141948 357 1 0.05 7668.00
problem5 0.06 1023285863891871 145 1 0.06 7668.00
problem6 0.06 1124701784816178 294 1 0.05 7668.00
problem7 0.06 924026706282687 436 1 0.06 7668.00
problem8 0.07 1026282717040138 198 1 0.06 7668.00
problem9 0.06 945422342509271 161 1 0.06 7668.00
problem10 0.06 1008616575455489 284 1 0.05 7668.00
problem11 0.07 913147484946348 827 1 0.06 7668.00
problem12 0.06 1023167931405290 135 1 0.06 7668.00
problem13 0.06 1185026868296488 221 1 0.06 7668.00
problem14 0.06 887097427013493 175 1 0.06 7668.00
problem15 0.06 1004040213608299 129 1 0.06 7668.00
problem16 0.06 965785064635103 281 1 0.06 7668.00
problem17 0.06 1022414985602803 176 1 0.06 7668.00
problem18 0.07 834645816180829 306 1 0.06 7668.00
problem19 0.05 952129780398217 165 1 0.05 7668.00
problem20 0.06 1103096056877405 121 1 0.06 7668.00
problem21 0.06 1110754357109286 320 1 0.06 7668.00
problem22 0.06 1135094723125371 147 1 0.06 7668.00
problem23 0.05 1224082489884261 123 1 0.05 7668.00
problem24 0.06 980097855284216 167 1 0.06 7668.00
problem25 0.07 834916182121603 513 1 0.07 7668.00
problem26 0.05 1001356123868766 131 1 0.05 7668.00
problem27 0.06 1223294383824478 195 1 0.05 7668.00
problem28 0.05 1104360455560904 274 1 0.05 7668.00
problem29 0.07 914774193734251 357 1 0.07 7668.00
problem30 0.06 1207655581904116 124 1 0.05 7668.00
problem31 0.06 936820612408374 321 1 0.05 7668.00
problem32 0.06 952938113644166 353 1 0.06 7668.00
problem33 0.06 1006360417624970 321 1 0.06 7668.00
problem34 0.06 1161739635744975 128 1 0.06 7668.00
problem35 0.06 964474050444853 246 1 0.06 7668.00
problem36 0.06 932674346493014 204 1 0.06 7668.00
problem37 0.06 1025740727109412 173 1 0.06 7668.00
problem38 0.07 985570395362819 418 1 0.07 7668.00
problem39 0.06 844759924662478 590 1 0.05 7668.00
problem40 0.06 932441101088920 245 1 0.06 7668.00
problem41 0.07 959287879412860 486 1 0.06 7668.00
problem42 0.06 1046012838092353 172 1 0.06 7668.00
problem43 0.06 1052950174117737 89 1 0.05 7668.00
problem44 0.05 1053718564682761 92 1 0.05 7668.00
problem45 0.06 1017205386501056 186 1 0.06 7668.00
problem46 0.06 1059784078282068 171 1 0.06 7668.00
problem47 0.06 929854145086835 300 1 0.06 7668.00
problem48 0.07 986127892408866 266 1 0.06 7668.00
problem49 0.06 1003530176345543 302 1 0.06 7668.00
problem50 0.06 896908955309450 509 1 0.06 7668.00
problem51 0.06 1069086427402678 353 1 0.06 7668.00
problem52 0.07 1024731532265910 174 1 0.06 7668.00
problem53 0.06 984639799958742 261 1 0.06 7668.00
problem54 0.05 815933413709890 236 1 0.05 7668.00
problem55 0.06 1126622154429819 166 1 0.05 7668.00
problem56 0.06 1026845449386985 121 1 0.06 7668.00
problem57 0.06 1172479631510798 119 1 0.06 7668.00
problem58 0.06 1115954329432245 215 1 0.06 7668.00
problem59 0.06 904904337938112 624 1 0.06 7668.00
problem60 0.07 1037009280475358 535 1 0.07 7668.00
problem61 0.06 852736276449135 231 1 0.06 7668.00
problem62 0.06 1077892246763539 148 1 0.06 7668.00
problem63 0.05 1192176700591154 76 1 0.05 7668.00
problem64 0.06 1172631424334333 231 1 0.06 7668.00
problem65 0.07 973274515936064 156 1 0.06 7668.00
problem66 0.06 1177037760179201 141 1 0.06 7668.00
problem67 0.06 1119223986864423 309 1 0.06 7668.00
problem68 0.07 1121279592926124 178 1 0.06 7668.00
problem69 0.05 934393788631106 252 1 0.05 7668.00
problem70 0.07 952057313524567 457 1 0.05 7668.00
problem71 0.05 1067958088974373 281 1 0.05 7668.00
problem72 0.06 951646066361498 248 1 0.06 7668.00
problem73 0.06 895321633441943 360 1 0.06 7668.00
problem74 0.06 959779818451635 457 1 0.06 7668.00
problem75 0.06 1082339069149551 282 1 0.06 7668.00
problem76 0.07 830709977592893 245 1 0.07 7668.00
problem77 0.06 982930060942881 266 1 0.06 7668.00
problem78 0.06 975793053153940 164 1 0.06 7668.00
problem79 0.07 1057626095146594 145 1 0.07 7668.00
problem80 0.06 1067657917533568 92 1 0.06 7668.00
problem81 0.06 1117262379093104 85 1 0.06 7668.00
problem82 0.06 956123036094041 166 1 0.06 7668.00
problem83 0.06 990093563230736 226 1 0.06 7668.00
problem84 0.06 1146682057535851 154 1 0.06 7668.00
problem85 0.06 1171521345018238 178 1 0.05 7820.00
problem86 0.06 916974365851346 296 1 0.05 7820.00
problem87 0.05 1032990483939062 206 1 0.05 7820.00
problem88 0.06 1139545936283987 137 1 0.06 7820.00
problem89 0.06 958972219056709 249 1 0.06 7820.00
problem90 0.06 956081040148694 187 1 0.06 7820.00
problem91 0.07 935670437044496 244 1 0.07 7820.00
problem92 0.06 1007514922312060 231 1 0.06 7820.00
problem93 0.06 946623144610080 426 1 0.06 7820.00
problem94 0.06 1062932832764297 94 1 0.05 7820.00
problem95 0.05 919762434087804 301 1 0.05 7820.00
problem96 0.06 1183544816658398 233 1 0.05 7820.00
problem97 0.06 823728282133157 215 1 0.05 7820.00
problem98 0.06 928109413186578 269 1 0.06 7820.00
problem99 0.06 979730917604086 217 1 0.05 7820.00
