problem0 0.03 78237016813388 0 2272.00
problem1 0.03 73852158214388 0 2328.00
problem2 0.03 75170401701178 0 2328.00
problem3 0.04 82107556768757 0 2328.00
problem4 0.03 72756761701160 0 2328.00
problem5 0.04 73317550958005 0 2328.00
problem6 0.03 80564057098906 0 2328.00
problem7 0.03 80255525996971 0 2328.00
problem8 0.04 67614984626690 0 2328.00
problem9 0.03 80968753990093 0 2328.00
problem10 0.04 80623115385205 0 2328.00
problem11 0.03 79444037003970 0 2328.00
problem12 0.04 86216717571213 0 2328.00
problem13 0.03 77446931899969 0 2328.00
problem14 0.04 89087921300174 0 2328.00
problem15 0.03 86776080565058 0 2328.00
problem16 0.03 70302475957616 0 2328.00
problem17 0.04 71139669146133 0 2328.00
problem18 0.03 76705920124795 0 2328.00
problem19 0.04 75747191068202 0 2328.00
problem20 0.03 83726740116338 0 2328.00
problem21 0.03 89676397938229 0 2328.00
problem22 0.04 84558127881978 0 2328.00
problem23 0.03 73930961950844 0 2328.00
problem24 0.04 88492053786157 0 2328.00
problem25 0.03 77381222205623 0 2328.00
problem26 0.04 71269427884854 0 2328.00
problem27 0.03 89551747947189 0 2328.00
problem28 0.03 82488088426542 0 2328.00
problem29 0.04 79114160867002 0 2328.00
problem30 0.03 76843856329505 0 2328.00
problem31 0.04 81453716869114 0 2328.00
problem32 0.03 68971068751329 0 2328.00
problem33 0.03 70585043024279 0 2328.00
problem34 0.04 85199342158012 0 2328.00
problem35 0.03 84616437007597 0 2328.00
problem36 0.04 88681001286395 0 2328.00
problem37 0.03 79453868975254 0 2328.00
problem38 0.04 80182133651465 0 2328.00
problem39 0.03 66805511777071 0 2328.00
problem40 0.03 79301217644563 0 2328.00
problem41 0.04 89243264993944 0 2328.00
problem42 0.03 77357609494685 0 2328.00
problem43 0.04 72711145311456 0 2328.00
problem44 0.03 74632651038386 0 2328.00
problem45 0.03 80105776030847 0 2328.00
problem46 0.04 76601892885025 0 2328.00
problem47 0.03 81629569261575 0 2328.00
problem48 0.03 72780753095562 0 2328.00
problem49 0.04 72305577753635 0 2328.00
problem50 0.03 65236640789414 0 2328.00
problem51 0.04 77865609850998 0 2328.00
problem52 0.03 76931376490431 0 2328.00
problem53 0.03 77856607912956 0 2328.00
problem54 0.04 73906031595299 0 2328.00
problem55 0.03 72172627737329 0 2328.00
problem56 0.04 91012321114019 0 2328.00
problem57 0.03 63671210085421 0 2328.00
problem58 0.03 71890695364553 0 2328.00
problem59 0.04 76428853966605 0 2328.00
problem60 0.03 85633706542607 0 2328.00
problem61 0.04 91146033907021 0 2328.00
problem62 0.03 69095470379515 0 2328.00
problem63 0.04 73331563867780 0 2328.00
problem64 0.03 68447589403668 0 2328.00
problem65 0.03 84628401223721 0 2328.00
problem66 0.04 88260427852614 0 2328.00
problem67 0.03 80065135371229 0 2328.00
problem68 0.04 67611802421783 0 2328.00
problem69 0.03 70989044983766 0 2328.00
problem70 0.03 79962932291452 0 2328.00
problem71 0.04 92637735978583 0 2328.00
problem72 0.03 74537503489804 0 2328.00
problem73 0.04 74463593089167 0 2328.00
problem74 0.03 81676923443139 0 2328.00
problem75 0.04 67017289541237 0 2328.00
problem76 0.03 75662806855365 0 2328.00
problem77 0.03 69184052978497 0 2328.00
problem78 0.04 68934582765242 0 2328.00
problem79 0.03 93197373948479 0 2328.00
problem80 0.04 87490589447135 0 2328.00
problem81 0.03 88356343412805 0 2328.00
problem82 0.03 81331547071421 0 2328.00
problem83 0.04 78296817290885 0 2328.00
problem84 0.03 69546146787714 0 2328.00
problem85 0.04 83264571213419 0 2328.00
problem86 0.03 67022785756519 0 2328.00
problem87 0.04 101976294676221 0 2328.00
problem88 0.03 82491582154575 0 2328.00
problem89 0.03 75260797060937 0 2328.00
problem90 0.04 90022955421439 0 2328.00
problem91 0.03 65384344443214 0 2328.00
problem92 0.04 91063580235590 0 2328.00
problem93 0.03 88367871820449 0 2328.00
problem94 0.04 88871650646254 0 2328.00
problem95 0.03 82789129211404 0 2328.00
problem96 0.04 73740565192065 0 2328.00
problem97 0.03 71402552653835 0 2328.00
problem98 0.03 90462108916276 0 2328.00
problem99 0.04 83176732639898 0 2328.00
