problem0 0 117469 1
problem1 0 114837 1
problem2 0 131789 1
problem3 0 141701 1
problem4 0 122045 1
problem5 0 132213 1
problem6 0 116909 1
problem7 0 123237 1
problem8 0 120477 1
problem9 0 135253 1
problem10 0 116365 1
problem11 0 123205 1
problem12 0 129149 1
problem13 0 128053 1
problem14 0 121965 1
problem15 0 117029 1
problem16 0 123485 1
problem17 0 118805 1
problem18 0 117325 1
problem19 0 104709 1
problem20 0 123965 1
problem21 0 115701 1
problem22 0 135213 1
problem23 0 123109 1
problem24 0 138781 1
problem25 0 126933 1
problem26 0 122381 1
problem27 0 127173 1
problem28 0 147453 1
problem29 0 127925 1
problem30 0 111597 1
problem31 0 96421 1
problem32 0 125405 1
problem33 0 110485 1
problem34 0 127437 1
problem35 0 129157 1
problem36 0 125885 1
problem37 0 103285 1
problem38 0 128941 1
problem39 0 114789 1
problem40 0 107933 1
problem41 0 114517 1
problem42 0 140685 1
problem43 0 118853 1
problem44 0 124797 1
problem45 0 127797 1
problem46 0 125805 1
problem47 0 116773 1
problem48 0 127325 1
problem49 0 126741 1
problem50 0 129357 1
problem51 0 137221 1
problem52 0 119613 1
problem53 0 131829 1
problem54 0 122669 1
problem55 0 126949 1
problem56 0 122141 1
problem57 0 122581 1
problem58 0 118029 1
problem59 0 118725 1
problem60 0 114429 1
problem61 0 119477 1
problem62 0 119533 1
problem63 0 120741 1
problem64 0 133341 1
problem65 0 118421 1
problem66 0 135373 1
problem67 0 141189 1
problem68 0 117437 1
problem69 0 127605 1
problem70 0 120493 1
problem71 0 118629 1
problem72 0 111773 1
problem73 0 130645 1
problem74 0 119949 1
problem75 0 130885 1
problem76 0 116349 1
problem77 0 115253 1
problem78 0 133741 1
problem79 0 108325 1
problem80 0 118877 1
problem81 0 130581 1
problem82 0 116813 1
problem83 0 124677 1
problem84 0 131645 1
problem85 0 115189 1
problem86 0 126509 1
problem87 0 134885 1
problem88 0 134173 1
problem89 0 126421 1
problem90 0 125965 1
problem91 0 122565 1
problem92 0 122365 1
problem93 0 119221 1
problem94 0 131565 1
problem95 0 116389 1
problem96 0 112605 1
problem97 0 114069 1
problem98 0 118733 1
problem99 0 136837 1
