problem0 0 61717626 1
problem1 0 61629528 1
problem2 0 58031543 1
problem3 0 65755185 1
problem4 0.01 59965564 1
problem5 0 57062898 1
problem6 0 58393097 1
problem7 0 61573595 1
problem8 0 61067678 1
problem9 0.01 54839852 1
problem10 0 61087867 1
problem11 0.01 61335333 1
problem12 0 65163744 1
problem13 0 56089350 1
problem14 0.01 63458061 1
problem15 0 60996111 1
problem16 0 47170370 1
problem17 0.01 62767744 1
problem18 0 62591935 1
problem19 0.01 56880281 1
problem20 0 61769668 1
problem21 0 47905434 1
problem22 0 60697745 1
problem23 0 61016259 1
problem24 0.01 56893798 1
problem25 0 55876948 1
problem26 0 59991939 1
problem27 0 57751693 1
problem28 0.01 56308264 1
problem29 0 61498542 1
problem30 0 55490197 1
problem31 0.01 54740471 1
problem32 0 54885386 1
problem33 0 64006824 1
problem34 0.01 63450055 1
problem35 0 64723713 1
problem36 0.01 56484108 1
problem37 0 61499714 1
problem38 0 55441689 1
problem39 0 70533547 1
problem40 0 59401006 1
problem41 0.01 65223292 1
problem42 0.01 66482315 1
problem43 0 69788661 1
problem44 0 62792816 1
problem45 0.01 59332694 1
problem46 0.01 61998109 1
problem47 0 54578143 1
problem48 0 54224594 1
problem49 0 59219152 1
problem50 0 58541519 1
problem51 0 60351337 1
problem52 0.01 60132436 1
problem53 0.01 56590826 1
problem54 0 57862049 1
problem55 0.01 63812755 1
problem56 0 66262774 1
problem57 0 52634020 1
problem58 0 52280211 1
problem59 0.01 65366365 1
problem60 0 57649336 1
problem61 0 61814270 1
problem62 0 55227301 1
problem63 0 62507975 1
problem64 0.01 56492954 1
problem65 0 54860024 1
problem66 0 60482007 1
problem67 0.01 69354961 1
problem68 0.01 57280924 1
problem69 0 65324178 1
problem70 0 58030121 1
problem71 0 56484219 1
problem72 0 56278206 1
problem73 0.01 59167436 1
problem74 0 62507163 1
problem75 0 58542277 1
problem76 0.01 64241408 1
problem77 0 58097062 1
problem78 0.01 59852077 1
problem79 0 59557295 1
problem80 0 60412514 1
problem81 0 51093280 1
problem82 0.01 56721375 1
problem83 0.01 60703289 1
problem84 0.01 61855972 1
problem85 0 56930618 1
problem86 0 60697265 1
problem87 0 66275427 1
problem88 0 56480902 1
problem89 0.01 54578676 1
problem90 0.03 62592931 1
problem91 0 57082413 1
problem92 0 59795272 1
problem93 0 62500686 1
problem94 0.02 60700853 1
problem95 0 51919255 1
problem96 0 56316714 1
problem97 0 56471368 1
problem98 0 59875303 1
problem99 0 62085281 1
