problem0 0 134894748600 0 2224.00
problem1 0.00 149019926328 0 2280.00
problem2 0.00 143001113705 0 2280.00
problem3 0.01 99836929766 0 2280.00
problem4 0.00 142076969586 0 2280.00
problem5 0.00 133033864168 0 2280.00
problem6 0.00 112439303507 0 2280.00
problem7 0.01 123203512069 0 2280.00
problem8 0.00 128493305534 0 2280.00
problem9 0.00 135759639439 0 2280.00
problem10 0.00 135969790193 0 2280.00
problem11 0.01 149004034512 0 2280.00
problem12 0.00 119478946328 0 2280.00
problem13 0.00 113773183096 0 2280.00
problem14 0.00 126922877243 0 2280.00
problem15 0.01 121892827758 0 2280.00
problem16 0.00 104597346173 0 2280.00
problem17 0.00 127011716446 0 2280.00
problem18 0.00 102967660660 0 2280.00
problem19 0.01 140182098972 0 2280.00
problem20 0.00 160963377343 0 2280.00
problem21 0.00 117186179572 0 2280.00
problem22 0.00 107363053588 0 2280.00
problem23 0.01 128345038939 0 2280.00
problem24 0.00 132433731381 0 2280.00
problem25 0.00 118594947534 0 2280.00
problem26 0.00 126394092016 0 2280.00
problem27 0.01 126889021323 0 2280.00
problem28 0.00 125002587723 0 2280.00
problem29 0.00 119285681995 0 2280.00
problem30 0.00 112548741358 0 2280.00
problem31 0.01 116092730607 0 2280.00
problem32 0.00 109307553245 0 2280.00
problem33 0.00 122488908875 0 2280.00
problem34 0.00 118300595793 0 2280.00
problem35 0.01 124588958410 0 2280.00
problem36 0.00 119290907072 0 2280.00
problem37 0.00 142739990967 0 2280.00
problem38 0.00 122845457509 0 2280.00
problem39 0.01 124476201763 0 2280.00
problem40 0.00 150743710217 0 2280.00
problem41 0.00 103571272314 0 2280.00
problem42 0.00 137551513112 0 2280.00
problem43 0.01 147186966342 0 2280.00
problem44 0.00 120275159714 0 2280.00
problem45 0.00 145358917783 0 2280.00
problem46 0.00 126300193338 1 2280.00
problem47 0.00 122869647681 0 2280.00
problem48 0.00 127674821928 0 2284.00
problem49 0.00 134458928551 0 2284.00
problem50 0.00 108507850644 0 2284.00
problem51 0.00 101923935154 0 2284.00
problem52 0.01 107678577427 0 2284.00
problem53 0.00 120241182082 0 2284.00
problem54 0.00 140992860880 0 2284.00
problem55 0.01 122002184536 0 2284.00
problem56 0.00 150266777447 0 2284.00
problem57 0.00 137092721950 0 2284.00
problem58 0.00 113760340589 0 2284.00
problem59 0.01 113902473435 0 2284.00
problem60 0.00 125607612920 0 2284.00
problem61 0.00 145590158240 0 2284.00
problem62 0.00 143569547001 0 2284.00
problem63 0.01 98582009851 0 2284.00
problem64 0.00 138661080784 0 2284.00
problem65 0.00 108713967968 0 2284.00
problem66 0.00 114155454597 0 2284.00
problem67 0.01 107717666446 0 2284.00
problem68 0.00 145687607412 0 2284.00
problem69 0.00 147974778861 0 2284.00
problem70 0.00 105821037898 0 2284.00
problem71 0.01 132655667178 0 2284.00
problem72 0.00 151376272947 0 2284.00
problem73 0.00 106383276698 0 2284.00
problem74 0.00 131201489398 0 2284.00
problem75 0.01 110776558920 0 2284.00
problem76 0.00 88709592082 0 2284.00
problem77 0.00 139244792018 0 2284.00
problem78 0.00 135011648361 0 2284.00
problem79 0.00 117752277030 0 2284.00
problem80 0.01 109863791273 0 2284.00
problem81 0.00 140365539045 0 2284.00
problem82 0.00 131645515133 0 2284.00
problem83 0.00 131550092298 0 2284.00
problem84 0.01 129342281207 0 2284.00
problem85 0.00 123941502651 0 2284.00
problem86 0.00 138137771536 0 2284.00
problem87 0.00 78899861981 0 2284.00
problem88 0.01 117514151516 0 2284.00
problem89 0.00 126704933003 0 2284.00
problem90 0.00 116732359183 0 2284.00
problem91 0.00 149628410599 0 2284.00
problem92 0.01 119973113730 0 2284.00
problem93 0.00 119585620026 0 2284.00
problem94 0.00 105332802448 0 2284.00
problem95 0.00 114966248071 0 2284.00
problem96 0.01 131867893931 0 2284.00
problem97 0.00 109443341970 0 2284.00
problem98 0.00 128382816841 0 2284.00
problem99 0.00 118795285298 0 2284.00
