problem0 23.47 64432289757649 1 6152.00
problem1 12.74 67722108921710 1 7024.00
problem2 16.60 77226461472402 1 7024.00
problem3 12.18 73171326357395 1 7024.00
problem4 20.72 72323430956331 1 7024.00
problem5 12.43 66742676503024 1 7024.00
problem6 8.79 79966647366620 1 7024.00
problem7 14.13 75196704689605 1 7024.00
problem8 15.33 65113749669605 1 7024.00
problem9 11.88 71713147785298 1 7024.00
problem10 18.46 71366355699846 1 7024.00
problem11 12.72 66246961247447 1 7024.00
problem12 31.10 65539767021823 1 7024.00
problem13 8.34 74242025221268 1 7024.00
problem14 11.27 81055890157200 1 7024.00
problem15 19.04 64332291438281 1 7024.00
problem16 12.83 72044830143865 1 7024.00
problem17 34.13 63692975452342 1 7024.00
problem18 11.38 63580889976826 1 7024.00
problem19 26.06 66174784660891 1 7024.00
problem20 10.62 70041126301267 1 7024.00
problem21 10.42 77570558795448 1 7024.00
problem22 11.73 74927738812100 1 7024.00
problem23 14.28 74043299361613 1 7024.00
problem24 17.17 72012240934285 1 7024.00
problem25 29.19 60948288100506 1 7024.00
problem26 10.72 68770277018862 1 7024.00
problem27 5.56 70422082646495 1 7024.00
problem28 28.62 61819966113063 1 7024.00
problem29 13.17 71543674560604 1 7024.00
problem30 7.23 63347518594168 1 7024.00
problem31 22.35 62325688275793 1 7024.00
problem32 16.10 68148064745249 1 7024.00
problem33 25.36 70771711645694 1 7024.00
problem34 5.71 83733559856994 1 7024.00
problem35 9.45 66594012260771 1 7024.00
problem36 10.11 74456567448955 1 7024.00
problem37 15.05 71138271052160 1 7024.00
problem38 15.09 72582249918380 1 7024.00
problem39 10.34 75051697596117 1 7024.00
problem40 14.45 69865193433653 1 7024.00
problem41 24.32 68861442326242 1 7024.00
problem42 30.57 58788394886998 1 7024.00
problem43 14.54 66405924658407 1 7024.00
problem44 9.40 71616844857167 1 7024.00
problem45 22.99 61636268511780 1 7024.00
problem46 14.41 74906954317920 1 7024.00
problem47 19.45 65128239267289 1 7024.00
problem48 16.37 70264747261641 1 7024.00
problem49 16.14 62591454321990 1 7024.00
problem50 9.07 76233641321674 1 7024.00
problem51 11.66 74087509482411 1 7024.00
problem52 26.66 64713734685347 1 7024.00
problem53 18.67 65835918762568 1 7024.00
problem54 9.90 61542246243988 1 7024.00
problem55 20.99 68250184935517 1 7024.00
problem56 13.47 65806374995165 1 7024.00
problem57 12.70 70965650064170 1 7024.00
problem58 20.27 67757277747134 1 7024.00
problem59 16.32 63577529349615 1 7024.00
problem60 13.04 76081159823223 1 7024.00
problem61 5.84 78161944363500 1 7024.00
problem62 26.53 60027261868616 1 7024.00
problem63 11.01 79462875838049 1 7024.00
problem64 9.17 70090556492913 1 7024.00
problem65 21.58 66237145727118 1 7024.00
problem66 14.35 73462645936178 1 7024.00
problem67 12.47 72815334734771 1 7024.00
problem68 14.50 62993327744459 1 7024.00
problem69 13.43 72764945154320 1 7024.00
problem70 22.22 68664688247676 1 7024.00
problem71 13.02 70823837824997 1 7024.00
problem72 13.33 69616299779461 1 7024.00
problem73 12.31 60574910539122 1 7024.00
problem74 18.61 67576920563238 1 7024.00
problem75 21.13 64801561820407 1 7024.00
problem76 15.26 74405086651807 1 7024.00
problem77 10.56 74859769049012 1 7024.00
problem78 19.24 71302484666928 1 7024.00
problem79 23.58 70247245036777 1 7024.00
problem80 16.86 65503011201049 1 7024.00
problem81 20.27 70222772208086 1 7024.00
problem82 11.22 70665438728602 1 7024.00
problem83 20.92 70278627985851 1 7024.00
problem84 23.01 63878404746995 1 7024.00
problem85 12.68 66711802682840 1 7024.00
problem86 13.42 79525414182500 1 7024.00
problem87 20.49 62048050779501 1 7024.00
problem88 5.28 72898750434349 1 7024.00
problem89 13.39 69889385014714 1 7024.00
problem90 9.15 66821630900878 1 7024.00
problem91 17.70 65715479851519 1 7024.00
problem92 20.02 55806819471815 1 7024.00
problem93 18.20 71288745007996 1 7024.00
problem94 12.25 73875517911064 1 7024.00
problem95 34.26 66600079069553 1 7024.00
problem96 15.92 71155678034369 1 7024.00
problem97 11.47 76358597239070 1 7024.00
problem98 15.31 63850774440194 1 7024.00
problem99 10.24 65987958556099 1 7024.00
