problem0 0 1839596 1
problem1 0 1739306 1
problem2 0 1515256 1
problem3 0 1628118 1
problem4 0 1384516 1
problem5 0 1943490 1
problem6 0 1458640 1
problem7 0 1754606 1
problem8 0 1437596 1
problem9 0 1719898 1
problem10 0 1758632 1
problem11 0 1858822 1
problem12 0 1695732 1
problem13 0 1879538 1
problem14 0 1522304 1
problem15 0 1965342 1
problem16 0 1659212 1
problem17 0 1857162 1
problem18 0 1757272 1
problem19 0 1639990 1
problem20 0 1614756 1
problem21 0 1939490 1
problem22 0 1701680 1
problem23 0 1628238 1
problem24 0 1783548 1
problem25 0 1692346 1
problem26 0 1773320 1
problem27 0 1561446 1
problem28 0 1993556 1
problem29 0 1664594 1
problem30 0 1800160 1
problem31 0 1660798 1
problem32 0 1745068 1
problem33 0 1815274 1
problem34 0 2003384 1
problem35 0 1950870 1
problem36 0 1586948 1
problem37 0 1775746 1
problem38 0 1817744 1
problem39 0 1997486 1
problem40 0 2002524 1
problem41 0 1701658 1
problem42 0 1595496 1
problem43 0 1759686 1
problem44 0 1771188 1
problem45 0 1420978 1
problem46 0 1623360 1
problem47 0 1720798 1
problem48 0 1638412 1
problem49 0 1548106 1
problem50 0 1729304 1
problem51 0 1839862 1
problem52 0 1694308 1
problem53 0 1779937 0
problem54 0 1675760 1
problem55 0 1748238 1
problem56 0 1897916 1
problem57 0 1944442 1
problem58 0 1683912 1
problem59 0 1929254 1
problem60 0 1880596 1
problem61 0 1935122 1
problem62 0 1647264 1
problem63 0 1817662 1
problem64 0 1929068 1
problem65 0 1973162 1
problem66 0 1655928 1
problem67 0 1765718 1
problem68 0 1609156 1
problem69 0 1755458 1
problem70 0 1800016 1
problem71 0 1797998 1
problem72 0 1797403 0
problem73 0 1699802 1
problem74 0 1710888 1
problem75 0 1676934 1
problem76 0 1469812 1
problem77 0 1765234 1
problem78 0 1871872 1
problem79 0 1623710 1
problem80 0 1830604 1
problem81 0 1845258 1
problem82 0 1586648 1
problem83 0 1793974 1
problem84 0 1593636 1
problem85 0 1898914 1
problem86 0 1338544 1
problem87 0 1688014 1
problem88 0 1766524 1
problem89 0 1819706 1
problem90 0 1807496 1
problem91 0 1723622 1
problem92 0 1587412 1
problem93 0 1828818 1
problem94 0 1707360 1
problem95 0 1728766 1
problem96 0 1670700 1
problem97 0 1950826 1
problem98 0 1783608 1
problem99 0 1859094 1
