problem0 1.49 401644 5 1157282328 6.9532e-310 0.00
problem1 2.06 358411 5 1157282328 6.9532e-310 0.00
problem2 2.4 319778 5 1157282328 6.9532e-310 0.00
problem3 1.71 275441 5 1157282328 6.9532e-310 0.00
problem4 0.82 362040 5 1157282328 6.9532e-310 0.00
problem5 1.1 334775 5 1157282328 6.9532e-310 0.00
problem6 1.82 333358 5 1157282328 6.9532e-310 0.00
problem7 1.83 304477 5 1157282328 6.9532e-310 0.00
problem8 1.27 358148 5 1157282328 6.9532e-310 0.00
problem9 1.37 321251 5 1157282328 6.9532e-310 0.00
problem10 1.48 323258 5 1157282328 6.9532e-310 0.00
problem11 2.01 333385 5 1157282328 6.9532e-310 0.00
problem12 1.5 369488 5 1157282328 6.9532e-310 0.00
problem13 1.49 330127 5 1157282328 6.9532e-310 0.00
problem14 1.25 367302 5 1157282328 6.9532e-310 0.00
problem15 1.16 325301 5 1157282328 6.9532e-310 0.00
problem16 1.46 326428 5 1157282328 6.9532e-310 0.00
problem17 1.07 390075 5 1157282328 6.9532e-310 0.00
problem18 1.46 313938 5 1157282328 6.9532e-310 0.00
problem19 1.74 439969 5 1157282328 6.9532e-310 0.00
problem20 0.94 323176 5 1157282328 6.9532e-310 0.00
problem21 0.84 382311 5 1157282328 6.9532e-310 0.00
problem22 0.88 290142 5 1157282328 6.9532e-310 0.00
problem23 1.99 411149 5 1157282328 6.9532e-310 0.00
problem24 1.89 322868 5 1157282328 6.9532e-310 0.00
problem25 1.26 351891 5 1157282328 6.9532e-310 0.00
problem26 1.37 357354 5 1157282328 6.9532e-310 0.00
problem27 2.15 349433 5 1157282328 6.9532e-310 0.00
problem28 1.51 370560 5 1157282328 6.9532e-310 0.00
problem29 1.51 360255 5 1157282328 6.9532e-310 0.00
problem30 1.84 314870 5 1157282328 6.9532e-310 0.00
problem31 1.85 332645 5 1157282328 6.9532e-310 0.00
problem32 1.37 314700 5 1157282328 6.9532e-310 0.00
problem33 1.28 354155 5 1157282328 6.9532e-310 0.00
problem34 1.16 306050 5 1157282328 6.9532e-310 0.00
problem35 1.51 373073 5 1157282328 6.9532e-310 0.00
problem36 1.34 347800 5 1157282328 6.9532e-310 0.00
problem37 2.07 345879 5 1157282328 6.9532e-310 0.00
problem38 1.86 375950 5 1157282328 6.9532e-310 0.00
problem39 2.61 368317 5 1157282328 6.9532e-310 0.00
problem40 1.47 351076 5 1157282328 6.9532e-310 0.00
problem41 1.34 380483 5 1157282328 6.9532e-310 0.00
problem42 1.3 373018 5 1157282328 6.9532e-310 0.00
problem43 1.4 379817 5 1157282328 6.9532e-310 0.00
problem44 1.38 336816 5 1157282328 6.9532e-310 0.00
problem45 1.4 306415 5 1157282328 6.9532e-310 0.00
problem46 1.52 375078 5 1157282328 6.9532e-310 0.00
problem47 1.24 321557 5 1157282328 6.9532e-310 0.00
problem48 1.47 382844 5 1157282328 6.9532e-310 0.00
problem49 1.66 299803 5 1157282328 6.9532e-310 0.00
problem50 1.89 328882 5 1157282328 6.9532e-310 0.00
problem51 1.91 353281 5 1157282328 6.9532e-310 0.00
problem52 4.53 304840 5 1157282328 6.9532e-310 0.00
problem53 1.41 323783 5 1157282328 6.9532e-310 0.00
problem54 2.08 312254 5 1157282328 6.9532e-310 0.00
problem55 1.03 372589 5 1157282328 6.9532e-310 0.00
problem56 1.36 344468 5 1157282328 6.9532e-310 0.00
problem57 1.48 308723 5 1157282328 6.9532e-310 0.00
problem58 1.65 304714 5 1157282328 6.9532e-310 0.00
problem59 1.31 375385 5 1157282328 6.9532e-310 0.00
problem60 1.57 301024 5 1157282328 6.9532e-310 0.00
problem61 1.76 299679 5 1157282328 6.9532e-310 0.00
problem62 1.09 302166 5 1157282328 6.9532e-310 0.00
problem63 1.16 341189 5 1157282328 6.9532e-310 0.00
