problem0 0 20773619 1 2288.00
problem1 0.00 22340600 1 2344.00
problem2 0.00 20064596 1 2344.00
problem3 0.01 21855581 1 2344.00
problem4 0.00 23125965 1 2344.00
problem5 0.00 17621818 1 2344.00
problem6 0.01 15419550 1 2344.00
problem7 0.00 17123535 1 2344.00
problem8 0.00 22103047 1 2344.00
problem9 0.00 17723228 1 2344.00
problem10 0.01 21198920 1 2344.00
problem11 0.00 16578081 1 2344.00
problem12 0.00 17818017 1 2344.00
problem13 0.00 21572190 1 2344.00
problem14 0.01 20701778 1 2344.00
problem15 0.00 19486547 1 2344.00
problem16 0.00 19911323 1 2344.00
problem17 0.00 21206592 1 2344.00
problem18 0.00 23597244 1 2344.00
problem19 0.01 18554469 1 2344.00
problem20 0.00 23040245 1 2344.00
problem21 0.00 22877442 1 2344.00
problem22 0.00 18345350 1 2344.00
problem23 0.01 22076759 1 2344.00
problem24 0.00 21165743 1 2344.00
problem25 0.00 19916964 1 2344.00
problem26 0.01 21086896 1 2344.00
problem27 0.00 19465769 1 2344.00
problem28 0.00 19742153 1 2344.00
problem29 0.00 23278374 1 2344.00
problem30 0.01 21772858 1 2344.00
problem31 0.00 23325403 1 2344.00
problem32 0.00 23789635 1 2344.00
problem33 0.00 19723912 1 2344.00
problem34 0.00 20471332 1 2344.00
problem35 0.01 20299117 1 2344.00
problem36 0.00 21772317 1 2344.00
problem37 0.00 22287562 1 2344.00
problem38 0.00 24877166 1 2344.00
problem39 0.01 20484063 1 2344.00
problem40 0.00 22953815 1 2344.00
problem41 0.00 21123052 1 2344.00
problem42 0.00 20558616 1 2344.00
problem43 0.01 22959153 1 2344.00
problem44 0.00 22401009 1 2344.00
problem45 0.00 21383662 1 2344.00
problem46 0.00 20895778 1 2344.00
problem47 0.01 21159011 1 2344.00
problem48 0.00 21562347 1 2344.00
problem49 0.00 22381776 1 2344.00
problem50 0.01 21598604 1 2344.00
problem51 0.00 16636533 1 2344.00
problem52 0.01 21583173 1 2344.00
problem53 0.00 19817106 1 2344.00
problem54 0.00 20236630 1 2344.00
problem55 0.00 21291111 1 2344.00
problem56 0.01 20815359 1 2344.00
problem57 0.00 18490676 1 2344.00
problem58 0.00 23185792 1 2344.00
problem59 0.01 17653817 1 2344.00
problem60 0.00 19666969 1 2344.00
problem61 0.00 16707254 1 2344.00
problem62 0.01 19020810 1 2344.00
problem63 0.00 21933035 1 2344.00
problem64 0.00 19160467 1 2344.00
problem65 0.00 23183640 1 2344.00
problem66 0.00 22162164 1 2344.00
problem67 0.01 20182397 1 2344.00
problem68 0.00 18442349 1 2344.00
problem69 0.01 18382426 1 2344.00
problem70 0.00 22151230 1 2344.00
problem71 0.00 18763503 1 2344.00
problem72 0.00 20681383 1 2344.00
problem73 0.01 21751932 1 2344.00
problem74 0.00 18908648 1 2344.00
problem75 0.00 20359745 1 2344.00
problem76 0.01 21141057 1 2344.00
problem77 0.00 23699838 1 2344.00
problem78 0.00 19195378 1 2344.00
problem79 0.00 20961651 1 2344.00
problem80 0.01 21466427 1 2344.00
problem81 0.00 19278688 1 2344.00
problem82 0.00 21539420 1 2344.00
problem83 0.01 22580869 1 2344.00
problem84 0.00 19853717 1 2344.00
problem85 0.00 20899874 1 2344.00
problem86 0.00 22134054 1 2344.00
problem87 0.01 20798327 1 2344.00
problem88 0.00 17997135 1 2344.00
problem89 0.00 20715972 1 2344.00
problem90 0.01 16541776 1 2344.00
problem91 0.00 23769673 1 2344.00
problem92 0.00 19647081 1 2344.00
problem93 0.00 18014790 1 2344.00
problem94 0.01 20272602 1 2344.00
problem95 0.00 22996219 1 2344.00
problem96 0.00 21828323 1 2344.00
problem97 0.00 21447592 1 2344.00
problem98 0.01 21204932 1 2344.00
problem99 0.00 23864717 1 2344.00
