problem0 0.18 1407001054727068 12 1 0.18 7540.00
problem1 0.01 1397807964657180 37 3 0.01 5728.00
problem2 0 1453592467365713 10 1 0 5728.00
problem3 0.01 1290131827756023 28 1 0.01 5732.00
problem4 0 1435323987434909 11 1 0 5732.00
problem5 0.01 1167981978838363 10 1 0.01 5732.00
problem6 0 1299142351232407 28 1 0 5732.00
problem7 0 1016471861850846 11 1 0 5732.00
problem8 0.01 1613830919805926 8 1 0.01 5732.00
problem9 0 1547498677029695 19 1 0 5732.00
problem10 0.01 1465585160014513 15 1 0.01 5732.00
problem11 0 1332827868412513 23 1 0 5732.00
problem12 0.01 1477915059494074 17 1 0.01 5732.00
problem13 0 1327449896123471 18 1 0 5732.00
problem14 0 1236004455524438 13 1 0 5732.00
problem15 0.02 1343587286015781 20 1 0 5732.00
problem16 0 1351530103728141 31 1 0 5732.00
problem17 0 1114800494618600 2 1 0 5732.00
problem18 0.01 1366498391406873 33 1 0.01 5732.00
problem19 0 1556005643204310 24 1 0 5732.00
problem20 0.02 1517988868480636 8 1 0.01 5732.00
problem21 0.01 1573525191113895 13 1 0.01 5732.00
problem22 0 1014932285746201 7 1 0 5732.00
problem23 0.01 1349409781594954 21 1 0.01 5732.00
problem24 0 1230894299197145 20 1 0 5732.00
problem25 0 1377549572030613 11 1 0 5732.00
problem26 0.01 1568509067251481 14 1 0 5732.00
problem27 0 1444384813960364 9 1 0 5732.00
problem28 0.01 1447888265132472 14 1 0.01 5732.00
problem29 0 1499956653799037 12 1 0 5732.00
problem30 0.01 1404678270012759 6 1 0.01 5732.00
problem31 0 1287193333586558 26 1 0 5732.00
problem32 0 1396882244530398 24 1 0 5732.00
problem33 0.01 1383679647167916 12 1 0.01 5732.00
problem34 0 1359401776244166 10 1 0 5732.00
problem35 0.01 1418940001672522 30 1 0.01 5732.00
problem36 0 1235191951142632 13 1 0 5732.00
problem37 0 997787554850703 20 1 0 5732.00
problem38 0.01 1471583593701651 16 1 0.01 5732.00
problem39 0 1325916529465147 12 1 0 5732.00
problem40 0.01 1304424884210979 12 1 0.01 5732.00
problem41 0 1325318553357002 18 1 0 5732.00
problem42 0 1208048496981827 9 1 0 5732.00
problem43 0.01 1114831274478226 33 1 0.01 5732.00
problem44 0 1375666665281692 11 1 0 5732.00
problem45 0.02 1678117792834055 7 1 0.01 5732.00
problem46 0 1325453978269848 18 1 0 5732.00
problem47 0.01 1470919323324633 16 1 0.01 5732.00
problem48 0 1531315483815492 13 1 0 5732.00
problem49 0.01 1503362848369995 24 1 0.01 5732.00
problem50 0 1205423540376569 24 1 0 5732.00
problem51 0 1488869882281388 27 1 0 5732.00
problem52 0.01 1229858501033221 15 1 0.01 5732.00
problem53 0 1419103030677388 8 1 0 5732.00
problem54 0.01 1072782321146835 39 2 0.01 5732.00
problem55 0.01 1519400337576608 18 1 0.01 5732.00
problem56 0 1367606434789294 17 1 0 5732.00
problem57 0.01 1260733144349133 20 1 0.01 5732.00
problem58 0 1653901905348535 24 1 0 5732.00
problem59 0 1367112629952711 25 1 0 5732.00
problem60 0.01 1103632794641965 22 1 0.01 5732.00
problem61 0 1605189461137561 11 1 0 5732.00
problem62 0.01 1657512212229998 7 1 0.01 5732.00
problem63 0 1392099049644667 12 1 0 5732.00
problem64 0.01 1431845836034675 30 1 0.01 5732.00
problem65 0 1624887470461023 27 1 0 5732.00
problem66 0 1583063719776131 15 1 0 5732.00
problem67 0.01 1340640096380159 28 1 0 5732.00
problem68 0.01 1626229046596693 5 1 0 5732.00
problem69 0.01 1511514982883758 23 1 0.01 5732.00
problem70 0 1593915975506940 23 1 0 5732.00
problem71 0 1359405650283631 22 1 0 5732.00
problem72 0.01 1480352925654392 20 1 0.01 5732.00
problem73 0 1454049226823814 22 1 0 5732.00
problem74 0.01 1427041839493353 27 1 0.01 5732.00
problem75 0 1276492389201449 11 1 0 5732.00
problem76 0.01 1449204298641364 41 2 0.01 5732.00
problem77 0 1556703589835202 10 1 0 5732.00
problem78 0.01 1290687793342352 36 1 0.01 5732.00
problem79 0 1223571602690323 14 1 0 5732.00
problem80 0.01 1485038365222583 30 1 0.01 5732.00
problem81 0 1418412147261689 14 1 0 5732.00
problem82 0.01 1178529523607220 8 1 0.01 5732.00
problem83 0 1397979622609334 40 1 0 5732.00
problem84 0 1457443217383131 15 1 0 5732.00
problem85 0.01 1256377814101257 12 1 0.01 5732.00
problem86 0 1390980096927659 11 1 0 5732.00
problem87 0.01 1181626883339568 26 1 0.01 5732.00
problem88 0 1310186608310096 15 1 0 5732.00
problem89 0.01 1312603612176036 10 1 0.01 5732.00
problem90 0 1426751512405638 10 1 0 5732.00
problem91 0 1582732417619982 28 1 0 5732.00
problem92 0.01 1557309289727233 26 1 0.01 5732.00
problem93 0 1553082675444625 3 1 0 5732.00
problem94 0.01 1505296229481840 37 1 0.01 5732.00
problem95 0 1646715692838800 15 1 0 5732.00
problem96 0.01 1397011919601811 27 1 0.01 5732.00
problem97 0 1230936254124167 18 1 0 5732.00
problem98 0.01 1086191226712811 7 1 0.01 5732.00
problem99 0.01 1340092108547063 46 2 0.01 5732.00
