problem0 0.2 1251331258649 1
problem1 0.15 1126407089297 1
problem2 4.81 1434525793929 1
problem3 0.91 1274719168257 1
problem4 1.33 1220337999353 1
problem5 0.32 1318989290353 1
problem6 0.01 1236844959593 1
problem7 0.28 1274803735009 1
problem8 1.56 1311098202841 1
problem9 0.18 1195307201105 1
problem10 0.04 1319107795017 1
problem11 1.95 1584442414273 1
problem12 0.03 1226761969593 1
problem13 1.5 1308908155185 1
problem14 0.06 1369654313257 1
problem15 0.13 1444151478177 1
problem16 0.44 1408450411673 1
problem17 0.36 1327678642193 1
problem18 0.8 1241148969481 1
problem19 1.43 1405393691265 1
problem20 0.26 1312436896121 1
problem21 0.24 1274552985329 1
problem22 0.1 1272166337257 1
problem23 0.87 1461730665825 1
problem24 3.19 1260741078617 1
problem25 0.84 1359472745937 1
problem26 0.73 1303106726857 1
problem27 1.22 1275919257665 1
problem28 0.06 1405504914233 1
problem29 2.45 1192870837425 1
problem30 0.5 1375738983593 1
problem31 1.6 1334720897825 1
problem32 5.31 1449282912281 1
problem33 0.25 1369977586577 1
problem34 0.31 1264512181641 1
problem35 0.13 1148773424641 1
problem36 0.51 1327405065465 1
problem37 0.01 1309915312753 1
problem38 0.26 1416616590953 1
problem39 0.86 1335113351393 1
problem40 2.42 1443663180249 1
problem41 0.26 1355400464721 1
problem42 2.31 1418143481673 1
problem43 0.02 1473450314689 1
problem44 2.22 1428528457401 1
problem45 0.77 1436471920689 1
problem46 1.05 1346462951465 1
problem47 0.73 1295336144545 1
problem48 2.06 1268191019929 1
problem49 1.53 1349126991633 1
problem50 0.03 1267175880969 1
problem51 0.42 1151779428737 1
problem52 0.04 1402807289977 1
problem53 3.04 1446274285041 1
problem54 0.2 1349541179881 1
problem55 1.62 1381348449377 1
problem56 0.92 1381638354265 1
problem57 0.13 1232742528209 1
problem58 0.67 1294708265673 1
problem59 0.77 1300316997441 1
problem60 1.05 1370046614073 1
problem61 0.45 1361903489969 1
problem62 1.48 1275778030505 1
problem63 0.5 1250826902049 1
problem64 0.43 1491828918041 1
problem65 0.51 1268608129681 1
problem66 0.97 1366035319945 1
problem67 0.39 1281796199681 1
problem68 1.98 1274628910073 1
problem69 1.27 1268888734065 1
problem70 0.08 1276419057001 1
problem71 1.59 1101137623009 1
problem72 0.6 1225653156057 1
problem73 0.05 1326766432337 1
problem74 0.03 1261223470665 1
problem75 1.65 1230567932609 1
problem76 0.02 1418090032569 1
problem77 1.22 1470326153009 1
problem78 0.11 1340172144425 1
problem79 1.78 1308558964129 1
problem80 0.05 1314479196825 1
problem81 1.34 1142639691281 1
problem82 0.71 1345125785609 1
problem83 0.39 1279506698369 1
problem84 2.63 1342427713401 1
problem85 0.43 1232748369137 1
problem86 0.46 1344747116777 1
problem87 1.27 1380309488481 1
problem88 1.05 1274870512729 1
problem89 4.72 1296282323921 1
problem90 9.7 1450690476489 1
problem91 0.77 1233593089601 1
problem92 2.3 1290390442297 1
problem93 5.36 1174126308017 1
problem94 3.17 1348913513129 1
problem95 0.48 1380477112609 1
problem96 1.21 1315551399449 1
problem97 0.09 1408494645649 1
problem98 0.86 1377177105289 1
problem99 0.3 1308648164353 1
