problem0 0.12 1512228641 1
problem1 0.06 1515968025 1
problem2 0.1 1438994321 1
problem3 0.34 1516137353 1
problem4 0.29 1656545793 1
problem5 0.04 1468328697 1
problem6 0 1667317361 1
problem7 0.06 1367020649 1
problem8 0 1584538849 1
problem9 0.06 1339336665 1
problem10 0.19 1578587473 1
problem11 0.83 1628267849 1
problem12 0.12 1390448577 1
problem13 0.06 1569262777 1
problem14 0 1388680241 1
problem15 0.15 1385389609 1
problem16 0.11 1546003105 1
problem17 0.35 1365252505 1
problem18 0.25 1623849745 1
problem19 0 1577778953 1
problem20 0.14 1222696321 1
problem21 0 1452789369 1
problem22 0.02 1174571505 1
problem23 0.04 1374832617 1
problem24 0.29 1445904481 1
problem25 0.14 1391340377 1
problem26 0.45 1657618641 1
problem27 0 1330067657 1
problem28 0.02 1538116417 1
problem29 0.37 1587621945 1
problem30 0.2 1577590705 1
problem31 0.19 1502073257 1
problem32 0.03 1736179233 1
problem33 0.2 1550769433 1
problem34 0 1225860753 1
problem35 0.03 1387401865 1
problem36 0.03 1513576705 1
problem37 0.04 1570058745 1
problem38 0.32 1539724657 1
problem39 0.09 1598290793 1
problem40 0.06 1392368609 1
problem41 0.06 1439837913 1
problem42 0.07 1216719953 1
problem43 0.08 1580960841 1
problem44 0.17 1601013441 1
problem45 0.01 1331942329 1
problem46 0.02 1680681777 1
problem47 0.04 1494664489 1
problem48 0.03 1403279777 1
problem49 0.02 1661477017 1
problem50 0.22 1578816017 1
problem51 0.13 1406379529 1
problem52 0.13 1514165377 1
problem53 0.01 1341986169 1
problem54 0.38 1613537521 1
problem55 0.18 1559244521 1
problem56 0.01 1281324897 1
problem57 0.17 1342222937 1
problem58 0.01 1522571217 1
problem59 0.08 1567252425 1
problem60 0.13 1637859905 1
problem61 0.17 1330706233 1
problem62 0.06 1555347121 1
problem63 0.01 1623210153 1
problem64 0.14 1344222497 1
problem65 0.03 1554768921 1
problem66 0.14 1667693969 1
problem67 0.4 1626323337 1
problem68 0.03 1551618049 1
problem69 0.06 1565489401 1
problem70 0.01 1387621489 1
problem71 0.03 1249305193 1
problem72 0.04 1439929057 1
problem73 0.26 1492760025 1
problem74 0.02 1425933137 1
problem75 0.09 1213444937 1
problem76 0.02 1573158337 1
problem77 0.62 1575525049 1
problem78 0.11 1528742449 1
problem79 0.23 1409559593 1
problem80 0.01 1550618785 1
problem81 0.18 1423583129 1
problem82 0.09 1484106001 1
problem83 0.11 1501973769 1
problem84 0.05 1483328385 1
problem85 0.34 1561091193 1
problem86 0.11 1457567729 1
problem87 0.01 1532499433 1
problem88 0 1524248161 1
problem89 0.06 1480407385 1
problem90 0.02 1321070289 1
problem91 0.4 1316456137 1
problem92 0 1465628993 1
problem93 0.01 1521139257 1
problem94 0.06 1525370289 1
problem95 0.02 1583521705 1
problem96 0.06 1342991393 1
problem97 0.02 1527966489 1
problem98 0.12 1489425553 1
problem99 0.02 1293377673 1
