problem0 0 103615626 0 2208.00
problem1 0.00 78059333 0 2264.00
problem2 0.00 99662624 1 2264.00
problem3 0.00 91745955 0 2264.00
problem4 0.00 99493725 0 2264.00
problem5 0.00 89288709 0 2264.00
problem6 0.00 128594794 1 2264.00
problem7 0.00 93656721 0 2264.00
problem8 0.00 88053655 0 2264.00
problem9 0.00 92605348 0 2264.00
problem10 0.00 109703704 0 2264.00
problem11 0.00 97089125 0 2264.00
problem12 0.00 79845185 0 2264.00
problem13 0.00 100551718 0 2264.00
problem14 0.00 82927907 0 2264.00
problem15 0.00 80912404 0 2264.00
problem16 0.00 91930673 0 2264.00
problem17 0.00 92697468 1 2264.00
problem18 0.00 107367050 0 2264.00
problem19 0.00 100402597 0 2264.00
problem20 0.00 90868865 1 2264.00
problem21 0.00 91268034 0 2264.00
problem22 0.00 102553684 0 2264.00
problem23 0.00 97581339 0 2264.00
problem24 0.00 92984903 0 2264.00
problem25 0.00 92069603 0 2264.00
problem26 0.00 81892483 0 2264.00
problem27 0.00 86944895 0 2264.00
problem28 0.00 103159642 0 2264.00
problem29 0.00 93980399 0 2264.00
problem30 0.00 123955464 0 2264.00
problem31 0.00 70660523 0 2264.00
problem32 0.00 76687828 0 2264.00
problem33 0.00 92790222 0 2264.00
problem34 0.00 98410480 1 2264.00
problem35 0.01 119438003 0 2264.00
problem36 0.00 97142701 0 2264.00
problem37 0.00 106497424 0 2264.00
problem38 0.00 77718333 0 2264.00
problem39 0.00 107370910 0 2264.00
problem40 0.00 73992935 0 2264.00
problem41 0.00 97845291 0 2264.00
problem42 0.00 92421355 0 2264.00
problem43 0.00 98992256 0 2264.00
problem44 0.00 100822403 0 2264.00
problem45 0.00 104476590 0 2264.00
problem46 0.00 85661425 0 2264.00
problem47 0.00 96698661 0 2264.00
problem48 0.00 90032508 0 2264.00
problem49 0.00 90166805 0 2264.00
problem50 0.00 83704667 0 2264.00
problem51 0.00 96456120 0 2264.00
problem52 0.00 110090451 0 2264.00
problem53 0.00 87561554 0 2264.00
problem54 0.00 87544869 0 2264.00
problem55 0.00 99465255 0 2264.00
problem56 0.00 91534746 0 2264.00
problem57 0.00 95547252 0 2264.00
problem58 0.00 105016150 0 2264.00
problem59 0.00 113341051 0 2264.00
problem60 0.00 101308849 0 2264.00
problem61 0.00 100353650 1 2264.00
problem62 0.00 105310950 0 2264.00
problem63 0.00 84086445 0 2264.00
problem64 0.00 103292707 0 2264.00
problem65 0.00 119725148 0 2264.00
problem66 0.00 114007234 0 2264.00
problem67 0.00 119570107 0 2264.00
problem68 0.00 94224385 0 2264.00
problem69 0.01 77222682 0 2264.00
problem70 0.00 96283406 0 2264.00
problem71 0.00 90150061 0 2264.00
problem72 0.00 111695411 1 2264.00
problem73 0.00 77081790 0 2264.00
problem74 0.00 106471355 0 2264.00
problem75 0.00 99615370 0 2264.00
problem76 0.00 114219987 0 2264.00
problem77 0.00 98159423 0 2264.00
problem78 0.00 74802373 0 2264.00
problem79 0.00 81615415 0 2264.00
problem80 0.00 110865102 0 2264.00
problem81 0.00 105214113 0 2264.00
problem82 0.00 103760938 0 2264.00
problem83 0.00 81857990 0 2264.00
problem84 0.00 95845669 0 2264.00
problem85 0.00 90980066 0 2264.00
problem86 0.00 108029942 0 2264.00
problem87 0.00 110391095 0 2264.00
problem88 0.00 81685727 0 2264.00
problem89 0.00 90978311 0 2264.00
problem90 0.00 98261532 1 2264.00
problem91 0.00 92450957 0 2264.00
problem92 0.00 96728056 0 2264.00
problem93 0.00 95567368 0 2264.00
problem94 0.00 102040767 0 2264.00
problem95 0.00 68871111 0 2264.00
problem96 0.00 113437807 1 2264.00
problem97 0.00 110891759 0 2264.00
problem98 0.00 99529112 0 2264.00
problem99 0.00 100793033 1 2264.00
