problem0 0 1673236 1
problem1 0 1621908 1
problem2 0 1677076 1
problem3 0 1642132 1
problem4 0 1386004 1
problem5 0 1760660 1
problem6 0 1455380 1
problem7 0 1453204 1
problem8 0 1623060 1
problem9 0 1637268 1
problem10 0 1430292 1
problem11 0 1264276 1
problem12 0 1663508 1
problem13 0 1579412 1
problem14 0 1536276 1
problem15 0 1271956 1
problem16 0 1572884 1
problem17 0 1521556 1
problem18 0 1642260 1
problem19 0 1410708 1
problem20 0 1547796 1
problem21 0 1660308 1
problem22 0 1551636 1
problem23 0 1746068 1
problem24 0 1260564 1
problem25 0 1602452 1
problem26 0 1526548 1
problem27 0 1491604 1
problem28 0 1825300 1
problem29 0 1413524 1
problem30 0 1304852 1
problem31 0 1499284 1
problem32 0 1472532 1
problem33 0 1421204 1
problem34 0 1804052 1
problem35 0 1834644 1
problem36 0 1775124 1
problem37 0 1691028 1
problem38 0 1582356 1
problem39 0 1383572 1
problem40 0 1618964 1
problem41 0 1633172 1
problem42 0 1622804 1
problem43 0 1522324 1
problem44 0 1593876 1
problem45 0 1378708 1
problem46 0 1466644 1
problem47 0 1726612 1
problem48 0 1568788 1
problem49 0 1517460 1
problem50 0 1769236 1
problem51 0 1406612 1
problem52 0 1478164 1
problem53 0 1590676 1
problem54 0 1613076 1
problem55 0 1610900 1
problem56 0 1780756 1
problem57 0 1401748 1
problem58 0 1587988 1
problem59 0 1487508 1
problem60 0 1559060 1
problem61 0 1409428 1
problem62 0 1431828 1
problem63 0 1626260 1
problem64 0 1796116 1
problem65 0 1482644 1
problem66 0 1406740 1
problem67 0 1306260 1
problem68 0 1574420 1
problem69 0 1424788 1
problem70 0 1512724 1
problem71 0 1707156 1
problem72 0 1483796 1
problem73 0 1563540 1
problem74 0 1553172 1
problem75 0 1583764 1
problem76 0 1720852 1
problem77 0 1571220 1
problem78 0 1397012 1
problem79 0 1525908 1
problem80 0 1499156 1
problem81 0 1578900 1
problem82 0 1896212 1
problem83 0 1599124 1
problem84 0 1474068 1
problem85 0 1455508 1
problem86 0 1608980 1
problem87 0 1541268 1
problem88 0 1842196 1
problem89 0 1528724 1
problem90 0 1452820 1
problem91 0 1483412 1
problem92 0 1882644 1
problem93 0 1339796 1
problem94 0 1493268 1
problem95 0 1491092 1
problem96 0 1529876 1
problem97 0 1478548 1
problem98 0 1664788 1
problem99 0 1564308 1
