problem0 0.04 61088207512423 0
problem1 0.05 68857454468925 0
problem2 0.05 66194430270369 0
problem3 0.04 55333105983779 0
problem4 0.08 62854833772810 0
problem5 0.06 59175563766968 0
problem6 0.1 70066022970979 0
problem7 0.13 55177983191522 0
problem8 0.05 54203233051549 0
problem9 0.03 53562529177271 0
problem10 0.07 69754313486075 0
problem11 0.02 64820683144842 0
problem12 0.03 67778394913424 0
problem13 0.05 72087460797692 0
problem14 0.03 67238294571653 0
problem15 0.06 62159645514809 0
problem16 0.04 61093453465520 0
problem17 0.02 61264803420732 0
problem18 0.1 58732854953231 0
problem19 0.04 65062955756293 0
problem20 0.05 68742793795167 0
problem21 0.07 56377801190351 0
problem22 0.07 59650589521974 0
problem23 0.06 67209585222094 0
problem24 0.03 55582350601371 0
problem25 0.08 75005714795134 0
problem26 0.07 62527763448868 0
problem27 0.06 64674703427478 0
problem28 0.06 58016316951074 0
problem29 0.1 73807326544175 0
problem30 0.05 75248984361540 0
problem31 0.05 65506918041220 0
problem32 0.05 57037373840351 0
problem33 0.03 58720673826102 0
problem34 0.09 65847745921840 0
problem35 0.08 75700373451795 0
problem36 0.05 60208488462549 0
problem37 0.07 69303062019533 0
problem38 0.09 62372470429677 0
problem39 0.04 54964641742713 0
problem40 0.04 51737678480791 0
problem41 0.05 57002563322349 0
problem42 0.08 66969446086055 0
problem43 0.06 55597658735429 0
problem44 0.04 59135366944370 0
problem45 0.05 68578354678845 0
problem46 0.05 67856658756724 0
problem47 0.08 71671704432534 0
problem48 0.08 57178376829228 0
problem49 0.07 63967797005868 0
problem50 0.06 63426610898722 0
problem51 0.09 71322430780497 0
problem52 0.03 63223308255673 0
problem53 0.05 52496490913410 0
problem54 0.12 65492783508129 0
problem55 0.05 56010284436343 0
problem56 0.08 56632415563311 0
problem57 0.06 52651076209536 0
problem58 0.07 57490472967529 0
problem59 0.12 69788507412612 0
problem60 0.05 67558633866312 0
problem61 0.1 49137612501098 0
problem62 0.07 76956807810710 0
problem63 0.09 59621675258887 0
problem64 0.04 54658733927365 0
problem65 0.05 59375726373084 0
problem66 0.06 72645241045075 0
problem67 0.07 68340861032880 0
problem68 0.02 57718742100938 0
problem69 0.04 60938895173698 0
problem70 0.09 70637167274862 0
problem71 0.05 63145052566766 0
problem72 0.04 51246559221476 0
problem73 0.04 54818780531573 0
problem74 0.06 66709503617309 0
problem75 0.03 61554829295008 0
problem76 0.09 64180752895461 0
problem77 0.02 51208347978320 0
problem78 0.04 64971683261994 0
problem79 0.05 51241962768189 0
problem80 0.04 57741147691167 0
problem81 0.05 54769593736353 0
problem82 0.13 62660930597104 0
problem83 0.05 62175743325151 0
problem84 0.05 43007317385177 0
problem85 0.05 60380989484041 0
problem86 0.05 58061645494704 0
problem87 0.02 63431556698658 0
problem88 0.04 53395893545829 0
problem89 0.02 61563671548941 0
problem90 0.08 57359633486351 0
problem91 0.08 73888835467872 0
problem92 0.04 66594705951079 0
problem93 0.06 51795163011898 0
problem94 0.02 51843881868172 0
problem95 0.08 62406891778436 0
problem96 0.05 58472673261807 0
problem97 0.03 64890121356843 0
problem98 0.05 60013885222701 0
problem99 0.06 61890122271051 0
