problem0 0 12223399 1
problem1 0 14130825 1
problem2 0 12047380 1
problem3 0 16688866 1
problem4 0 14844457 1
problem5 0 12561219 1
problem6 0 14130470 1
problem7 0 14706156 1
problem8 0.01 16531019 1
problem9 0 18330397 1
problem10 0 13523160 1
problem11 0.01 16064790 1
problem12 0 17828365 1
problem13 0.01 13172759 1
problem14 0 14772522 1
problem15 0 14742112 1
problem16 0 12375919 1
problem17 0 16579633 1
problem18 0 15323164 1
problem19 0 13702090 1
problem20 0 15349873 1
problem21 0.01 16200043 1
problem22 0 11939758 1
problem23 0 17162068 1
problem24 0 14311187 1
problem25 0 13584837 1
problem26 0.01 14469600 1
problem27 0 16568062 1
problem28 0 14425429 1
problem29 0 14356287 1
problem30 0 14516402 1
problem31 0 14318792 1
problem32 0.01 15525175 1
problem33 0.01 15231961 1
problem34 0 11785764 1
problem35 0 16032434 1
problem36 0 15386809 1
problem37 0.01 16214419 1
problem38 0 16313398 1
problem39 0 15473340 1
problem40 0.01 15104475 1
problem41 0 14955117 1
problem42 0 16090344 1
problem43 0 14081766 1
problem44 0 15026845 1
problem45 0 14749799 1
problem46 0 12845626 1
problem47 0 14289200 1
problem48 0.01 18033919 1
problem49 0 13659521 1
problem50 0 14837292 1
problem51 0 12833690 1
problem52 0.01 14988033 1
problem53 0 16700347 1
problem54 0 14963390 1
problem55 0 15046692 1
problem56 0 13176483 1
problem57 0 12381461 1
problem58 0.01 17107440 1
problem59 0 15585486 1
problem60 0 16519653 1
problem61 0 15303567 1
problem62 0 16346562 1
problem63 0.01 15865752 1
problem64 0 12070599 1
problem65 0 14385449 1
problem66 0 15859764 1
problem67 0 14231170 1
problem68 0.01 17332041 1
problem69 0 13365219 1
problem70 0.01 15524678 1
problem71 0.01 13948812 1
problem72 0 13278571 1
problem73 0 13629885 1
problem74 0 15194360 1
problem75 0.01 17573046 1
problem76 0 15790893 1
problem77 0 14870711 1
problem78 0 14828362 1
problem79 0 17115136 1
problem80 0 12872335 1
problem81 0 16787153 1
problem82 0.01 13575228 1
problem83 0 13572970 1
problem84 0 14062993 1
problem85 0 16596491 1
problem86 0.01 15146446 1
problem87 0 15489268 1
problem88 0 13870643 1
problem89 0 12834917 1
problem90 0.01 14316032 1
problem91 0 16538270 1
problem92 0.01 14970485 1
problem93 0 15450079 1
problem94 0 13828818 1
problem95 0 14006888 1
problem96 0.02 15753303 1
problem97 0 13950585 1
problem98 0 15094340 1
problem99 0 14692946 1
