problem0 0 380344 0
problem1 0 352758 1
problem2 0 394745 0
problem3 0 403995 1
problem4 0 392466 0
problem5 0 399736 1
problem6 0 399683 0
problem7 0 378701 1
problem8 0 386764 0
problem9 0 379098 1
problem10 0 395245 0
problem11 0 368991 1
problem12 0 369894 0
problem13 0 389660 1
problem14 0 416760 1
problem15 0 395857 1
problem16 0 438624 0
problem17 0 415550 1
problem18 0 401249 0
problem19 0 373795 1
problem20 0 353850 0
problem21 0 408128 1
problem22 0 375851 0
problem23 0 381141 1
problem24 0 400756 0
problem25 0 359714 1
problem26 0 384085 0
problem27 0 389735 1
problem28 0 405774 0
problem29 0 410084 1
problem30 0 371167 0
problem31 0 363225 1
problem32 0 416520 0
problem33 0 371334 1
problem34 0 372425 0
problem35 0 404523 1
problem36 0 423266 0
problem37 0 366856 1
problem38 0 365843 0
problem39 0 395357 1
problem40 0 350748 0
problem41 0 388970 1
problem42 0 370365 0
problem43 0 389487 1
problem44 0 369462 0
problem45 0 380844 1
problem46 0 396743 0
problem47 0 407905 1
problem48 0 404144 0
problem49 0 392142 1
problem50 0 398385 0
problem51 0 397875 1
problem52 0 363146 0
problem53 0 390608 1
problem54 0 386043 0
problem55 0 396773 1
problem56 0 376004 0
problem57 0 401330 1
problem58 0 362277 0
problem59 0 392823 1
problem60 0 367454 0
problem61 0 416628 1
problem62 0 378799 0
problem63 0 407017 1
problem64 0 393304 0
problem65 0 363286 1
problem66 0 364441 0
problem67 0 378427 1
problem68 0 386482 0
problem69 0 422040 1
problem70 0 329955 0
problem71 0 393581 1
problem72 0 394604 0
problem73 0 396794 1
problem74 0 384397 0
problem75 0 383359 1
problem76 0 375174 0
problem77 0 394556 1
problem78 0 333719 0
problem79 0 393329 1
problem80 0 367616 0
problem81 0 415838 1
problem82 0 344321 0
problem83 0 387139 1
problem84 0 313050 0
problem85 0 420192 1
problem86 0 394187 0
problem87 0 418549 1
problem88 0 398356 0
problem89 0 383554 1
problem90 0 412149 0
problem91 0 410247 1
problem92 0 384430 0
problem93 0 404740 1
problem94 0 392575 0
problem95 0 383225 1
problem96 0 384424 0
problem97 0 377766 1
problem98 0 403561 0
problem99 0 407627 1
