problem0 0.03 6261053 1 2788.00
problem1 0.04 7612171 1 2844.00
problem2 0.00 5611273 1 2844.00
problem3 0.06 6019255 1 2844.00
problem4 0.00 6252437 1 2844.00
problem5 0.05 6318883 1 2844.00
problem6 0.09 5795553 1 2844.00
problem7 0.04 6244943 1 2844.00
problem8 0.04 6488301 1 2844.00
problem9 0.05 7512635 1 2844.00
problem10 0.02 6302137 1 2844.00
problem11 0.05 6643431 1 2844.00
problem12 0.11 6534469 1 2844.00
problem13 0.03 6761555 1 2844.00
problem14 0.03 7352209 1 2844.00
problem15 0.04 7370367 1 2844.00
problem16 0.00 6218909 1 2844.00
problem17 0.00 6187371 1 2844.00
problem18 0.04 6545513 1 2844.00
problem19 0.02 7008535 1 2844.00
problem20 0.00 6156021 1 2844.00
problem21 0.00 6076803 1 2844.00
problem22 0.00 7248961 1 2844.00
problem23 0.02 7286447 1 2844.00
problem24 0.11 6173773 1 2844.00
problem25 0.05 6716571 1 2844.00
problem26 0.09 6538009 1 2844.00
problem27 0.02 7311175 1 2844.00
problem28 0.09 6100133 1 2844.00
problem29 0.02 7082675 1 2844.00
problem30 0.06 6993137 1 2844.00
problem31 0.03 7238367 1 2844.00
problem32 0.00 6811645 1 2844.00
problem33 0.03 6937547 1 2844.00
problem34 0.02 7262665 1 2844.00
problem35 0.00 6699383 1 2844.00
problem36 0.00 6301269 1 2844.00
problem37 0.04 6830051 1 2844.00
problem38 0.10 5732769 1 2844.00
problem39 0.02 7684879 1 2844.00
problem40 0.06 6494125 1 2844.00
problem41 0.07 6522619 1 2844.00
problem42 0.08 6294649 1 2844.00
problem43 0.06 7204775 1 2844.00
problem44 0.06 7218181 1 2844.00
problem45 0.00 6826259 1 2844.00
problem46 0.00 6810193 1 2844.00
problem47 0.11 5939007 1 2844.00
problem48 0.00 6728541 1 2844.00
problem49 0.00 6979115 1 2844.00
problem50 0.12 5927721 1 2844.00
problem51 0.00 6664663 1 2844.00
problem52 0.03 7212469 1 2844.00
problem53 0.03 7005763 1 2844.00
problem54 0.00 6489857 1 2844.00
problem55 0.05 5867375 1 2844.00
problem56 0.00 6662925 1 2844.00
problem57 0.00 7192923 1 2844.00
problem58 0.04 6358489 1 2844.00
problem59 0.02 7110663 1 2844.00
problem60 0.02 7791461 1 2844.00
problem61 0.00 7565171 1 2844.00
problem62 0.00 6803377 1 2844.00
problem63 0.06 7142303 1 2844.00
problem64 0.07 5445309 1 2844.00
problem65 0.12 6049931 1 2844.00
problem66 0.08 6734985 1 2844.00
problem67 0.00 6642231 1 2844.00
problem68 0.05 7054613 1 2844.00
problem69 0.02 6866083 1 2844.00
problem70 0.04 6374497 1 2844.00
problem71 0.06 5766095 1 2844.00
problem72 0.05 5893741 1 2844.00
problem73 0.06 6892475 1 2844.00
problem74 0.00 6729529 1 2844.00
problem75 0.05 6504551 1 2844.00
problem76 0.00 7557829 1 2844.00
problem77 0.03 5105107 1 2844.00
problem78 0.04 6972689 1 2844.00
problem79 0.03 6916095 1 2844.00
problem80 0.05 6107677 1 2844.00
problem81 0.07 5985003 1 2844.00
problem82 0.09 5752297 1 2844.00
problem83 0.00 6107799 1 2844.00
problem84 0.00 6614133 1 2844.00
problem85 0.07 5886723 1 2844.00
problem86 0.06 6697409 1 2844.00
problem87 0.07 6594607 1 2844.00
problem88 0.03 6808013 1 2844.00
problem89 0.03 7194139 1 2844.00
problem90 0.07 6097049 1 2844.00
problem91 0.10 5648583 1 2844.00
problem92 0.03 6779429 1 2844.00
problem93 0.00 6523955 1 2844.00
problem94 0.08 5483121 1 2844.00
problem95 0.00 7095391 1 2844.00
problem96 0.14 5569917 1 2844.00
problem97 0.05 6260043 1 2844.00
problem98 0.06 6387529 1 2844.00
problem99 0.05 6109943 1 2844.00
