problem0 0.02 1073918081092938 14 1 0.02 3560.00
problem1 0 1320660587139127 13 1 0 3220.00
problem2 0 1200020510398896 16 2 0 3220.00
problem3 0 945736743392394 5 1 0 3220.00
problem4 0 938498023727572 6 1 0 3220.00
problem5 0 1139788054719130 6 1 0 3220.00
problem6 0.01 953601667479534 5 1 0.01 3220.00
problem7 0 1392655835271347 18 2 0 3220.00
problem8 0 1020680398754211 11 1 0 3224.00
problem9 0 1147793101874889 10 1 0 3224.00
problem10 0 1190674954685960 4 1 0 3224.00
problem11 0.01 1171419992154252 9 1 0 3224.00
problem12 0 1035087671019946 17 1 0 3224.00
problem13 0 1088917573245578 21 2 0 3224.00
problem14 0 979506620300905 12 1 0 3224.00
problem15 0 1506475511970158 10 1 0 3224.00
problem16 0 1101912985579362 6 1 0 3224.00
problem17 0 1121395545706362 8 1 0 3224.00
problem18 0 1216150231018038 17 1 0 3224.00
problem19 0.01 898051036517065 17 1 0.01 3224.00
problem20 0 1369782497247262 17 1 0 3224.00
problem21 0 1209422985585191 18 1 0 3224.00
problem22 0.01 1228753367925298 2 1 0.01 3224.00
problem23 0 1018829669084240 15 1 0 3224.00
problem24 0 1043369571428436 10 1 0 3224.00
problem25 0 1327248656753754 18 1 0 3224.00
problem26 0 1260621811864454 9 1 0 3224.00
problem27 0 1225542342892803 9 1 0 3224.00
problem28 0 1225639908727853 8 1 0 3224.00
problem29 0 786636268169475 18 1 0 3224.00
problem30 0 1074149922857918 8 1 0 3224.00
problem31 0.01 1294882954034319 18 1 0.01 3224.00
problem32 0 972392524356384 22 2 0 3224.00
problem33 0 1003579736678911 20 1 0 3224.00
problem34 0 1055837188759336 11 1 0 3224.00
problem35 0 937136240233234 10 1 0 3224.00
problem36 0 1195876530584511 17 1 0 3224.00
problem37 0 1195873912579925 12 1 0 3224.00
problem38 0.01 1224854713737460 8 1 0 3224.00
problem39 0 1154058471160686 4 1 0 3224.00
problem40 0 1217798649234812 9 1 0 3224.00
problem41 0 991518258524203 9 1 0 3224.00
problem42 0 1147634116082661 25 2 0 3224.00
problem43 0 967073429097228 23 1 0 3224.00
problem44 0 1201060385743405 6 1 0 3224.00
problem45 0 1315993444103631 14 1 0 3224.00
problem46 0.01 1039910411943273 7 1 0 3224.00
problem47 0 1150076393251663 16 1 0 3224.00
problem48 0 1265351270297163 8 1 0 3224.00
problem49 0 1118987211146773 20 1 0 3224.00
problem50 0 1053875224474163 8 1 0 3224.00
problem51 0 893150387484396 20 1 0 3224.00
problem52 0.01 1039631042085789 30 2 0.01 3224.00
problem53 0 1199578142719236 16 1 0 3224.00
problem54 0 1002146786493373 8 1 0 3224.00
problem55 0 1095566455033178 25 1 0 3224.00
problem56 0 1058840311858064 14 1 0 3224.00
problem57 0 1337587643967629 20 1 0 3224.00
problem58 0 1081608644015288 14 1 0 3224.00
problem59 0 1152613886843723 15 1 0 3224.00
problem60 0.01 938350031317135 33 2 0.01 3224.00
problem61 0 1051846379683276 11 1 0 3224.00
problem62 0 1345250886322001 10 1 0 3224.00
problem63 0 870584532694961 3 1 0 3224.00
problem64 0 987621181170892 19 1 0 3224.00
problem65 0 1264483138812112 29 1 0 3224.00
problem66 0 1141761155504824 2 1 0 3224.00
problem67 0.01 1129733257638329 5 1 0.01 3224.00
problem68 0 1164572434890641 8 1 0 3224.00
problem69 0 1429308755784701 7 1 0 3224.00
problem70 0 1149970874745959 12 1 0 3224.00
problem71 0 1137315326658679 15 1 0 3224.00
problem72 0 1217383390626552 5 1 0 3224.00
problem73 0 943982118442483 9 1 0 3224.00
problem74 0 971261241806887 29 1 0 3224.00
problem75 0.01 1371687981288694 9 1 0 3224.00
problem76 0 981705126460501 17 1 0 3224.00
problem77 0 1280429397157514 16 1 0 3224.00
problem78 0 1005672257742625 21 1 0 3224.00
problem79 0 1052317747375497 17 1 0 3224.00
problem80 0 1302395054793804 16 1 0 3224.00
problem81 0 1140027727261295 3 1 0 3224.00
problem82 0.01 918072244567299 18 1 0.01 3224.00
problem83 0 1019369086797277 17 1 0 3224.00
problem84 0 1170000117856353 4 1 0 3224.00
problem85 0 1240493989982355 14 1 0 3224.00
problem86 0 1074454872048701 21 1 0 3224.00
problem87 0 1045384560032033 11 1 0 3224.00
problem88 0 1298923068930639 18 1 0 3224.00
problem89 0.01 1001546282933749 8 1 0.01 3224.00
problem90 0 1037415319060741 12 1 0 3224.00
problem91 0 1242996693103421 9 1 0 3224.00
problem92 0 917897956927094 24 1 0 3224.00
problem93 0 1015511367368290 20 1 0 3224.00
problem94 0 1313259156064784 2 1 0 3224.00
problem95 0 1188594383094684 15 1 0 3224.00
problem96 0 1189837652719902 13 1 0 3224.00
problem97 0.01 1263502321728606 27 1 0.01 3224.00
problem98 0 1126202951652843 14 1 0 3224.00
problem99 0 984066244282147 17 1 0 3224.00
