problem0 20.38 4512650554444 1
problem1 11.19 4084406563426 1
problem2 9 4915493178889 1
problem3 1.78 4424081571547 1
problem4 7.28 4542215577742 1
problem5 0.28 4413793478780 1
problem6 5.76 4121067820315 1
problem7 11.65 4505160083333 1
problem8 24.85 4505126330096 1
problem9 5.73 4225531203126 1
problem10 4.53 5049774621517 1
problem11 1.51 4406310754511 1
problem12 54.04 4398663788914 1
problem13 0.55 4567037705616 1
problem14 12.64 4386324540063 1
problem15 0.43 4394021993657 1
problem16 1.42 4633238839828 1
problem17 7.28 4547755651210 1
problem18 1.86 4150011952401 1
problem19 5.11 4441732783427 1
problem20 15.38 4289470352086 1
problem21 0.34 4095004770596 1
problem22 2.21 4795933002915 1
problem23 3.18 4270167860333 1
problem24 1.22 4928154748344 1
problem25 2.24 4397659138398 1
problem26 35.84 4390346771285 1
problem27 3.03 4355124763703 1
problem28 9.74 4270087541946 1
problem29 0.01 4497266049848 1
problem30 12.17 4862282369831 1
problem31 1.37 4732657790625 1
problem32 5.79 3980660234716 1
problem33 3.03 4596420348082 1
problem34 20.9 4391044038169 1
problem35 9.48 4189544424875 1
problem36 6.5 4461243717406 1
problem37 17.41 4516335997900 1
problem38 42.48 4592380474923 1
problem39 6.27 4379519314773 1
problem40 82.27 4844631289472 1
problem41 3.48 4253845069446 1
problem42 3.63 4468758242653 1
problem43 1.21 4373150173599 1
problem44 7.54 4625457029634 1
problem45 7.22 4455343211232 1
problem46 24.09 4358740565423 1
problem47 4.22 3974054406793 1
problem48 0.35 4825920934820 1
problem49 0.17 4125373872858 1
problem50 1.88 4169951301921 1
problem51 11.96 4742083450899 1
problem52 38.21 4364306122086 1
problem53 8.85 4044257960052 1
problem54 8.11 4391371395507 1
problem55 3.84 4873741286461 1
problem56 9.47 4036092778824 1
problem57 3.73 4026599878062 1
problem58 15.52 4461262967141 1
problem59 18.07 4949149131015 1
problem60 26.78 3700234621258 1
problem61 3.42 4665108872328 1
problem62 6.28 4513640931895 1
problem63 1.42 3907869356145 1
problem64 1.54 3956194856812 1
problem65 8.52 4772131915522 1
problem66 8.18 4548085102121 1
problem67 1.42 4389983188091 1
problem68 20.95 4356422030766 1
problem69 18.85 4206633084700 1
problem70 6.3 4332467068731 1
problem71 16.65 4482231670565 1
problem72 93.49 3814529336848 1
problem73 3.2 4627234313942 1
problem74 2.35 3908434218861 1
problem75 2.49 4039004414575 1
problem76 1.91 3801916433042 1
problem77 5.71 4429763473456 1
problem78 12.74 4368166656191 1
problem79 3.91 3765815623769 1
problem80 10.66 4506519014708 1
problem81 46.99 4312491404586 1
problem82 10.49 4323737005361 1
problem83 10.58 4753426627299 1
problem84 2.39 4915549980662 1
problem85 8.76 4545868212164 1
problem86 52.15 4898442403523 1
problem87 0.57 4325118573581 1
problem88 0.98 4358565131480 1
problem89 0.61 4640052976126 1
problem90 6.49 4076803465077 1
problem91 0.01 4849945005527 1
problem92 0.38 4611091305946 1
problem93 10.28 4462559059416 1
problem94 1.29 4238789542215 1
problem95 2.16 4288593041985 1
problem96 3.32 4847773601020 1
problem97 9.43 4362077957458 1
problem98 7.81 4524808795705 1
problem99 12.95 4431634623307 1
