problem0 0 43057786067 1
problem1 0 41624532613 1
problem2 0.01 40751848256 1
problem3 0.01 42506956190 1
problem4 0 37880963797 1
problem5 0.01 43253494847 1
problem6 0 42541796050 1
problem7 0 44150361256 1
problem8 0.01 46251230327 1
problem9 0 40370699033 1
problem10 0.01 42360208132 1
problem11 0 39737431506 1
problem12 0.01 40227283897 1
problem13 0 40051479827 1
problem14 0 40355171798 1
problem15 0 40335942428 1
problem16 0.01 39689220763 1
problem17 0.01 41297800237 1
problem18 0.09 42385163592 1
problem19 0 42404064902 1
problem20 0.01 37271110429 1
problem21 0.02 39783713383 1
problem22 0 37272421210 1
problem23 0 41701429776 1
problem24 0.02 42439067455 1
problem25 0 41511623105 1
problem26 0.01 42282961420 1
problem27 0.01 39753205690 1
problem28 0 39395250433 1
problem29 0 40986829883 1
problem30 0.04 47215590238 1
problem31 0 42766526852 1
problem32 0.01 38424662627 1
problem33 0 41387545557 1
problem34 0 44501408080 1
problem35 0 42698060142 1
problem36 0.01 35766279525 1
problem37 0 41199350415 1
problem38 0.01 40120665570 1
problem39 0 40501590392 1
problem40 0.01 42298024967 1
problem41 0 39021472361 1
problem42 0.02 42686169876 1
problem43 0 41124871074 1
problem44 0 44435503177 1
problem45 0 41143403875 1
problem46 0.01 40390472422 1
problem47 0.01 39482429932 1
problem48 0.01 37132913707 1
problem49 0 34478665085 1
problem50 0.03 42622932824 1
problem51 0.02 40790210134 1
problem52 0 38556955053 1
problem53 0.01 41524473015 1
problem54 0.02 39187583594 1
problem55 0 41073197792 1
problem56 0.01 40564808399 1
problem57 0.01 41692982545 1
problem58 0 41974720028 1
problem59 0 39149203850 1
problem60 0.01 40780208529 1
problem61 0.01 44260325515 1
problem62 0 43763528814 1
problem63 0 43480915028 1
problem64 0.02 42752958451 1
problem65 0.01 42518280485 1
problem66 0 41828810592 1
problem67 0 41046424894 1
problem68 0.01 38999392245 1
problem69 0 44180486367 1
problem70 0.01 41559746802 1
problem71 0 38722989640 1
problem72 0.05 42724027287 1
problem73 0 41845760441 1
problem74 0.07 40661136164 1
problem75 0.01 40181262706 1
problem76 0.01 42359731417 1
problem77 0.01 41261022643 1
problem78 0 43362779126 1
problem79 0 38719981756 1
problem80 0.01 42437152187 1
problem81 0 43398641357 1
problem82 0.02 35414217064 1
problem83 0.01 38288475686 1
problem84 0 42372155453 1
problem85 0 36887418631 1
problem86 0 42304948602 1
problem87 0 36024335280 1
problem88 0 43667576415 1
problem89 0 42840918113 1
problem90 0.01 37204830764 1
problem91 0 38683157338 1
problem92 0 46639696417 1
problem93 0.01 40989086939 1
problem94 0.01 41181861246 1
problem95 0 36624029476 1
problem96 0.01 41266402691 1
problem97 0 38200206965 1
problem98 0.01 39384386928 1
problem99 0 43161145614 1
