problem0 0.92 11734095794 897 1 0.9 18364.00
problem1 0.39 13267388706 1059 2 0.36 12760.00
problem2 0.17 14277217511 717 1 0.15 12760.00
problem3 0.13 14538659961 430 1 0.12 12760.00
problem4 0.20 12365747969 686 1 0.19 12760.00
problem5 0.13 14147861934 365 1 0.12 12760.00
problem6 0.42 12319745862 1145 2 0.39 12760.00
problem7 0.40 13288065537 1201 2 0.37 13064.00
problem8 0.18 12458880762 893 1 0.16 13064.00
problem9 0.17 12909625729 471 1 0.16 13064.00
problem10 0.49 12659275099 1683 2 0.46 13064.00
problem11 0.24 12239440953 1564 1 0.22 13064.00
problem12 0.22 12471584738 923 1 0.17 13064.00
problem13 0.22 11420883568 785 1 0.20 13064.00
problem14 0.22 12277073179 927 1 0.19 13064.00
problem15 0.22 12964362208 853 1 0.21 13064.00
problem16 0.21 13244159340 844 1 0.17 13064.00
problem17 0.22 12708003759 1431 1 0.19 13064.00
problem18 0.58 10927398123 3107 2 0.55 13468.00
problem19 0.21 13019195144 399 1 0.19 13468.00
problem20 0.28 13245266929 1315 1 0.24 13468.00
problem21 0.28 13350577418 1385 1 0.24 13468.00
problem22 0.25 14480900947 613 1 0.23 13468.00
problem23 0.25 13334183205 580 1 0.24 13468.00
problem24 0.24 13717705032 694 1 0.23 13468.00
problem25 0.25 13593352831 658 1 0.22 13468.00
problem26 0.29 12421630202 1093 1 0.27 13468.00
problem27 0.29 12027586926 1063 1 0.26 13468.00
problem28 0.35 12089807962 2334 1 0.32 13468.00
problem29 0.31 11428720037 1122 1 0.30 13468.00
problem30 0.21 13556129197 351 1 0.19 13468.00
problem31 0.30 11027732676 1564 1 0.29 13468.00
problem32 0.28 13103484979 759 1 0.27 13468.00
problem33 0.30 12555122453 1053 1 0.29 13468.00
problem34 0.26 12926344869 1020 1 0.24 13468.00
problem35 0.25 12188083350 678 1 0.24 13468.00
problem36 0.25 13482280399 610 1 0.24 13468.00
problem37 0.22 13875423657 318 1 0.21 13468.00
problem38 0.35 12639743032 2548 1 0.32 14400.00
problem39 0.27 12711641544 989 1 0.24 14400.00
problem40 0.35 12292463864 2260 1 0.27 14400.00
problem41 0.26 12688528013 976 1 0.23 14400.00
problem42 0.22 13785089438 692 1 0.20 14400.00
problem43 0.24 13997488499 622 1 0.21 14400.00
problem44 0.23 13864617470 475 1 0.21 14400.00
problem45 0.32 13349795955 1793 1 0.28 14400.00
problem46 0.23 13793670431 476 1 0.21 14400.00
problem47 0.29 13230537560 1545 1 0.27 14400.00
problem48 0.23 12845319626 490 1 0.20 14400.00
problem49 0.35 11766675847 2301 1 0.31 14400.00
problem50 0.33 11700114421 786 1 0.32 14400.00
problem51 0.30 12688110859 1967 1 0.27 14400.00
problem52 0.24 13531499113 572 1 0.23 14400.00
problem53 0.25 14177058263 646 1 0.25 14400.00
problem54 0.26 13326596465 925 1 0.23 14400.00
problem55 0.24 14244220858 562 1 0.22 14400.00
problem56 0.32 11700791647 1524 1 0.30 14400.00
problem57 0.94 10447259875 7161 2 0.87 20020.00
problem58 0.57 12461064714 2121 1 0.53 20020.00
problem59 0.44 12569961711 1093 1 0.42 15548.00
problem60 0.43 14406263643 800 1 0.39 15844.00
problem61 0.50 11103962594 1614 1 0.47 16884.00
problem62 0.40 13068023958 687 1 0.39 16884.00
problem63 0.39 14640659995 499 1 0.37 14136.00
problem64 0.44 11836145067 1232 1 0.41 17468.00
problem65 0.48 10048231478 1225 1 0.46 15564.00
problem66 0.45 12154180400 2020 1 0.41 16116.00
problem67 0.41 11921614685 444 1 0.40 16928.00
problem68 0.39 12908018649 897 1 0.37 16928.00
problem69 0.54 11003510263 2716 1 0.51 16928.00
problem70 0.49 12622091557 1193 1 0.46 16928.00
problem71 0.45 13220341232 590 1 0.44 15560.00
problem72 0.41 13907365933 844 1 0.39 16752.00
problem73 0.44 14618694044 547 1 0.41 17576.00
problem74 0.43 13345383195 720 1 0.42 17668.00
problem75 0.47 13037474503 1534 1 0.44 13928.00
problem76 0.50 11226132522 1160 1 0.49 15228.00
problem77 0.51 12243870771 1584 1 0.48 16220.00
problem78 0.67 11438381408 6187 1 0.60 19168.00
problem79 0.50 12607786995 1423 1 0.46 19168.00
problem80 0.44 13411455827 805 1 0.42 15760.00
problem81 0.36 14602524722 343 1 0.36 16424.00
problem82 0.47 13652561727 1027 1 0.46 16512.00
problem83 0.44 12640581136 1063 1 0.42 16512.00
problem84 0.49 12028108073 1465 1 0.44 16808.00
problem85 0.42 14121941626 458 1 0.40 16808.00
problem86 0.49 11496143132 1054 1 0.46 16956.00
problem87 0.45 13345873915 728 1 0.44 15568.00
problem88 0.50 12574340259 1558 1 0.48 15728.00
problem89 0.41 14065600473 637 1 0.39 15728.00
problem90 0.41 13951893360 545 1 0.39 16276.00
problem91 0.44 11929978097 938 1 0.42 16276.00
problem92 0.54 11940409714 2500 1 0.50 16276.00
problem93 0.47 13412100644 1017 1 0.44 16276.00
problem94 0.40 13239646629 578 1 0.39 16276.00
problem95 0.42 13512514597 719 1 0.38 16868.00
problem96 0.47 13218039959 1277 1 0.45 16868.00
problem97 0.42 15586556926 445 1 0.39 15536.00
problem98 0.49 10631690904 794 1 0.48 18344.00
problem99 0.43 12515755853 1128 1 0.41 14024.00
