problem0 0 61880304611 0 2228.00
problem1 0.00 67415547676 0 2284.00
problem2 0.00 61396735126 0 2284.00
problem3 0.00 52592289529 0 2284.00
problem4 0.01 73357492850 0 2284.00
problem5 0.00 60019420119 0 2284.00
problem6 0.00 60899695951 0 2284.00
problem7 0.01 67368937010 0 2284.00
problem8 0.00 55478861425 0 2284.00
problem9 0.00 79925064615 0 2284.00
problem10 0.00 62955346148 0 2284.00
problem11 0.01 67399655715 0 2284.00
problem12 0.00 72234306089 0 2284.00
problem13 0.00 57938608226 0 2284.00
problem14 0.00 62498367826 0 2284.00
problem15 0.01 48878383744 0 2284.00
problem16 0.00 61647673267 0 2284.00
problem17 0.00 75472108686 0 2284.00
problem18 0.00 51428053103 0 2284.00
problem19 0.00 67167654898 0 2284.00
problem20 0.01 62179129641 0 2284.00
problem21 0.00 52761670016 0 2284.00
problem22 0.00 55823445943 0 2284.00
problem23 0.01 63920529304 0 2284.00
problem24 0.00 68009222028 0 2284.00
problem25 0.00 58465405388 0 2284.00
problem26 0.00 61969582571 0 2284.00
problem27 0.00 53874577177 0 2284.00
problem28 0.01 60578078098 0 2284.00
problem29 0.00 59156139925 0 2284.00
problem30 0.00 61009133806 0 2284.00
problem31 0.01 60258155726 0 2284.00
problem32 0.00 62062912883 0 2284.00
problem33 0.00 66654334021 0 2284.00
problem34 0.00 53876086415 0 2284.00
problem35 0.01 60164448960 0 2284.00
problem36 0.00 59161364742 0 2284.00
problem37 0.00 74020514231 0 2284.00
problem38 0.00 58420948067 0 2284.00
problem39 0.00 60051692232 0 2284.00
problem40 0.01 64844364297 0 2284.00
problem41 0.00 69211533946 0 2284.00
problem42 0.00 68832036133 0 2284.00
problem43 0.00 74172522234 0 2284.00
problem44 0.01 73030519517 0 2284.00
problem45 0.00 68049506455 0 2284.00
problem46 0.00 61875683981 0 2284.00
problem47 0.00 62740105537 0 2284.00
problem48 0.01 58955345192 0 2284.00
problem49 0.00 70034419102 0 2284.00
problem50 0.00 52673275451 0 2284.00
problem51 0.00 63269229599 0 2284.00
problem52 0.01 64728904581 0 2284.00
problem53 0.00 55816672220 0 2284.00
problem54 0.00 59388482281 0 2284.00
problem55 0.00 53282707625 0 2284.00
problem56 0.01 77252333317 0 2284.00
problem57 0.00 64078277926 0 2284.00
problem58 0.00 66515700220 0 2284.00
problem59 0.00 66657833340 0 2284.00
problem60 0.01 65478070807 0 2284.00
problem61 0.00 55395845059 0 2284.00
problem62 0.00 66260135396 0 2284.00
problem63 0.00 59927304136 0 2284.00
problem64 0.01 69941604057 0 2284.00
problem65 0.00 70059262279 0 2284.00
problem66 0.00 58320879737 0 2284.00
problem67 0.00 47588124297 0 2284.00
problem68 0.01 64083228540 0 2284.00
problem69 0.00 70665367580 0 2284.00
problem70 0.00 58576397143 0 2284.00
problem71 0.00 55346255814 0 2284.00
problem72 0.01 65476926926 0 2284.00
problem73 0.00 46253734411 0 2284.00
problem74 0.00 66776979762 0 2284.00
problem75 0.00 50647016675 0 2284.00
problem76 0.01 62939788172 0 2284.00
problem77 0.00 61935380672 0 2284.00
problem78 0.00 79177073530 0 2284.00
problem79 0.00 61917702233 0 2284.00
problem80 0.01 49734249105 0 2284.00
problem81 0.00 54466193186 0 2284.00
problem82 0.00 71515972726 0 2284.00
problem83 0.00 62830615423 0 2284.00
problem84 0.01 64917771738 0 2284.00
problem85 0.00 55222025811 0 2284.00
problem86 0.00 65123327465 0 2284.00
problem87 0.00 57425025320 0 2284.00
problem88 0.01 57384609343 0 2284.00
problem89 0.00 57985456380 0 2284.00
problem90 0.00 48012882478 0 2284.00
problem91 0.00 72318999282 0 2284.00
problem92 0.01 59843571402 0 2284.00
problem93 0.00 68046012514 0 2284.00
problem94 0.00 58088162064 0 2284.00
problem95 0.00 54836705898 0 2284.00
problem96 0.01 63148417157 0 2284.00
problem97 0.00 57903734424 0 2284.00
problem98 0.00 59663340105 0 2284.00
problem99 0.00 58665743212 0 2284.00
