problem0 0.26 1518445715798954 17 1 0.22 15896.00
problem1 0.04 1302653531039918 18 2 0 10704.00
problem2 0.06 1542519477389204 14 1 0 9912.00
problem3 0.14 1700130572386638 14 1 0 10796.00
problem4 0.04 1662030488935165 1 1 0 9792.00
problem5 0.05 1647501920937061 43 3 0 10620.00
problem6 0.06 1729820667795930 14 1 0 10680.00
problem7 0.05 1439607272032504 20 1 0 10764.00
problem8 0.04 1232949507627007 34 1 0 10124.00
problem9 0.05 1226872519159216 22 1 0 10132.00
problem10 0.05 1518105697558607 23 1 0.01 10272.00
problem11 0.04 1364221163479044 8 1 0 9944.00
problem12 0.05 1449269328423301 15 1 0 10004.00
problem13 0.04 1164961286481105 17 1 0 9716.00
problem14 0.05 1509623071936669 23 1 0 10544.00
problem15 0.05 1595321942563692 15 1 0 10348.00
problem16 0.06 1804839200402808 25 1 0 12312.00
problem17 0.06 1495065274445228 7 1 0 10608.00
problem18 0.05 1192266325304154 30 1 0.01 9992.00
problem19 0.05 1491747887202820 6 1 0 10416.00
problem20 0.04 1382840756189362 19 1 0 9884.00
problem21 0.05 1159582800635531 5 1 0 9952.00
problem22 0.05 1472848703807975 10 1 0 10540.00
problem23 0.04 1807800938945572 31 1 0 10512.00
problem24 0.05 1482887761510087 15 1 0 9792.00
problem25 0.06 1669188125365064 31 1 0 10704.00
problem26 0.04 1487053522554207 18 1 0 9872.00
problem27 0.05 1597021570938241 23 1 0 10608.00
problem28 0.04 1492726542588259 24 1 0 10348.00
problem29 0.05 1379506731212820 9 1 0 10080.00
problem30 0.05 1695658809075747 18 1 0 10400.00
problem31 0.05 1402238943208177 3 1 0 10240.00
problem32 0.05 1515335754811383 25 1 0 10648.00
problem33 0.05 1120615262731094 21 1 0.01 10080.00
problem34 0.04 1445087582651510 9 1 0 10112.00
problem35 0.05 1472895858434769 12 1 0 10720.00
problem36 0.05 1618326395514587 21 1 0 10552.00
problem37 0.05 1476116287070713 9 1 0 10636.00
problem38 0.05 1500682646209177 16 1 0 10172.00
problem39 0.05 1389748718335581 27 1 0 10096.00
problem40 0.05 1646291883244037 12 1 0.01 10084.00
problem41 0.05 1844888736035606 9 1 0.01 10816.00
problem42 0.05 1513431669225312 15 1 0 10124.00
problem43 0.04 1566067481395797 38 1 0 10156.00
problem44 0.05 1502283013726382 15 1 0 10232.00
problem45 0.06 1754637638511381 34 1 0 11888.00
problem46 0.05 1614992288765246 18 1 0 10232.00
problem47 0.04 1371135873526195 38 1 0 9836.00
problem48 0.05 1523107896865867 19 1 0 10536.00
problem49 0.05 1706318928316160 18 1 0 10552.00
problem50 0.05 1385616934642176 5 1 0 10628.00
problem51 0.04 1475876059561576 32 1 0 9812.00
problem52 0.05 1728732002544714 8 1 0 10480.00
problem53 0.04 1485289905363284 12 1 0 10084.00
problem54 0.05 1636827918058567 7 1 0 10800.00
problem55 0.06 1507223968338524 10 1 0 9876.00
problem56 0.05 1540803347451852 23 1 0 10012.00
problem57 0.04 1474858880745062 32 1 0 9856.00
problem58 0.05 1690492487638897 12 1 0 10460.00
problem59 0.04 1361679174524507 18 1 0 9996.00
problem60 0.05 1190027072700102 13 1 0 10436.00
problem61 0.05 1342735232978524 17 1 0 9884.00
problem62 0.05 1442972689607927 14 1 0 10280.00
problem63 0.04 1299129734264337 7 1 0 10092.00
problem64 0.05 1716165855841250 35 1 0 10724.00
problem65 0.05 1636054544483067 3 1 0 10560.00
problem66 0.05 1177475458329379 8 1 0 9932.00
problem67 0.05 1286077456175349 8 1 0 10412.00
problem68 0.05 1215039722714329 33 1 0 9780.00
problem69 0.06 1341928620510787 38 1 0 10432.00
problem70 0.04 1470227609188904 30 1 0 10568.00
problem71 0.05 1370937688449776 14 1 0 10428.00
problem72 0.05 1500100969088385 30 1 0.01 10404.00
problem73 0.04 1452795206338140 20 1 0 10544.00
problem74 0.08 1783100815940348 18 1 0 10612.00
problem75 0.07 1496389463713653 21 1 0.01 10424.00
problem76 0.05 1440859414162348 13 1 0 10472.00
problem77 0.06 1494893194220715 10 1 0 10720.00
problem78 0.04 1589511728973304 33 1 0 10392.00
problem79 0.05 1405550366268120 12 1 0 9872.00
problem80 0.04 1560307205957993 16 1 0 10592.00
problem81 0.06 1404762743446839 26 1 0 10560.00
problem82 0.06 1594146662412390 14 1 0 10596.00
problem83 0.04 1204926711445818 39 1 0 9700.00
problem84 0.05 1407818829767453 13 1 0.01 10492.00
problem85 0.05 1529245017838288 48 2 0 10468.00
problem86 0.05 1574987055014096 25 1 0 10552.00
problem87 0.05 1739713250284553 3 1 0 10756.00
problem88 0.05 1248001151597246 16 1 0 10396.00
problem89 0.04 1405757203592537 27 1 0 9772.00
problem90 0.05 1603033980557968 17 1 0 10520.00
problem91 0.04 1403743691850521 37 1 0 9772.00
problem92 0.05 1497743382108932 19 1 0 10888.00
problem93 0.05 1451142879627866 26 1 0 10492.00
problem94 0.05 1385533589426534 14 1 0 10124.00
problem95 0.05 1487514928378149 24 1 0 10152.00
problem96 0.05 1694142192546178 34 1 0 10452.00
problem97 0.04 1460471511967327 5 1 0 10788.00
problem98 0.05 1673351740945242 30 1 0 10404.00
problem99 0.06 1486937829796456 29 1 0 9792.00
