problem0 7.43 4353654698897 1
problem1 6.48 4686131966571 1
problem2 13.22 4722952686526 1
problem3 0.07 5140508808740 1
problem4 0.24 4642892147667 1
problem5 13.22 4819705422885 1
problem6 1.68 4534204090128 1
problem7 11.47 4832390386350 1
problem8 5.47 5604983917237 1
problem9 3.98 4564559718911 1
problem10 10.75 4593661341186 1
problem11 0.79 4753424815192 1
problem12 5.35 4508896756279 1
problem13 3.14 4314383986169 1
problem14 3.84 4540284142228 1
problem15 4.48 5158095443234 1
problem16 4.32 4429926163545 1
problem17 0.97 4687917660691 1
problem18 2.3 4175708710598 1
problem19 0.1 4324293914380 1
problem20 30.16 4985848423195 1
problem21 0.41 4657613125709 1
problem22 3.82 5163002895512 1
problem23 1.24 4672934091798 1
problem24 1.62 4731033653373 1
problem25 0.06 4786258080423 1
problem26 2.31 4536153884170 1
problem27 0.44 4948973139520 1
problem28 3.51 4935260085887 1
problem29 0.73 5015769535265 1
problem30 12.24 4697593521436 1
problem31 8.13 4566939711370 1
problem32 15.19 4506718920481 1
problem33 1.4 3980669739963 1
problem34 14.9 4746266254286 1
problem35 0.19 4898430745076 1
problem36 1.45 4309901526115 1
problem37 1.95 4667512606325 1
problem38 1.54 5214847118368 1
problem39 4.84 4597541435262 1
problem40 7.2 4956690341957 1
problem41 0.1 4600383921487 1
problem42 17.76 4799288899602 1
problem43 1.74 4468959660584 1
problem44 18.64 4472604222663 1
problem45 3.17 5078811474505 1
problem46 2.04 4405712208292 1
problem47 0.48 4570442869746 1
problem48 0.23 5193475859433 1
problem49 1.37 4558221815651 1
problem50 3.23 4550659599062 1
problem51 1.16 5181421942492 1
problem52 13.06 4826360385451 1
problem53 1.67 4567140214429 1
problem54 1.04 4890976089512 1
problem55 0.68 4423696917734 1
problem56 4.54 4417123465741 1
problem57 1.76 4797216369143 1
problem58 0.11 4491780228122 1
problem59 0.75 5000266502160 1
problem60 0 4349945730319 1
problem61 1.76 4577251337073 1
problem62 16.99 5094396418092 1
problem63 1.48 4379560555098 1
problem64 5.01 4960303657649 1
problem65 8.31 4857488809227 1
problem66 1.47 5097454359518 1
problem67 6.31 4849518781892 1
problem68 3.35 4950984508659 1
problem69 5.35 4809495888069 1
problem70 5.28 4497128126768 1
problem71 1.02 3879934338126 1
problem72 2.22 4800675683797 1
problem73 6.29 5104753662111 1
problem74 1.36 4235891960354 1
problem75 3.07 4182106753016 1
problem76 7.56 4752282283863 1
problem77 1.03 4573832859289 1
problem78 15.93 4689122191540 1
problem79 1.81 4618261187266 1
problem80 0.06 5245896854393 1
problem81 2.1 4475012132019 1
problem82 6.38 5186880657126 1
problem83 2.12 4728012605100 1
problem84 8.7 4611624035387 1
problem85 0.68 5202682256621 1
problem86 0.64 5087919847096 1
problem87 1.8 4426500273590 1
problem88 1.53 5070828604317 1
problem89 0.67 4442787309895 1
problem90 8.78 4932769557034 1
problem91 1.14 4575661011424 1
problem92 1.54 4308552037279 1
problem93 1.97 4782363376577 1
problem94 13.14 4564771664700 1
problem95 11.28 5059675551018 1
problem96 4.76 4613295320641 1
problem97 1.85 3806853520987 1
problem98 0.01 4404923233262 1
problem99 3.2 4460812409236 1
