problem0 0.64 665229851847006 60 1 0.36 31316.00
problem1 0.97 594145173563650 46 1 0.64 49328.00
problem2 1.27 706883038718105 65 1 0.56 49204.00
problem3 1.32 724907227477140 48 1 0.59 49232.00
problem4 1.25 587762667383405 32 1 0.79 43820.00
problem5 1.61 768650213770632 54 1 0.69 52796.00
problem6 0.89 750926395863225 39 1 0.48 46972.00
problem7 0.86 688040089271508 33 1 0.66 49388.00
problem8 0.92 686019244850285 50 1 0.45 49448.00
problem9 1.22 760740302469502 52 1 0.48 49448.00
problem10 1.76 525328405666992 56 1 0.90 60504.00
problem11 0.99 702852921778761 30 1 0.87 60504.00
problem12 1.14 621999232356747 25 1 0.93 60304.00
problem13 1.09 658924281477811 35 1 0.87 60036.00
problem14 1.23 545950232621857 49 1 0.80 70428.00
problem15 1.00 624462934884398 38 1 0.68 58848.00
problem16 1.17 649990110256059 52 1 0.62 49060.00
problem17 1.05 749820199852043 47 1 0.50 49060.00
problem18 1.53 661117540248008 35 1 1.18 66508.00
problem19 0.76 724013427751578 26 1 0.66 48672.00
problem20 1.60 616863102749653 62 1 0.71 50092.00
problem21 3.92 743638998410479 61 1 0.88 64664.00
problem22 1.14 656333406405099 32 1 0.62 64664.00
problem23 1.35 632711131230271 43 1 1.03 63656.00
problem24 0.90 735702563312784 30 1 0.50 48772.00
problem25 1.94 801121324447792 65 1 0.43 49104.00
problem26 1.57 662000035905655 64 1 1.11 68232.00
problem27 1.58 593912797112776 35 1 0.90 61628.00
problem28 1.28 586145342006123 39 1 1.12 66376.00
problem29 1.15 730947876400334 43 1 0.70 66824.00
problem30 2.54 632209942346775 70 1 0.39 46784.00
problem31 1.33 576085150613002 21 1 1.17 66584.00
problem32 0.75 591660575920779 29 1 0.64 49116.00
problem33 0.96 735151839296657 34 1 0.48 49432.00
problem34 1.25 724332527663809 50 1 0.72 53720.00
problem35 1.01 596039437030125 43 1 0.76 59324.00
problem36 1.31 710274603567734 39 1 0.90 62444.00
problem37 0.96 747238349992334 44 1 0.44 46888.00
problem38 1.33 637122964202177 30 1 1.03 64564.00
problem39 1.10 648122513646125 43 1 0.87 60264.00
problem40 0.81 588899120104021 32 1 0.37 46364.00
problem41 1.30 699135376341053 44 1 0.65 49140.00
problem42 1.05 581314516307828 42 1 0.66 49364.00
problem43 1.05 661546197917463 53 1 0.67 58788.00
problem44 1.43 674785778484593 46 1 0.63 49060.00
problem45 1.00 562984470412406 50 1 0.59 49280.00
problem46 1.75 702201538751245 59 1 0.62 49392.00
problem47 1.80 682930027341601 52 1 0.67 49752.00
problem48 1.23 568395315945481 53 1 0.86 62536.00
problem49 0.72 758830800898709 33 1 0.55 50024.00
problem50 0.91 558450057416615 42 1 0.58 50024.00
problem51 1.98 692879960415379 52 1 1.42 77184.00
problem52 2.19 697761920468270 52 1 0.90 60888.00
problem53 1.23 620156516737400 41 1 0.75 58408.00
problem54 0.88 655708316171516 49 1 0.61 48900.00
problem55 0.92 675943618318876 25 1 0.79 59080.00
problem56 1.16 643277462906677 35 1 0.83 58288.00
problem57 0.92 800037898292046 39 1 0.55 49048.00
problem58 1.25 686945201759676 53 1 0.73 50004.00
problem59 1.53 662368466459225 36 1 0.96 64568.00
problem60 1.17 699434972781380 42 1 0.46 46988.00
problem61 0.93 638932399783942 62 1 0.53 49500.00
problem62 1.01 671964037499591 42 1 0.64 49500.00
problem63 2.14 657291650846344 70 1 0.68 49980.00
problem64 1.24 678116050334723 46 1 0.82 58508.00
problem65 1.36 767855919350992 52 1 0.87 60340.00
problem66 1.10 661452549921207 32 1 0.97 60236.00
problem67 0.58 710672827429194 19 1 0.49 46864.00
problem68 1.52 654063990901521 62 1 1.10 70288.00
problem69 1.16 588763580956608 36 1 1.00 62256.00
problem70 0.76 666153375608993 28 1 0.56 48700.00
problem71 1.00 649490544258067 42 1 0.78 58872.00
problem72 1.09 612601654011996 62 1 0.77 58528.00
problem73 1.35 596288652400899 43 1 0.69 58936.00
problem74 0.98 698632659070321 51 1 0.81 58892.00
problem75 0.60 626119585920524 37 1 0.47 49396.00
problem76 1.18 660286106609717 46 1 0.51 49396.00
problem77 1.79 646191254484807 52 1 0.96 60704.00
problem78 1.87 618043844979770 38 1 0.60 48604.00
problem79 1.14 625331840734684 36 1 0.95 60192.00
problem80 1.78 728938523625099 48 1 0.79 57752.00
problem81 0.71 672712775540304 29 1 0.48 47232.00
problem82 1.86 650416849378668 50 1 1.40 75920.00
problem83 1.14 646837924313779 40 1 0.90 63664.00
problem84 0.97 645560911969254 47 1 0.65 49268.00
problem85 1.42 674064411004973 44 1 1.20 73404.00
problem86 1.37 642319030737923 53 1 1.00 62356.00
problem87 0.84 606303620423407 35 1 0.63 49068.00
problem88 1.54 652634225941960 38 1 1.22 73068.00
problem89 2.19 697896088695711 66 1 0.65 49384.00
problem90 0.87 778147281555578 52 1 0.73 53324.00
problem91 1.30 714920177756487 59 1 0.96 62544.00
problem92 0.68 577304709294174 38 1 0.37 46876.00
problem93 1.17 629728166889822 31 1 0.95 62544.00
problem94 1.75 664926880850609 56 1 1.08 64736.00
problem95 1.38 676730648954686 52 1 0.61 49124.00
problem96 0.97 689480689054728 46 1 0.70 58892.00
problem97 1.12 572587298817564 35 1 0.79 61116.00
problem98 0.94 668842186585899 33 1 0.66 61116.00
problem99 1.20 715611239695435 45 1 0.54 49040.00
