problem0 0 4900641 1
problem1 0 5756441 1
problem2 0 5853073 1
problem3 0 5663625 1
problem4 0 5825025 1
problem5 0 6351609 1
problem6 0 6110833 1
problem7 0 5969001 1
problem8 0 6694113 1
problem9 0 5547993 1
problem10 0 5461329 1
problem11 0 5596489 1
problem12 0 5541825 1
problem13 0 5049529 1
problem14 0 5608497 1
problem15 0 5987881 1
problem16 0.01 5644961 1
problem17 0 5511577 1
problem18 0 5634833 1
problem19 0 5439241 1
problem20 0 5561729 1
problem21 0 5492345 1
problem22 0 5147121 1
problem23 0 5654505 1
problem24 0 5423201 1
problem25 0 6433625 1
problem26 0 6373585 1
problem27 0 5978313 1
problem28 0 6409025 1
problem29 0 5845049 1
problem30 0 5775281 1
problem31 0 4706729 1
problem32 0.01 5766689 1
problem33 0 5168409 1
problem34 0 5056145 1
problem35 0 5640841 1
problem36 0 6510849 1
problem37 0 6369785 1
problem38 0 5133681 1
problem39 0 5765993 1
problem40 0 5364705 1
problem41 0 5910233 1
problem42 0 5876817 1
problem43 0 5213257 1
problem44 0 5080769 1
problem45 0 4707257 1
problem46 0 5057329 1
problem47 0 5948713 1
problem48 0 5265825 1
problem49 0.01 4726937 1
problem50 0 5427729 1
problem51 0 6006281 1
problem52 0 5264513 1
problem53 0 5576057 1
problem54 0 5284081 1
problem55 0 5779177 1
problem56 0 5732193 1
problem57 0 5550681 1
problem58 0 5806033 1
problem59 0 5922761 1
problem60 0 6013505 1
problem61 0 6092601 1
problem62 0 6076081 1
problem63 0 5781673 1
problem64 0 5715233 1
problem65 0 5235737 1
problem66 0 5176721 1
problem67 0 6273417 1
problem68 0 4706305 1
problem69 0 6256889 1
problem70 0 5598321 1
problem71 0 5694057 1
problem72 0 6001377 1
problem73 0 6927833 1
problem74 0 5112657 1
problem75 0.01 5747529 1
problem76 0 6061505 1
problem77 0 5544633 1
problem78 0 5423665 1
problem79 0 5516329 1
problem80 0 5017761 1
problem81 0 6432665 1
problem82 0 6662417 1
problem83 0 5655817 1
problem84 0 5360513 1
problem85 0 5266553 1
problem86 0 5814257 1
problem87 0 5510633 1
problem88 0 5123681 1
problem89 0 6109529 1
problem90 0 4583121 1
problem91 0 4425417 1
problem92 0 6011201 1
problem93 0 5160505 1
problem94 0 5197233 1
problem95 0 5676969 1
problem96 0 6319137 1
problem97 0 5171993 1
problem98 0 5690513 1
problem99 0 6250633 1
