problem0 138.19 1648790210573554 4721 1 137.95 130044.00
problem1 284.93 1485958606811287 8094 2 284.48 136076.00
problem2 283.85 1381595609760533 10730 2 283.46 325864.00
problem3 137.65 1366624250433752 4975 1 137.39 177240.00
problem4 144.93 1578707389713732 3445 1 144.75 163148.00
problem5 142.15 1413930180333184 8501 1 141.89 78324.00
problem6 148.89 1389852685185956 6849 1 148.68 87160.00
problem7 286.95 1409890846468621 17936 2 286.38 91880.00
problem8 134.04 1546942177444159 3808 1 133.8 256236.00
problem9 145.85 1386490637418587 11300 1 145.39 258280.00
problem10 145.13 1571237359880185 6935 1 144.92 109732.00
problem11 151.55 1287887471997723 12539 1 151.17 109732.00
problem12 137.77 1495222966333689 3709 1 137.65 75988.00
problem13 142.48 1436673100785642 7231 1 142.19 79836.00
problem14 149 1370259294723472 16493 1 148.45 61992.00
problem15 143.69 1490995179213324 7235 1 143.33 138720.00
problem16 148.72 1294402491249711 10436 1 148.5 78996.00
problem17 144.51 1263271533650097 10281 1 144.03 250556.00
problem18 159.99 1532768682339748 4701 1 159.76 177668.00
problem19 296.19 1377939255055178 32493 2 295.1 177668.00
problem20 148.78 1386741373667280 13685 1 148.21 82388.00
problem21 146.31 1413078981791803 9521 1 146 139596.00
problem22 145.18 1442518001058659 8701 1 144.88 103144.00
problem23 144.28 1464187704795418 13781 1 143.77 103144.00
problem24 145.51 1361212887455452 12881 1 145.26 61468.00
problem25 146.49 1324306455159457 13579 1 146.06 109144.00
problem26 128.31 1421388834895447 4817 1 128.05 144104.00
problem27 147.17 1398351462378433 5154 1 146.96 144104.00
problem28 149.51 1527645521680609 13827 1 149.07 75160.00
problem29 124.18 1466701958247838 3058 1 123.94 232168.00
problem30 142.19 1571757707441206 3693 1 142.04 86140.00
problem31 145.9 1401599551869862 16670 1 145.3 86560.00
problem32 150.79 1484170812402283 3086 1 150.67 387088.00
problem33 146.38 1285852978229024 6494 1 146.18 387088.00
problem34 132.05 1499673807893905 4957 1 131.87 122672.00
problem35 287.67 1246653552246837 44151 2 286.62 173064.00
problem36 144.53 1588217974791655 9078 1 143.98 182560.00
problem37 149.36 1453829342840997 10820 1 148.94 182560.00
problem38 155.36 1551434298021671 5977 1 155.11 212740.00
problem39 145.82 1361324866945619 6699 1 145.57 212740.00
problem40 155.41 1419347782145643 5469 1 155.13 303848.00
problem41 140.49 1429962304914546 7210 1 140.1 303848.00
problem42 154.28 1598718274714125 4951 1 153.96 121576.00
problem43 141.14 1493621527457655 7522 1 140.87 155668.00
problem44 158.14 1425642211000697 15091 1 157.42 111396.00
problem45 147.09 1443779227736954 4485 1 146.93 143888.00
problem46 147.44 1429477291243297 4513 1 147.29 198548.00
problem47 146.41 1429563034317725 9671 1 146.17 198548.00
problem48 151.85 1185167347902330 18526 1 151.48 76048.00
problem49 135.79 1498914591396994 6635 1 135.22 211688.00
problem50 147.65 1406843291909733 13532 1 147.2 84752.00
problem51 147.94 1358704803489386 8520 1 147.63 92820.00
problem52 151.43 1459388492685071 6618 1 151.12 184760.00
problem53 150.07 1302729610664166 27472 1 149.33 184760.00
problem54 163.58 1448452359337044 9417 1 163.05 272548.00
problem55 147.6 1218136134168135 25578 1 146.92 272548.00
problem56 153.89 1452817628238688 10929 1 153.62 86512.00
problem57 155.11 1226460592103549 19271 1 154.49 104984.00
problem58 125.88 1632782250070162 3583 1 125.59 223976.00
problem59 149.49 1254290386263852 36031 1 148.44 116480.00
problem60 149.37 1505084432540334 11032 1 148.96 111028.00
problem61 151.74 1492141355502070 6673 1 151.42 112152.00
problem62 151.93 1312089714728307 15162 1 151.29 99048.00
problem63 127.41 1538306417306312 3643 1 127.18 119528.00
problem64 150.7 1363073615169915 7667 1 150.44 293608.00
problem65 155.91 1473794697156763 12753 1 155.22 404968.00
problem66 147.86 1305182962561453 10455 1 147.56 105264.00
problem67 140.49 1407642571366959 15108 1 139.73 317580.00
problem68 155.78 1585307465172230 9555 1 155.28 159848.00
problem69 141.92 1375687816711168 4002 1 141.77 281320.00
problem70 155.59 1358365669174121 5843 1 155.41 208752.00
problem71 150.38 1401669363382468 8508 1 150.05 119368.00
problem72 148.08 1369353641138079 12007 1 147.83 78884.00
problem73 145.76 1372834741414856 9984 1 145.29 96308.00
problem74 143.42 1388437554005098 10721 1 143.12 74060.00
problem75 148.62 1392505265463220 13282 1 148.08 75528.00
problem76 141.12 1480336994953088 9033 1 140.75 137336.00
problem77 151.41 1320965587966502 9621 1 150.98 244536.00
problem78 130.73 1510837690778391 6213 1 130.4 244536.00
problem79 138.85 1419471402281226 16618 1 138.2 77916.00
problem80 145.54 1349210805890802 14990 1 145.09 78336.00
problem81 142.6 1516082766327001 10043 1 142.17 463904.00
problem82 142.81 1297866253460877 7899 1 142.59 463904.00
problem83 132 1461704352719467 8737 1 131.38 299532.00
problem84 147.91 1458316017520122 13615 1 147.55 301576.00
problem85 147.02 1371461977470244 11247 1 146.69 79892.00
problem86 141.13 1339020187940123 9039 1 140.86 188868.00
problem87 144.84 1496928303514685 6932 1 144.31 225896.00
problem88 145.1 1396433750592922 19500 1 144.26 225896.00
problem89 146.36 1324205199978824 6645 1 146.17 207484.00
problem90 145.28 1402841516649704 9890 1 145 139968.00
problem91 136.23 1364800462424671 8976 1 135.88 244672.00
problem92 291.89 1323159948653561 33615 2 290.67 244672.00
problem93 150.48 1320766321204854 14506 1 150.08 60724.00
problem94 146.66 1368538517943510 12568 1 146.23 111492.00
problem95 158.3 1454443520436658 6163 1 158 242564.00
problem96 144.23 1353107107118272 9262 1 143.89 68008.00
problem97 287.84 1287381589112067 35955 2 286.98 179988.00
problem98 147.52 1478578299241438 7864 1 147.22 191112.00
problem99 130.77 1482779244912736 4080 1 130.54 78304.00
