problem0 0 705225 1
problem1 0 497603 1
problem2 0 603894 1
problem3 0 612092 1
problem4 0 652811 1
problem5 0 668541 1
problem6 0 549704 1
problem7 0 521094 1
problem8 0 580589 1
problem9 0 520023 1
problem10 0 591674 1
problem11 0 631088 1
problem12 0 501359 1
problem13 0 701777 1
problem14 0 582860 1
problem15 0 596474 1
problem16 0 567185 1
problem17 0 593771 1
problem18 0 613886 1
problem19 0 505828 1
problem20 0 610643 1
problem21 0 632741 1
problem22 0 652496 1
problem23 0 652526 1
problem24 0 800181 1
problem25 0 509951 1
problem26 0 609090 1
problem27 0 682776 1
problem28 0 689847 1
problem29 0 580217 1
problem30 0 697172 1
problem31 0 644194 1
problem32 0 595545 1
problem33 0 682259 1
problem34 0 614150 1
problem35 0 592588 1
problem36 0 644763 1
problem37 0 531917 1
problem38 0 589912 1
problem39 0 559190 1
problem40 0 678269 1
problem41 0 508583 1
problem42 0 600394 1
problem43 0 681728 1
problem44 0 545023 1
problem45 0 541089 1
problem46 0 695260 1
problem47 0 614602 1
problem48 0 659233 1
problem49 0 664763 1
problem50 0 539150 1
problem51 0 708532 1
problem52 0 493027 1
problem53 0 595445 1
problem54 0 656864 1
problem55 0 601534 1
problem56 0 608069 1
problem57 0 679759 1
problem58 0 631122 1
problem59 0 693480 1
problem60 0 656711 1
problem61 0 715465 1
problem62 0 609892 1
problem63 0 606002 1
problem64 0 594409 1
problem65 0 508515 1
problem66 0 618262 1
problem67 0 558748 1
problem68 0 515883 1
problem69 0 626717 1
problem70 0 525672 1
problem71 0 615718 1
problem72 0 622349 1
problem73 0 564727 1
problem74 0 570202 1
problem75 0 554192 1
problem76 0 500623 1
problem77 0 546289 1
problem78 0 604908 1
problem79 0 585626 1
problem80 0 630449 1
problem81 0 508427 1
problem82 0 622110 1
problem83 0 536452 1
problem84 0 549491 1
problem85 0 658501 1
problem86 0 556784 1
problem87 0 601742 1
problem88 0 688341 1
problem89 0 589471 1
problem90 0 679778 1
problem91 0 624312 1
problem92 0 568279 1
problem93 0 590617 1
problem94 0 614772 1
problem95 0 553474 1
problem96 0 603513 1
problem97 0 566195 1
problem98 0 583462 1
problem99 0 608876 1
