problem0 0.17 4385944411 1
problem1 0.24 4516724224 1
problem2 0.07 4622090044 1
problem3 0.01 5080121701 1
problem4 0.03 4826380341 1
problem5 0.05 5474199106 1
problem6 0.1 3966081158 1
problem7 0.24 4119449559 1
problem8 0.04 4548284527 1
problem9 0.3 3968528228 1
problem10 0.03 4694971952 1
problem11 0.04 4498232361 1
problem12 0.28 4651300361 1
problem13 0.13 4731419494 1
problem14 0.13 4891484730 1
problem15 0.15 4981989467 1
problem16 0.02 5423301379 1
problem17 0.08 4862184520 1
problem18 0.01 4724901540 1
problem19 0.02 5021476461 1
problem20 0.01 4790202717 1
problem21 0.03 4464624650 1
problem22 0.15 4606225774 1
problem23 0.13 4521080927 1
problem24 0.01 4405697303 1
problem25 0.52 5151892652 1
problem26 0.15 5362901144 1
problem27 0.09 4443981873 1
problem28 0.02 4221336113 1
problem29 0.13 4640165934 1
problem30 0.14 4829497890 1
problem31 0.11 4529530851 1
problem32 0.03 4360988843 1
problem33 0.33 4376119440 1
problem34 0.02 4578128908 1
problem35 0.07 5001513333 1
problem36 0.02 4401127557 1
problem37 0.05 4998819794 1
problem38 0.13 5481531478 1
problem39 0.05 4650434279 1
problem40 0.16 5324979135 1
problem41 0.13 4433545204 1
problem42 0.03 4624617728 1
problem43 0.07 3779099193 1
problem44 0.02 4923077721 1
problem45 0.05 5227754230 1
problem46 0.05 4469684234 1
problem47 0.13 5334158699 1
problem48 0.07 5195818067 1
problem49 0 4453429976 1
problem50 0.01 4512499572 1
problem51 0.05 4861930109 1
problem52 0.05 4276929965 1
problem53 0.46 4595624346 1
problem54 0.05 4722288958 1
problem55 0.38 5023966063 1
problem56 0.28 5257900647 1
problem57 0.18 4390132028 1
problem58 0.01 4156172136 1
problem59 0.21 5179583041 1
problem60 0 4500153473 1
problem61 0.08 5077328830 1
problem62 0.12 4847938546 1
problem63 0.1 4857827571 1
problem64 0.01 4565693947 1
problem65 0.21 4591094560 1
problem66 0.06 4093280476 1
problem67 0.04 4509436293 1
problem68 0 5494661333 1
problem69 0.14 4949307746 1
problem70 0.01 4692938790 1
problem71 0.03 4377650679 1
problem72 0 4930764559 1
problem73 0.03 4827961476 1
problem74 0.05 4532610000 1
problem75 0.06 5011101769 1
problem76 0.03 4175366825 1
problem77 0.19 4732871302 1
problem78 0.04 4724745690 1
problem79 0.41 5023134331 1
problem80 0.04 5171387811 1
problem81 0 4669870440 1
problem82 0.05 4804632644 1
problem83 0.02 5392148109 1
problem84 0.01 5161464317 1
problem85 0.59 4816029482 1
problem86 0.13 4341660942 1
problem87 0.43 5035689599 1
problem88 0.08 4757397943 1
problem89 0.12 4796270028 1
problem90 0.06 5093754424 1
problem91 0.14 4603282513 1
problem92 0.04 4892600017 1
problem93 0.05 3746410318 1
problem94 0.01 4611712450 1
problem95 0.79 5368214019 1
problem96 0.01 4502248267 1
problem97 0.32 4551640496 1
problem98 0.02 4680902060 1
problem99 0.03 4728226197 1
