problem0 0 100547997 1
problem1 0 88476266 1
problem2 0 88957854 1
problem3 0 109081999 1
problem4 0 106373367 1
problem5 0 106379372 1
problem6 0 110552040 1
problem7 0 103973441 1
problem8 0 102351025 1
problem9 0 95780942 1
problem10 0 98140562 1
problem11 0 108506579 1
problem12 0 102053579 1
problem13 0 94479376 1
problem14 0 88819356 1
problem15 0 98658885 1
problem16 0 106495301 1
problem17 0 88753586 1
problem18 0 102997254 1
problem19 0 106170775 1
problem20 0 89058847 1
problem21 0.01 109963060 1
problem22 0 111496912 1
problem23 0 83410377 1
problem24 0 95765337 1
problem25 0 89975446 1
problem26 0 92833274 1
problem27 0 97491163 1
problem28 0 87594739 1
problem29 0 87790040 1
problem30 0 113560708 1
problem31 0 94473421 1
problem32 0 95281901 1
problem33 0 107216634 1
problem34 0 117116014 1
problem35 0 97676191 1
problem36 0 107774279 1
problem37 0 92812284 1
problem38 0 79663032 1
problem39 0 89319249 1
problem40 0 88615937 1
problem41 0 78910174 1
problem42 0 96731234 1
problem43 0 95588835 1
problem44 0 107674907 1
problem45 0 89087392 1
problem46 0 107047020 1
problem47 0 101834069 1
problem48 0 93286037 1
problem49 0 104838722 1
problem50 0 105001430 1
problem51 0 104078247 1
problem52 0 94001775 1
problem53 0 86679236 1
problem54 0 103556768 1
problem55 0 95518425 1
problem56 0 97843881 1
problem57 0.01 110590246 1
problem58 0 107638986 1
problem59 0 97065195 1
problem60 0 105310531 1
problem61 0 108103528 1
problem62 0 93821524 1
problem63 0 118676445 1
problem64 0 95428669 1
problem65 0 95021962 1
problem66 0 101158206 1
problem67 0 118593967 1
problem68 0 94566807 1
problem69 0 96053132 1
problem70 0 85037960 1
problem71 0 98894945 1
problem72 0 87961425 1
problem73 0 105094510 1
problem74 0 96098098 1
problem75 0 98282995 1
problem76 0 117889899 1
problem77 0 93753136 1
problem78 0 100524604 1
problem79 0 94701669 1
problem80 0 102922213 1
problem81 0 101654226 1
problem82 0 104439462 1
problem83 0 102983095 1
problem84 0 99671743 1
problem85 0 89771604 1
problem86 0 100030064 1
problem87 0 111015913 1
problem88 0 96881145 1
problem89 0 97845174 1
problem90 0 97661850 1
problem91 0 106090747 1
problem92 0 101012371 1
problem93 0.01 97711352 1
problem94 0 109756452 1
problem95 0 107537133 1
problem96 0 110687629 1
problem97 0 83611674 1
problem98 0 94823950 1
problem99 0 96599999 1
