problem0 1.65 246818 5 1092484296 6.9532e-310 0.00
problem1 1.74 295785 5 1092484296 6.9532e-310 0.00
problem2 1.79 243068 5 1092484296 6.9532e-310 0.00
problem3 1.87 298622 5 1092484296 6.9532e-310 0.00
problem4 2.93 313683 5 1092484296 6.9532e-310 0.00
problem5 2.14 291280 5 1092484296 6.9532e-310 0.00
problem6 1.67 310003 5 1092484296 6.9532e-310 0.00
problem7 2.24 237023 5 1092484296 6.9532e-310 0.00
problem8 2.45 245367 5 1092484296 6.9532e-310 0.00
problem9 1.65 276676 5 1092484296 6.9532e-310 0.00
problem10 1.47 270532 5 1092484296 6.9532e-310 0.00
problem11 2.12 291174 5 1092484296 6.9532e-310 0.00
problem12 2.09 282100 5 1092484296 6.9532e-310 0.00
problem13 1.92 276754 5 1092484296 6.9532e-310 0.00
problem14 1.66 291157 5 1092484296 6.9532e-310 0.00
problem15 2.58 287610 5 1092484296 6.9532e-310 0.00
problem16 1.82 306943 5 1092484296 6.9532e-310 0.00
problem17 1.96 273695 5 1092484296 6.9532e-310 0.00
problem18 2.58 325388 5 1092484296 6.9532e-310 0.00
problem19 1.98 311732 5 1092484296 6.9532e-310 0.00
problem20 2.38 252105 5 1092484296 6.9532e-310 0.00
problem21 1.71 311942 5 1092484296 6.9532e-310 0.00
problem22 1.68 284137 5 1092484296 6.9532e-310 0.00
problem23 2.09 288380 5 1092484296 6.9532e-310 0.00
problem24 1.72 269344 5 1092484296 6.9532e-310 0.00
problem25 1.69 236052 5 1092484296 6.9532e-310 0.00
problem26 2.47 284756 5 1092484296 6.9532e-310 0.00
problem27 1.82 296400 5 1092484296 6.9532e-310 0.00
problem28 1.47 323639 5 1092484296 6.9532e-310 0.00
problem29 1.68 280520 5 1092484296 6.9532e-310 0.00
problem30 2.31 284030 5 1092484296 6.9532e-310 0.00
problem31 1.91 319613 5 1092484296 6.9532e-310 0.00
problem32 2.39 298050 5 1092484296 6.9532e-310 0.00
problem33 1.29 283350 5 1092484296 6.9532e-310 0.00
problem34 2.12 274793 5 1092484296 6.9532e-310 0.00
problem35 2.07 246814 5 1092484296 6.9532e-310 0.00
problem36 2.15 308287 5 1092484296 6.9532e-310 0.00
problem37 2.17 315197 5 1092484296 6.9532e-310 0.00
problem38 2.26 233491 5 1092484296 6.9532e-310 0.00
problem39 2.31 278092 5 1092484296 6.9532e-310 0.00
problem40 1.81 283287 5 1092484296 6.9532e-310 0.00
problem41 2.3 299262 5 1092484296 6.9532e-310 0.00
problem42 1.88 290583 5 1092484296 6.9532e-310 0.00
problem43 2.24 295686 5 1092484296 6.9532e-310 0.00
problem44 1.73 266670 5 1092484296 6.9532e-310 0.00
problem45 2.19 273432 5 1092484296 6.9532e-310 0.00
problem46 1.57 271784 5 1092484296 6.9532e-310 0.00
problem47 1.7 283418 5 1092484296 6.9532e-310 0.00
problem48 1.39 298783 5 1092484296 6.9532e-310 0.00
problem49 2.18 272319 5 1092484296 6.9532e-310 0.00
problem50 2.17 287890 5 1092484296 6.9532e-310 0.00
problem51 2.19 234939 5 1092484296 6.9532e-310 0.00
problem52 2.13 259407 5 1092484296 6.9532e-310 0.00
problem53 1.64 314150 5 1092484296 6.9532e-310 0.00
problem54 2.29 302243 5 1092484296 6.9532e-310 0.00
problem55 2.52 284802 5 1092484296 6.9532e-310 0.00
problem56 1.65 274087 5 1092484296 6.9532e-310 0.00
problem57 2.25 322126 5 1092484296 6.9532e-310 0.00
problem58 1.9 301121 5 1092484296 6.9532e-310 0.00
problem59 1.4 315248 5 1092484296 6.9532e-310 0.00
problem60 1.75 294692 5 1092484296 6.9532e-310 0.00
problem61 1.34 321026 5 1092484296 6.9532e-310 0.00
problem62 1.5 306846 5 1092484296 6.9532e-310 0.00
problem63 1.86 283882 5 1092484296 6.9532e-310 0.00
problem64 1.87 348463 5 1092484296 6.9532e-310 0.00
problem65 1.91 266818 5 1092484296 6.9532e-310 0.00
problem66 1.04 272930 5 1092484296 6.9532e-310 0.00
problem67 2.02 263000 5 1092484296 6.9532e-310 0.00
problem68 2.16 302073 5 1092484296 6.9532e-310 0.00
problem69 1.67 295696 5 1092484296 6.9532e-310 0.00
problem70 2.58 280678 5 1092484296 6.9532e-310 0.00
problem71 2.61 269189 5 1092484296 6.9532e-310 0.00
problem72 1.76 307280 5 1092484296 6.9532e-310 0.00
problem73 2.24 291537 5 1092484296 6.9532e-310 0.00
problem74 2.16 277047 5 1092484296 6.9532e-310 0.00
problem75 1.8 289548 5 1092484296 6.9532e-310 0.00
problem76 1.45 315956 5 1092484296 6.9532e-310 0.00
problem77 2.07 318443 5 1092484296 6.9532e-310 0.00
problem78 2.63 271253 5 1092484296 6.9532e-310 0.00
problem79 1.79 268576 5 1092484296 6.9532e-310 0.00
problem80 2.51 289803 5 1092484296 6.9532e-310 0.00
problem81 1.66 253740 5 1092484296 6.9532e-310 0.00
problem82 1.92 321663 5 1092484296 6.9532e-310 0.00
problem83 2.4 278568 5 1092484296 6.9532e-310 0.00
problem84 1.78 278998 5 1092484296 6.9532e-310 0.00
problem85 2.14 272941 5 1092484296 6.9532e-310 0.00
problem86 2.31 312976 5 1092484296 6.9532e-310 0.00
problem87 1.99 283682 5 1092484296 6.9532e-310 0.00
problem88 2.06 291117 5 1092484296 6.9532e-310 0.00
problem89 1.62 259924 5 1092484296 6.9532e-310 0.00
problem90 2.05 323220 5 1092484296 6.9532e-310 0.00
problem91 2.06 257910 5 1092484296 6.9532e-310 0.00
problem92 2.7 278033 5 1092484296 6.9532e-310 0.00
problem93 1.78 252578 5 1092484296 6.9532e-310 0.00
problem94 2.21 256753 5 1092484296 6.9532e-310 0.00
problem95 1.61 289930 5 1092484296 6.9532e-310 0.00
problem96 2.07 280091 5 1092484296 6.9532e-310 0.00
problem97 1.19 285513 5 1092484296 6.9532e-310 0.00
problem98 1.3 289909 5 1092484296 6.9532e-310 0.00
problem99 1.93 281643 5 1092484296 6.9532e-310 0.00
