problem0 0 5093733747961 0 2212.00
problem1 0.00 5753775141907 0 2268.00
problem2 0.00 5716869016909 0 2268.00
problem3 0.00 7158578425638 0 2268.00
problem4 0.00 6939978209958 0 2268.00
problem5 0.00 6953540691162 0 2268.00
problem6 0.00 5598450728723 0 2268.00
problem7 0.00 5465147309288 0 2268.00
problem8 0.00 6480128508038 0 2268.00
problem9 0.00 6261400464477 0 2268.00
problem10 0.00 6469530037021 0 2268.00
problem11 0.00 6942081406096 0 2268.00
problem12 0.00 5593477866209 0 2268.00
problem13 0.00 5865994159133 0 2268.00
problem14 0.00 6354629667091 0 2268.00
problem15 0.00 4939915277954 0 2268.00
problem16 0.00 6260116012477 0 2268.00
problem17 0.00 7259184740955 0 2268.00
problem18 0.00 5549473735149 0 2268.00
problem19 0.00 7045013828076 0 2268.00
problem20 0.00 5865204306482 0 2268.00
problem21 0.00 7071403282368 0 2268.00
problem22 0.00 8183358774158 0 2268.00
problem23 0.00 6720807252074 0 2268.00
problem24 0.00 6392397061475 0 2268.00
problem25 0.00 6812765995026 0 2268.00
problem26 0.00 5508084083910 0 2268.00
problem27 0.00 6272861715687 0 2268.00
problem28 0.00 6630853690515 0 2268.00
problem29 0.00 6019767786042 0 2268.00
problem30 0.00 8265696327934 0 2268.00
problem31 0.00 7226252981629 0 2268.00
problem32 0.00 7677951600661 0 2268.00
problem33 0.01 6258908813020 0 2268.00
problem34 0.00 5823101114931 0 2268.00
problem35 0.00 7185256747095 0 2268.00
problem36 0.00 6466011151407 0 2268.00
problem37 0.00 6120367995818 0 2268.00
problem38 0.00 6608279357585 0 2268.00
problem39 0.00 6837108599424 0 2268.00
problem40 0.00 6687817834295 0 2268.00
problem41 0.00 7573854550055 0 2268.00
problem42 0.00 6469605200551 0 2268.00
problem43 0.00 6700659047796 0 2268.00
problem44 0.00 7558823859272 0 2268.00
problem45 0.00 6345450242118 0 2268.00
problem46 0.00 6450716660408 0 2268.00
problem47 0.00 7648653440909 0 2268.00
problem48 0.00 4827767538668 0 2268.00
problem49 0.00 4931535145904 0 2268.00
problem50 0.00 4559327186379 0 2268.00
problem51 0.00 6013252357512 0 2268.00
problem52 0.00 6155126179010 0 2268.00
problem53 0.00 6321811586556 0 2268.00
problem54 0.00 6721267293846 0 2268.00
problem55 0.00 7429990556790 0 2268.00
problem56 0.00 6746520764283 0 2268.00
problem57 0.00 5743389723173 0 2268.00
problem58 0.00 7400015692157 0 2268.00
problem59 0.00 6772228551746 0 2268.00
problem60 0.00 6322419192293 0 2268.00
problem61 0.00 5309443851700 0 2268.00
problem62 0.00 6250398722568 0 2268.00
problem63 0.00 6700141099980 0 2268.00
problem64 0.00 6597089360242 0 2268.00
problem65 0.00 6382903044448 0 2268.00
problem66 0.00 6574098759610 0 2268.00
problem67 0.01 6515777944100 0 2268.00
problem68 0.00 5720739696479 0 2268.00
problem69 0.00 6513319901325 0 2268.00
problem70 0.00 7978294139637 0 2268.00
problem71 0.00 7209780038751 0 2268.00
problem72 0.00 5603492135770 0 2268.00
problem73 0.00 7089785599919 0 2268.00
problem74 0.00 7031966435417 0 2268.00
problem75 0.00 7863867493465 0 2268.00
problem76 0.00 6384583110431 0 2268.00
problem77 0.00 6151120921602 0 2268.00
problem78 0.00 6307159056002 0 2268.00
problem79 0.00 5268874359923 0 2268.00
problem80 0.00 6391013943364 0 2268.00
problem81 0.00 6375213069215 0 2268.00
problem82 0.00 5496462825787 0 2268.00
problem83 0.00 5808690509964 0 2268.00
problem84 0.00 6075889765310 0 2268.00
problem85 0.00 7585196702934 0 2268.00
problem86 0.00 6032709154214 0 2268.00
problem87 0.00 6312798339509 0 2268.00
problem88 0.00 5816851619440 0 2268.00
problem89 0.00 5821827087751 0 2268.00
problem90 0.00 4752228188122 0 2268.00
problem91 0.00 6914461435016 0 2268.00
problem92 0.00 7544207974405 0 2268.00
problem93 0.00 3932549260633 0 2268.00
problem94 0.00 6252702369101 0 2268.00
problem95 0.00 5598206956877 0 2268.00
problem96 0.00 6251271112204 0 2268.00
problem97 0.00 4907464116894 0 2268.00
problem98 0.00 6220093164829 0 2268.00
problem99 0.00 4908108056305 0 2268.00
