problem0 14.79 880678166438819 15597 2 14.21
problem1 4.26 1137897005133116 2239 1 3.98
problem2 7.55 934053300827429 15295 1 7.27
problem3 4.97 1246202693839066 1681 1 4.92
problem4 5.88 1009617781193890 4995 1 5.66
problem5 7.38 992659117708328 13980 1 6.93
problem6 3.93 1155021864474330 2128 1 3.78
problem7 6.45 1045456746535121 1866 1 6.41
problem8 6.37 1022807481814580 6525 1 5.94
problem9 5.42 1094218907341201 2622 1 5.34
problem10 6.63 979026273914192 5447 1 6.33
problem11 4.56 1024111167565251 2616 1 4.37
problem12 5.99 1073625072320950 4484 1 5.72
problem13 7.09 1063891863266854 5588 1 6.87
problem14 6.48 1086308367282693 4747 1 6.22
problem15 7.03 932636443812109 13568 1 6.65
problem16 6.89 884969729545643 10413 1 6.39
problem17 5.79 1188244141422070 3830 1 5.62
problem18 6.27 936157763396744 3939 1 6.17
problem19 6.88 1010547980804756 6142 1 6.62
problem20 6.7 1031961072078803 7415 1 6.32
problem21 6.36 1079169562520068 3222 1 6.27
problem22 6.91 1077198096863358 3572 1 6.82
problem23 15.48 972188661940050 20761 2 14.98
problem24 5.44 1049749424071459 3325 1 5.33
problem25 7.17 1040993700612639 6498 1 6.89
problem26 6.29 1086201124316063 3199 1 6.16
problem27 4.78 1161405917512965 1759 1 4.65
problem28 17.37 930207679580573 24347 2 16.84
problem29 5.22 1238269338240623 2218 1 5.08
problem30 6.35 1046258588123432 4141 1 6.2
problem31 5.15 1189947832167189 3622 1 4.92
problem32 5.43 1111221537173150 2636 1 5.26
problem33 6.06 1036068586693278 3515 1 5.87
problem34 5.77 1084973735613580 3462 1 5.59
problem35 5.53 1024971614831020 1980 1 5.48
problem36 6.13 1048425426791335 4136 1 5.93
problem37 7.5 924784285253732 6324 1 7.35
problem38 5.61 1133369846786915 2361 1 5.51
problem39 4.8 1087022102603117 2236 1 4.62
problem40 8.17 1083460041207933 8793 1 7.98
problem41 7.17 997207081174667 4254 1 7.06
problem42 6.83 1015467192299496 3058 1 6.76
problem43 6.84 935637080236419 6661 1 6.72
problem44 6.85 1023620545166329 5443 1 6.57
problem45 5.59 1164430614482143 2608 1 5.42
problem46 6.55 1018690221985554 5686 1 6.32
problem47 4.34 1146080365356018 1873 1 4.22
problem48 6.08 1031607796722917 2702 1 5.99
problem49 5.1 1179843105015174 2766 1 4.93
problem50 5.06 1165152224734282 3218 1 4.78
problem51 6.48 1078327817786018 1519 1 6.45
problem52 6.61 974579579555562 5386 1 6.37
problem53 5.79 1073737498271970 2969 1 5.68
problem54 6.67 1022830379456354 4006 1 6.52
problem55 7.16 1122666747755466 4435 1 6.93
problem56 7.18 1016464046411289 3895 1 7.1
problem57 5.04 1113276016994050 1765 1 4.9
problem58 6.93 1011006140665098 4399 1 6.84
problem59 4.23 1077555912291929 1255 1 4.12
problem60 5.92 1090529494643163 4110 1 5.79
problem61 6.32 1086127492960957 1961 1 6.27
problem62 5.96 1087797711238828 1988 1 5.92
problem63 6.18 992307255085152 4947 1 5.96
problem64 7.01 1030904165546318 4262 1 6.88
problem65 6.08 1078527557250106 1972 1 5.99
problem66 5.15 1111650400376890 3323 1 4.87
problem67 4.75 995731963584837 2595 1 4.59
problem68 6.51 1050786880588658 5089 1 6.11
problem69 7.42 1053015652278273 3601 1 7.32
problem70 8 855567082178757 10425 1 7.81
problem71 6.13 1095287106106686 4183 1 5.85
problem72 5.33 1088974456354656 3868 1 4.99
problem73 5.97 1155334971100848 3780 1 5.76
problem74 7.19 909931701380641 6859 1 7.08
problem75 7.17 1006409195773964 6616 1 6.88
problem76 5.87 1084878460989678 2810 1 5.67
problem77 6.62 940384372123277 4295 1 6.54
problem78 6.84 964910616017519 4176 1 6.65
problem79 6.39 996569766923552 2335 1 6.33
problem80 6.41 1105765366425035 3592 1 6.19
problem81 7.17 1014927283514148 6862 1 6.99
problem82 4.63 1171673801334021 1048 1 4.59
problem83 5.93 1109622650737044 3034 1 5.8
problem84 5.54 973748039976813 3779 1 5.29
problem85 5.41 1105030955442040 1403 1 5.36
problem86 6.42 942254639636244 6667 1 6.16
problem87 4.75 1081930050342870 2073 1 4.61
problem88 5.03 1010382042015157 2147 1 4.9
problem89 4.48 1182377980231674 1272 1 4.39
problem90 5.53 1088341179306298 2529 1 5.4
problem91 6.29 1050167245718704 4518 1 6.09
problem92 7.2 1013119745439134 6413 1 6.95
problem93 5 1145219555375270 1875 1 4.84
problem94 5.39 1165755905351279 1453 1 5.33
problem95 5.57 1180378220366096 1997 1 5.5
problem96 4.97 1132220756894451 1901 1 4.82
problem97 6.43 983458162055172 5371 1 6.13
problem98 5.15 1181983293352209 2314 1 5.06
problem99 6.86 1082185098910613 5445 1 6.56
