problem0 18.99 301517116721776 1 6500.00
problem1 10.24 271240419115632 1 9592.00
problem2 19.96 263043954915952 1 9592.00
problem3 5.47 324572735861360 1 9592.00
problem4 14.24 261544855841392 1 9592.00
problem5 16.38 271070188495472 1 9592.00
problem6 21.37 290739503569520 1 9592.00
problem7 14.23 315283815715440 1 9592.00
problem8 13.92 282225175202416 1 9592.00
problem9 16.92 282982900449904 1 9592.00
problem10 12.86 298990787361392 1 9592.00
problem11 17.18 263269760479856 1 9592.00
problem12 14.12 262738012498544 1 9592.00
problem13 14.22 291920399639152 1 9592.00
problem14 9.18 270540627696240 1 9592.00
problem15 10.06 307404042703472 1 9592.00
problem16 8.23 260592979823216 1 9592.00
problem17 15.08 282824530723440 1 9592.00
problem18 14.02 258500590156400 1 9592.00
problem19 10.72 305085158224496 1 9592.00
problem20 16.32 280523131136624 1 9592.00
problem21 20.23 293413696496240 1 9592.00
problem22 18.83 236817403124336 1 9592.00
problem23 16.54 298429556347504 1 9592.00
problem24 16.37 265688869243504 1 9592.00
problem25 10.09 317425834639984 1 9592.00
problem26 13.30 302583097293424 1 9592.00
problem27 9.75 276777128243824 1 9592.00
problem28 15.63 264803713215088 1 9592.00
problem29 10.26 295822324703856 1 9592.00
problem30 21.40 236230354557552 1 9592.00
problem31 10.57 273448230195824 1 9592.00
problem32 12.07 282600717011568 1 9592.00
problem33 24.56 292709848547952 1 9592.00
problem34 11.17 284384786987632 1 9592.00
problem35 16.17 268986660352624 1 9592.00
problem36 14.86 306220748548720 1 9592.00
problem37 19.27 284234157810288 1 9592.00
problem38 19.51 280255634610800 1 9592.00
problem39 16.79 270324495929968 1 9592.00
problem40 13.88 314008582720112 1 9592.00
problem41 8.27 290521469239920 1 9592.00
problem42 13.10 320934928120432 1 9592.00
problem43 6.65 310782093210224 1 9592.00
problem44 15.56 301901180463728 1 9592.00
problem45 14.70 261329255408240 1 9592.00
problem46 7.64 327592837765744 1 9592.00
problem47 18.76 256554041053808 1 9592.00
problem48 7.22 301019874806384 1 9592.00
problem49 15.21 295948570264176 1 9592.00
problem50 13.12 282972184951408 1 9592.00
problem51 12.83 264105998054000 1 9592.00
problem52 23.22 272117254597232 1 9592.00
problem53 9.84 273768142201456 1 9592.00
problem54 13.54 275368907348592 1 9592.00
problem55 17.61 243613018182256 1 9592.00
problem56 11.81 290295117974128 1 9592.00
problem57 7.07 302875118191216 1 9592.00
problem58 13.19 269933640317552 1 9592.00
problem59 12.17 289968108876400 1 9592.00
problem60 10.82 272325588675184 1 9592.00
problem61 19.59 289046505693808 1 9592.00
problem62 17.38 267001391307376 1 9592.00
problem63 22.16 286958045041264 1 9592.00
problem64 15.90 275718278793840 1 9592.00
problem65 10.89 270000707502704 1 9592.00
problem66 19.00 275703260789360 1 9592.00
problem67 11.88 303087555048048 1 9592.00
problem68 21.06 278817963223664 1 9592.00
problem69 12.80 301048312455792 1 9592.00
problem70 4.14 305170349234800 1 9592.00
problem71 12.09 292512157979248 1 9592.00
problem72 5.64 303949881969264 1 9592.00
problem73 24.53 279170234991216 1 9592.00
problem74 20.21 276572826892912 1 9592.00
problem75 6.91 279756117095024 1 9592.00
problem76 12.60 303070530857584 1 9592.00
problem77 10.32 268473156969072 1 9592.00
problem78 23.34 269410538412656 1 9592.00
problem79 11.17 280547602633328 1 9592.00
problem80 14.58 272116870826608 1 9592.00
problem81 24.24 262695016071792 1 9592.00
problem82 27.21 240038026132080 1 9592.00
problem83 11.08 293022598787696 1 9592.00
problem84 11.20 312578979080816 1 9592.00
problem85 7.30 334738587181680 1 9592.00
problem86 12.53 303139506788976 1 9592.00
problem87 26.05 227356159529584 1 9592.00
problem88 14.40 270860235180656 1 9592.00
problem89 10.71 311216040559216 1 9592.00
problem90 9.72 283128127388272 1 9592.00
problem91 17.20 283994408563312 1 9592.00
problem92 21.12 274838995397232 1 9592.00
problem93 29.77 247437965042288 1 9592.00
problem94 13.79 259503732578928 1 9592.00
problem95 14.80 311539748704880 1 9592.00
problem96 9.99 302860034624112 1 9592.00
problem97 13.49 260287600624240 1 9592.00
problem98 20.73 258989608876656 1 9592.00
problem99 26.60 228963326947952 1 9592.00
