problem0 0 24622846291 0
problem1 0 22684449474 0
problem2 0 18767137543 0
problem3 0 26412051938 0
problem4 0 29268849873 0
problem5 0 22969848267 0
problem6 0.01 24369824965 0
problem7 0 28144326567 0
problem8 0 23383761467 0
problem9 0 23374590314 0
problem10 0 20658427613 0
problem11 0 28773854534 0
problem12 0 25170643063 0
problem13 0.01 19825059875 0
problem14 0 26440061425 0
problem15 0 22959401266 0
problem16 0 20643609059 0
problem17 0 28367966632 0
problem18 0 25728326290 0
problem19 0 23043204467 0
problem20 0.01 26131339269 0
problem21 0 18623531260 0
problem22 0 29307178400 0
problem23 0 24850555109 0
problem24 0 22200113645 0
problem25 0 21453271319 0
problem26 0 24894293026 0
problem27 0.01 23150092830 0
problem28 0 20989059559 0
problem29 0 20000360550 0
problem30 0 24209483003 0
problem31 0 27382366952 0
problem32 0 22144799044 0
problem33 0 23534574223 0
problem34 0 24412316980 0
problem35 0.01 21822334590 0
problem36 0 20564226781 0
problem37 0 27748971776 0
problem38 0 19200227489 0
problem39 0 20499662594 0
problem40 0.01 25142960631 0
problem41 0 24717191956 0
problem42 0 27354945403 0
problem43 0 23603059704 0
problem44 0 24105226859 0
problem45 0 17414140323 0
problem46 0 22773074060 0
problem47 0.01 23545246026 0
problem48 0 23616711941 0
problem49 0 23767675192 0
problem50 0 30121513285 0
problem51 0 24181272652 0
problem52 0 26536097870 0
problem53 0 22996674156 0
problem54 0.01 23192556618 0
problem55 0 28082979791 0
problem56 0 22172670972 0
problem57 0 26771623607 0
problem58 0 18948656184 0
problem59 0 24081958660 0
problem60 0 21409345319 0
problem61 0.01 26089532878 0
problem62 0 19364170163 0
problem63 0 15883044525 0
problem64 0 27669759879 0
problem65 0 22169208578 0
problem66 0 20107578494 0
problem67 0 25176506196 0
problem68 0.01 25333555829 0
problem69 0 27550134561 0
problem70 0 17344661952 0
problem71 0 24151721063 0
problem72 0 17812303586 0
problem73 0 24510146677 0
problem74 0 25547505097 0
problem75 0.01 25045525919 0
problem76 0 27239112118 0
problem77 0 22535819200 0
problem78 0 26852456288 0
problem79 0 19635206646 0
problem80 0.01 23559712671 0
problem81 0 25866876327 0
problem82 0 17323310698 0
problem83 0 24226606920 0
problem84 0 21395741298 0
problem85 0 20636530175 0
problem86 0 25565654115 0
problem87 0.01 21831440596 0
problem88 0 24705067443 0
problem89 0 24557155115 0
problem90 0 26382868230 0
problem91 0 20577184378 0
problem92 0 27545192844 0
problem93 0 27352786166 0
problem94 0.01 22204403452 0
problem95 0 28633505189 0
problem96 0 23694904582 0
problem97 0 23801870401 0
problem98 0 21703185629 0
problem99 0 22964729346 0
