problem0 0.26 1982708858 1
problem1 0.06 1730962520 1
problem2 0.07 2008382903 1
problem3 0.01 1917540401 1
problem4 0.02 1676869756 1
problem5 0.16 2034677234 1
problem6 0.07 2017133065 1
problem7 0.01 1619757531 1
problem8 0 1818481054 1
problem9 0.01 1761921580 1
problem10 0.07 2107908219 1
problem11 0.13 1911023397 1
problem12 0.01 1900171744 1
problem13 0.05 1870125830 1
problem14 0.14 1604864781 1
problem15 0.11 2034416143 1
problem16 0.02 1938801474 1
problem17 0.01 1862124160 1
problem18 0.19 2098926527 1
problem19 0.08 1958997145 1
problem20 0.2 2043578308 1
problem21 0.11 1914370714 1
problem22 0.23 1753099409 1
problem23 0.08 1992493251 1
problem24 0.06 2070159718 1
problem25 0.01 2163514708 1
problem26 0.03 1857251203 1
problem27 0.02 1917925517 1
problem28 0.39 1864053288 1
problem29 0.04 1869243566 1
problem30 0.11 1842263701 1
problem31 0.04 1835222519 1
problem32 0.17 1992653834 1
problem33 0.06 1775282856 1
problem34 0.04 1913138119 1
problem35 0.01 2191235841 1
problem36 0.15 1845354764 1
problem37 0.03 2051696962 1
problem38 0.08 1993210137 1
problem39 0.09 1756643755 1
problem40 0.36 1644847918 1
problem41 0.01 2160278140 1
problem42 0.17 1911976075 1
problem43 0.27 2307449845 1
problem44 0.15 1893606512 1
problem45 0.01 1804163158 1
problem46 0.17 2266104861 1
problem47 0.01 1791019999 1
problem48 0.1 1765500626 1
problem49 0.06 1988598992 1
problem50 0 1893549519 1
problem51 0.16 1847124841 1
problem52 0.03 1911917652 1
problem53 0.09 2132771306 1
problem54 0.05 1993533345 1
problem55 0.2 1800254611 1
problem56 0.05 1918047990 1
problem57 0.14 1923293604 1
problem58 0.14 1826470803 1
problem59 0.02 1638230365 1
problem60 0.29 1905240248 1
problem61 0.16 2037331454 1
problem62 0.04 1932178341 1
problem63 0.24 1998179271 1
problem64 0.01 2138964890 1
problem65 0.02 2024085752 1
problem66 0.06 2015027671 1
problem67 0.04 1931625937 1
problem68 0.05 2018118044 1
problem69 0.05 2021966994 1
problem70 0.12 1851095081 1
problem71 0.34 2132664699 1
problem72 0.26 1901771966 1
problem73 0.02 2103890636 1
problem74 0.03 1828309147 1
problem75 0.31 1851607237 1
problem76 0.19 2169782016 1
problem77 0.09 1901493670 1
problem78 0.03 2012300589 1
problem79 0.03 1808582063 1
problem80 0.03 1631179362 1
problem81 0.05 1951112992 1
problem82 0.27 1986101215 1
problem83 0.01 1933460025 1
problem84 0.09 1756354788 1
problem85 0.02 2164568378 1
problem86 0.16 1832790705 1
problem87 0.02 2018723939 1
problem88 0.98 2203964550 1
problem89 0.12 2088816116 1
problem90 0.25 1677399971 1
problem91 0.08 1627849261 1
problem92 0 1970300744 1
problem93 0.01 1645850446 1
problem94 0.79 2036218037 1
problem95 0.04 1909995927 1
problem96 0.01 1698386730 1
problem97 0.08 1849536328 1
problem98 0.02 2255593447 1
problem99 0.29 1838373025 1
