problem0 0.33 1219092885461626 0
problem1 0.22 1147406450870180 0
problem2 0.34 1120589649887091 0
problem3 0.22 1213404405937873 0
problem4 0.17 874582199729061 0
problem5 0.22 933200416357389 0
problem6 0.19 1146091250270418 0
problem7 0.3 1185501810178971 0
problem8 0.38 1116021819337124 0
problem9 0.16 1180836203269960 0
problem10 0.38 1063364211446202 0
problem11 0.29 1052696066225036 0
problem12 0.18 1087790259694176 0
problem13 0.35 1105976782226619 0
problem14 0.4 1406198144637720 0
problem15 0.34 1162553890261926 0
problem16 0.29 1092322522531195 0
problem17 0.32 1235856251795449 0
problem18 0.27 1008856212768964 0
problem19 0.75 1127849166134882 0
problem20 0.21 1179149405869184 0
problem21 0.48 1056143144086573 0
problem22 0.58 1094665982022789 0
problem23 0.33 1263107854245824 0
problem24 0.39 1071324444646872 0
problem25 0.23 1220457283952492 0
problem26 0.5 1144955870036465 0
problem27 0.22 954624452982474 0
problem28 0.37 1182296541638106 0
problem29 0.52 1110567667335449 0
problem30 0.3 1115561845302510 0
problem31 0.34 1200025843483635 0
problem32 0.41 1239471774759370 0
problem33 0.2 954454529187271 0
problem34 0.21 1125868387744638 0
problem35 0.3 897796463545974 0
problem36 0.41 1179722717474205 0
problem37 0.31 1112985991362524 0
problem38 0.27 1104047532046615 0
problem39 0.29 1150625828564288 0
problem40 0.36 1128525587256600 0
problem41 0.56 1159228719712009 0
problem42 0.52 1096823752535982 0
problem43 0.54 1079393449283869 0
problem44 0.59 1368232545157183 0
problem45 0.25 1038261581558844 0
problem46 0.6 1128420922276034 0
problem47 0.32 935591374124385 0
problem48 0.38 1094091862957906 0
problem49 0.64 998193711503046 0
problem50 0.49 1183070906869874 0
problem51 0.47 953261608681246 0
problem52 0.22 910201732054315 0
problem53 0.42 1067129343717893 0
problem54 0.36 1091158011637374 0
problem55 0.47 1202949172071200 0
problem56 0.25 1157551086499438 0
problem57 0.3 1096338716892932 0
problem58 0.35 1213700735646827 0
problem59 0.45 1247864488400296 0
problem60 0.19 964033612698331 0
problem61 0.26 1253058933225062 0
problem62 0.2 918020647798430 0
problem63 0.29 1253494755929036 0
problem64 0.54 1161887468487200 0
problem65 0.37 991128411023766 0
problem66 0.62 1231896222717730 0
problem67 0.44 951000996094034 0
problem68 0.36 966477290014427 0
problem69 0.32 853363166629970 0
problem70 0.3 1023806727800956 0
problem71 0.21 1055474423979407 0
problem72 0.33 1053210785335720 0
problem73 0.25 1196277236036124 0
problem74 0.57 1337011724702010 0
problem75 0.36 993056281044038 0
problem76 0.31 1121274848512464 0
problem77 0.25 1176660442611456 0
problem78 0.4 1040699559620563 0
problem79 0.3 890559275195351 0
problem80 0.23 894023552046862 0
problem81 0.42 937070556759824 0
problem82 0.4 1043667468028760 0
problem83 0.66 1221894739919454 0
problem84 0.25 1016447860445984 0
problem85 0.23 1041017600145567 0
problem86 0.29 949551963699727 0
problem87 0.36 1263827530616548 0
problem88 0.3 889798704572699 0
problem89 0.34 1039184740422745 0
problem90 0.43 954797812076779 0
problem91 0.36 1109674665674742 0
