problem0 0.24 165223 259 1 0.24 13356.00
problem1 0.04 152910 332 2 0.04 8292.00
problem2 0.06 155476 496 2 0.04 8292.00
problem3 0.06 129579 652 2 0.05 8292.00
problem4 0.08 132548 742 2 0.08 8292.00
problem5 0.03 146624 170 1 0.03 8292.00
problem6 0.03 159720 141 1 0.03 8292.00
problem7 0.03 167226 559 1 0.03 8296.00
problem8 0.03 174049 214 1 0.02 8296.00
problem9 0.03 156413 379 1 0.03 8296.00
problem10 0.03 151327 301 1 0.03 8296.00
problem11 0.03 157220 191 1 0.03 8296.00
problem12 0.04 149432 323 1 0.03 8296.00
problem13 0.02 179476 195 1 0.02 8296.00
problem14 0.03 173730 283 1 0.03 8296.00
problem15 0.04 144784 566 1 0.03 8296.00
problem16 0.02 145453 320 1 0.02 8296.00
problem17 0.04 149858 559 1 0.03 8296.00
problem18 0.03 132290 389 1 0.03 8296.00
problem19 0.04 149355 314 1 0.03 8296.00
problem20 0.02 157582 317 1 0.02 8296.00
problem21 0.04 163064 371 1 0.03 8296.00
problem22 0.03 168759 287 1 0.02 8296.00
problem23 0.03 155296 487 1 0.03 8296.00
problem24 0.03 174248 160 1 0.03 8296.00
problem25 0.04 157818 627 1 0.03 8296.00
problem26 0.03 118267 512 1 0.03 8296.00
problem27 0.03 139913 294 1 0.03 8296.00
problem28 0.03 148795 209 1 0.02 8296.00
problem29 0.03 178134 160 1 0.03 8296.00
problem30 0.03 136608 260 1 0.03 8296.00
problem31 0.04 148435 482 1 0.03 8296.00
problem32 0.11 130525 1080 2 0.09 8296.00
problem33 0.04 158055 303 1 0.03 8296.00
problem34 0.12 101062 1610 2 0.11 8296.00
problem35 0.05 144115 175 1 0.05 8296.00
problem36 0.06 152335 398 1 0.06 8296.00
problem37 0.04 155646 162 1 0.04 8296.00
problem38 0.06 143999 394 1 0.06 8296.00
problem39 0.07 158143 472 1 0.06 8296.00
problem40 0.06 137154 490 1 0.05 8296.00
problem41 0.05 156434 322 1 0.05 8296.00
problem42 0.04 166100 89 1 0.04 8296.00
problem43 0.04 167818 267 1 0.04 8296.00
problem44 0.04 150640 80 1 0.04 8296.00
problem45 0.07 138907 656 1 0.06 8296.00
problem46 0.05 135923 440 1 0.04 8296.00
problem47 0.06 143456 563 1 0.05 8296.00
problem48 0.05 167224 341 1 0.05 8296.00
problem49 0.06 168163 265 1 0.05 8296.00
problem50 0.05 155410 420 1 0.04 8296.00
problem51 0.06 141960 652 1 0.05 8296.00
problem52 0.05 154259 232 1 0.05 8296.00
problem53 0.06 133753 425 1 0.06 8296.00
problem54 0.05 150988 220 1 0.04 8296.00
problem55 0.03 175754 54 1 0.03 8296.00
problem56 0.05 147010 255 1 0.05 8296.00
problem57 0.05 124190 388 1 0.04 8296.00
problem58 0.07 145048 806 1 0.06 8296.00
problem59 0.05 137927 275 1 0.05 8296.00
problem60 0.05 154980 310 1 0.05 8296.00
problem61 0.05 164772 265 1 0.05 8296.00
problem62 0.05 143567 517 1 0.04 8296.00
problem63 0.03 157926 221 1 0.03 8296.00
problem64 0.04 161939 184 1 0.03 8296.00
problem65 0.05 170803 152 1 0.04 8296.00
problem66 0.04 164262 372 1 0.04 8296.00
problem67 0.05 161587 286 1 0.05 8296.00
problem68 0.05 153986 173 1 0.04 8296.00
problem69 0.05 153549 236 1 0.05 8296.00
problem70 0.07 161636 626 1 0.05 8296.00
problem71 0.05 142617 442 1 0.05 8296.00
problem72 0.05 138284 164 1 0.04 8296.00
problem73 0.05 164063 227 1 0.05 8296.00
problem74 0.06 148700 383 1 0.06 8296.00
problem75 0.05 153241 164 1 0.05 8296.00
problem76 0.05 152440 331 1 0.05 8296.00
problem77 0.05 162113 196 1 0.05 8296.00
problem78 0.05 150184 177 1 0.05 8296.00
problem79 0.04 173131 107 1 0.04 8296.00
problem80 0.06 170849 435 1 0.05 8296.00
problem81 0.05 137908 504 1 0.05 8296.00
problem82 0.04 165066 143 1 0.03 8296.00
problem83 0.05 156203 270 1 0.05 8296.00
problem84 0.06 170245 244 1 0.05 8296.00
problem85 0.04 158869 271 1 0.03 8296.00
problem86 0.06 138485 413 1 0.05 8296.00
problem87 0.06 133613 356 1 0.05 8296.00
problem88 0.06 139081 1053 1 0.05 8296.00
problem89 0.06 135623 467 1 0.06 8296.00
problem90 0.06 130268 342 1 0.05 8296.00
problem91 0.04 148222 150 1 0.04 8296.00
problem92 0.06 143027 411 1 0.06 8296.00
problem93 0.05 149653 207 1 0.05 8296.00
problem94 0.07 127693 379 1 0.06 8296.00
problem95 0.04 170345 139 1 0.04 8296.00
problem96 0.05 156494 179 1 0.04 8296.00
problem97 0.04 172437 151 1 0.04 8296.00
problem98 0.06 148466 284 1 0.05 8296.00
problem99 0.06 125808 640 1 0.06 8296.00
