problem0 0.41 11967588391 1
problem1 0.19 10804222751 1
problem2 0.02 11975642007 1
problem3 0.27 10430083471 1
problem4 0.15 11230446855 1
problem5 0.59 10822008319 1
problem6 0.43 10336228471 1
problem7 0.5 11941183599 1
problem8 0.45 11526175207 1
problem9 0.23 12013926623 1
problem10 0.31 11532121431 1
problem11 0.75 12480964431 1
problem12 0.13 11365664455 1
problem13 0.06 10598681535 1
problem14 0.02 10530025015 1
problem15 1.32 11636155951 1
problem16 0.05 10895584167 1
problem17 0.37 11275859615 1
problem18 0.39 12790791959 1
problem19 0.22 10495048975 1
problem20 0.16 11093076103 1
problem21 0.16 11656673663 1
problem22 0.15 10378668023 1
problem23 1.59 12452801519 1
problem24 0.05 11349835111 1
problem25 0.3 10853897311 1
problem26 0.04 11489192151 1
problem27 0.04 10594972367 1
problem28 0.6 11619592775 1
problem29 0.2 11897784127 1
problem30 0.11 10652860855 1
problem31 0.22 11319841199 1
problem32 0.15 11075940135 1
