problem0 0.13 11420993556 1
problem1 0.05 11908661140 1
problem2 0.12 12649994004 1
problem3 0.02 11710893716 1
problem4 0.13 13499049492 1
problem5 0.08 11047198100 1
problem6 0.08 12319798548 1
problem7 0.38 11222002836 1
problem8 0.28 13906330644 1
problem9 0 12465994644 1
problem10 0.21 12852187924 1
problem11 0.15 13936118420 1
problem12 0.25 13951459860 1
problem13 0.88 12104964500 1
problem14 0.03 12871430420 1
problem15 0.42 10424445076 1
problem16 0.04 11721834516 1
problem17 0.07 13420214164 1
problem18 0.33 13686148884 1
problem19 0.03 14343636628 1
problem20 0.02 12821044756 1
problem21 0.14 13962270100 1
problem22 0.38 12846869780 1
problem23 0.06 14654284948 1
problem24 0.06 14262746132 1
problem25 0.07 12892271508 1
problem26 0.38 14346570516 1
problem27 0.01 12665012884 1
problem28 0.85 13060594196 1
problem29 0.06 14203195796 1
problem30 0.05 11440810260 1
problem31 0.17 14516281492 1
problem32 0.08 12670695444 1
problem33 0.1 12761214868 1
problem34 0.13 12954404628 1
problem35 0.05 12926779028 1
problem36 0.07 13864801812 1
problem37 0.3 14169918868 1
problem38 0.05 10532300052 1
problem39 0.18 14036966548 1
problem40 0.01 12045956116 1
problem41 0.01 12758608788 1
problem42 0.24 14609924884 1
problem43 0 11639274132 1
problem44 0.04 12817748500 1
problem45 0 11983391124 1
problem46 0.11 14684741908 1
problem47 0.14 12947904660 1
problem48 0.03 11046350868 1
problem49 0.18 12616017812 1
problem50 0.15 12602244884 1
problem51 0.04 13365900948 1
problem52 0.07 11261611540 1
problem53 0.05 15428240788 1
problem54 0.17 13429153044 1
problem55 0 13665014932 1
problem56 0.04 12087798804 1
problem57 0.08 11528135572 1
problem58 0.01 13105380116 1
problem59 0.18 15153869460 1
problem60 0.27 12686051860 1
problem61 0.19 13498614164 1
problem62 0.25 12402678036 1
problem63 0.02 12698636436 1
problem64 0.02 12754380820 1
problem65 0.02 11374010260 1
problem66 0.02 12092798740 1
problem67 0.01 12439776916 1
problem68 0.01 12527666708 1
problem69 0.22 12905397652 1
problem70 0.17 13484365076 1
problem71 0.05 9780333716 1
problem72 0.05 11703919636 1
problem73 0.08 12422077332 1
problem74 0.09 13054161684 1
problem75 0.1 13545122452 1
problem76 0.01 14812987924 1
problem77 0.18 12843284884 1
problem78 0.12 13184553236 1
problem79 0.02 12694734996 1
problem80 0 12962947092 1
problem81 0.23 12793288596 1
problem82 0.1 13573549844 1
problem83 0.05 13906503316 1
problem84 0.14 11220516372 1
problem85 0.04 13580711316 1
problem86 0.06 13919161620 1
problem87 0.02 13657212052 1
problem88 0.03 14115544084 1
problem89 0.08 12219208596 1
problem90 0.3 13382527764 1
problem91 0 12718613140 1
problem92 0.15 13292976660 1
problem93 0 11628016020 1
problem94 0.01 13272271124 1
problem95 0.54 12399329428 1
problem96 0.18 11672049684 1
problem97 0.05 13652627348 1
problem98 0.4 13823272724 1
problem99 0.26 12397371028 1
