problem0 0 5685719 1 2364.00
problem1 0.00 5042197 1 2420.00
problem2 0.01 5456451 1 2420.00
problem3 0.00 5400545 1 2420.00
problem4 0.00 5835887 1 2420.00
problem5 0.00 4700013 1 2420.00
problem6 0.01 6270043 1 2420.00
problem7 0.00 5032633 1 2420.00
problem8 0.01 5139975 1 2420.00
problem9 0.00 5721541 1 2420.00
problem10 0.00 5266803 1 2420.00
problem11 0.01 5680273 1 2420.00
problem12 0.00 4736671 1 2420.00
problem13 0.00 5247773 1 2420.00
problem14 0.01 5027211 1 2420.00
problem15 0.00 5401961 1 2420.00
problem16 0.01 4978231 1 2420.00
problem17 0.00 5400437 1 2420.00
problem18 0.01 6034595 1 2420.00
problem19 0.00 5926209 1 2420.00
problem20 0.00 5692623 1 2420.00
problem21 0.00 5679821 1 2420.00
problem22 0.01 5102267 1 2420.00
problem23 0.00 5311513 1 2420.00
problem24 0.00 5659239 1 2420.00
problem25 0.01 5324069 1 2420.00
problem26 0.00 5072851 1 2420.00
problem27 0.00 5024241 1 2420.00
problem28 0.01 5230335 1 2420.00
problem29 0.00 5406333 1 2420.00
problem30 0.01 5381099 1 2420.00
problem31 0.00 5744329 1 2420.00
problem32 0.01 5544599 1 2420.00
problem33 0.00 5951189 1 2420.00
problem34 0.00 5199619 1 2420.00
problem35 0.01 5005985 1 2420.00
problem36 0.00 5381423 1 2420.00
problem37 0.00 5672493 1 2420.00
problem38 0.00 5798171 1 2420.00
problem39 0.01 5324153 1 2420.00
problem40 0.01 4830919 1 2420.00
problem41 0.00 5119109 1 2420.00
problem42 0.00 5825075 1 2420.00
problem43 0.00 6068049 1 2420.00
problem44 0.01 5818207 1 2420.00
problem45 0.00 5364189 1 2420.00
problem46 0.01 4977227 1 2420.00
problem47 0.01 5558313 1 2420.00
problem48 0.00 5287671 1 2420.00
problem49 0.00 5908021 1 2420.00
problem50 0.01 5310819 1 2420.00
problem51 0.00 5261313 1 2420.00
problem52 0.00 5950863 1 2420.00
problem53 0.00 5988749 1 2420.00
problem54 0.01 5474171 1 2420.00
problem55 0.00 5856985 1 2420.00
problem56 0.01 5800743 1 2420.00
problem57 0.00 5893093 1 2420.00
problem58 0.00 5426323 1 2420.00
problem59 0.01 4617393 1 2420.00
problem60 0.00 5451711 1 2420.00
problem61 0.01 4334909 1 2420.00
problem62 0.00 5650603 1 2420.00
problem63 0.01 5630345 1 2420.00
problem64 0.00 5518167 1 2420.00
problem65 0.00 5270933 1 2420.00
problem66 0.00 5581763 1 2420.00
problem67 0.00 5381473 1 2420.00
problem68 0.01 5303791 1 2420.00
problem69 0.00 5055725 1 2420.00
problem70 0.00 6489563 1 2420.00
problem71 0.01 5861433 1 2420.00
problem72 0.00 5685127 1 2420.00
problem73 0.01 5286725 1 2420.00
problem74 0.00 4663027 1 2420.00
problem75 0.01 5128721 1 2420.00
problem76 0.00 5703711 1 2420.00
problem77 0.00 5464221 1 2420.00
problem78 0.00 5304075 1 2420.00
problem79 0.01 5173993 1 2420.00
problem80 0.00 5711799 1 2420.00
problem81 0.00 6137077 1 2420.00
problem82 0.01 5488163 1 2420.00
problem83 0.00 5890753 1 2420.00
problem84 0.01 5275215 1 2420.00
problem85 0.00 5757005 1 2420.00
problem86 0.00 5960763 1 2420.00
problem87 0.01 6386073 1 2420.00
problem88 0.00 5270503 1 2420.00
problem89 0.01 5921445 1 2420.00
problem90 0.01 4845907 1 2420.00
problem91 0.00 5767025 1 2420.00
problem92 0.01 5263487 1 2420.00
problem93 0.00 5344253 1 2420.00
problem94 0.01 5510507 1 2420.00
problem95 0.00 4975689 1 2420.00
problem96 0.00 5868567 1 2420.00
problem97 0.01 5885013 1 2420.00
problem98 0.00 5554307 1 2420.00
problem99 0.00 5740577 1 2420.00
