problem0 0 767442333 1
problem1 0.02 705038954 1
problem2 0 734880670 1
problem3 0 658535823 1
problem4 0 756490487 1
problem5 0 743913580 1
problem6 0 752280552 1
problem7 0 749896257 1
problem8 0.01 815382705 1
problem9 0.01 775258190 1
problem10 0 853115282 1
problem11 0 662154707 1
problem12 0 777336523 1
problem13 0.03 719430672 1
problem14 0 801851036 1
problem15 0.01 727804485 1
problem16 0 773389637 1
problem17 0.01 759842226 1
problem18 0 841194758 1
problem19 0 852756887 1
problem20 0 810479135 1
problem21 0 797828916 1
problem22 0 883248848 1
problem23 0 855162313 1
problem24 0.01 926237529 1
problem25 0 878504598 1
problem26 0 797476346 1
problem27 0 718248155 1
problem28 0 813209331 1
problem29 0 842764760 1
problem30 0.01 889506948 1
problem31 0 757173453 1
problem32 0 690873069 1
problem33 0.01 950271738 1
problem34 0 825953390 1
problem35 0 827485087 1
problem36 0 741114183 1
problem37 0 721957884 1
problem38 0 729780152 1
problem39 0.01 756213585 1
problem40 0 784870401 1
problem41 0 733221598 1
problem42 0 621019234 1
problem43 0 821203427 1
problem44 0.01 803929371 1
problem45 0 646929824 1
problem46 0 987850860 1
problem47 0 768728405 1
problem48 0 797929109 1
problem49 0 666875458 1
problem50 0 830616022 1
problem51 0 758389671 1
problem52 0.01 781867631 1
problem53 0 740990660 1
problem54 0.01 795616928 1
problem55 0.01 846298841 1
problem56 0 756349609 1
problem57 0.01 903313702 1
problem58 0 862613706 1
problem59 0 784931051 1
problem60 0.01 717678915 1
problem61 0 842106728 1
problem62 0 739744340 1
problem63 0 710073309 1
problem64 0.01 909123645 1
problem65 0 808053642 1
problem66 0 717720894 1
problem67 0 869374383 1
problem68 0.01 736295319 1
problem69 0 708421516 1
problem70 0 735155080 1
problem71 0 728040545 1
problem72 0 775827281 1
problem73 0.01 876846446 1
problem74 0.01 809129778 1
problem75 0 840674803 1
problem76 0 730258283 1
problem77 0 794201904 1
problem78 0 784196156 1
problem79 0.01 778373221 1
problem80 0 677541861 1
problem81 0 793714386 1
problem82 0.01 708419238 1
problem83 0 694379959 1
problem84 0 1018224319 1
problem85 0.01 911855188 1
problem86 0 762730096 1
problem87 0 790493161 1
problem88 0 818301433 1
problem89 0.01 743767990 1
problem90 0 777139098 1
problem91 0.01 865259771 1
problem92 0 755323795 1
problem93 0 840103160 1
problem94 0.01 810205220 1
problem95 0.02 749265645 1
problem96 0 702084493 1
problem97 0 846975002 1
problem98 0 812049934 1
problem99 0 755105727 1
