problem0 0.02 224523 5 -1003340408 6.95331e-310 0.00
problem1 0.01 258569 5 -1003340408 6.95331e-310 0.00
problem2 0.02 247089 5 -1003340408 6.95331e-310 0.00
problem3 0.01 238553 5 -1003340408 6.95331e-310 0.00
problem4 0.02 194049 5 -1003340408 6.95331e-310 0.00
problem5 0.01 238505 5 -1003340408 6.95331e-310 0.00
problem6 0.03 245627 5 -1003340408 6.95331e-310 0.00
problem7 0.02 242041 5 -1003340408 6.95331e-310 0.00
problem8 0.03 265291 5 -1003340408 6.95331e-310 0.00
problem9 0.01 265545 5 -1003340408 6.95331e-310 0.00
problem10 0.03 247579 5 -1003340408 6.95331e-310 0.00
problem11 0.02 205251 5 -1003340408 6.95331e-310 0.00
problem12 0.01 230721 5 -1003340408 6.95331e-310 0.00
problem13 0.03 263230 5 -1003340408 6.95331e-310 0.00
problem14 0.03 231099 5 -1003340408 6.95331e-310 0.00
problem15 0.01 204643 5 -1003340408 6.95331e-310 0.00
problem16 0.02 243254 5 -1003340408 6.95331e-310 0.00
problem17 0.02 220638 5 -1003340408 6.95331e-310 0.00
problem18 0.03 228955 5 -1003340408 6.95331e-310 0.00
problem19 0.05 251139 5 -1003340408 6.95331e-310 0.00
problem20 0.02 248278 5 -1003340408 6.95331e-310 0.00
problem21 0.01 236073 5 -1003340408 6.95331e-310 0.00
problem22 0.02 230225 5 -1003340408 6.95331e-310 0.00
problem23 0.01 235513 5 -1003340408 6.95331e-310 0.00
problem24 0.03 256715 5 -1003340408 6.95331e-310 0.00
problem25 0.01 243998 5 -1003340408 6.95331e-310 0.00
problem26 0.03 278598 5 -1003340408 6.95331e-310 0.00
problem27 0.01 277913 5 -1003340408 6.95331e-310 0.00
problem28 0.03 268566 5 -1003340408 6.95331e-310 0.00
problem29 0.05 233491 5 -1003340408 6.95331e-310 0.00
problem30 0.04 243003 5 -1003340408 6.95331e-310 0.00
problem31 0.01 203577 5 -1003340408 6.95331e-310 0.00
problem32 0.04 272907 5 -1003340408 6.95331e-310 0.00
problem33 0.01 237321 5 -1003340408 6.95331e-310 0.00
problem34 0.01 243590 5 -1003340408 6.95331e-310 0.00
problem35 0.02 274649 5 -1003340408 6.95331e-310 0.00
problem36 0.01 258817 5 -1003340408 6.95331e-310 0.00
problem37 0.02 233641 5 -1003340408 6.95331e-310 0.00
problem38 0.03 269435 5 -1003340408 6.95331e-310 0.00
problem39 0.04 239907 5 -1003340408 6.95331e-310 0.00
problem40 0.03 248139 5 -1003340408 6.95331e-310 0.00
problem41 0.01 233374 5 -1003340408 6.95331e-310 0.00
problem42 0.01 244081 5 -1003340408 6.95331e-310 0.00
problem43 0.02 230425 5 -1003340408 6.95331e-310 0.00
problem44 0.05 273643 5 -1003340408 6.95331e-310 0.00
problem45 0.01 225598 5 -1003340408 6.95331e-310 0.00
problem46 0.02 200294 5 -1003340408 6.95331e-310 0.00
problem47 0.01 235278 5 -1003340408 6.95331e-310 0.00
problem48 0.03 269793 5 -1003340408 6.95331e-310 0.00
problem49 0.01 243081 5 -1003340408 6.95331e-310 0.00
problem50 0.01 225457 5 -1003340408 6.95331e-310 0.00
problem51 0.03 254467 5 -1003340408 6.95331e-310 0.00
problem52 0.03 269355 5 -1003340408 6.95331e-310 0.00
problem53 0.02 220286 5 -1003340408 6.95331e-310 0.00
problem54 0.03 243110 5 -1003340408 6.95331e-310 0.00
problem55 0.01 244302 5 -1003340408 6.95331e-310 0.00
problem56 0.02 250486 5 -1003340408 6.95331e-310 0.00
problem57 0.01 222750 5 -1003340408 6.95331e-310 0.00
problem58 0.02 220486 5 -1003340408 6.95331e-310 0.00
problem59 0.05 259395 5 -1003340408 6.95331e-310 0.00
problem60 0.02 235030 5 -1003340408 6.95331e-310 0.00
problem61 0.01 250473 5 -1003340408 6.95331e-310 0.00
problem62 0.04 234043 5 -1003340408 6.95331e-310 0.00
problem63 0.01 212366 5 -1003340408 6.95331e-310 0.00
problem64 0.02 244833 5 -1003340408 6.95331e-310 0.00
problem65 0.01 216073 5 -1003340408 6.95331e-310 0.00
problem66 0.01 251014 5 -1003340408 6.95331e-310 0.00
problem67 0.02 277977 5 -1003340408 6.95331e-310 0.00
problem68 0.02 225281 5 -1003340408 6.95331e-310 0.00
problem69 0.01 217854 5 -1003340408 6.95331e-310 0.00
problem70 0.04 260475 5 -1003340408 6.95331e-310 0.00
problem71 0.01 205006 5 -1003340408 6.95331e-310 0.00
problem72 0.02 285601 5 -1003340408 6.95331e-310 0.00
problem73 0.03 266739 5 -1003340408 6.95331e-310 0.00
problem74 0.03 229659 5 -1003340408 6.95331e-310 0.00
problem75 0.02 211907 5 -1003340408 6.95331e-310 0.00
problem76 0.02 207339 5 -1003340408 6.95331e-310 0.00
problem77 0.02 231657 5 -1003340408 6.95331e-310 0.00
problem78 0.01 267793 5 -1003340408 6.95331e-310 0.00
problem79 0.02 254990 5 -1003340408 6.95331e-310 0.00
problem80 0.02 252641 5 -1003340408 6.95331e-310 0.00
problem81 0.02 254601 5 -1003340408 6.95331e-310 0.00
problem82 0.01 265649 5 -1003340408 6.95331e-310 0.00
problem83 0.02 246873 5 -1003340408 6.95331e-310 0.00
problem84 0.01 224897 5 -1003340408 6.95331e-310 0.00
problem85 0.02 226345 5 -1003340408 6.95331e-310 0.00
problem86 0.02 223227 5 -1003340408 6.95331e-310 0.00
problem87 0.03 220323 5 -1003340408 6.95331e-310 0.00
problem88 0.02 266102 5 -1003340408 6.95331e-310 0.00
problem89 0.01 245193 5 -1003340408 6.95331e-310 0.00
problem90 0.01 206065 5 -1003340408 6.95331e-310 0.00
problem91 0.01 251801 5 -1003340408 6.95331e-310 0.00
problem92 0.01 245185 5 -1003340408 6.95331e-310 0.00
problem93 0.03 256531 5 -1003340408 6.95331e-310 0.00
problem94 0.02 279697 5 -1003340408 6.95331e-310 0.00
problem95 0.02 264846 5 -1003340408 6.95331e-310 0.00
problem96 0.03 205835 5 -1003340408 6.95331e-310 0.00
problem97 0.02 205747 5 -1003340408 6.95331e-310 0.00
problem98 0.05 247515 5 -1003340408 6.95331e-310 0.00
problem99 0.02 281305 5 -1003340408 6.95331e-310 0.00
