problem0 0 15833381329 1
problem1 0 17855080302 1
problem2 0.02 16371263122 1
problem3 0.02 18906501011 1
problem4 0.04 15509044523 1
problem5 0 18212076016 1
problem6 0.01 16904893404 1
problem7 0 16523398597 1
problem8 0 16004105957 1
problem9 0.15 15648100434 1
problem10 0 16211495046 1
problem11 0.07 15881188567 1
problem12 0 17356566783 1
problem13 0.02 17474153620 1
problem14 0.02 16299732624 1
problem15 0.01 18377406153 1
problem16 0.02 15544235385 1
problem17 0 15253450934 1
problem18 0.01 16984608762 1
problem19 0 16719046043 1
problem20 0 16516378195 1
problem21 0 17944944312 1
problem22 0.01 15992977092 1
problem23 0.01 17927402317 1
problem24 0 17851635085 1
problem25 0 16660813978 1
problem26 0.01 16977415406 1
problem27 0 18441859551 1
problem28 0.01 15923594535 1
problem29 0 16362954844 1
problem30 0 15541460088 1
problem31 0.02 16987099985 1
problem32 0 14314174241 1
problem33 0.03 13736056830 1
problem34 0 14446710626 1
problem35 0.01 16113592739 1
problem36 0 16731145595 1
problem37 0.06 16833855872 1
problem38 0.01 16093097900 1
problem39 0.03 15397709525 1
problem40 0 16140298805 1
problem41 0.03 17948409570 1
problem42 0.02 14988666710 1
problem43 0.04 17541422311 1
problem44 0.03 17592549199 1
problem45 0.08 19057070628 1
problem46 0.04 16683319392 1
problem47 0.03 18145672665 1
problem48 0.05 16799039177 1
problem49 0 15391432006 1
problem50 0.01 17299170506 1
problem51 0.03 17577237419 1
problem52 0.01 17031692963 1
problem53 0.01 16081822280 1
problem54 0 18450341524 1
problem55 0 18186987613 1
problem56 0 18213438685 1
problem57 0.12 16011559722 1
problem58 0.01 17053554622 1
problem59 0.02 16308336111 1
problem60 0 18899623799 1
problem61 0 16625025516 1
problem62 0 18515679816 1
problem63 0.01 14033925729 1
problem64 0.01 16554445937 1
problem65 0.12 16803086478 1
problem66 0.01 15483949106 1
problem67 0.06 17249680307 1
problem68 0.02 16222283211 1
problem69 0.01 17325965584 1
problem70 0.07 13930988412 1
problem71 0.02 17006983141 1
problem72 0 14744135045 1
problem73 0.03 18019149170 1
problem74 0.03 17621868070 1
problem75 0.02 18422611191 1
problem76 0.02 16789955999 1
problem77 0.05 17279561652 1
problem78 0.03 16764971568 1
problem79 0.01 17013554409 1
problem80 0 18181709849 1
problem81 0.18 16699916758 1
problem82 0 15911063962 1
problem83 0.02 18331732411 1
problem84 0.01 18683506419 1
problem85 0.01 15792414168 1
problem86 0.02 16442728036 1
problem87 0 18522477933 1
problem88 0 15839775789 1
problem89 0.02 16172688826 1
problem90 0 16098966158 1
problem91 0 18049479167 1
problem92 0.01 16804909511 1
problem93 0 13225859964 1
problem94 0.02 17649676312 1
problem95 0.02 15201079665 1
problem96 0 17597839809 1
problem97 0.01 17701036318 1
problem98 0 17359874306 1
problem99 0.01 17260889539 1
