problem0 0 583842 1 0.00
problem1 0.00 552459 1 0.00
problem2 0.00 584483 1 0.00
problem3 0.00 603200 1 0.00
problem4 0.00 508828 1 0.00
problem5 0.00 506573 1 0.00
problem6 0.00 553549 1 0.00
problem7 0.00 585458 1 0.00
problem8 0.00 488822 1 0.00
problem9 0.00 594927 1 0.00
problem10 0.00 629079 1 0.00
problem11 0.00 545540 1 0.00
problem12 0.00 526384 1 0.00
problem13 0.00 543601 1 0.00
problem14 0.00 580161 1 0.00
problem15 0.00 549494 1 0.00
problem16 0.00 583114 1 0.00
problem17 0.00 529235 1 0.00
problem18 0.00 544523 1 0.00
problem19 0.00 491336 1 0.00
problem20 0.00 546884 1 0.00
problem21 0.00 572821 1 0.00
problem22 0.00 553397 1 0.00
problem23 0.00 568186 1 0.00
problem24 0.00 625054 1 0.00
problem25 0.00 506935 1 0.00
problem26 0.00 580671 1 0.00
problem27 0.00 526604 1 0.00
problem28 0.00 558040 1 0.00
problem29 0.00 467257 1 0.00
problem30 0.00 510121 1 0.00
problem31 0.00 498174 1 0.00
problem32 0.00 569586 1 0.00
problem33 0.00 515739 1 0.00
problem34 0.00 561395 1 0.00
problem35 0.00 557136 1 0.00
problem36 0.00 547564 1 0.00
problem37 0.00 575069 1 0.00
problem38 0.00 552733 1 0.00
problem39 0.00 589314 1 0.00
problem40 0.00 469958 1 0.00
problem41 0.00 559743 1 0.00
problem42 0.00 556327 1 0.00
problem43 0.00 619796 1 0.00
problem44 0.00 486784 1 0.00
problem45 0.00 605441 1 0.00
problem46 0.00 505105 1 0.00
problem47 0.00 485254 1 0.00
problem48 0.00 526874 1 0.00
problem49 0.00 610275 1 0.00
problem50 0.00 569563 1 0.00
problem51 0.00 587608 1 0.00
problem52 0.00 527252 1 0.00
problem53 0.00 513317 1 0.00
problem54 0.00 567941 1 0.00
problem55 0.00 534154 1 0.00
problem56 0.00 531438 1 0.00
problem57 0.00 540359 1 0.00
problem58 0.00 539663 1 0.00
problem59 0.00 497436 1 0.00
problem60 0.00 574760 1 0.00
problem61 0.00 597705 1 0.00
problem62 0.00 515961 1 0.00
problem63 0.00 559886 1 0.00
problem64 0.00 586050 1 0.00
problem65 0.00 550699 1 0.00
problem66 0.00 601795 1 0.00
problem67 0.00 549984 1 0.00
problem68 0.00 535100 1 0.00
problem69 0.00 518637 1 0.00
problem70 0.00 533485 1 0.00
problem71 0.00 517394 1 0.00
problem72 0.00 580118 1 0.00
problem73 0.00 547087 1 0.00
problem74 0.00 530679 1 0.00
problem75 0.00 618276 1 0.00
problem76 0.00 543440 1 0.00
problem77 0.00 558737 1 0.00
problem78 0.00 559073 1 0.00
problem79 0.00 509078 1 0.00
problem80 0.00 517738 1 0.00
problem81 0.00 582771 1 0.00
problem82 0.00 527019 1 0.00
problem83 0.00 624488 1 0.00
problem84 0.00 554724 1 0.00
problem85 0.00 492725 1 0.00
problem86 0.00 613205 1 0.00
problem87 0.00 522650 1 0.00
problem88 0.00 550462 1 0.00
problem89 0.00 465239 1 0.00
problem90 0.00 529375 1 0.00
problem91 0.00 523564 1 0.00
problem92 0.00 605816 1 0.00
problem93 0.00 537689 1 0.00
problem94 0.00 601673 1 0.00
problem95 0.00 562206 1 0.00
problem96 0.00 534930 1 0.00
problem97 0.00 559035 1 0.00
problem98 0.00 509075 1 0.00
problem99 0.00 565360 1 0.00
