problem0 0 606583065 1
problem1 0 672672913 1
problem2 0 677805705 1
problem3 0 573499137 1
problem4 0 617618937 1
problem5 0 652434289 1
problem6 0 565466985 1
problem7 0 658065889 1
problem8 0 747301593 1
problem9 0 685535825 1
problem10 0 653498441 1
problem11 0 639669441 1
problem12 0 532029369 1
problem13 0 587297073 1
problem14 0 633487657 1
problem15 0 639813537 1
problem16 0 707771545 1
problem17 0 651188241 1
problem18 0 624841225 1
problem19 0 687727233 1
problem20 0 643154297 1
problem21 0 692528881 1
problem22 0 671468265 1
problem23 0 670033249 1
problem24 0 688270937 1
problem25 0 618913233 1
problem26 0 574008265 1
problem27 0 632737857 1
problem28 0 664732473 1
problem29 0 698645681 1
problem30 0 661583017 1
problem31 0 579904289 1
problem32 0 654196761 1
problem33 0 587662225 1
problem34 0 650945929 1
problem35 0 674979329 1
problem36 0 629269753 1
problem37 0 604598897 1
problem38 0 653114985 1
problem39 0 636813537 1
problem40 0 587723225 1
problem41 0 606718289 1
problem42 0 586170185 1
problem43 0 595299265 1
problem44 0 586049209 1
problem45 0 644220977 1
problem46 0 611461161 1
problem47 0 571276961 1
problem48 0 605242265 1
problem49 0 658255633 1
problem50 0 714176777 1
problem51 0 644307329 1
problem52 0 584353913 1
problem53 0 581582321 1
problem54 0 653013481 1
problem55 0 633904225 1
problem56 0 655373657 1
problem57 0 674116817 1
problem58 0 648041161 1
problem59 0 636405569 1
problem60 0 639912505 1
problem61 0 616960945 1
problem62 0 676060073 1
problem63 0 571988513 1
problem64 0 653182745 1
problem65 0 653253265 1
problem66 0 588041353 1
problem67 0 687985921 1
problem68 0 634235897 1
problem69 0 715753841 1
problem70 0.01 578889065 1
problem71 0 736802785 1
problem72 0 647952601 1
problem73 0 544284753 1
problem74 0 684123721 1
problem75 0 680559297 1
problem76 0 666938809 1
problem77 0 608476977 1
problem78 0 595332905 1
problem79 0 607204769 1
problem80 0 638634649 1
problem81 0 664929809 1
problem82 0 650027017 1
problem83 0 629854337 1
problem84 0 653086585 1
problem85 0 646403313 1
problem86 0 606902505 1
problem87 0 635130721 1
problem88 0 624180313 1
problem89 0 678595537 1
problem90 0 669252041 1
problem91 0 685817409 1
problem92 0 641962297 1
problem93 0 610380465 1
problem94 0 696435369 1
problem95 0 618205473 1
problem96 0 620318233 1
problem97 0 617787793 1
problem98 0 640086921 1
problem99 0 679627777 1
