problem0 0 2339729 1
problem1 0 2437739 1
problem2 0 2018238 1
problem3 0 2266660 1
problem4 0 2354131 1
problem5 0 2253861 1
problem6 0 2148112 1
problem7 0 2396846 1
problem8 0 2312885 1
problem9 0 2091519 1
problem10 0 2387458 1
problem11 0 2200664 1
problem12 0 1999415 1
problem13 0 2371065 1
problem14 0 2359956 1
problem15 0 2184482 1
problem16 0 2352217 1
problem17 0 2275859 1
problem18 0 2582214 1
problem19 0 2207500 1
problem20 0 2122523 1
problem21 0 2177101 1
problem22 0 2104472 1
problem23 0 2333718 1
problem24 0 2134141 1
problem25 0 2519719 1
problem26 0 2180618 1
problem27 0 2242112 1
problem28 0 2203263 1
problem29 0 2511649 1
problem30 0 2204956 1
problem31 0 2406282 1
problem32 0 2252577 1
problem33 0 2352059 1
problem34 0 2202574 1
problem35 0 2456052 1
problem36 0 2442339 1
problem37 0 2182773 1
problem38 0 2567200 1
problem39 0 2160510 1
problem40 0 2449477 1
problem41 0 2350415 1
problem42 0 2226194 1
problem43 0 2345512 1
problem44 0 2122951 1
problem45 0 2554441 1
problem46 0 2179492 1
problem47 0 2206706 1
problem48 0 2532329 1
problem49 0 2436963 1
problem50 0 2157270 1
problem51 0 2520796 1
problem52 0 2232235 1
problem53 0 2041501 1
problem54 0 2192808 1
problem55 0 2237670 1
problem56 0 2570765 1
problem57 0 2533879 1
problem58 0 2032666 1
problem59 0 2347024 1
problem60 0 2118927 1
problem61 0 2073457 1
problem62 0 2316332 1
problem63 0 2470490 1
problem64 0 2306737 1
problem65 0 2104587 1
problem66 0 2216926 1
problem67 0 2303428 1
problem68 0 2376947 1
problem69 0 2179269 1
problem70 0 2128176 1
problem71 0 2597966 1
problem72 0 2203093 1
problem73 0 2250911 1
problem74 0 2353698 1
problem75 0 2476024 1
problem76 0 2355031 1
problem77 0 2215577 1
problem78 0 2189492 1
problem79 0 2312898 1
problem80 0 2067321 1
problem81 0 2305203 1
problem82 0 2283238 1
problem83 0 2164396 1
problem84 0 2516027 1
problem85 0 2235629 1
problem86 0 2275000 1
problem87 0 2225590 1
problem88 0 2558877 1
problem89 0 2058567 1
problem90 0 2173482 1
problem91 0 2372064 1
problem92 0 2339743 1
problem93 0 2358209 1
problem94 0 2093884 1
problem95 0 2290986 1
problem96 0.01 2240065 1
problem97 0 2416219 1
problem98 0 2454510 1
problem99 0 2398612 1
