problem0 1.76 8181009726586 1
problem1 1.89 8400539509848 1
problem2 31.08 8403031522743 1
problem3 5.18 7290611259441 1
problem4 129.09 7291108786300 1
problem5 11.48 8158714443250 1
problem6 2.12 6553788416521 1
problem7 20.52 6642041850331 1
problem8 56.32 8269026546078 1
problem9 7.51 7270121654828 1
problem10 2.87 8547884867707 1
problem11 2.41 9167908103973 1
problem12 126.99 7190467465696 1
problem13 10.86 7908972026630 1
problem14 141.32 8250425101069 1
problem15 25.75 7062625106447 1
problem16 37.07 7754623206210 1
problem17 0.99 7430276498048 1
problem18 1.9 8177770501055 1
problem19 8.96 8015361338521 1
