problem0 672.96 1393713707324702 1191 1 5.62 30535324.00
problem1 380.66 1535049713631375 1015 1 3.57 30581432.00
problem2 334.9 1433655263603253 716 1 3.39 30574844.00
problem3 609.47 1302569337403931 1062 1 3.31 30523664.00
problem4 350.97 1407896054813386 1132 1 3.7 30748548.00
problem5 369.03 1558598146737916 715 1 3.37 30563880.00
problem6 1115.16 1399422692875665 884 1 3.73 30533148.00
problem7 4626.07 1322465735283441 1115 1 3.46 30666996.00
problem8 334.52 1519926023421898 815 1 3.45 30500272.00
problem9 470.46 1397831586705492 974 1 3.64 30533948.00
problem10 559.06 1394111388629457 829 1 3.26 30461880.00
problem11 1712.59 1315770408090317 702 1 3.57 30513192.00
problem12 375.14 1349641500056890 718 1 3.83 30465444.00
problem13 794.25 1508447263008969 883 1 3.49 30523788.00
problem14 471.59 1490366411459523 1055 1 3.35 30581500.00
problem15 357.41 1425704146692387 1015 1 3.49 30428360.00
problem16 443.4 1460908826681612 788 1 3.89 30471940.00
problem17 1050.08 1303211691210588 834 1 4.86 30479252.00
problem18 556.73 1348745604292898 986 1 3.56 30550188.00
problem19 440.24 1516214765602172 1026 1 3.24 30697072.00
problem20 897.55 1417687035600084 1131 1 3.58 30441772.00
problem21 363.08 1303210362241184 976 1 3.75 30520048.00
problem22 757.32 1266470447461473 939 1 4.12 30413868.00
problem23 416.27 1404227774177504 593 1 3.46 30438824.00
problem24 1193.53 1410291702637805 1021 1 3.34 30482748.00
problem25 879.58 1317240602358378 1140 1 3.31 30394216.00
problem26 332.17 1553957856236668 719 1 3.35 30645996.00
problem27 3527.14 1387974989179423 1061 1 3.22 30479344.00
problem28 730.84 1339327228336583 859 1 3.32 30377340.00
problem29 1643.15 1495601555415852 953 1 3.27 30561540.00
problem30 350.84 1243622693558347 872 1 5.12 30371036.00
problem31 330.08 1525593273486301 355 1 3.26 30513252.00
problem32 387.42 1464638398725485 891 1 3.27 30594892.00
problem33 668.69 1258161353250721 1192 2 5.53 30459204.00
problem34 485.82 1428012699986547 1069 1 3.79 30448192.00
problem35 1234.83 1465177521242853 770 1 3.49 30478612.00
problem36 331.84 1321656877247774 767 1 3.45 30448356.00
problem37 359.75 1333427473814174 820 1 3.61 30568196.00
problem38 439.62 1331823975867806 899 1 3.78 30455256.00
problem39 348.9 1357771678101688 1177 1 3.91 30396960.00
problem40 342.6 1630890233591752 1099 1 3.52 30609060.00
problem41 2523.07 1348994359298920 852 1 3.77 30486516.00
problem42 476 1324201439280193 882 1 3.59 30492564.00
problem43 840.63 1353349505468071 974 1 3.74 30448968.00
problem44 1408.69 1349223217090985 946 1 5.26 30424236.00
problem45 490.54 1415798979389896 776 1 4.23 30482248.00
problem46 384.58 1456044827694771 754 1 3.6 30396656.00
problem47 535.93 1514504305818681 1145 1 3.45 30454872.00
problem48 391.42 1630836712382654 1142 1 3.53 30759168.00
problem49 572.91 1598070833866131 1291 2 6.86 30646004.00
problem50 510.34 1498251842197919 1141 1 3.19 30517192.00
problem51 705.56 1448742283041179 944 1 3.42 30465484.00
problem52 386.67 1628748537245060 1024 1 3.57 30529876.00
problem53 1046.22 1578174147647855 1499 2 5.39 30659920.00
problem54 3345.03 1306941522689467 977 1 3.6 30445360.00
problem55 397.55 1420117337193616 978 1 3.62 30546816.00
problem56 553.3 1277611977790486 627 1 35.53 30400440.00
problem57 518.31 1318345185965508 813 1 5.4 30564064.00
problem58 372.43 1261599496603309 1268 1 12.58 30397624.00
problem59 345.11 1568503343696857 708 1 3.35 30606028.00
problem60 1041.09 1507853374456968 998 1 3.67 30495968.00
problem61 970.76 1338090202848649 770 1 1.84 30411132.00
problem62 3482.02 1258041048726962 805 1 19.15 30383076.00
problem63 488.29 1516368276674822 901 1 3.43 30550464.00
problem64 350.7 1455317564093692 977 1 3.32 30540772.00
problem65 1602.96 1422743580056032 766 1 3.88 30452508.00
problem66 427.52 1292029520284830 897 1 3.71 30543620.00
problem67 355.06 1425990769637071 916 1 3.26 30444596.00
problem68 553.55 1131058080051665 764 1 6.44 30373412.00
problem69 355.66 1366980322987247 572 1 3.38 30534844.00
problem70 2384.26 1359139056698399 961 1 3.38 30445192.00
problem71 328.94 1224240000836043 716 1 4.56 30393608.00
problem72 507.05 1490641920977468 1164 1 3.25 30762492.00
problem73 438.09 1376440645526982 790 1 3.77 30622792.00
problem74 1456.55 1357042862896386 780 1 3.62 30444616.00
problem75 459.39 1431705101901904 1047 1 3.68 30609196.00
problem76 900.51 1511353771356562 870 1 3.33 30581852.00
problem77 828.58 1296930411383419 1033 1 3.95 30489068.00
problem78 687.49 1206523971974310 1359 1 4.32 30413628.00
problem79 402.82 1284309164117799 964 1 4.46 30461956.00
problem80 335.49 1351615771217500 702 1 3.41 30594748.00
problem81 547.76 1364831576959267 1066 1 3.69 30404668.00
problem82 3149.11 1246741225747121 966 1 4.75 30379952.00
problem83 466.55 1315151143508008 890 1 3.49 30476060.00
problem84 395.92 1409856667664767 665 1 3.64 30554632.00
problem85 1405.72 1294760298335118 898 1 3.44 30509464.00
problem86 482.64 1540420977153124 1167 1 3.61 30690248.00
problem87 732.64 1306076130162211 883 1 4.92 30482692.00
problem88 866.95 1366149022142239 1221 1 5.36 30431248.00
problem89 830.46 1517880903973035 933 1 3.63 30554888.00
problem90 1478.06 1353498780108525 1049 1 3.5 30472004.00
problem91 503.23 1481818381089767 1488 1 3.31 30546836.00
problem92 547.45 1579799877318559 1051 1 3.25 30591596.00
problem93 340.51 1465752435205163 924 1 3.77 30530760.00
problem94 973.06 1443491222620977 1284 1 3.67 30604776.00
problem95 330 1431358178194018 467 1 3.64 30588008.00
problem96 584.66 1300931694471182 857 1 3.54 30503068.00
problem97 337.89 1391055063215463 994 1 6.08 30475956.00
problem98 483.95 1366329767562547 904 1 3.73 30561104.00
problem99 335.2 1263103527184275 696 1 5.49 30519712.00
