problem0 0 314712627504465 140721627067288 4 1.18697e-312 0.00
problem1 0 399022639949279 140721627067288 4 1.18697e-312 0.00
problem2 0 346079723688452 140721627067288 4 1.18697e-312 0.00
problem3 0 276514614753025 140721627067288 4 1.18697e-312 0.00
problem4 0 276266541663953 140721627067288 4 1.18697e-312 0.00
problem5 0 324971951140059 140721627067288 4 1.18697e-312 0.00
problem6 0 284019479347781 140721627067288 4 1.18697e-312 0.00
problem7 0 387937525819108 140721627067288 4 1.18697e-312 0.00
problem8 0 286659233145602 140721627067288 4 1.18697e-312 0.00
problem9 0 320936116540377 140721627067288 4 1.18697e-312 0.00
problem10 0 372580899436738 140721627067288 4 1.18697e-312 0.00
problem11 0 353552453622421 140721627067288 4 1.18697e-312 0.00
problem12 0 315888188643182 140721627067288 4 1.18697e-312 0.00
problem13 0 302150879096058 140721627067288 4 1.18697e-312 0.00
problem14 0 276138946904407 140721627067288 4 1.18697e-312 0.00
problem15 0 422476974893934 140721627067288 4 1.18697e-312 0.00
problem16 0 330080522885131 140721627067288 4 1.18697e-312 0.00
problem17 0 327991864832536 140721627067288 4 1.18697e-312 0.00
problem18 0 358183186862888 140721627067288 4 1.18697e-312 0.00
problem19 0 268092406943173 140721627067288 4 1.18697e-312 0.00
problem20 0 385304501237066 140721627067288 4 1.18697e-312 0.00
problem21 0 343733351686839 140721627067288 4 1.18697e-312 0.00
problem22 0 357932203874745 140721627067288 4 1.18697e-312 0.00
problem23 0 295888161246420 140721627067288 4 1.18697e-312 0.00
problem24 0 319274302753716 140721627067288 4 1.18697e-312 0.00
problem25 0 439320257493474 140721627067288 4 1.18697e-312 0.00
problem26 0 365973151315291 140721627067288 4 1.18697e-312 0.00
problem27 0 341045888195276 140721627067288 4 1.18697e-312 0.00
problem28 0 377243275510873 140721627067288 4 1.18697e-312 0.00
problem29 0 267736006696228 140721627067288 4 1.18697e-312 0.00
problem30 0 325264356044665 140721627067288 4 1.18697e-312 0.00
problem31 0 390195687317791 140721627067288 4 1.18697e-312 0.00
problem32 0 277107695271614 140721627067288 4 1.18697e-312 0.00
problem33 0 296625109843320 140721627067288 4 1.18697e-312 0.00
problem34 0 316227766315965 140721627067288 4 1.18697e-312 0.00
problem35 0 274954884533819 140721627067288 4 1.18697e-312 0.00
problem36 0 349352727745680 140721627067288 4 1.18697e-312 0.00
problem37 0 350100442291955 140721627067288 4 1.18697e-312 0.00
problem38 0 375623709588681 140721627067288 4 1.18697e-312 0.00
problem39 0 359157424132093 140721627067288 4 1.18697e-312 0.00
problem40 0 349565350690145 140721627067288 4 1.18697e-312 0.00
problem41 0 275708472309839 140721627067288 4 1.18697e-312 0.00
problem42 0 327936489173909 140721627067288 4 1.18697e-312 0.00
problem43 0 274434307619490 140721627067288 4 1.18697e-312 0.00
problem44 0 361654831707377 140721627067288 4 1.18697e-312 0.00
problem45 0 398772288005966 140721627067288 4 1.18697e-312 0.00
problem46 0 303900638320917 140721627067288 4 1.18697e-312 0.00
problem47 0 318576969091161 140721627067288 4 1.18697e-312 0.00
problem48 0 365859622611201 140721627067288 4 1.18697e-312 0.00
problem49 0 331992900782678 140721627067288 4 1.18697e-312 0.00
problem50 0 305919739585659 140721627067288 4 1.18697e-312 0.00
problem51 0 256747124672793 140721627067288 4 1.18697e-312 0.00
problem52 0 296050066207577 140721627067288 4 1.18697e-312 0.00
problem53 0 344898030939319 140721627067288 4 1.18697e-312 0.00
problem54 0 281711228256720 140721627067288 4 1.18697e-312 0.00
problem55 0 311857849213109 140721627067288 4 1.18697e-312 0.00
problem56 0 299077821596566 140721627067288 4 1.18697e-312 0.00
problem57 0 391396245277835 140721627067288 4 1.18697e-312 0.00
problem58 0 319388102776180 140721627067288 4 1.18697e-312 0.00
problem59 0 332738453240094 140721627067288 4 1.18697e-312 0.00
problem60 0 282033431159493 140721627067288 4 1.18697e-312 0.00
problem61 0 313269351193216 140721627067288 4 1.18697e-312 0.00
problem62 0 412804409602476 140721627067288 4 1.18697e-312 0.00
problem63 0 258394783721722 140721627067288 4 1.18697e-312 0.00
problem64 0 281194318579062 140721627067288 4 1.18697e-312 0.00
problem65 0.01 372031035574797 140721627067288 4 1.18697e-312 0.00
problem66 0 327141338719756 140721627067288 4 1.18697e-312 0.00
problem67 0 334812140972499 140721627067288 4 1.18697e-312 0.00
problem68 0 353446469617875 140721627067288 4 1.18697e-312 0.00
problem69 0 406492089578355 140721627067288 4 1.18697e-312 0.00
problem70 0 376563870788845 140721627067288 4 1.18697e-312 0.00
problem71 0 335714950776099 140721627067288 4 1.18697e-312 0.00
problem72 0 348884697819290 140721627067288 4 1.18697e-312 0.00
problem73 0 279497457144705 140721627067288 4 1.18697e-312 0.00
problem74 0 291292333469691 140721627067288 4 1.18697e-312 0.00
problem75 0 399718900425441 140721627067288 4 1.18697e-312 0.00
problem76 0 281838393830758 140721627067288 4 1.18697e-312 0.00
problem77 0 364388240580201 140721627067288 4 1.18697e-312 0.00
problem78 0 280689380680798 140721627067288 4 1.18697e-312 0.00
problem79 0 303853887854250 140721627067288 4 1.18697e-312 0.00
problem80 0 362688986049330 140721627067288 4 1.18697e-312 0.00
problem81 0 327117349446610 140721627067288 4 1.18697e-312 0.00
problem82 0 266699181222268 140721627067288 4 1.18697e-312 0.00
problem83 0 284400550156300 140721627067288 4 1.18697e-312 0.00
problem84 0 337815411463713 140721627067288 4 1.18697e-312 0.00
problem85 0 360101786820548 140721627067288 4 1.18697e-312 0.00
problem86 0 305599795730384 140721627067288 4 1.18697e-312 0.00
problem87 0 293630880423270 140721627067288 4 1.18697e-312 0.00
problem88 0 368710037325369 140721627067288 4 1.18697e-312 0.00
problem89 0 278963792027474 140721627067288 4 1.18697e-312 0.00
problem90 0 293854977416145 140721627067288 4 1.18697e-312 0.00
problem91 0 367404713029765 140721627067288 4 1.18697e-312 0.00
problem92 0 259910154538220 140721627067288 4 1.18697e-312 0.00
problem93 0 284511133916375 140721627067288 4 1.18697e-312 0.00
problem94 0 416154137762394 140721627067288 4 1.18697e-312 0.00
problem95 0 337154294954464 140721627067288 4 1.18697e-312 0.00
problem96 0 365399053035621 140721627067288 4 1.18697e-312 0.00
problem97 0 414560542088789 140721627067288 4 1.18697e-312 0.00
problem98 0 318042297591523 140721627067288 4 1.18697e-312 0.00
problem99 0 303371460495984 140721627067288 4 1.18697e-312 0.00
