problem0 0.63 233440351556076 1 3128.00
problem1 2.11 253091890760234 1 3400.00
problem2 1.02 236139972665080 1 3400.00
problem3 0.85 215772865157078 1 3400.00
problem4 0.73 228173294018628 1 3400.00
problem5 0.37 276097688577986 1 3400.00
problem6 0.80 228931584475600 1 3400.00
problem7 1.28 247093615314414 1 3400.00
problem8 1.39 232296916578204 1 3400.00
problem9 1.55 241916653878874 1 3400.00
problem10 1.21 229613804115368 1 3400.00
problem11 1.87 194501389081862 1 3400.00
problem12 1.48 243524695220212 1 3400.00
problem13 1.20 234205428887026 1 3400.00
problem14 1.57 238814182193792 1 3400.00
problem15 1.89 219963820014878 1 3400.00
problem16 0.96 255270946689356 1 3400.00
problem17 1.78 229336936437386 1 3400.00
problem18 1.28 248936260751448 1 3400.00
problem19 1.56 211435647272502 1 3400.00
problem20 1.33 217578932183972 1 3400.00
problem21 1.39 241544798378018 1 3400.00
problem22 1.42 257055841711920 1 3400.00
problem23 0.67 235022562941006 1 3400.00
problem24 1.29 260321407416060 1 3400.00
problem25 0.91 234475488596666 1 3400.00
problem26 1.71 224027353353992 1 3400.00
problem27 1.06 177902622266214 1 3400.00
problem28 2.67 201920746515284 1 3400.00
problem29 0.73 229014317459026 1 3400.00
problem30 1.60 199453532256224 1 3400.00
problem31 1.03 242362264016766 1 3400.00
problem32 0.64 250030133190828 1 3400.00
problem33 0.94 259071989887722 1 3400.00
problem34 1.34 210122934751672 1 3400.00
problem35 0.76 239627610735766 1 3400.00
problem36 0.37 259909167757060 1 3400.00
problem37 1.19 201127310661762 1 3400.00
problem38 1.05 233273320914064 1 3400.00
problem39 1.01 224007154137774 1 3400.00
problem40 1.57 209551092649564 1 3400.00
problem41 0.79 229274162755354 1 3400.00
problem42 1.77 226669134370920 1 3400.00
problem43 1.12 196673925667270 1 3400.00
problem44 2.05 264997391894196 1 3400.00
problem45 1.95 233268227845810 1 3400.00
problem46 1.11 260323946579264 1 3400.00
problem47 0.82 241476548313566 1 3400.00
problem48 0.96 241114537263116 1 3400.00
problem49 1.21 218508725821258 1 3400.00
problem50 1.62 243018774962968 1 3400.00
problem51 1.11 221235816043254 1 3400.00
problem52 1.32 266692717566564 1 3400.00
problem53 1.42 245902723786978 1 3400.00
problem54 1.31 243372992270832 1 3400.00
problem55 1.53 221544092314894 1 3400.00
problem56 1.65 238677591520700 1 3400.00
problem57 0.81 224655000906618 1 3400.00
problem58 0.81 252655655236040 1 3400.00
problem59 1.23 246551325274150 1 3400.00
problem60 1.79 231186423853588 1 3400.00
problem61 1.15 236339193743122 1 3400.00
problem62 1.48 218119911776928 1 3400.00
problem63 1.51 213567238552638 1 3400.00
problem64 1.67 214327540346732 1 3400.00
problem65 1.08 252487615585194 1 3400.00
problem66 1.66 219342907720824 1 3400.00
problem67 0.96 273237343924566 1 3400.00
problem68 0.66 215483287178692 1 3400.00
problem69 1.24 241264579037506 1 3400.00
problem70 2.45 257907236173648 1 3400.00
problem71 1.04 242076183850862 1 3400.00
problem72 1.03 233001278991644 1 3400.00
problem73 0.92 229697812951002 1 3400.00
problem74 1.11 223949408574248 1 3400.00
problem75 1.26 268135345264262 1 3400.00
problem76 1.19 239457458351476 1 3400.00
problem77 0.66 262051396120434 1 3400.00
problem78 1.47 244934913724416 1 3400.00
problem79 2.22 250502013240990 1 3400.00
problem80 1.55 213906157924044 1 3400.00
problem81 0.95 199596554594314 1 3400.00
problem82 1.23 234710634739160 1 3400.00
problem83 1.10 230712384970678 1 3400.00
problem84 1.35 246161327608100 1 3400.00
problem85 0.69 244095454214562 1 3400.00
problem86 0.69 260516876086448 1 3400.00
problem87 0.57 236099607904718 1 3400.00
problem88 1.53 200075083117692 1 3400.00
problem89 1.02 248440184292410 1 3400.00
problem90 1.99 225502131164296 1 3400.00
problem91 1.36 228005760355558 1 3400.00
problem92 0.90 232850749733076 1 3400.00
problem93 1.61 219035912693714 1 3400.00
problem94 0.55 234283947265376 1 3400.00
problem95 1.35 227520131260670 1 3400.00
problem96 2.12 228541197418028 1 3400.00
problem97 1.73 267434210542698 1 3400.00
problem98 1.19 232007750924088 1 3400.00
problem99 1.74 225488003554838 1 3400.00
