problem0 0 2305974 1
problem1 0 2625636 1
problem2 0 2794867 1
problem3 0 2610813 1
problem4 0 2312760 1
problem5 0 2296830 1
problem6 0 2175813 1
problem7 0 2532647 1
problem8 0 2566106 1
problem9 0 2596920 1
problem10 0 2978103 1
problem11 0 2725233 1
problem12 0 2697884 1
problem13 0 3000082 1
problem14 0 2625865 1
problem15 0 2666843 1
problem16 0 2675838 1
problem17 0 2890380 1
problem18 0 2745723 1
problem19 0 2204389 1
problem20 0 2541440 1
problem21 0 2610342 1
problem22 0 3006413 1
problem23 0 2733071 1
problem24 0 2147746 1
problem25 0 2412384 1
problem26 0 2822719 1
problem27 0 2608857 1
problem28 0 2863332 1
problem29 0 2720954 1
problem30 0 3190481 1
problem31 0 2784579 1
problem32 0 2329414 1
problem33 0 2952884 1
problem34 0 2754435 1
problem35 0 2484557 1
problem36 0 2979528 1
problem37 0 2434894 1
problem38 0 2395733 1
problem39 0 2874615 1
problem40 0 2340202 1
problem41 0 2500744 1
problem42 0 2872647 1
problem43 0 2998849 1
problem44 0 2599212 1
problem45 0 2165858 1
problem46 0 2723417 1
problem47 0 2794283 1
problem48 0 3003406 1
problem49 0 2976988 1
problem50 0 2722699 1
problem51 0 2828725 1
problem52 0 2611216 1
problem53 0 2720758 1
problem54 0 2866909 1
problem55 0 2858975 1
problem56 0 2914098 1
problem57 0 2763696 1
problem58 0 2898511 1
problem59 0 2355113 1
problem60 0 2462580 1
problem61 0 2547210 1
problem62 0 2699233 1
problem63 0 2466579 1
problem64 0 2633430 1
problem65 0 2864388 1
problem66 0 2814355 1
problem67 0 2876445 1
problem68 0 2255704 1
problem69 0 2189982 1
problem70 0 2879845 1
problem71 0 2587847 1
problem72 0 2460410 1
problem73 0 2447576 1
problem74 0 2539863 1
problem75 0 2545425 1
problem76 0 2748348 1
problem77 0 2324914 1
problem78 0 2364265 1
problem79 0 3013883 1
problem80 0 2825118 1
problem81 0 2647852 1
problem82 0 2931099 1
problem83 0 2398341 1
problem84 0 2863264 1
problem85 0 2054982 1
problem86 0 2729453 1
problem87 0 3011503 1
problem88 0 2584770 1
problem89 0 2502656 1
problem90 0 2746975 1
problem91 0 2291833 1
problem92 0 2571780 1
problem93 0 2711386 1
problem94 0 2930929 1
problem95 0 2502883 1
problem96 0 2431590 1
problem97 0 2753364 1
problem98 0 3105699 1
problem99 0 2737901 1
