problem0 1.37 4687094536783 0
problem1 0.97 5146464758915 0
problem2 1.41 4454933679563 0
problem3 0.6 4069275659273 0
problem4 2.02 5025398691070 0
problem5 1.81 4335636666032 0
problem6 1.35 4669718628279 0
problem7 1.79 5463264718891 0
problem8 1.35 4605044214952 0
problem9 1.25 4842170702995 0
problem10 1.57 3482592941556 0
problem11 0.71 3944808376041 0
problem12 1.32 4318818040854 0
problem13 0.79 4520798557846 0
problem14 1.53 4819169462258 0
problem15 0.99 4622923709975 0
problem16 1.27 4713864611050 0
problem17 0.94 5085719364232 0
problem18 1.09 4750137790977 0
problem19 1.5 4657237391917 0
problem20 0.77 4657121389939 0
problem21 0.83 4417585165670 0
problem22 0.93 4750139884920 0
problem23 1.84 4190576037188 0
problem24 0.7 4058393267769 0
problem25 1.12 4074731433711 0
problem26 1.74 4801892963787 0
problem27 0.88 3775438387635 0
