problem0 14.45 110385739130403 1
problem1 20.67 106979330074971 1
problem2 13.75 108481225661459 1
problem3 17.32 108853927704139 1
problem4 27.08 107401984438275 1
problem5 1.57 110547258523963 1
problem6 10.99 101786532061683 1
problem7 35.63 117355093477931 1
problem8 53.5 101639292809699 1
problem9 17.94 111037772058907 1
problem10 5.1 100608490282963 1
problem11 5.32 100825338091019 1
problem12 5.8 107803248356291 1
problem13 2.42 102782084143355 1
problem14 6.21 108992302978483 1
problem15 3.9 108811097954795 1
problem16 0.1 103951947259299 1
problem17 28.51 97233555413211 1
problem18 9.71 115492425335699 1
problem19 19.53 114337516262859 1
problem20 5.37 111321723062147 1
problem21 7.16 108295548522683 1
problem22 16.63 118005529110899 1
problem23 2.3 111094426093995 1
problem24 5.81 104243965733219 1
problem25 5.68 116724202324123 1
problem26 23.22 118332537161555 1
problem27 19.72 120428020299147 1
problem28 7.99 106394801898307 1
problem29 10.79 116960218392699 1
problem30 3.68 104061914520883 1
problem31 16.33 101541138405739 1
problem32 43.32 108339775821091 1
problem33 0.23 116647287818331 1
problem34 3.2 105735146236691 1
problem35 8.26 118944914683211 1
problem36 58.86 107639717142275 1
problem37 7.89 108628367564859 1
problem38 1.51 109392076419315 1
problem39 93.35 111852857215275 1
problem40 5.46 119785190744291 1
problem41 3.82 109977806385179 1
problem42 3.14 116966201487059 1
problem43 2.81 107743264855307 1
problem44 4.55 102784924097219 1
problem45 15.71 100943552870395 1
problem46 23.92 106040289731763 1
problem47 7.03 110431842621675 1
problem48 8.71 118664630652067 1
problem49 25.94 103492980488155 1
problem50 11.77 119859769037459 1
problem51 7.17 104658189898955 1
problem52 57.06 120547764237955 1
problem53 1.73 117987352899515 1
problem54 11.22 111570906052723 1
problem55 6.47 111215463778475 1
problem56 1.11 108588064839779 1
problem57 3.51 109299952787355 1
problem58 6.84 107832753493587 1
problem59 23.99 105706240816267 1
problem60 2.28 107197105123907 1
problem61 6.32 123741734651771 1
problem62 2.54 109061702855731 1
problem63 25.15 117583926007915 1
problem64 12.47 108702372578339 1
problem65 9.09 105785943484251 1
problem66 4.18 108938689002003 1
problem67 6.33 118053569492043 1
problem68 28.3 108780212833795 1
problem69 7.66 102885978308411 1
problem70 32.62 116630814081011 1
problem71 15.8 108049439770667 1
problem72 5.68 95125169065955 1
problem73 7.14 99723477421851 1
problem74 0.04 111358646599123 1
problem75 4.55 98426097669131 1
problem76 133.38 110301996534211 1
problem77 39.64 113006299682555 1
problem78 0.18 103032032834483 1
problem79 6.65 94513157068779 1
problem80 2.12 94111236012963 1
problem81 26.5 100414680962779 1
problem82 6.05 118634513637779 1
problem83 8.33 118019081245643 1
problem84 3.61 114597787903363 1
problem85 0.06 110306077347515 1
problem86 18.11 109958300108659 1
problem87 1.18 99158247393195 1
problem88 9.97 116889277826915 1
problem89 32.69 113626788167323 1
problem90 7.75 105946226713939 1
problem91 13.8 120587372295051 1
problem92 0.41 113453981032771 1
problem93 22.75 102970544842363 1
problem94 39.98 119258495859507 1
problem95 10.47 109352741115755 1
problem96 54.43 112090863842083 1
problem97 4.28 111338391160411 1
problem98 11.06 112728446437651 1
problem99 2.88 102748146152267 1
