problem0 0 123592681 1 2228.00
problem1 0.00 132121318 1 2284.00
problem2 0.00 142879018 1 2284.00
problem3 0.00 110392075 1 2284.00
problem4 0.00 139585347 1 2284.00
problem5 0.00 139395176 1 2284.00
problem6 0.00 114933876 1 2284.00
problem7 0.00 129933885 1 2284.00
problem8 0.00 110633213 1 2284.00
problem9 0.00 132541898 1 2284.00
problem10 0.00 118901534 1 2284.00
problem11 0.00 126543439 1 2284.00
problem12 0.00 142796567 1 2284.00
problem13 0.01 154848524 1 2284.00
problem14 0.00 140776232 1 2284.00
problem15 0.00 128414017 1 2284.00
problem16 0.00 157741969 1 2284.00
problem17 0.00 148930606 1 2284.00
problem18 0.00 137413266 1 2284.00
problem19 0.00 132601107 1 2284.00
problem20 0.00 133521515 1 2284.00
problem21 0.00 133024048 1 2284.00
problem22 0.00 125264732 1 2284.00
problem23 0.00 116687813 1 2284.00
problem24 0.00 116762533 1 2284.00
problem25 0.00 148687378 1 2284.00
problem26 0.00 116023174 1 2284.00
problem27 0.00 107073367 1 2284.00
problem28 0.00 115319615 1 2284.00
problem29 0.01 139298004 1 2284.00
problem30 0.00 150831376 1 2284.00
problem31 0.00 136112585 1 2284.00
problem32 0.00 123047225 1 2284.00
problem33 0.00 120052598 1 2284.00
problem34 0.00 139457018 1 2284.00
problem35 0.00 113272091 1 2284.00
problem36 0.00 150863763 1 2284.00
problem37 0.00 127766520 1 2284.00
problem38 0.00 116800580 1 2284.00
problem39 0.00 138785613 1 2284.00
problem40 0.00 146666573 1 2284.00
problem41 0.00 143410266 1 2284.00
problem42 0.00 94652910 1 2284.00
problem43 0.00 118957663 1 2284.00
problem44 0.00 156419431 1 2284.00
problem45 0.01 129989276 1 2284.00
problem46 0.00 129459448 1 2284.00
problem47 0.00 142733393 1 2284.00
problem48 0.00 122432737 1 2284.00
problem49 0.00 152212670 1 2284.00
problem50 0.00 136329058 1 2284.00
problem51 0.00 134751011 1 2284.00
problem52 0.00 115754171 1 2284.00
problem53 0.00 116577472 1 2284.00
problem54 0.00 153930540 1 2284.00
problem55 0.00 143831253 1 2284.00
problem56 0.00 130254581 1 2284.00
problem57 0.01 138501282 1 2284.00
problem58 0.00 145918550 1 2284.00
problem59 0.00 109276007 1 2284.00
problem60 0.00 143052175 1 2284.00
problem61 0.00 127217252 1 2284.00
problem62 0.00 119029472 1 2284.00
problem63 0.00 119997657 1 2284.00
problem64 0.00 130896521 1 2284.00
problem65 0.00 140323846 1 2284.00
problem66 0.00 121639626 1 2284.00
problem67 0.00 134680363 1 2284.00
problem68 0.00 109621219 1 2284.00
problem69 0.00 140646280 1 2284.00
problem70 0.00 122785812 1 2284.00
problem71 0.01 136051805 1 2284.00
problem72 0.00 112779165 1 2284.00
problem73 0.00 136876778 1 2284.00
problem74 0.00 123969726 1 2284.00
problem75 0.00 140451439 1 2284.00
problem76 0.00 159792055 1 2284.00
problem77 0.00 145956908 1 2284.00
problem78 0.00 134647496 1 2284.00
problem79 0.00 129804129 1 2284.00
problem80 0.00 104562225 1 2284.00
problem81 0.00 136585550 1 2284.00
problem82 0.00 137233458 1 2284.00
problem83 0.00 115714355 1 2284.00
problem84 0.00 127910155 1 2284.00
problem85 0.00 146790480 1 2284.00
problem86 0.00 133892860 1 2284.00
problem87 0.01 134354405 1 2284.00
problem88 0.00 145784389 1 2284.00
problem89 0.00 156133170 1 2284.00
problem90 0.00 107351334 1 2284.00
problem91 0.00 138592119 1 2284.00
problem92 0.00 104566751 1 2284.00
problem93 0.00 123588596 1 2284.00
problem94 0.00 130602160 1 2284.00
problem95 0.00 97736681 1 2284.00
problem96 0.00 114896857 1 2284.00
problem97 0.00 123991190 1 2284.00
problem98 0.00 113806234 1 2284.00
problem99 0.01 145518907 1 2284.00
