problem0 0 13255753434 1
problem1 0 12929428872 1
problem2 0 13090941446 1
problem3 0 12050473940 1
problem4 0 12393963122 1
problem5 0 12074717536 1
problem6 0 13688195102 1
problem7 0 11286610476 1
problem8 0 12492608266 1
problem9 0 11790516792 1
problem10 0 12692581174 1
problem11 0 13190684036 1
problem12 0 12538002594 1
problem13 0 13372170256 1
problem14 0 13546468174 1
problem15 0 12020651484 1
problem16 0 12516014906 1
problem17 0 11982162664 1
problem18 0 12550635622 1
problem19 0 12490083124 1
problem20 0 12766146258 1
problem21 0 12445868736 1
problem22 0 12042777214 1
problem23 0 12412132748 1
problem24 0 13604042602 1
problem25 0 12298176408 1
problem26 0 12369602966 1
problem27 0 11381746916 1
problem28 0 13601830146 1
problem29 0 11673655664 1
problem30 0 12448875950 1
problem31 0 13552294204 1
problem32 0 12968724378 1
problem33 0 12996180040 1
problem34 0 11136755398 1
problem35 0 11353277076 1
problem36 0 13173542706 1
problem37 0.01 12347048992 1
problem38 0 13158542558 1
problem39 0 13231458540 1
problem40 0 13077556170 1
problem41 0 12576382200 1
problem42 0 12490848246 1
problem43 0 12604623940 1
problem44 0 12046663010 1
problem45 0 13060629200 1
problem46 0 12250982414 1
problem47 0 11844611228 1
problem48 0 11989820410 1
problem49 0 12881851816 1
problem50 0 13179395366 1
problem51 0 12437473780 1
problem52 0 12418154386 1
problem53 0 13201700224 1
problem54 0 13664843582 1
problem55 0 12928271436 1
problem56 0 12214956074 1
problem57 0 12387631704 1
problem58 0 12722345558 1
problem59 0 12234570660 1
problem60 0 11942548930 1
problem61 0 12413418544 1
problem62 0 12434266734 1
problem63 0 11886202876 1
problem64 0 13733236826 1
problem65 0 11301012232 1
problem66 0 13680518022 1
problem67 0 12896313684 1
problem68 0 13127188466 1
problem69 0 11400099552 1
problem70 0 13210931614 1
problem71 0 11021799340 1
problem72 0 13727335562 1
problem73 0 13440579512 1
problem74 0 12797232310 1
problem75 0 12693273348 1
problem76 0 13131677218 1
problem77 0 13269394832 1
problem78 0 11742010574 1
problem79 0 12021891932 1
problem80 0 13293210810 1
problem81 0 12814442600 1
problem82 0 12272597478 1
problem83 0 12903336116 1
problem84 0 12089380946 1
problem85 0 12794873920 1
problem86 0 13392215038 1
problem87 0 13540829964 1
problem88 0 12876703978 1
problem89 0 13484457240 1
problem90 0 12247319318 1
problem91 0 12442995300 1
problem92 0 13912733314 1
problem93 0 13595893488 1
problem94 0.01 12205829934 1
problem95 0 12274222780 1
problem96 0 12005103898 1
problem97 0 12923227592 1
problem98 0 11876442182 1
problem99 0 11625447444 1
