problem0 0.07 428912116723704 5 -57827944 6.95335e-310 0.00
problem1 0.13 326555146452231 5 -57827944 6.95335e-310 0.00
problem2 0.06 301523572209353 5 -57827944 6.95335e-310 0.00
problem3 0.07 304478011854949 5 -57827944 6.95335e-310 0.00
problem4 0.11 304599588258129 5 -57827944 6.95335e-310 0.00
problem5 0.08 425013931165436 5 -57827944 6.95335e-310 0.00
problem6 0.12 303732584073476 5 -57827944 6.95335e-310 0.00
problem7 0.15 341509231350473 5 -57827944 6.95335e-310 0.00
problem8 0.06 430674975413827 5 -57827944 6.95335e-310 0.00
problem9 0.14 370834676207748 5 -57827944 6.95335e-310 0.00
problem10 0.11 338954604698549 5 -57827944 6.95335e-310 0.00
problem11 0.11 279192210641026 5 -57827944 6.95335e-310 0.00
problem12 0.11 375730595355197 5 -57827944 6.95335e-310 0.00
problem13 0.11 389873371838821 5 -57827944 6.95335e-310 0.00
problem14 0.13 339956892606931 5 -57827944 6.95335e-310 0.00
problem15 0.07 397373142446681 5 -57827944 6.95335e-310 0.00
problem16 0.07 369630903623977 5 -57827944 6.95335e-310 0.00
problem17 0.08 416640329942385 5 -57827944 6.95335e-310 0.00
problem18 0.06 332813112264720 5 -57827944 6.95335e-310 0.00
problem19 0.15 389786817025310 5 -57827944 6.95335e-310 0.00
problem20 0.13 404028624497664 5 -57827944 6.95335e-310 0.00
problem21 0.07 409194926810938 5 -57827944 6.95335e-310 0.00
problem22 0.07 466032166552788 5 -57827944 6.95335e-310 0.00
problem23 0.07 366410759570851 5 -57827944 6.95335e-310 0.00
problem24 0.11 380920032970742 5 -57827944 6.95335e-310 0.00
problem25 0.11 329835905878811 5 -57827944 6.95335e-310 0.00
problem26 0.08 322586865716793 5 -57827944 6.95335e-310 0.00
problem27 0.12 353763481061161 5 -57827944 6.95335e-310 0.00
problem28 0.13 372146478858118 5 -57827944 6.95335e-310 0.00
problem29 0.1 351016639470835 5 -57827944 6.95335e-310 0.00
problem30 0.15 388429211755974 5 -57827944 6.95335e-310 0.00
problem31 0.14 367812447231166 5 -57827944 6.95335e-310 0.00
problem32 0.14 406095754378162 5 -57827944 6.95335e-310 0.00
problem33 0.06 390183667726741 5 -57827944 6.95335e-310 0.00
problem34 0.07 436068754106182 5 -57827944 6.95335e-310 0.00
problem35 0.14 317924654885504 5 -57827944 6.95335e-310 0.00
problem36 0.08 330123452351827 5 -57827944 6.95335e-310 0.00
problem37 0.07 309046622401716 5 -57827944 6.95335e-310 0.00
problem38 0.09 314575186610842 5 -57827944 6.95335e-310 0.00
problem39 0.1 361306459292820 5 -57827944 6.95335e-310 0.00
problem40 0.1 380073807478655 5 -57827944 6.95335e-310 0.00
problem41 0.07 382216512217396 5 -57827944 6.95335e-310 0.00
problem42 0.1 411844244514097 5 -57827944 6.95335e-310 0.00
problem43 0.09 395379327113941 5 -57827944 6.95335e-310 0.00
problem44 0.13 340802325473955 5 -57827944 6.95335e-310 0.00
problem45 0.1 338296049822334 5 -57827944 6.95335e-310 0.00
problem46 0.09 322044053582267 5 -57827944 6.95335e-310 0.00
problem47 0.07 396943924309760 5 -57827944 6.95335e-310 0.00
problem48 0.06 347724881459761 5 -57827944 6.95335e-310 0.00
problem49 0.09 440510402808922 5 -57827944 6.95335e-310 0.00
problem50 0.06 348660655679698 5 -57827944 6.95335e-310 0.00
problem51 0.12 471031431527626 5 -57827944 6.95335e-310 0.00
problem52 0.12 452401844719279 5 -57827944 6.95335e-310 0.00
problem53 0.12 390403312149978 5 -57827944 6.95335e-310 0.00
problem54 0.12 440317305463093 5 -57827944 6.95335e-310 0.00
problem55 0.08 294262993495024 5 -57827944 6.95335e-310 0.00
problem56 0.09 297225120140093 5 -57827944 6.95335e-310 0.00
problem57 0.1 464222975370238 5 -57827944 6.95335e-310 0.00
problem58 0.1 297586487098795 5 -57827944 6.95335e-310 0.00
problem59 0.1 368381735948523 5 -57827944 6.95335e-310 0.00
problem60 0.08 349273584101501 5 -57827944 6.95335e-310 0.00
problem61 0.08 321841729311929 5 -57827944 6.95335e-310 0.00
problem62 0.1 441367420671727 5 -57827944 6.95335e-310 0.00
problem63 0.09 431369751284221 5 -57827944 6.95335e-310 0.00
problem64 0.07 382445840537042 5 -57827944 6.95335e-310 0.00
problem65 0.09 404654691231068 5 -57827944 6.95335e-310 0.00
problem66 0.1 382610669979054 5 -57827944 6.95335e-310 0.00
problem67 0.11 366925043655543 5 -57827944 6.95335e-310 0.00
problem68 0.07 376636944629806 5 -57827944 6.95335e-310 0.00
problem69 0.1 397223134267617 5 -57827944 6.95335e-310 0.00
problem70 0.08 377024733572930 5 -57827944 6.95335e-310 0.00
problem71 0.12 370422641605788 5 -57827944 6.95335e-310 0.00
problem72 0.11 373961187850733 5 -57827944 6.95335e-310 0.00
problem73 0.09 396299841403500 5 -57827944 6.95335e-310 0.00
problem74 0.09 331243331704289 5 -57827944 6.95335e-310 0.00
problem75 0.13 377097530846475 5 -57827944 6.95335e-310 0.00
problem76 0.06 452740656391795 5 -57827944 6.95335e-310 0.00
problem77 0.07 342088769967256 5 -57827944 6.95335e-310 0.00
problem78 0.12 381860730717325 5 -57827944 6.95335e-310 0.00
problem79 0.07 407653111365081 5 -57827944 6.95335e-310 0.00
problem80 0.08 380592422504679 5 -57827944 6.95335e-310 0.00
problem81 0.12 339349703284968 5 -57827944 6.95335e-310 0.00
problem82 0.08 403329905535787 5 -57827944 6.95335e-310 0.00
problem83 0.06 452145591770548 5 -57827944 6.95335e-310 0.00
problem84 0.08 402051292742393 5 -57827944 6.95335e-310 0.00
problem85 0.11 351874448658151 5 -57827944 6.95335e-310 0.00
problem86 0.11 403126690530536 5 -57827944 6.95335e-310 0.00
problem87 0.1 413693688598340 5 -57827944 6.95335e-310 0.00
problem88 0.07 370947435197259 5 -57827944 6.95335e-310 0.00
problem89 0.12 311690774816695 5 -57827944 6.95335e-310 0.00
problem90 0.09 317258795427762 5 -57827944 6.95335e-310 0.00
problem91 0.09 421478793064741 5 -57827944 6.95335e-310 0.00
problem92 0.09 422982985689115 5 -57827944 6.95335e-310 0.00
problem93 0.12 395065735652666 5 -57827944 6.95335e-310 0.00
problem94 0.07 442497084035242 5 -57827944 6.95335e-310 0.00
problem95 0.11 347128673472562 5 -57827944 6.95335e-310 0.00
problem96 0.07 421109243664754 5 -57827944 6.95335e-310 0.00
problem97 0.08 411681486593857 5 -57827944 6.95335e-310 0.00
problem98 0.08 385077492313417 5 -57827944 6.95335e-310 0.00
problem99 0.08 339807635971417 5 -57827944 6.95335e-310 0.00
