problem0 0.05 259000300546953 0
problem1 0.06 244779315331379 0
problem2 0.06 268504569888596 0
problem3 0.04 257643245703323 0
problem4 0.04 243174740711582 0
problem5 0.03 217505238166712 0
problem6 0.09 215201558048905 0
problem7 0.08 244293984357382 0
problem8 0.04 247717279581431 0
problem9 0.02 229484389814867 0
problem10 0.05 241278127947764 0
problem11 0.07 253936683342354 0
problem12 0.06 252496348482658 0
problem13 0.04 243611274431184 0
problem14 0.04 282742574065412 0
problem15 0.04 251275645569956 0
problem16 0.03 219423127865264 0
problem17 0.04 210798386056214 0
problem18 0.09 278635180861219 0
problem19 0.06 289363327501615 0
problem20 0.11 293043165818472 0
problem21 0.09 245493801247100 0
problem22 0.05 270756822505891 0
problem23 0.08 256325585065506 0
problem24 0.03 235902257912908 0
problem25 0.06 215743203364033 0
problem26 0.04 247245717281979 0
problem27 0.05 249392657405992 0
problem28 0.06 225142084589490 0
problem29 0.05 258525280205768 0
problem30 0.08 220384519192137 0
problem31 0.06 237030732420685 0
problem32 0.05 210969002145711 0
problem33 0.07 212652302166907 0
problem34 0.06 254963748726162 0
problem35 0.06 238428094143224 0
problem36 0.06 227334256837472 0
problem37 0.09 254021016517191 0
problem38 0.07 233896285096513 0
problem39 0.07 261672828566178 0
problem40 0.04 227659540267798 0
problem41 0.04 162555679468689 0
problem42 0.05 256085445573413 0
problem43 0.03 227121472463033 0
problem44 0.02 252649413607669 0
problem45 0.07 244500215222739 0
problem46 0.05 274564845601785 0
problem47 0.07 208011147276194 0
problem48 0.06 259488517129963 0
problem49 0.05 231093564494236 0
problem50 0.06 256940657635757 0
problem51 0.06 282428663465074 0
problem52 0.03 243543215264108 0
problem53 0.03 250408584149446 0
problem54 0.05 267802923275444 0
problem55 0.05 240728237815971 0
problem56 0.05 263340601672925 0
problem57 0.08 228572936693237 0
problem58 0.06 259800613426319 0
problem59 0.04 254506461329640 0
problem60 0.08 296257052788800 0
problem61 0.06 233855566144704 0
problem62 0.04 239684528720680 0
problem63 0.06 235543536633135 0
problem64 0.04 221784501349317 0
problem65 0.06 230899540520012 0
problem66 0.03 261761242198868 0
problem67 0.06 275049047433248 0
problem68 0.04 194058183834202 0
problem69 0.08 263249035182317 0
problem70 0.09 228966842458935 0
problem71 0.04 208280587481111 0
problem72 0.02 240362559623519 0
problem73 0.07 235138687250945 0
problem74 0.08 291009875444680 0
problem75 0.07 255068875561667 0
problem76 0.07 226908473593260 0
problem77 0.04 240324348925645 0
problem78 0.02 236495497272199 0
problem79 0.03 200775545016588 0
problem80 0.05 207274729068703 0
problem81 0.07 257079734904595 0
problem82 0.06 234184745329004 0
problem83 0.06 246893696885298 0
problem84 0.04 218929177898078 0
problem85 0.06 297875501885151 0
problem86 0.07 211993274347966 0
problem87 0.03 221761232200990 0
problem88 0.03 229317754095668 0
problem89 0.05 219893346478528 0
problem90 0.04 193699075064895 0
problem91 0.06 245412649742317 0
problem92 0.07 246914614017697 0
problem93 0.05 232115070190051 0
problem94 0.07 236561835487518 0
problem95 0.04 207542426911142 0
problem96 0.03 243190626916950 0
problem97 0.02 249608075630458 0
problem98 0.04 249129885429812 0
problem99 0.03 255404168759627 0
