problem0 280.52 64445863083 1 11812.00
problem1 89.92 73076657763 1 18872.00
problem2 200.33 69402338203 1 18872.00
problem3 171.42 72219790419 1 18872.00
problem4 35.20 82564825227 1 18872.00
problem5 95.03 74211555395 1 18872.00
problem6 108.60 71606233979 1 18872.00
problem7 136.77 75656909363 1 18872.00
problem8 78.29 80984073323 1 18872.00
problem9 193.87 69607709219 1 18872.00
problem10 193.81 67909610331 1 18872.00
problem11 126.38 72389480467 1 18872.00
problem12 77.61 74935091275 1 18872.00
problem13 256.10 70434419715 1 18872.00
problem14 95.63 77734060859 1 18872.00
problem15 166.41 69656741363 1 18872.00
problem16 205.71 64273044523 1 18872.00
problem17 85.97 79866643939 1 18872.00
problem18 83.24 76939137819 1 18872.00
problem19 69.87 77172569043 1 18872.00
problem20 136.23 75889582091 1 18872.00
problem21 163.86 71073288131 1 18872.00
problem22 196.86 68152441595 1 18872.00
problem23 159.59 72228870579 1 18872.00
problem24 127.00 72981652459 1 18872.00
problem25 107.90 70432199075 1 18872.00
problem26 190.92 71642815195 1 18872.00
problem27 255.93 67878188947 1 18872.00
problem28 165.33 76921200587 1 18872.00
problem29 147.54 75388914563 1 18872.00
problem30 168.54 73243865787 1 18872.00
problem31 125.55 75889610099 1 18872.00
problem32 131.98 70081532843 1 18872.00
problem33 26.99 86132047203 1 18872.00
problem34 266.36 68914250395 1 18872.00
problem35 94.06 73999637331 1 18872.00
problem36 160.37 74757341067 1 18872.00
problem37 101.96 77139126083 1 18872.00
problem38 81.90 74938223227 1 18872.00
problem39 222.88 63357378867 1 18872.00
problem40 64.45 71023453035 1 18872.00
problem41 161.69 69654169891 1 18872.00
problem42 155.07 73701673563 1 18872.00
problem43 102.83 74430127891 1 18872.00
problem44 100.89 73507372875 1 18872.00
problem45 144.34 73168757507 1 18872.00
problem46 147.64 71137313339 1 18872.00
problem47 142.12 67682243827 1 18872.00
problem48 204.08 70722868011 1 18872.00
problem49 76.14 74147738851 1 18872.00
problem50 129.97 74712969755 1 18872.00
problem51 174.50 76919685843 1 18872.00
problem52 180.17 73925222155 1 18872.00
problem53 179.03 67704618691 1 18872.00
problem54 282.58 69272394235 1 18872.00
problem55 174.63 71314188467 1 18872.00
problem56 94.99 77919658731 1 18872.00
problem57 147.01 69949587619 1 18872.00
problem58 129.48 72332966363 1 18872.00
problem59 126.13 70830507667 1 18872.00
problem60 68.53 79851822795 1 18872.00
problem61 107.09 72355494531 1 18872.00
problem62 143.63 71271797179 1 18872.00
problem63 110.21 74822589555 1 18872.00
problem64 193.93 67933491883 1 18872.00
problem65 219.98 69138263139 1 18872.00
problem66 99.12 76475949467 1 18872.00
problem67 187.50 70086634067 1 18872.00
problem68 193.87 70297829003 1 18872.00
problem69 195.57 67457439299 1 18872.00
problem70 93.66 80003377531 1 18872.00
problem71 169.40 71126413363 1 18872.00
problem72 130.69 75005616747 1 18872.00
problem73 196.29 63256999971 1 18872.00
problem74 157.40 74373409115 1 18872.00
problem75 184.00 70224277011 1 18872.00
problem76 58.71 78900510283 1 18872.00
problem77 140.57 70793253379 1 18872.00
problem78 103.19 79947161915 1 18872.00
problem79 99.01 77706470387 1 18872.00
problem80 157.11 78482231851 1 18872.00
problem81 97.41 77000811491 1 18872.00
problem82 109.65 71376228635 1 18872.00
problem83 166.70 74161623507 1 18872.00
problem84 233.17 75812150795 1 18872.00
problem85 45.26 79610424771 1 18872.00
problem86 132.30 75850053883 1 18872.00
problem87 110.49 74328389555 1 18872.00
problem88 244.19 67238994411 1 18872.00
problem89 210.83 69432242083 1 18872.00
problem90 77.33 73774815451 1 18872.00
problem91 176.54 75018966419 1 18872.00
problem92 62.55 77221715403 1 18872.00
problem93 172.00 70621129091 1 18872.00
problem94 129.16 73398481083 1 18872.00
problem95 106.99 73909578611 1 18872.00
problem96 155.36 74040758699 1 18872.00
problem97 130.36 73567804259 1 18872.00
problem98 73.58 75914199195 1 18872.00
problem99 117.90 75446057299 1 18872.00
