problem0 0.03 145264506 1
problem1 0.05 145159875 1
problem2 0.01 138712443 1
problem3 0.01 157448184 1
problem4 0 158545012 1
problem5 0.02 136350853 1
problem6 0 123362469 1
problem7 0.03 144486826 1
problem8 0.01 143834190 1
problem9 0.09 143506087 1
problem10 0.01 146788271 1
problem11 0.01 156311740 1
problem12 0 125268232 1
problem13 0.02 176935721 1
problem14 0 142403737 1
problem15 0.01 169117486 1
problem16 0.02 162757794 1
problem17 0.06 140216331 1
problem18 0.01 143425891 1
problem19 0.01 174327552 1
problem20 0.01 127199516 1
problem21 0.02 130214733 1
problem22 0.02 178672653 1
problem23 0.02 158802482 1
problem24 0.01 169844854 1
problem25 0.01 139423471 1
problem26 0 157874839 1
problem27 0.04 141671108 1
problem28 0 149384368 1
problem29 0.06 150463729 1
problem30 0.01 123989761 1
problem31 0.02 167121590 1
problem32 0.01 155842506 1
problem33 0.05 127827795 1
problem34 0.01 142707531 1
problem35 0.01 152488968 1
problem36 0 143182788 1
problem37 0.02 158519317 1
problem38 0.01 156305781 1
problem39 0.01 145287354 1
problem40 0.01 163795614 1
problem41 0.01 129222967 1
problem42 0.01 154174335 1
problem43 0.03 141937356 1
problem44 0.03 114349656 1
problem45 0 164740281 1
problem46 0 139916137 1
problem47 0.01 130888766 1
problem48 0 150634738 1
problem49 0.01 158358683 1
problem50 0.03 146682675 1
problem51 0.02 158811920 1
problem52 0 152394860 1
problem53 0 138984157 1
problem54 0.01 141360349 1
problem55 0.02 151422274 1
problem56 0 142365382 1
problem57 0.01 141248895 1
problem58 0 161540711 1
problem59 0.06 143249620 1
problem60 0.01 141176320 1
problem61 0 132242049 1
problem62 0.03 156792273 1
problem63 0 161377222 1
problem64 0.01 171153434 1
problem65 0.03 137469923 1
problem66 0.01 154990875 1
problem67 0.01 174192664 1
problem68 0.01 140581652 1
problem69 0.01 155003813 1
problem70 0.03 149728837 1
problem71 0.01 138704842 1
problem72 0 153690350 1
problem73 0.01 151416775 1
problem74 0.01 128233295 1
problem75 0.11 154815708 1
problem76 0.01 147452840 1
problem77 0.02 139509321 1
problem78 0.02 155907641 1
problem79 0.12 156121422 1
problem80 0 155434306 1
problem81 0.02 161663275 1
problem82 0 131620099 1
problem83 0.01 143875872 1
problem84 0.02 124946364 1
problem85 0.05 178823789 1
problem86 0 136486317 1
problem87 0.01 158810194 1
problem88 0 151534870 1
problem89 0.03 133544975 1
problem90 0.01 134631991 1
problem91 0 141803236 1
problem92 0 157722448 1
problem93 0.03 161933329 1
problem94 0 150008993 1
problem95 0 144776406 1
problem96 0.01 165245034 1
problem97 0.01 149182579 1
problem98 0.01 130735851 1
problem99 0.01 145226792 1
