problem0 0.33 594523381083919 356 1 0.31 14596.00
problem1 0.08 553934052332165 917 2 0.06 8908.00
problem2 0.13 677843801478799 925 2 0.09 8908.00
problem3 0.03 663635277052201 260 1 0.03 8908.00
problem4 0.17 619319477692203 1647 2 0.11 8912.00
problem5 0.06 716782376298231 167 1 0.04 8912.00
problem6 0.06 654727268575931 237 1 0.04 8912.00
problem7 0.08 628109341225422 723 1 0.06 8912.00
problem8 0.09 662381541479370 606 1 0.06 8912.00
problem9 0.06 574160035549988 371 1 0.05 8912.00
problem10 0.25 474156148536666 2113 2 0.2 10480.00
problem11 0.07 613430541550623 293 1 0.06 10480.00
problem12 0.07 644731128036942 356 1 0.06 10480.00
problem13 0.08 613638446519109 288 1 0.07 10480.00
problem14 0.08 642528243183432 508 1 0.07 10480.00
problem15 0.08 715925042181954 168 1 0.05 10480.00
problem16 0.1 538055394213477 574 1 0.07 10480.00
problem17 0.08 594945825529845 358 1 0.06 10480.00
problem18 0.08 609810838546231 609 1 0.06 10480.00
problem19 0.08 607791979357110 904 1 0.06 10480.00
problem20 0.08 653939288023244 455 1 0.06 10480.00
problem21 0.07 609869132992226 354 1 0.06 10480.00
problem22 0.07 580864066683150 357 1 0.06 10480.00
problem23 0.07 611927479623144 369 1 0.06 10480.00
problem24 0.08 644418822934651 729 1 0.07 10480.00
problem25 0.06 607684181264707 371 1 0.05 10480.00
problem26 0.08 563928416324117 356 1 0.07 10480.00
problem27 0.09 593966569668052 363 1 0.07 10480.00
problem28 0.08 537788481561004 795 1 0.07 10480.00
problem29 0.09 546561311844870 781 1 0.08 10480.00
problem30 0.09 545377070366629 671 1 0.08 10480.00
problem31 0.09 560419447987035 949 1 0.08 10480.00
problem32 0.1 632681171021798 698 1 0.07 10480.00
problem33 0.11 557346860564596 1621 1 0.08 10480.00
problem34 0.07 645600431721849 253 1 0.06 10480.00
problem35 0.07 692024031010328 323 1 0.06 10480.00
problem36 0.09 583304828798140 883 1 0.07 10480.00
problem37 0.1 638360398696525 517 1 0.08 10480.00
problem38 0.08 602918689166976 613 1 0.07 10480.00
problem39 0.09 590976476581611 579 1 0.07 10480.00
problem40 0.25 498251753392353 2451 2 0.2 11036.00
problem41 0.1 601066979662487 686 1 0.08 11036.00
problem42 0.1 615314221060212 710 1 0.09 11036.00
problem43 0.14 540468266913097 905 1 0.08 11036.00
problem44 0.08 613741235457182 286 1 0.07 11036.00
problem45 0.13 537582164549663 1239 1 0.08 11036.00
problem46 0.08 684509073362580 404 1 0.07 11036.00
problem47 0.09 625666251148969 443 1 0.08 11036.00
problem48 0.09 599942492093722 424 1 0.08 11036.00
problem49 0.1 502160693078158 492 1 0.09 11036.00
problem50 0.1 669129336515045 820 1 0.09 11036.00
problem51 0.07 744239064694808 144 1 0.06 11036.00
problem52 0.11 585702059914226 994 1 0.1 11036.00
problem53 0.07 710884320142981 226 1 0.06 11036.00
problem54 0.08 701053854313379 160 1 0.07 11036.00
problem55 0.07 667393696691695 180 1 0.07 11036.00
problem56 0.09 639625705676532 317 1 0.08 11036.00
problem57 0.08 682308954312203 295 1 0.06 11036.00
problem58 0.06 755486165181267 267 1 0.05 11036.00
problem59 0.09 502377876857482 450 1 0.09 11036.00
problem60 0.08 717251971486047 202 1 0.07 11036.00
problem61 0.07 701329202947745 290 1 0.05 11036.00
problem62 0.1 643545298841089 759 1 0.09 11036.00
problem63 0.12 577349200678526 1309 1 0.09 11036.00
problem64 0.09 618959149203887 552 1 0.08 11036.00
problem65 0.08 624711025512385 481 1 0.08 11036.00
problem66 0.13 558573592457047 1052 1 0.09 11036.00
problem67 0.07 725159639722620 180 1 0.06 11036.00
problem68 0.12 509615634101078 1043 1 0.09 11036.00
problem69 0.08 558478447814467 445 1 0.08 11036.00
problem70 0.11 539432124224851 1009 1 0.1 11036.00
problem71 0.11 668877485364972 626 1 0.07 11036.00
problem72 0.13 449412844298144 1422 1 0.09 11036.00
problem73 0.08 615627553193517 450 1 0.08 11036.00
problem74 0.09 627845672485261 310 1 0.07 11036.00
problem75 0.08 578505186974183 246 1 0.05 11036.00
problem76 0.09 729402057640020 271 1 0.06 11036.00
problem77 0.16 641393209449081 1167 1 0.08 11036.00
problem78 0.07 652620304305127 108 1 0.07 11036.00
problem79 0.1 613195321869997 832 1 0.08 11036.00
problem80 0.11 641906050815330 759 1 0.08 11036.00
problem81 0.09 545052636785858 670 1 0.07 11036.00
problem82 0.08 653525250619015 380 1 0.07 11036.00
problem83 0.1 586730897258208 475 1 0.08 11036.00
problem84 0.07 627718155082884 137 1 0.07 11036.00
problem85 0.09 606398043633660 392 1 0.08 11036.00
problem86 0.11 607089985689323 1151 1 0.08 11036.00
problem87 0.06 693171325022770 194 1 0.04 11036.00
problem88 0.08 629174536105520 224 1 0.06 11036.00
problem89 0.08 682888109169945 234 1 0.08 11036.00
problem90 0.1 673732735023009 461 1 0.06 11036.00
problem91 0.1 639123441588848 611 1 0.09 11036.00
problem92 0.13 548771914417589 846 1 0.08 11036.00
problem93 0.06 670389321456417 185 1 0.05 11036.00
problem94 0.09 703998804241816 229 1 0.06 11036.00
problem95 0.13 574946140040862 1218 1 0.09 11036.00
problem96 0.09 555788574776808 512 1 0.08 11036.00
problem97 0.09 584231582635746 234 1 0.07 11036.00
problem98 0.1 530330718185510 562 1 0.07 11036.00
problem99 0.09 602667769860819 607 1 0.08 11036.00
