problem0 0.76 7980827141516 0
problem1 0.18 7762647975472 0
problem2 0.49 9533149948354 0
problem3 0.47 8889417627096 0
problem4 0.4 8716792489929 0
problem5 0.99 9610648814009 0
problem6 0.59 8096715491055 0
problem7 0.52 10673635376319 0
problem8 0.34 8263854211865 0
problem9 0.48 8207051682520 0
problem10 0.5 8382804552313 0
problem11 0.28 9809286590459 0
problem12 0.53 9169352715840 0
problem13 0.11 7564665999873 0
problem14 0.69 8718865669087 0
problem15 0.42 9715948421251 0
problem16 0.59 8753812798577 0
problem17 0.72 9900786748779 0
problem18 0.21 8850387297574 0
problem19 0.43 7996573177774 0
problem20 0.48 8169522033349 0
problem21 0.24 8308562711184 0
problem22 0.35 8898248926994 0
problem23 0.64 7465575155331 0
problem24 0.55 8096700541049 0
problem25 0.32 8245714144588 0
problem26 0.47 9710114338456 0
problem27 0.51 7944940933799 0
problem28 0.67 8567878822476 0
problem29 0.39 8857016175558 0
problem30 0.57 8903391546069 0
problem31 0.54 8704994636738 0
problem32 0.79 9118263121501 0
problem33 1.15 11623308189068 0
problem34 0.6 8214818061393 0
problem35 0.25 7741800213671 0
problem36 0.34 7643321991309 0
problem37 0.72 9076316411317 0
problem38 0.13 6734927511317 0
problem39 0.73 9882514610992 0
problem40 0.47 7573482632881 0
problem41 0.98 10239068620687 0
