problem0 0.03 301019 5 2124333080 6.95325e-310 0.00
problem1 0.03 313394 5 2124333080 6.95325e-310 0.00
problem2 0.03 381626 5 2124333080 6.95325e-310 0.00
problem3 0.01 322367 5 2124333080 6.95325e-310 0.00
problem4 0.02 238876 5 2124333080 6.95325e-310 0.00
problem5 0.01 296447 5 2124333080 6.95325e-310 0.00
problem6 0.03 334243 5 2124333080 6.95325e-310 0.00
problem7 0.01 365204 5 2124333080 6.95325e-310 0.00
problem8 0.02 349165 5 2124333080 6.95325e-310 0.00
problem9 0.01 315420 5 2124333080 6.95325e-310 0.00
problem10 0.01 325788 5 2124333080 6.95325e-310 0.00
problem11 0.02 363193 5 2124333080 6.95325e-310 0.00
problem12 0.02 349518 5 2124333080 6.95325e-310 0.00
problem13 0.04 336777 5 2124333080 6.95325e-310 0.00
problem14 0.02 313509 5 2124333080 6.95325e-310 0.00
problem15 0.02 284846 5 2124333080 6.95325e-310 0.00
problem16 0.03 322111 5 2124333080 6.95325e-310 0.00
problem17 0.03 347462 5 2124333080 6.95325e-310 0.00
problem18 0.02 340670 5 2124333080 6.95325e-310 0.00
problem19 0.01 348531 5 2124333080 6.95325e-310 0.00
problem20 0.01 320448 5 2124333080 6.95325e-310 0.00
problem21 0.05 371283 5 2124333080 6.95325e-310 0.00
problem22 0.01 307175 5 2124333080 6.95325e-310 0.00
problem23 0.02 334344 5 2124333080 6.95325e-310 0.00
problem24 0.02 254673 5 2124333080 6.95325e-310 0.00
problem25 0.05 370608 5 2124333080 6.95325e-310 0.00
problem26 0.03 379168 5 2124333080 6.95325e-310 0.00
problem27 0.01 321389 5 2124333080 6.95325e-310 0.00
problem28 0.07 383090 5 2124333080 6.95325e-310 0.00
problem29 0.02 361053 5 2124333080 6.95325e-310 0.00
problem30 0.02 382825 5 2124333080 6.95325e-310 0.00
problem31 0.01 310946 5 2124333080 6.95325e-310 0.00
problem32 0.06 329123 5 2124333080 6.95325e-310 0.00
problem33 0.04 395098 5 2124333080 6.95325e-310 0.00
problem34 0.03 345026 5 2124333080 6.95325e-310 0.00
problem35 0.01 341159 5 2124333080 6.95325e-310 0.00
problem36 0.09 375652 5 2124333080 6.95325e-310 0.00
problem37 0.03 299943 5 2124333080 6.95325e-310 0.00
problem38 0.03 362283 5 2124333080 6.95325e-310 0.00
problem39 0.02 339580 5 2124333080 6.95325e-310 0.00
problem40 0.05 318133 5 2124333080 6.95325e-310 0.00
problem41 0.02 250948 5 2124333080 6.95325e-310 0.00
problem42 0.02 305828 5 2124333080 6.95325e-310 0.00
problem43 0.02 385313 5 2124333080 6.95325e-310 0.00
problem44 0.06 316566 5 2124333080 6.95325e-310 0.00
problem45 0.02 345649 5 2124333080 6.95325e-310 0.00
problem46 0.01 329517 5 2124333080 6.95325e-310 0.00
problem47 0.02 348566 5 2124333080 6.95325e-310 0.00
problem48 0.02 354823 5 2124333080 6.95325e-310 0.00
problem49 0.02 341614 5 2124333080 6.95325e-310 0.00
problem50 0.02 296390 5 2124333080 6.95325e-310 0.00
problem51 0 333019 5 2124333080 6.95325e-310 0.00
problem52 0.02 306184 5 2124333080 6.95325e-310 0.00
problem53 0.02 344571 5 2124333080 6.95325e-310 0.00
problem54 0.02 335727 5 2124333080 6.95325e-310 0.00
problem55 0.01 315376 5 2124333080 6.95325e-310 0.00
problem56 0.06 392089 5 2124333080 6.95325e-310 0.00
problem57 0.01 333272 5 2124333080 6.95325e-310 0.00
problem58 0.02 335144 5 2124333080 6.95325e-310 0.00
problem59 0.01 260053 5 2124333080 6.95325e-310 0.00
problem60 0.05 346554 5 2124333080 6.95325e-310 0.00
problem61 0.02 339717 5 2124333080 6.95325e-310 0.00
problem62 0.03 366577 5 2124333080 6.95325e-310 0.00
problem63 0 299402 5 2124333080 6.95325e-310 0.00
problem64 0.03 382827 5 2124333080 6.95325e-310 0.00
problem65 0.03 383618 5 2124333080 6.95325e-310 0.00
problem66 0.01 309450 5 2124333080 6.95325e-310 0.00
problem67 0.02 307727 5 2124333080 6.95325e-310 0.00
problem68 0.03 357804 5 2124333080 6.95325e-310 0.00
problem69 0.01 275791 5 2124333080 6.95325e-310 0.00
problem70 0.02 325811 5 2124333080 6.95325e-310 0.00
problem71 0.02 327268 5 2124333080 6.95325e-310 0.00
problem72 0.02 312701 5 2124333080 6.95325e-310 0.00
problem73 0.02 289900 5 2124333080 6.95325e-310 0.00
problem74 0.02 336044 5 2124333080 6.95325e-310 0.00
problem75 0.01 306057 5 2124333080 6.95325e-310 0.00
problem76 0.02 341982 5 2124333080 6.95325e-310 0.00
problem77 0.01 310489 5 2124333080 6.95325e-310 0.00
problem78 0.02 281013 5 2124333080 6.95325e-310 0.00
problem79 0.02 327294 5 2124333080 6.95325e-310 0.00
problem80 0.03 314831 5 2124333080 6.95325e-310 0.00
problem81 0.03 324502 5 2124333080 6.95325e-310 0.00
problem82 0.02 351438 5 2124333080 6.95325e-310 0.00
problem83 0.01 347203 5 2124333080 6.95325e-310 0.00
problem84 0.05 317520 5 2124333080 6.95325e-310 0.00
problem85 0.02 339363 5 2124333080 6.95325e-310 0.00
problem86 0.02 332535 5 2124333080 6.95325e-310 0.00
problem87 0.02 375256 5 2124333080 6.95325e-310 0.00
problem88 0.04 374881 5 2124333080 6.95325e-310 0.00
problem89 0.02 301056 5 2124333080 6.95325e-310 0.00
problem90 0.03 324912 5 2124333080 6.95325e-310 0.00
problem91 0.02 425021 5 2124333080 6.95325e-310 0.00
problem92 0.03 368386 5 2124333080 6.95325e-310 0.00
problem93 0.02 290733 5 2124333080 6.95325e-310 0.00
problem94 0.02 351353 5 2124333080 6.95325e-310 0.00
problem95 0.02 350322 5 2124333080 6.95325e-310 0.00
problem96 0.05 331059 5 2124333080 6.95325e-310 0.00
problem97 0.01 311722 5 2124333080 6.95325e-310 0.00
problem98 0.02 340434 5 2124333080 6.95325e-310 0.00
problem99 0.02 385911 5 2124333080 6.95325e-310 0.00
