problem0 0 206943086115 1
problem1 0 232212900187 1
problem2 0 205100129299 1
problem3 0.01 217024919115 1
problem4 0.01 203895697411 1
problem5 0 188073853243 1
problem6 0 214850478579 1
problem7 0.03 222745381419 1
problem8 0 222230049251 1
problem9 0.02 244795691291 1
problem10 0.02 213629738963 1
problem11 0.07 207139247627 1
problem12 0.01 201432689603 1
problem13 0 218265114875 1
problem14 0 222256207283 1
problem15 0.01 195670006251 1
problem16 0.03 215602159011 1
problem17 0 223129098459 1
problem18 0 168258470803 1
problem19 0.04 198760371659 1
problem20 0.01 210919114627 1
problem21 0 195516649659 1
problem22 0.02 216051018099 1
problem23 0 219845347755 1
problem24 0 237037693283 1
problem25 0 227509387419 1
problem26 0.01 190871750483 1
problem27 0.01 199000782219 1
problem28 0 201735504707 1
problem29 0.01 210122385531 1
problem30 0.06 231080140083 1
problem31 0 222859893099 1
problem32 0 222564078883 1
problem33 0 223609325659 1
problem34 0 212094741267 1
problem35 0 219133719883 1
problem36 0.05 235469971203 1
problem37 0 219098046523 1
problem38 0 205417820403 1
problem39 0.01 222362224939 1
problem40 0.01 239071027427 1
problem41 0 245686939675 1
problem42 0.01 203220578003 1
problem43 0.01 227348534539 1
problem44 0.01 238284937923 1
problem45 0 213684877307 1
problem46 0 225180460211 1
problem47 0 192917035243 1
problem48 0.02 213727595683 1
problem49 0.01 199017019355 1
problem50 0.03 214865072787 1
problem51 0.01 221765129419 1
problem52 0 232845375107 1
problem53 0.01 223644610491 1
problem54 0 202404067443 1
problem55 0 212034013355 1
problem56 0.04 208860092515 1
problem57 0 216373403547 1
problem58 0 200873055827 1
problem59 0.01 221844026507 1
problem60 0.02 218059715139 1
problem61 0.01 231360120699 1
problem62 0.01 214346673203 1
problem63 0 215354710123 1
problem64 0.02 228678550563 1
problem65 0 202762446683 1
problem66 0.01 211591903763 1
problem67 0 221141726283 1
problem68 0.03 207734558211 1
problem69 0.01 219080064827 1
problem70 0 215725522931 1
problem71 0 224285804587 1
problem72 0 223571693539 1
problem73 0 204790206235 1
problem74 0.01 200598011347 1
problem75 0 200195609611 1
problem76 0.05 213394803139 1
problem77 0 194688685819 1
problem78 0 219105702835 1
problem79 0 212855117803 1
problem80 0.01 240430791587 1
problem81 0.01 208798979803 1
problem82 0 213675352467 1
problem83 0 233898120139 1
problem84 0.01 218513843587 1
problem85 0 208885681851 1
problem86 0 217590728563 1
problem87 0 227970697131 1
problem88 0.01 225081165667 1
problem89 0 200996847259 1
problem90 0.01 238491624787 1
problem91 0 225208791947 1
problem92 0.01 199988404547 1
problem93 0 234927122043 1
problem94 0 223477250867 1
problem95 0.02 221917091691 1
problem96 0 219850683171 1
problem97 0 214702311003 1
problem98 0 226073086227 1
problem99 0.01 218686862155 1
