problem0 0 135341966 1
problem1 0 153537646 1
problem2 0 154406222 1
problem3 0 151808558 1
problem4 0 145974030 1
problem5 0 157054958 1
problem6 0 149629134 1
problem7 0 145946030 1
problem8 0 142040718 1
problem9 0 141288302 1
problem10 0 171181134 1
problem11 0 153305390 1
problem12 0 142416398 1
problem13 0 146083566 1
problem14 0 137273294 1
problem15 0 159206574 1
problem16 0 157586830 1
problem17 0 144177774 1
problem18 0 142277454 1
problem19 0 148969518 1
problem20 0 143511822 1
problem21 0 133473774 1
problem22 0 154736334 1
problem23 0 141468590 1
problem24 0 148425870 1
problem25 0 137040238 1
problem26 0 151581262 1
problem27 0 126218030 1
problem28 0 170231822 1
problem29 0 144391406 1
problem30 0 143297998 1
problem31 0 151452334 1
problem32 0 160695182 1
problem33 0 153430126 1
problem34 0 148760910 1
problem35 0 173131310 1
problem36 0 151273230 1
problem37 0 153670638 1
problem38 0 136512718 1
problem39 0 147214766 1
problem40 0 160840334 1
problem41 0 155598702 1
problem42 0 167370830 1
problem43 0 163880238 1
problem44 0 157939214 1
problem45 0 136145646 1
problem46 0 142769102 1
problem47 0 153921710 1
problem48 0 148861326 1
problem49 0 143545966 1
problem50 0 140302158 1
problem51 0 136213550 1
problem52 0 152481038 1
problem53 0 150536686 1
problem54 0 149484238 1
problem55 0 158990254 1
problem56 0 158312590 1
problem57 0 146632046 1
problem58 0 159829582 1
problem59 0 144657198 1
problem60 0 160064526 1
problem61 0 146512110 1
problem62 0 144075214 1
problem63 0 149837486 1
problem64 0 155639694 1
problem65 0 148079726 1
problem66 0 121095502 1
problem67 0 134685230 1
problem68 0 155523854 1
problem69 0 140849134 1
problem70 0 143319246 1
problem71 0 143240622 1
problem72 0 157619854 1
problem73 0 143694702 1
problem74 0 154123342 1
problem75 0 156629294 1
problem76 0 159830542 1
problem77 0 167102190 1
problem78 0 147216334 1
problem79 0 160171182 1
problem80 0 151670158 1
problem81 0 146059886 1
problem82 0 149861198 1
problem83 0 164352046 1
problem84 0 164595982 1
problem85 0 141385198 1
problem86 0 155766478 1
problem87 0 125131694 1
problem88 0 179733646 1
problem89 0 146786670 1
problem90 0 137669198 1
problem91 0 153659182 1
problem92 0 136265742 1
problem93 0 160167150 1
problem94 0 135415246 1
problem95 0 155562670 1
problem96 0 153729934 1
problem97 0 154263662 1
problem98 0 155296078 1
problem99 0 137133614 1
