problem0 10.56 1541186579096955 1884 1 10.53 13964.00
problem1 11.83 1991319573625950 606 1 11.81 9668.00
problem2 18.26 1634593128462767 2545 2 18.23 11152.00
problem3 11.88 2180854587401877 952 1 11.85 6868.00
problem4 10.5 1766830928416749 1005 1 10.47 6952.00
problem5 9.2 1737153262879401 2180 1 9.17 9124.00
problem6 11.66 2021288082803248 847 1 11.63 6848.00
problem7 10.54 1829549226901333 315 1 10.53 6848.00
problem8 10.42 1789912875813022 1626 1 10.39 8144.00
problem9 10.55 1914882970006941 886 1 10.54 8144.00
problem10 10.67 1713295789785538 1357 1 10.64 8144.00
problem11 10.52 1792194394959163 992 1 10.5 8144.00
problem12 10.47 1878843675967021 412 1 10.46 8144.00
problem13 10.37 1861810603906437 748 1 10.35 8144.00
problem14 10.43 1901039464532622 1001 1 10.4 8144.00
problem15 8.8 1632113603524557 794 1 8.79 8144.00
problem16 9.67 1548696829417643 2148 1 9.63 8944.00
problem17 10.83 2079427055876900 624 1 10.81 6320.00
problem18 9.87 1638275998126770 1040 1 9.86 7032.00
problem19 10.35 1768458814828836 750 1 10.33 7036.00
problem20 10.29 1805931668498718 651 1 10.27 7036.00
problem21 10.5 1888546618669806 844 1 10.48 7036.00
problem22 10.42 1885096581281605 1745 1 10.39 8336.00
problem23 18.49 1701329969842746 2825 2 18.45 12988.00
problem24 10.67 1837061351252697 1147 1 10.65 7336.00
problem25 10.22 1821738793387327 449 1 10.21 7336.00
problem26 10.6 1900851839231332 914 1 10.57 7336.00
problem27 10.89 2032460195891680 1020 1 10.87 7336.00
problem28 8.87 1627863235907466 2336 1 8.84 9724.00
problem29 11.78 2166971183090387 244 1 11.77 6908.00
problem30 10.3 1830952384039618 1562 1 10.27 8008.00
problem31 11.13 2082408484769519 896 1 11.1 8012.00
problem32 11.17 1944637523070929 838 1 11.15 8012.00
problem33 10.49 1813119867549797 863 1 10.46 8012.00
problem34 10.43 1898703876947334 1089 1 10.42 8012.00
problem35 10.86 1793700235225840 537 1 10.84 8012.00
problem36 10.53 1834744326732858 785 1 10.51 8012.00
problem37 9.2 1618372398648226 1437 1 9.17 8012.00
problem38 10.57 1983397090460440 701 1 10.56 8012.00
problem39 11.3 1902288521544434 1132 1 11.27 8012.00
problem40 10.46 1896054918238025 2369 1 10.43 9412.00
problem41 10.52 1745112278092097 1701 1 10.5 8320.00
problem42 10.34 1777067503590988 1545 1 10.31 8320.00
problem43 8.98 1637364762029234 815 1 8.95 8320.00
problem44 10.43 1791335771801332 1469 1 10.41 8320.00
problem45 11.57 2037753404246490 815 1 11.54 8320.00
problem46 10.4 1782707709926574 574 1 10.39 8320.00
problem47 11.41 2005640485526657 604 1 11.39 8320.00
problem48 10.5 1805313527672030 1271 1 10.47 8320.00
problem49 11.18 2064725256753513 1396 1 11.15 8320.00
problem50 10.75 2039016197400750 277 1 10.74 8320.00
problem51 10.53 1887073613976243 728 1 10.5 8320.00
problem52 10.13 1705514105065328 1243 1 10.11 8320.00
problem53 10.61 1879040468924382 1166 1 10.59 8320.00
problem54 10.53 1789953033255535 1331 1 10.51 8320.00
problem55 10.61 1964666633402828 927 1 10.58 8320.00
problem56 10.15 1778811988562037 1998 1 10.13 8820.00
problem57 10.64 1948232905657562 781 1 10.62 6648.00
problem58 10.61 1769260617611462 1405 1 10.58 7708.00
problem59 11.42 1885722723437370 824 1 11.4 7708.00
problem60 10.31 1908426455199402 1188 1 10.28 7708.00
problem61 10.61 1900723013052143 845 1 10.58 7708.00
problem62 10.45 1903645901814091 150 1 10.43 7708.00
problem63 10.29 1736537542304882 241 1 10.28 7708.00
problem64 10.74 1804082161258730 1658 1 10.72 8256.00
problem65 10.77 1887423114596541 1117 1 10.75 8256.00
problem66 10.8 1945388000578251 650 1 10.77 8256.00
problem67 10.55 1742530784554071 1127 1 10.53 8256.00
problem68 10.53 1838876808705641 1002 1 10.51 8256.00
problem69 10.48 1842777281998736 1353 1 10.45 8256.00
problem70 8.92 1497242291026983 1878 1 8.9 8728.00
problem71 10.66 1916752230966196 865 1 10.64 6768.00
problem72 11 1905705032298795 1282 1 10.97 7344.00
problem73 10.61 2021835989813943 1050 1 10.59 7344.00
problem74 9.32 1592380371708540 2001 1 9.3 8896.00
problem75 10.49 1761215897446950 1454 1 10.45 7888.00
problem76 10.94 1898537133599407 640 1 10.93 7888.00
problem77 9.62 1645672553822631 1159 1 9.6 7888.00
problem78 10 1688593439044728 1189 1 9.97 7888.00
problem79 10.51 1743997001300957 1264 1 10.47 7888.00
problem80 10.39 1935089244973908 1276 1 10.37 7888.00
problem81 10.2 1776122585600324 1450 1 10.18 7912.00
problem82 11.45 2050429057782641 513 1 11.44 7916.00
problem83 10.46 1941839491346006 589 1 10.45 7916.00
problem84 10.34 1704058898651756 1406 1 10.31 7916.00
problem85 10.67 1933804068413419 1006 1 10.64 7916.00
problem86 9.68 1648945442262128 890 1 9.65 7916.00
problem87 11.07 1893377419655377 617 1 11.05 7916.00
problem88 10.51 1768168444083694 816 1 10.49 7916.00
problem89 11.79 2069161332953649 971 1 11.77 7916.00
problem90 10.36 1904596945326438 527 1 10.33 7916.00
problem91 10.59 1837792503688961 820 1 10.57 7916.00
problem92 10.07 1772959406099843 1695 1 10.03 8256.00
problem93 10.7 2004134072672612 564 1 10.68 8256.00
problem94 11.24 2040072733186034 499 1 11.23 8256.00
problem95 11.17 2065661763536392 1357 1 11.13 8256.00
problem96 10.77 1981386178620414 756 1 10.75 8256.00
problem97 10.41 1721051608308881 782 1 10.39 8256.00
problem98 10.86 2068470621017280 789 1 10.84 8256.00
problem99 10.59 1893823721530142 995 1 10.57 8256.00
