problem0 0 1134648 1 2240.00
problem1 0.00 1031736 1 2296.00
problem2 0.00 1059896 1 2296.00
problem3 0.00 891448 1 2296.00
problem4 0.00 1050680 1 2296.00
problem5 0.00 1013304 1 2296.00
problem6 0.00 975928 1 2296.00
problem7 0.00 1004088 1 2296.00
problem8 0.00 901176 1 2296.00
problem9 0.00 1125944 1 2296.00
problem10 0.00 1285176 1 2296.00
problem11 0.00 1051192 1 2296.00
problem12 0.00 882744 1 2296.00
problem13 0.00 976440 1 2296.00
problem14 0.00 1070136 1 2296.00
problem15 0.00 967224 1 2296.00
problem16 0.00 1257528 1 2296.00
problem17 0.00 1154616 1 2296.00
problem18 0.00 986168 1 2296.00
problem19 0.00 883256 1 2296.00
problem20 0.00 1108024 1 2296.00
problem21 0.00 1201720 1 2296.00
problem22 0.00 902200 1 2296.00
problem23 0.00 995896 1 2296.00
problem24 0.00 958520 1 2296.00
problem25 0.00 1117752 1 2296.00
problem26 0.00 1014840 1 2296.00
problem27 0.00 1174072 1 2296.00
problem28 0.00 874552 1 2296.00
problem29 0.00 1033784 1 2296.00
problem30 0.00 996408 1 2296.00
problem31 0.00 827960 1 2296.00
problem32 0.00 1052728 1 2296.00
problem33 0.00 1015352 1 2296.00
problem34 0.00 1043512 1 2296.00
problem35 0.00 940600 1 2296.00
problem36 0.00 968760 1 2296.00
problem37 0.00 1062456 1 2296.00
problem38 0.00 1418296 1 2296.00
problem39 0.00 791096 1 2296.00
problem40 0.00 950328 1 2296.00
problem41 0.00 978488 1 2296.00
problem42 0.00 1072184 1 2296.00
problem43 0.00 903736 1 2296.00
problem44 0.00 931896 1 2296.00
problem45 0.00 1025592 1 2296.00
problem46 0.00 922680 1 2296.00
problem47 0.00 1147448 1 2296.00
problem48 0.00 782392 1 2296.00
problem49 0.00 1072696 1 2296.00
problem50 0.01 1035320 1 2296.00
problem51 0.00 997944 1 2296.00
problem52 0.00 1157176 1 2296.00
problem53 0.00 726584 1 2296.00
problem54 0.00 1016888 1 2296.00
problem55 0.00 848440 1 2296.00
problem56 0.00 942136 1 2296.00
problem57 0.00 1035832 1 2296.00
problem58 0.00 867384 1 2296.00
problem59 0.00 1026616 1 2296.00
problem60 0.00 1185848 1 2296.00
problem61 0.00 820792 1 2296.00
problem62 0.00 1045560 1 2296.00
problem63 0.00 1204792 1 2296.00
problem64 0.00 839736 1 2296.00
problem65 0.00 998968 1 2296.00
problem66 0.00 1223736 1 2296.00
problem67 0.00 989752 1 2296.00
problem68 0.00 1017912 1 2296.00
problem69 0.00 980536 1 2296.00
problem70 0.00 1139768 1 2296.00
problem71 0.00 971320 1 2296.00
problem72 0.00 1065016 1 2296.00
problem73 0.00 1158712 1 2296.00
problem74 0.00 990264 1 2296.00
problem75 0.00 1018424 1 2296.00
problem76 0.00 1046584 1 2296.00
problem77 0.00 1074744 1 2296.00
problem78 0.00 1037368 1 2296.00
problem79 0.00 934456 1 2296.00
problem80 0.00 1093688 1 2296.00
problem81 0.00 1187384 1 2296.00
problem82 0.00 1215544 1 2296.00
problem83 0.00 1047096 1 2296.00
problem84 0.00 1140792 1 2296.00
problem85 0.00 841272 1 2296.00
problem86 0.00 1131576 1 2296.00
problem87 0.00 1094200 1 2296.00
problem88 0.00 1187896 1 2296.00
problem89 0.00 1084984 1 2296.00
problem90 0.00 1113144 1 2296.00
problem91 0.00 1141304 1 2296.00
problem92 0.00 1235000 1 2296.00
problem93 0.00 1001016 1 2296.00
problem94 0.01 1094712 1 2296.00
problem95 0.00 1122872 1 2296.00
problem96 0.00 954424 1 2296.00
problem97 0.00 1113656 1 2296.00
problem98 0.00 1010744 1 2296.00
problem99 0.00 1038904 1 2296.00
