problem0 0.92 307343677908930 0
problem1 0.31 247538210148924 0
problem2 0.5 255493397969376 0
problem3 1.76 368764762671596 0
problem4 0.35 258838099044639 0
problem5 1.09 272229548312061 0
problem6 1.54 325338972682691 0
problem7 0.92 312231331255608 0
problem8 0.59 266127449400435 0
problem9 0.7 274604184864192 0
problem10 0.55 306833663313224 0
problem11 0.73 251928746329575 0
problem12 0.43 273947848010154 0
problem13 0.47 269698263720663 0
problem14 1.28 276517545141552 0
problem15 1.01 299512735607364 0
problem16 0.43 244352721705737 0
problem17 0.75 219496492294353 0
problem18 0.21 275471443545869 0
problem19 0.64 302481358571220 0
problem20 0.76 297450294285266 0
problem21 0.6 314407118957853 0
problem22 0.49 256540375606536 0
problem23 0.89 319164029158827 0
problem24 0.83 254006748556694 0
problem25 0.66 251982304799264 0
problem26 0.54 313031968982430 0
problem27 0.77 266877795121133 0
problem28 0.64 268764924370623 0
problem29 0.32 292449286285392 0
