problem0 0 352764 1
problem1 0 349517 1
problem2 0 320477 1
problem3 0 276482 1
problem4 0 305398 1
problem5 0 324687 1
problem6 0 275847 1
problem7 0 332660 1
problem8 0 302032 1
problem9 0 312497 1
problem10 0 322577 1
problem11 0 322886 1
problem12 0 304266 1
problem13 0 276595 1
problem14 0 328059 1
problem15 0 272248 1
problem16 0 306468 1
problem17 0 328085 1
problem18 0 290757 1
problem19 0 345098 1
problem20 0 294814 1
problem21 0 324119 1
problem22 0 299247 1
problem23 0 296188 1
problem24 0 312824 1
problem25 0 285689 1
problem26 0 311033 1
problem27 0 281678 1
problem28 0 305714 1
problem29 0 299323 1
problem30 0 308195 1
problem31 0 318464 1
problem32 0 341580 1
problem33 0 328669 1
problem34 0 330157 1
problem35 0 325138 1
problem36 0 332870 1
problem37 0 296415 1
problem38 0 260695 1
problem39 0 310404 1
problem40 0 331296 1
problem41 0 305473 1
problem42 0 278497 1
problem43 0 291158 1
problem44 0 331226 1
problem45 0 278531 1
problem46 0 291915 1
problem47 0 317064 1
problem48 0 310644 1
problem49 0 318501 1
problem50 0 323989 1
problem51 0 298522 1
problem52 0 296686 1
problem53 0 290727 1
problem54 0 324031 1
problem55 0 317964 1
problem56 0 283720 1
problem57 0 306313 1
problem58 0 306889 1
problem59 0 326750 1
problem60 0 298882 1
problem61 0 304331 1
problem62 0 311987 1
problem63 0 284432 1
problem64 0 287388 1
problem65 0 305773 1
problem66 0 280445 1
problem67 0 298018 1
problem68 0 317334 1
problem69 0 307055 1
problem70 0 284455 1
problem71 0 318868 1
problem72 0 301168 1
problem73 0 312785 1
problem74 0 330673 1
problem75 0 314726 1
problem76 0 290602 1
problem77 0 335763 1
problem78 0 311067 1
problem79 0 294296 1
problem80 0 304580 1
problem81 0 290485 1
problem82 0 306021 1
problem83 0 323626 1
problem84 0 280126 1
problem85 0 337207 1
problem86 0 297615 1
problem87 0 280348 1
problem88 0 301720 1
problem89 0 300313 1
problem90 0 308889 1
problem91 0 312430 1
problem92 0 314578 1
problem93 0 323675 1
problem94 0 297347 1
problem95 0 305696 1
problem96 0 288492 1
problem97 0 289021 1
problem98 0 286029 1
problem99 0 309810 1
