problem0 0 1463102352 1
problem1 0 1609042929 1
problem2 0 1507465137 1
problem3 0 1362943270 1
problem4 0 1561847178 1
problem5 0 1643085427 1
problem6 0 1746600283 1
problem7 0 1610314008 1
problem8 0 1496327524 1
problem9 0 1669700693 1
problem10 0 1481140709 1
problem11 0 1507433834 1
problem12 0 1493751070 1
problem13 0 1469618071 1
problem14 0 1537829711 1
problem15 0 1621984284 1
problem16 0 1623703224 1
problem17 0 1492845113 1
problem18 0 1345388441 1
problem19 0 1444325166 1
problem20 0 1535609906 1
problem21 0 1355140667 1
problem22 0 1434976451 1
problem23 0 1582295200 1
problem24 0 1704052620 1
problem25 0 1511673245 1
problem26 0 1559701709 1
problem27 0 1466010226 1
problem28 0 1685641926 1
problem29 0 1698968159 1
problem30 0 1613828535 1
problem31 0 1723018916 1
problem32 0 1527910368 1
problem33 0 1413189249 1
problem34 0 1593587073 1
problem35 0 1593694006 1
problem36 0 1531941082 1
problem37 0 1653003267 1
problem38 0 1572662827 1
problem39 0 1587406376 1
problem40 0 1543137204 1
problem41 0 1417467109 1
problem42 0 1558148533 1
problem43 0 1413815674 1
problem44 0 1615625838 1
problem45 0 1474741031 1
problem46 0 1528948255 1
problem47 0 1510776620 1
problem48 0 1500159752 1
problem49 0 1308766409 1
problem50 0 1589524841 1
problem51 0 1491529022 1
problem52 0 1606316930 1
problem53 0 1692602315 1
problem54 0 1635010963 1
problem55 0 1517414832 1
problem56 0 1513129436 1
problem57 0 1614131757 1
problem58 0 1668534429 1
problem59 0 1630066306 1
problem60 0 1665286166 1
problem61 0 1533069807 1
problem62 0 1529243783 1
problem63 0 1458984372 1
problem64 0 1711795248 1
problem65 0 1426549009 1
problem66 0 1608092497 1
problem67 0 1546021190 1
problem68 0 1560458282 1
problem69 0 1542128019 1
problem70 0 1497928443 1
problem71 0 1555591992 1
problem72 0 1524277764 1
problem73 0 1496147317 1
problem74 0 1577499013 1
problem75 0 1477522826 1
problem76 0 1526243262 1
problem77 0 1710409399 1
problem78 0 1523128559 1
problem79 0 1527566908 1
problem80 0 1644197720 1
problem81 0 1482930009 1
problem82 0 1452321593 1
problem83 0 1550895950 1
problem84 0 1579864786 1
problem85 0 1578051931 1
problem86 0 1572096611 1
problem87 0 1472070336 1
problem88 0 1535065132 1
problem89 0 1504472765 1
problem90 0 1640673389 1
problem91 0 1549974162 1
problem92 0 1609440614 1
problem93 0 1648179583 1
problem94 0 1484027735 1
problem95 0 1598854340 1
problem96 0 1732952192 1
problem97 0 1536138145 1
problem98 0 1560680737 1
problem99 0 1524274006 1
