problem0 0 257590183 1 2224.00
problem1 0.00 189243017 1 2280.00
problem2 0.00 227005460 1 2280.00
problem3 0.00 230598370 1 2280.00
problem4 0.00 225608233 1 2280.00
problem5 0.00 258976579 1 2280.00
problem6 0.00 250060070 1 2280.00
problem7 0.00 226518508 1 2280.00
problem8 0.00 214711883 1 2280.00
problem9 0.00 266842909 1 2280.00
problem10 0.00 225335512 1 2280.00
problem11 0.00 257237270 1 2280.00
problem12 0.01 260049421 1 2280.00
problem13 0.00 241762327 1 2280.00
problem14 0.00 221341994 1 2280.00
problem15 0.00 258011744 1 2280.00
problem16 0.00 243062639 1 2280.00
problem17 0.00 243072049 1 2280.00
problem18 0.00 223989788 1 2280.00
problem19 0.00 260117450 1 2280.00
problem20 0.00 237647985 1 2280.00
problem21 0.00 282538347 1 2280.00
problem22 0.00 223752110 1 2280.00
problem23 0.01 234217300 1 2280.00
problem24 0.00 212492051 1 2280.00
problem25 0.00 198134213 1 2280.00
problem26 0.00 262982112 1 2280.00
problem27 0.00 254594814 1 2280.00
problem28 0.00 213654869 1 2280.00
problem29 0.00 234557247 1 2280.00
problem30 0.00 292389042 1 2280.00
problem31 0.00 246054088 1 2280.00
problem32 0.00 255649079 1 2280.00
problem33 0.00 250112985 1 2280.00
problem34 0.00 172217892 1 2280.00
problem35 0.00 320119474 1 2280.00
problem36 0.00 256559289 1 2280.00
problem37 0.00 251095443 1 2280.00
problem38 0.01 304671798 1 2280.00
problem39 0.00 257694396 1 2280.00
problem40 0.00 235305435 1 2280.00
problem41 0.00 240398957 1 2280.00
problem42 0.00 246777064 1 2280.00
problem43 0.00 235331302 1 2280.00
problem44 0.00 234179229 1 2280.00
problem45 0.00 235999335 1 2280.00
problem46 0.00 286523962 1 2280.00
problem47 0.00 244975920 1 2280.00
problem48 0.00 218311935 1 2280.00
problem49 0.00 257977729 1 2280.00
problem50 0.00 244475436 1 2280.00
problem51 0.00 270783386 1 2280.00
problem52 0.01 237286145 1 2280.00
problem53 0.00 200201147 1 2280.00
problem54 0.00 248795838 1 2280.00
problem55 0.00 266704932 1 2280.00
problem56 0.00 244911779 1 2280.00
problem57 0.00 224193813 1 2280.00
problem58 0.00 228919792 1 2280.00
problem59 0.00 287166670 1 2280.00
problem60 0.00 265032165 1 2280.00
problem61 0.00 215581583 1 2280.00
problem62 0.00 241790402 1 2280.00
problem63 0.00 250746776 1 2280.00
problem64 0.01 249048775 1 2280.00
problem65 0.00 232489257 1 2280.00
problem66 0.00 254935092 1 2280.00
problem67 0.00 226043522 1 2280.00
problem68 0.00 262698825 1 2280.00
problem69 0.00 217837539 1 2280.00
problem70 0.00 258794310 1 2280.00
problem71 0.00 199546764 1 2280.00
problem72 0.00 247111019 1 2280.00
problem73 0.00 233830845 1 2280.00
problem74 0.00 288872696 1 2280.00
problem75 0.00 214705334 1 2280.00
problem76 0.01 276886317 1 2280.00
problem77 0.00 279111863 1 2280.00
problem78 0.00 223494986 1 2280.00
problem79 0.00 227878912 1 2280.00
problem80 0.00 224684687 1 2280.00
problem81 0.00 242230993 1 2280.00
problem82 0.00 279913532 1 2280.00
problem83 0.00 251599722 1 2280.00
problem84 0.00 241603985 1 2280.00
problem85 0.00 243088907 1 2280.00
problem86 0.00 262610382 1 2280.00
problem87 0.01 281827572 1 2280.00
problem88 0.00 258188853 0 2280.00
problem89 0.00 238278757 1 2280.00
problem90 0.00 197816832 1 2280.00
problem91 0.00 193747614 1 2280.00
problem92 0.00 250900085 1 2280.00
problem93 0.00 249282527 1 2280.00
problem94 0.00 206766802 1 2280.00
problem95 0.00 260422248 1 2280.00
problem96 0.00 267411543 1 2280.00
problem97 0.01 240443001 1 2280.00
problem98 0.00 221663812 1 2280.00
problem99 0.00 230699602 1 2280.00
