problem0 0.18 670538121493 1
problem1 0.08 684681248419 1
problem2 0.19 735548113761 1
problem3 0.01 719702005455 1
problem4 0.01 633815952493 1
problem5 0.13 635404338107 1
problem6 0.01 761718933561 1
problem7 0.05 694412849511 1
problem8 0.01 610859721413 1
problem9 0.02 696586767315 1
problem10 0.01 633773246481 1
problem11 0.17 713973939967 1
problem12 0.07 744774190109 1
problem13 0.24 749820999403 1
problem14 0.15 713186353897 1
problem15 0.04 661333942167 1
problem16 0.08 691439874165 1
problem17 0.06 727031932163 1
problem18 0.04 699269085377 1
problem19 0.1 700137714479 1
problem20 0.03 714553542605 1
problem21 0.05 638687786523 1
problem22 0.06 731053402521 1
problem23 0.09 758952745415 1
problem24 0.07 687677467173 1
problem25 0 757435124275 1
problem26 0 718309299569 1
problem27 0.02 699200697183 1
problem28 0.14 688379361149 1
problem29 0.07 677257740619 1
problem30 0.02 762141219913 1
problem31 0.07 745887260663 1
problem32 0 701971910613 1
problem33 0.13 727082941283 1
problem34 0.2 680889097761 1
problem35 0.04 626352160655 1
problem36 0.07 680392413997 1
problem37 0.01 748083206267 1
problem38 0.72 694328392441 1
problem39 0 672624521767 1
problem40 0.23 689934557573 1
problem41 0.52 692849293459 1
problem42 0.22 714958541521 1
problem43 0.37 755625056191 1
problem44 0.02 658206055133 1
problem45 0.01 667022900139 1
problem46 0.14 694511191465 1
problem47 0.06 633217798231 1
problem48 0.22 725334499125 1
problem49 0.01 645317116355 1
problem50 0.02 711418213249 1
problem51 0.09 655549430767 1
problem52 0.03 747722477197 1
problem53 0.02 660788587227 1
problem54 0.07 825009306713 1
problem55 0.04 705962359431 1
problem56 0 801187891429 1
problem57 0.03 685677336307 1
problem58 0.07 739388866609 1
problem59 0.06 701786221599 1
problem60 0.01 699214589501 1
problem61 0.08 676260652555 1
problem62 0 728691056393 1
problem63 0.08 739452416183 1
problem64 0.4 733926497941 1
problem65 0.01 704411629603 1
problem66 0.12 654027225313 1
problem67 0.01 634823551055 1
problem68 0 710617561581 1
problem69 0.14 789315300667 1
problem70 0.03 722847870393 1
problem71 0.23 722753614567 1
problem72 0.17 703221391429 1
problem73 0.38 644090733907 1
problem74 0.02 735133932945 1
problem75 0.18 729013137535 1
problem76 0.02 721812009373 1
problem77 0.02 771838165099 1
problem78 0.03 711225387113 1
problem79 0.05 691719061783 1
problem80 0.12 795374243317 1
problem81 0.22 744992890499 1
problem82 0.03 762393407041 1
problem83 0.05 745403581615 1
problem84 0.06 722519463245 1
problem85 0.04 672350199707 1
problem86 0.1 779681730329 1
problem87 0.03 704024828743 1
problem88 0.06 735687174053 1
problem89 0.09 674030789555 1
problem90 0 653981788913 1
problem91 0.25 636920308959 1
problem92 0.07 716600452349 1
problem93 0.02 709438802635 1
problem94 0 726693896649 1
problem95 0.02 676766499191 1
problem96 0.04 668804623701 1
problem97 0.42 749622555875 1
problem98 0.02 692858033057 1
problem99 0.09 652250091791 1
