problem0 22.81 1262146903614399 477 1 1.63 2248964.00
problem1 21.33 1366027262336859 791 2 0.32 2256060.00
problem2 21.21 1302683893819670 888 2 0.38 2253256.00
problem3 21.18 1193446156082144 837 1 0.22 2259188.00
problem4 21.43 1255985467993180 1060 2 0.39 2256324.00
problem5 21.42 1585817508543473 598 1 0.22 2284168.00
problem6 21.07 1245985778049398 715 1 0.24 2252452.00
problem7 21.44 1524481544261536 559 1 0.22 2293236.00
problem8 21.61 1392395825218362 778 1 0.22 2259216.00
problem9 21.41 1252770213678805 1070 2 0.45 2245040.00
problem10 21.09 1319161261082580 400 1 0.25 2249556.00
problem11 20.99 1255886232394272 373 1 0.23 2252512.00
problem12 21.05 1440670180064904 700 1 0.22 2281544.00
problem13 21.11 1569375794492259 918 1 0.22 2259728.00
problem14 20.87 1039792096080561 739 1 0.28 2249992.00
problem15 20.81 1121525730511431 506 1 0.24 2245440.00
problem16 20.96 1334240872510572 647 1 0.22 2266936.00
problem17 20.87 1130965793063463 684 1 0.24 2249104.00
problem18 21.33 1320818400945185 708 1 0.24 2281584.00
problem19 20.88 1146545208228606 778 1 0.24 2251868.00
problem20 20.85 1161781209934990 752 1 0.24 2252028.00
problem21 21.02 1367825856957298 819 1 0.22 2283204.00
problem22 20.95 1372011821831138 730 1 0.23 2255632.00
problem23 21.31 1428286177878820 722 1 0.23 2282912.00
problem24 21.16 1265325425799254 921 1 0.23 2255792.00
problem25 21.1 1210628728652909 645 1 0.26 2250228.00
problem26 20.81 1244142354549428 606 1 0.26 2241736.00
problem27 20.78 1147722461289909 838 1 0.32 2235164.00
problem28 21.05 1178770372920675 864 1 0.24 2247968.00
problem29 20.82 1245385626174911 722 1 0.26 2246880.00
problem30 20.85 1290114572944939 635 1 0.23 2248908.00
problem31 21.06 1253264995732579 925 1 0.23 2285012.00
problem32 20.96 1394321134152126 913 1 0.22 2255008.00
problem33 20.93 1313842275216098 722 1 0.23 2238404.00
problem34 21.17 1217085518829372 633 1 0.27 2245772.00
problem35 20.95 1387523750666261 618 1 0.24 2255864.00
problem36 21.35 1295306071988323 762 1 0.26 2251516.00
problem37 21.47 1551681316997080 666 1 0.22 2311172.00
problem38 21.13 1262839073691073 914 1 0.25 2236284.00
problem39 20.83 1143213438816028 693 1 0.25 2234480.00
problem40 20.87 1511960675748573 657 1 0.22 2256284.00
problem41 20.99 1281944025911024 726 1 0.25 2248044.00
problem42 21.17 1461942109116595 1004 1 0.23 2286568.00
problem43 21.01 1285340854001641 710 1 0.26 2255796.00
problem44 20.95 1364593433359357 594 1 0.23 2282680.00
problem45 21.63 1299345888420318 771 1 0.23 2245048.00
problem46 21.47 1253482269412737 727 1 0.25 2248696.00
problem47 21.18 1374324163120675 750 1 0.26 2248820.00
problem48 21.11 1198845456460704 680 1 0.25 2260196.00
problem49 21.19 1335799224165915 837 1 0.25 2248804.00
problem50 21.14 1353799696527957 528 1 0.23 2281944.00
problem51 21.09 1389868498968163 917 1 0.23 2245612.00
problem52 21.65 1309532018380693 647 1 0.24 2251932.00
problem53 21.23 1385954618939241 411 1 0.23 2273036.00
problem54 21.12 1279550757178064 854 1 0.23 2253852.00
problem55 21.03 1256973366789055 783 1 0.24 2234460.00
problem56 21.11 1346803195845351 772 1 0.24 2253172.00
problem57 21.41 1310174163353919 829 1 0.23 2260380.00
problem58 21.11 1340653032380082 600 1 0.23 2259668.00
problem59 21.06 1464121610353805 568 1 0.24 2253596.00
problem60 21.21 1424348511870555 937 1 0.23 2255436.00
problem61 21.08 1342036218822503 707 1 0.24 2245088.00
problem62 21.27 1315637247589423 911 1 0.23 2274036.00
problem63 21.02 1208300212990447 852 1 0.24 2250836.00
problem64 21.01 1223558379227703 533 1 0.23 2254000.00
problem65 21.12 1389309467895830 552 1 0.23 2282132.00
problem66 21.3 1391993123095247 756 1 0.23 2266140.00
problem67 21.34 1385202337876100 769 1 0.24 2266132.00
problem68 21.37 1362679514060220 177 1 0.19 2253884.00
problem69 21.29 1333283492988083 714 1 0.24 2252524.00
problem70 20.8 1430859526475158 535 1 0.23 2252908.00
problem71 21.02 1306349040585728 996 1 0.24 2249724.00
problem72 20.7 1307639753910836 800 1 0.24 2246792.00
problem73 20.93 1341293500577811 891 1 0.27 2249004.00
problem74 21.29 1323896174042792 957 1 0.23 2276928.00
problem75 20.88 1387292108289407 455 1 0.23 2262872.00
problem76 20.96 1471279171594896 863 1 0.23 2255688.00
problem77 21 1160364275225165 1017 1 0.25 2245268.00
problem78 21.08 1316436954281168 505 1 0.26 2251556.00
problem79 21.15 1439236435245174 874 1 0.23 2269308.00
problem80 21.09 1150563199732121 702 1 0.24 2251560.00
problem81 21.33 1535110603961212 670 1 0.22 2270188.00
problem82 21.16 1358675009245423 435 1 0.24 2259132.00
problem83 21.57 1413306287919237 968 1 0.24 2244764.00
problem84 21.16 1308976972777350 835 1 0.24 2248712.00
problem85 21.31 1416707168472133 675 1 0.23 2251816.00
problem86 21.39 1220641856931529 987 1 0.26 2248112.00
problem87 21.48 1219755835700836 973 1 0.23 2254844.00
problem88 21.36 1038926827191815 867 1 0.34 2249744.00
problem89 21.55 1424414585393040 925 1 0.23 2256988.00
problem90 21.34 1370980605610689 695 1 0.23 2269936.00
problem91 21.27 1310973732243824 691 1 0.23 2255652.00
problem92 20.84 1355685356063166 245 1 0.23 2282416.00
problem93 20.87 1221675068582559 657 1 0.25 2256752.00
problem94 20.72 1147988546340422 470 1 0.25 2251064.00
problem95 20.83 1213532012775115 567 1 0.23 2245224.00
problem96 21.07 1217056240767383 671 1 0.23 2245316.00
problem97 21.5 1362089388883973 830 1 0.24 2259236.00
problem98 21.17 1212891011001517 233 1 0.25 2259952.00
problem99 21.07 1310391363164398 512 1 0.26 2255596.00
