problem0 0 24611133 1
problem1 0 29107979 1
problem2 0 25796361 1
problem3 0 23582903 1
problem4 0 27486101 1
problem5 0 25979683 1
problem6 0 23621345 1
problem7 0 20925007 1
problem8 0 23789805 1
problem9 0 25338427 1
problem10 0 26749369 1
problem11 0 22109927 1
problem12 0 26457413 1
problem13 0 24849491 1
problem14 0 24391569 1
problem15 0 24147583 1
problem16 0 28239005 1
problem17 0 24013163 1
problem18 0 29614185 1
problem19 0 26931479 1
problem20 0 26865397 1
problem21 0 25213315 1
problem22 0 23764033 1
problem23 0 24850095 1
problem24 0 27145293 1
problem25 0 25328795 1
problem26 0 25674521 1
problem27 0 26709831 1
problem28 0 22090917 1
problem29 0 29364915 1
problem30 0 23508209 1
problem31 0 30569183 1
problem32 0 26472445 1
problem33 0 29481931 1
problem34 0 27185609 1
problem35 0 26884471 1
problem36 0 25437781 1
problem37 0 24917987 1
problem38 0 23296417 1
problem39 0 26821391 1
problem40 0 24844205 1
problem41 0 27231995 1
problem42 0 26479737 1
problem43 0 29749159 1
problem44 0 28189701 1
problem45 0 24652051 1
problem46 0 23849553 1
problem47 0 25337663 1
problem48 0 27175773 1
problem49 0 27164203 1
