problem0 0.04 18213917344462 0 2276.00
problem1 0.04 19377845966841 0 2332.00
problem2 0.05 19620082235162 0 2332.00
problem3 0.04 22187291858719 0 2332.00
problem4 0.05 21369006192281 0 2332.00
problem5 0.04 20154839380874 0 2332.00
problem6 0.05 21594416014216 0 2332.00
problem7 0.04 21541193347982 0 2332.00
problem8 0.05 21313334500449 0 2332.00
problem9 0.04 15825029164966 0 2332.00
problem10 0.05 18549649704806 0 2332.00
problem11 0.04 16242604384595 0 2332.00
problem12 0.05 21802217842322 0 2332.00
problem13 0.04 21713916179796 0 2332.00
problem14 0.05 19624192926928 0 2332.00
problem15 0.04 17631788112413 0 2332.00
problem16 0.05 22821161609174 0 2332.00
problem17 0.04 19521837535155 0 2332.00
problem18 0.04 17611511258693 0 2332.00
problem19 0.05 18557981767738 0 2332.00
problem20 0.04 18576581906796 0 2332.00
problem21 0.05 20598307301360 0 2332.00
problem22 0.04 22092740359391 0 2332.00
problem23 0.05 21352726951173 0 2332.00
problem24 0.04 19860744779282 0 2332.00
problem25 0.04 20023358933032 0 2332.00
problem26 0.04 16785770269514 0 2332.00
problem27 0.05 20352364899134 0 2332.00
problem28 0.04 20215491790630 0 2332.00
problem29 0.05 20625184447152 0 2332.00
problem30 0.04 17217914348378 0 2332.00
problem31 0.05 22928153662618 0 2332.00
problem32 0.04 18539698099813 0 2332.00
problem33 0.04 21036987607315 1 2332.00
problem34 0.05 18662862151444 0 2332.00
problem35 0.04 17464867457781 0 2332.00
problem36 0.05 21384330729363 0 2332.00
problem37 0.04 19397250948621 0 2332.00
problem38 0.05 17747253887133 0 2332.00
problem39 0.04 20651690264682 0 2332.00
problem40 0.05 18958425151875 0 2332.00
problem41 0.05 20358975210161 0 2332.00
problem42 0.04 20156821809569 0 2332.00
problem43 0.05 18768201607040 0 2332.00
problem44 0.04 17524402639137 0 2332.00
problem45 0.05 19411695649255 0 2332.00
problem46 0.05 21495490059575 0 2332.00
problem47 0.04 18541036724502 0 2332.00
problem48 0.05 20111452639047 0 2332.00
problem49 0.04 21452140094699 0 2332.00
problem50 0.05 19615606192691 0 2332.00
problem51 0.04 21026732167130 0 2332.00
problem52 0.05 22322212472353 0 2332.00
problem53 0.04 22339451655728 0 2332.00
problem54 0.05 22603068802542 0 2332.00
problem55 0.05 20117570661887 0 2332.00
problem56 0.04 19809420527459 0 2332.00
problem57 0.05 19064928493425 0 2332.00
problem58 0.04 20537990029756 0 2332.00
problem59 0.05 22788401534240 0 2332.00
problem60 0.03 19505072735559 1 2332.00
problem61 0.05 19312417204945 0 2332.00
problem62 0.04 20434186489471 0 2332.00
problem63 0.04 18950897155994 0 2332.00
problem64 0.05 19521628312076 0 2332.00
problem65 0.04 20176715924131 0 2332.00
problem66 0.04 15992770850598 0 2332.00
problem67 0.05 20294834489123 0 2332.00
problem68 0.04 19735230832441 0 2332.00
problem69 0.05 22079572054073 0 2332.00
problem70 0.04 17700497393095 0 2332.00
problem71 0.05 24129133077961 0 2332.00
problem72 0.05 21636487610128 0 2332.00
problem73 0.04 20954187767379 0 2332.00
problem74 0.05 18787562992566 0 2332.00
problem75 0.04 18691324474590 0 2332.00
problem76 0.05 18028929950612 0 2332.00
problem77 0.04 19501664097793 0 2332.00
problem78 0.02 23173591055084 1 2332.00
problem79 0.05 21514195857467 0 2332.00
problem80 0.04 21618077212391 0 2332.00
problem81 0.05 23268797825784 0 2332.00
problem82 0.04 20602724843139 0 2332.00
problem83 0.05 17189051183028 0 2332.00
problem84 0.04 19448941175450 0 2332.00
problem85 0.04 19968998444170 0 2332.00
problem86 0.05 22259974209295 0 2332.00
problem87 0.05 20268433419923 0 2332.00
problem88 0.04 18015400788219 0 2332.00
problem89 0.04 20531114737350 0 2332.00
problem90 0.05 22378390871957 0 2332.00
problem91 0.05 18228783351776 0 2332.00
problem92 0.04 18931810937818 0 2332.00
problem93 0.04 19406904820572 0 2332.00
problem94 0.05 20136975032753 0 2332.00
problem95 0.05 19816045441653 0 2332.00
problem96 0.04 21087188727166 0 2332.00
problem97 0.05 17975235290072 0 2332.00
problem98 0.04 19445030611009 0 2332.00
problem99 0.04 22871829400212 0 2332.00
