problem0 0 391321936 0
problem1 0 370324283 0
problem2 0 217554600 0
problem3 0 381164069 0
problem4 0 236182293 0
problem5 0 340531288 0
problem6 0 387682523 0
problem7 0 405696007 0
problem8 0 337277852 0
problem9 0 383178817 0
problem10 0 330584218 0
problem11 0 315955352 0
problem12 0 304408086 0
problem13 0 332460058 0
problem14 0 373288292 0
problem15 0 294263820 0
problem16 0 376516051 0
problem17 0 282615142 0
problem18 0 364667474 0
problem19 0 313226693 0
problem20 0 280841726 0
problem21 0 285942974 0
problem22 0 380088091 0
problem23 0 337062122 0
problem24 0 373770203 0
problem25 0 386351952 0
problem26 0 318756099 0
problem27 0 321598210 0
problem28 0.01 298653710 0
problem29 0 350927280 0
problem30 0 339923264 0
problem31 0 314938920 0
problem32 0 260882599 0
problem33 0 341019044 0
problem34 0 359573072 0
problem35 0 356798626 0
problem36 0 289686199 0
problem37 0 341815138 0
problem38 0 385962696 0
problem39 0 377840735 0
problem40 0 305240583 0
problem41 0 229453532 0
problem42 0 351852584 0
problem43 0 401002145 0
problem44 0 319998698 0
problem45 0 307889905 0
problem46 0 416494942 0
problem47 0 373723469 0
problem48 0 304468940 0
problem49 0 335819865 0
problem50 0 395209009 0
problem51 0 268610663 0
problem52 0 321434810 0
problem53 0 264878816 0
problem54 0 329807919 0
problem55 0.01 385425215 0
problem56 0 291073673 0
problem57 0 440965616 0
problem58 0 354376594 0
problem59 0 277342714 0
problem60 0 360054365 0
problem61 0 329175242 0
problem62 0 326179169 0
problem63 0 428674576 0
problem64 0 297559882 0
problem65 0 359292723 0
problem66 0 396078463 0
problem67 0 442927078 0
problem68 0 401254889 0
problem69 0 382289754 0
problem70 0 371006073 0
problem71 0 317873129 0
problem72 0 356434972 0
problem73 0 307856646 0
problem74 0 317939427 0
problem75 0 311330518 0
problem76 0 242659971 0
problem77 0 372841879 0
problem78 0 429685627 0
problem79 0.01 370739381 0
problem80 0 365984802 0
problem81 0 268831467 0
problem82 0 253128904 0
problem83 0 401597473 0
problem84 0 352984250 0
problem85 0 249451070 0
problem86 0 366951818 0
problem87 0 435230530 0
problem88 0 291607674 0
problem89 0 190837128 0
problem90 0 368370196 0
problem91 0 326803857 0
problem92 0 294971134 0
problem93 0 296282095 0
problem94 0 349527844 0
problem95 0 325747711 0
problem96 0 367136340 0
problem97 0 358037285 0
problem98 0 327070706 0
problem99 0 304004787 0
