problem0 0 11676395 1
problem1 0 15025993 1
problem2 0 13814039 1
problem3 0 13684693 1
problem4 0 12392195 1
problem5 0.01 15128097 1
problem6 0 12558511 1
problem7 0 14370349 1
problem8 0 9875995 1
problem9 0 12438521 1
problem10 0 12080967 1
problem11 0.01 11916165 1
problem12 0 13655091 1
problem13 0 13535441 1
problem14 0 12340447 1
problem15 0 12769245 1
problem16 0 14120267 1
problem17 0 14249129 1
problem18 0 14082423 1
problem19 0 14725941 1
problem20 0.01 12934499 1
problem21 0 15390593 1
problem22 0 13595919 1
problem23 0 13223309 1
problem24 0 13595771 1
problem25 0 13314393 1
problem26 0 13199271 1
problem27 0 14970597 1
problem28 0 13048467 1
problem29 0.01 14598705 1
problem30 0 13900095 1
problem31 0 15929149 1
problem32 0 15314859 1
problem33 0 15073801 1
problem34 0 13298135 1
problem35 0 13895317 1
problem36 0.01 13669315 1
problem37 0 13453537 1
problem38 0 11876719 1
problem39 0 14791917 1
problem40 0 16852699 1
problem41 0 13432505 1
problem42 0 10905607 1
problem43 0.01 12745285 1
problem44 0 12372211 1
problem45 0 13200273 1
problem46 0.01 15586719 1
problem47 0 14202525 1
problem48 0 13687307 1
problem49 0 13829993 1
problem50 0 11985463 1
problem51 0 12765685 1
problem52 0.01 13023779 1
problem53 0 12986945 1
problem54 0 15265231 1
problem55 0 14357581 1
problem56 0 12831035 1
problem57 0 12268569 1
problem58 0.01 15161447 1
problem59 0 15201701 1
problem60 0 15296339 1
problem61 0.01 14058737 1
problem62 0 11633151 1
problem63 0 13356541 1
problem64 0 11859051 1
problem65 0 13139145 1
problem66 0 12765847 1
problem67 0 13958485 1
problem68 0.01 15716483 1
problem69 0 14515105 1
problem70 0.01 13799983 1
problem71 0 16638893 1
problem72 0 15686555 1
problem73 0 15589753 1
problem74 0 13908167 1
problem75 0 15524101 1
problem76 0 12907955 1
problem77 0.01 10358353 1
problem78 0 14098015 1
problem79 0 12866909 1
problem80 0 14548683 1
problem81 0 15622697 1
problem82 0 13017847 1
problem83 0 12755125 1
problem84 0 12834531 1
problem85 0.01 13319425 1
problem86 0 16393871 1
problem87 0 14820109 1
problem88 0.01 12312059 1
problem89 0 13434585 1
problem90 0 13961511 1
problem91 0 15285349 1
problem92 0 14119955 1
problem93 0 12060593 1
problem94 0.02 14068415 1
problem95 0 15355069 1
problem96 0 10746155 1
problem97 0 14464905 1
problem98 0 13265751 1
problem99 0 12825621 1
