problem0 0.08 122584412747814 0
problem1 0.06 108794512877276 0
problem2 0.05 104510706435383 0
problem3 0.13 114406096642135 0
problem4 0.16 138680542274827 0
problem5 0.03 115899582442791 0
problem6 0.08 127922076168387 0
problem7 0.1 90944582116143 0
problem8 0.17 151354291861541 0
problem9 0.11 113428407040147 0
problem10 0.09 140091774165454 0
problem11 0.09 108081532186891 0
problem12 0.08 114606127490329 0
problem13 0.14 135199084785003 0
problem14 0.09 94788002395865 0
problem15 0.14 133016770920784 0
problem16 0.11 144930894568708 0
problem17 0.09 97700078984351 0
problem18 0.07 114606795776171 0
problem19 0.16 152577161537149 0
problem20 0.08 104348280278949 0
problem21 0.13 134876080095282 0
problem22 0.11 123819601152810 0
problem23 0.11 150546690345026 0
problem24 0.14 113510980440413 0
problem25 0.11 139979910272341 0
problem26 0.16 144944101431831 0
problem27 0.21 134679624549797 0
problem28 0.07 131138685122006 0
problem29 0.16 138872499180489 0
problem30 0.14 119100322809781 0
problem31 0.21 153979001266732 0
problem32 0.08 124998366654688 0
problem33 0.15 105194568987825 0
problem34 0.12 130350298999685 0
problem35 0.1 131696617161077 0
problem36 0.11 111161375465556 0
problem37 0.08 124490633283106 0
problem38 0.09 113905119079183 0
problem39 0.05 132899095331175 0
problem40 0.1 109457661618320 0
problem41 0.09 132002017261386 0
problem42 0.21 123222724292895 0
problem43 0.07 106542116857691 0
problem44 0.07 128359408722812 0
problem45 0.05 124639281108690 0
problem46 0.08 105816856055222 0
problem47 0.04 139296990189231 0
problem48 0.09 124338129063890 0
problem49 0.18 152777597105022 0
problem50 0.13 119285260442655 0
problem51 0.15 131038297116308 0
problem52 0.13 138345495983699 0
problem53 0.1 131941377471625 0
problem54 0.11 140225646414429 0
problem55 0.16 115261485584047 0
problem56 0.12 133861188780802 0
problem57 0.17 149473105689306 0
problem58 0.08 105907394827659 0
problem59 0.12 141916542867379 0
problem60 0.07 116132674374746 0
problem61 0.05 120799811496055 0
problem62 0.25 146507465077004 0
problem63 0.1 135415822032612 0
problem64 0.07 115870850086474 0
problem65 0.07 132754484018969 0
problem66 0.09 131591694334684 0
problem67 0.1 128595959310445 0
problem68 0.08 143563235728287 0
problem69 0.04 103433348369866 0
problem70 0.06 130277690004987 0
problem71 0.18 130356064205710 0
problem72 0.05 118262976924338 0
problem73 0.15 122787829202424 0
problem74 0.07 126257211566167 0
problem75 0.1 137927687194674 0
problem76 0.09 133112436977413 0
problem77 0.09 144828103152728 0
problem78 0.12 141628414341679 0
problem79 0.13 120119138540644 0
problem80 0.13 125290980741000 0
problem81 0.17 148497126039105 0
problem82 0.08 122924760564744 0
problem83 0.09 135440199930154 0
problem84 0.11 136674942626651 0
problem85 0.19 142940194267850 0
problem86 0.13 142533483727245 0
problem87 0.07 109978523138255 0
problem88 0.08 126896358931620 0
problem89 0.22 130521912074429 0
problem90 0.06 134617928272876 0
problem91 0.12 131094591510707 0
problem92 0.08 128144358348943 0
problem93 0.08 148192878503082 0
problem94 0.14 146881545212590 0
problem95 0.13 130312605020835 0
problem96 0.12 133988818705102 0
problem97 0.09 139962168466323 0
problem98 0.21 125154881318198 0
problem99 0.09 136569906468261 0
