problem0 0 522705 1
problem1 0 567150 1
problem2 0 452242 1
problem3 0 446355 1
problem4 0 490795 1
problem5 0 555504 1
problem6 0 521180 1
problem7 0 511429 1
problem8 0 542437 1
problem9 0 528466 1
problem10 0 477318 1
problem11 0 537815 1
problem12 0 504063 1
problem13 0 502932 1
problem14 0 421520 1
problem15 0 571081 1
problem16 0 537977 1
problem17 0 503990 1
problem18 0 544762 1
problem19 0 451995 1
problem20 0 585299 1
problem21 0 515768 1
problem22 0 505540 1
problem23 0 471885 1
problem24 0 480653 1
problem25 0 481434 1
problem26 0 511214 1
problem27 0 487903 1
problem28 0 525607 1
problem29 0 532572 1
problem30 0 449656 1
problem31 0 529233 1
problem32 0 538401 1
problem33 0 464894 1
problem34 0 528226 1
problem35 0 469411 1
problem36 0 542075 1
problem37 0 557440 1
problem38 0 552876 1
problem39 0 566997 1
problem40 0 502325 1
problem41 0 540386 1
problem42 0 501590 1
problem43 0 466151 1
problem44 0 491343 1
problem45 0 561700 1
problem46 0 475232 1
problem47 0 458201 1
problem48 0 523977 1
problem49 0 482630 1
problem50 0 550090 1
problem51 0 531371 1
problem52 0 524963 1
problem53 0 483912 1
problem54 0 515732 1
problem55 0 485469 1
problem56 0 492765 1
problem57 0 541482 1
problem58 0 497598 1
problem59 0 472559 1
problem60 0 581495 1
problem61 0 492012 1
problem62 0 498248 1
problem63 0 538209 1
problem64 0 527473 1
problem65 0 524430 1
problem66 0 544818 1
problem67 0 457651 1
problem68 0 435659 1
problem69 0 475408 1
problem70 0 426876 1
problem71 0 505829 1
problem72 0 501125 1
problem73 0 468338 1
problem74 0 499238 1
problem75 0 539895 1
problem76 0 583071 1
problem77 0 569268 1
problem78 0 535088 1
problem79 0 539881 1
problem80 0 548889 1
problem81 0 524758 1
problem82 0 577946 1
problem83 0 461243 1
problem84 0 519923 1
problem85 0 548312 1
problem86 0 564836 1
problem87 0 529773 1
problem88 0 527405 1
problem89 0 517562 1
problem90 0 539278 1
problem91 0 537087 1
problem92 0 463303 1
problem93 0 564092 1
problem94 0 569368 1
problem95 0 528753 1
problem96 0 539073 1
problem97 0 483614 1
problem98 0 583938 1
problem99 0 509379 1
