problem0 0 28848274677240 0 2216.00
problem1 0.00 25544376035593 0 2272.00
problem2 0.00 31605081181673 0 2272.00
problem3 0.00 27018674934065 0 2272.00
problem4 0.00 35092748347626 0 2272.00
problem5 0.00 33895293111814 0 2272.00
problem6 0.00 31017728766083 0 2272.00
problem7 0.01 29504755364393 0 2272.00
problem8 0.00 32716753591691 0 2272.00
problem9 0.00 30494355975577 0 2272.00
problem10 0.00 28490990280002 0 2272.00
problem11 0.00 29600586642680 0 2272.00
problem12 0.00 32624059670254 0 2272.00
problem13 0.00 31300216869332 0 2272.00
problem14 0.00 32016453051980 0 2272.00
problem15 0.00 27600530416063 0 2272.00
problem16 0.01 22483142381216 0 2272.00
problem17 0.00 27976930010297 0 2272.00
problem18 0.00 24818855646745 0 2272.00
problem19 0.00 31557271560119 0 2272.00
problem20 0.00 33012562032467 0 2272.00
problem21 0.00 31017746976246 0 2272.00
problem22 0.00 32093250630822 0 2272.00
problem23 0.00 31947159374759 0 2272.00
problem24 0.01 25015341190116 0 2272.00
problem25 0.00 24743382687431 0 2272.00
problem26 0.00 26340671474019 0 2272.00
problem27 0.00 28310203520135 0 2272.00
problem28 0.00 31397664023952 0 2272.00
problem29 0.00 31777917580155 0 2272.00
problem30 0.00 34675755101408 0 2272.00
problem31 0.00 27415708288435 0 2272.00
problem32 0.00 25324686707004 0 2272.00
problem33 0.01 27785785472183 0 2272.00
problem34 0.00 35318527344982 0 2272.00
problem35 0.00 24981115221263 0 2272.00
problem36 0.00 31090822429427 0 2272.00
problem37 0.00 26457027352812 0 2272.00
problem38 0.00 27078193133633 0 2272.00
problem39 0.00 26734627750770 0 2272.00
problem40 0.00 34858637686215 0 2272.00
problem41 0.01 26264214553514 0 2272.00
problem42 0.00 30881696823684 0 2272.00
problem43 0.00 32530688313483 0 2272.00
problem44 0.00 28550627781732 0 2272.00
problem45 0.00 26650861675808 0 2272.00
problem46 0.00 30837382247971 0 2272.00
problem47 0.00 28523159369666 0 2272.00
problem48 0.00 25659350524561 0 2272.00
problem49 0.00 33025970354648 0 2272.00
problem50 0.01 26142174231118 0 2272.00
problem51 0.00 31453470164352 0 2272.00
problem52 0.00 26790437481498 0 2272.00
problem53 0.00 26634520529056 0 2272.00
problem54 0.00 36283120194987 0 2272.00
problem55 0.00 22769507646367 0 2272.00
problem56 0.00 27724434334092 0 2272.00
problem57 0.00 30071473490613 0 2272.00
problem58 0.01 29191930108539 0 2272.00
problem59 0.00 27999669404068 0 2272.00
problem60 0.00 33637525205176 0 2272.00
problem61 0.00 33294417085443 0 2272.00
problem62 0.00 27179269623216 0 2272.00
problem63 0.00 29292607922863 0 2272.00
problem64 0.00 23763227579668 0 2272.00
problem65 0.00 36567796450897 0 2272.00
problem66 0.00 31835856431444 0 2272.00
problem67 0.01 30339166912565 0 2272.00
problem68 0.00 26414043827869 0 2272.00
problem69 0.00 31744620918615 0 2272.00
problem70 0.00 32853578532557 0 2272.00
problem71 0.00 26495805959551 0 2272.00
problem72 0.00 30768985561595 0 2272.00
problem73 0.00 32438950192389 0 2272.00
problem74 0.00 26631634740734 0 2272.00
problem75 0.01 24283544956567 0 2272.00
problem76 0.00 30498908806735 0 2272.00
problem77 0.00 33828953446716 0 2272.00
problem78 0.00 26349562659388 0 2272.00
problem79 0.00 22857732619799 0 2272.00
problem80 0.00 26514697108617 0 2272.00
problem81 0.00 33924329252052 0 2272.00
problem82 0.00 30680083756230 0 2272.00
problem83 0.00 31892800053108 0 2272.00
problem84 0.01 33581281246081 0 2272.00
problem85 0.00 33866153697038 0 2272.00
problem86 0.00 30155099581035 0 2272.00
problem87 0.00 34735314577486 0 2272.00
problem88 0.00 33152226454034 0 2272.00
problem89 0.00 32968841319707 0 2272.00
problem90 0.00 26302388172284 0 2272.00
problem91 0.00 38738062042164 0 2272.00
problem92 0.01 30124437907995 0 2272.00
problem93 0.00 30659273351926 0 2272.00
problem94 0.00 27863864203010 0 2272.00
problem95 0.00 30234793935888 0 2272.00
problem96 0.00 31140789975246 0 2272.00
problem97 0.00 31690058342074 0 2272.00
problem98 0.00 32068375620652 0 2272.00
problem99 0.00 25704221325088 0 2272.00
