problem0 0.63 1719076839 1 3228.00
problem1 0.37 1949976124 1 3472.00
problem2 0.60 1949958152 1 3472.00
problem3 0.15 2188460961 1 3472.00
problem4 0.29 1904884417 1 3472.00
problem5 0.52 1919393790 1 3472.00
problem6 1.03 1865296466 1 3472.00
problem7 0.54 1783514771 1 3472.00
problem8 0.43 1685182203 1 3472.00
problem9 0.34 1999278240 1 3472.00
problem10 0.31 1849814780 1 3472.00
problem11 0.52 1701418341 1 3472.00
problem12 0.21 2018006677 1 3472.00
problem13 0.39 2056976930 1 3472.00
problem14 1.34 1668167686 1 3472.00
problem15 1.12 1749500439 1 3472.00
problem16 0.17 2022151055 1 3472.00
problem17 0.44 1823841924 1 3472.00
problem18 0.13 1850494832 1 3472.00
problem19 0.34 1951743657 1 3472.00
problem20 0.35 1931659241 1 3472.00
problem21 0.42 1901993926 1 3472.00
problem22 0.46 1637867322 1 3232.00
problem23 0.39 1998413083 1 3476.00
problem24 1.11 1711312291 1 3476.00
problem25 0.35 1933639656 1 3476.00
problem26 0.42 1799418212 1 3476.00
problem27 0.55 1633111917 1 3476.00
problem28 0.18 2144657085 1 3476.00
problem29 0.58 1872077034 1 3476.00
problem30 0.80 1751511022 1 3476.00
problem31 0.60 1943709599 1 3476.00
problem32 0.30 1851462967 1 3476.00
problem33 0.37 1824539852 1 3476.00
problem34 0.52 1817027800 1 3476.00
problem35 0.94 1685116849 1 3476.00
problem36 0.57 1810885393 1 3476.00
problem37 0.40 2043940238 1 3476.00
problem38 0.39 1799961122 1 3476.00
problem39 0.63 1753690531 1 3476.00
problem40 0.32 1854634571 1 3476.00
problem41 0.36 1962212656 1 3476.00
problem42 0.53 1546009036 1 3476.00
problem43 0.3 1740695413 1 3232.00
problem44 0.46 1981496549 1 3476.00
problem45 0.42 1922692530 1 3476.00
problem46 0.57 1912114646 1 3476.00
problem47 0.48 1818823463 1 3476.00
problem48 1.06 1614548191 1 3476.00
problem49 1.09 1672395028 1 3476.00
problem50 0.34 2017755200 1 3476.00
problem51 0.48 2009370297 1 3476.00
problem52 0.87 1733567545 1 3476.00
problem53 0.30 1888872790 1 3476.00
problem54 1.48 1602796298 1 3476.00
problem55 0.44 1883522091 1 3476.00
problem56 0.44 1930239219 1 3476.00
problem57 0.88 1594558584 1 3476.00
problem58 0.84 1881688116 1 3476.00
problem59 0.49 1939266941 1 3476.00
