problem0 0 461117 1
problem1 0 386827 1
problem2 0 433929 1
problem3 0 399542 0
problem4 0 403349 1
problem5 0 355107 1
problem6 0 421601 1
problem7 0 379471 1
problem8 0 409836 0
problem9 0 418363 1
problem10 0 371128 0
problem11 0 401127 1
problem12 0 472388 0
problem13 0 404563 1
problem14 0 372625 1
problem15 0 423551 1
problem16 0 402589 1
problem17 0 452971 1
problem18 0 401512 0
problem19 0 422166 0
problem20 0 405237 1
problem21 0 375171 1
problem22 0 334913 1
problem23 0 421551 1
problem24 0 291916 0
problem25 0 392347 1
problem26 0 394009 1
problem27 0 397127 1
problem28 0 365733 1
problem29 0 398003 1
problem30 0 374001 1
problem31 0 455390 0
problem32 0 454652 0
problem33 0 433098 0
problem34 0 479689 1
problem35 0 391543 1
problem36 0 452181 1
problem37 0 423907 1
problem38 0 407968 0
problem39 0 443151 1
problem40 0 448429 1
problem41 0 362235 1
problem42 0 396409 1
problem43 0 454567 1
problem44 0 435205 1
problem45 0 469267 1
problem46 0 404049 1
problem47 0 417599 1
problem48 0 420701 1
problem49 0 425515 1
problem50 0 406313 1
problem51 0 438743 1
problem52 0 380340 0
problem53 0 403011 1
problem54 0 444161 1
problem55 0 460655 1
problem56 0 420621 1
problem57 0 409947 1
problem58 0 394713 1
problem59 0 425991 1
problem60 0 451429 1
problem61 0 405362 0
problem62 0 479153 1
problem63 0 424862 0
problem64 0 382652 0
problem65 0 331915 1
problem66 0 459913 1
problem67 0 432694 0
problem68 0 402709 1
problem69 0 410786 0
problem70 0 410721 1
problem71 0 424911 1
problem72 0 372333 1
problem73 0 404410 0
problem74 0 405305 1
problem75 0 442471 1
problem76 0 447173 1
problem77 0 402899 1
problem78 0 419088 0
problem79 0 460799 1
problem80 0 455197 1
problem81 0 414443 1
problem82 0 411113 1
problem83 0 373399 1
problem84 0 388213 1
problem85 0 414467 1
problem86 0 438720 0
problem87 0 466991 1
problem88 0 385485 1
problem89 0 411163 1
problem90 0 428185 1
problem91 0 389319 1
problem92 0 373285 1
problem93 0 429107 1
problem94 0 420465 1
problem95 0 410719 1
problem96 0 408957 1
problem97 0 443723 1
problem98 0 407369 1
problem99 0 408311 1
