problem0 197.53 665229851847006 479434334 0 6.91428e-310 0.00
problem1 238.74 594145173563650 479434334 0 6.91428e-310 0.00
problem2 1346.43 706883038718105 479434334 0 6.91428e-310 0.00
problem3 502.08 724907227477140 479434334 0 6.91428e-310 0.00
problem4 596.23 587762667383405 479434334 0 6.91428e-310 0.00
problem5 335.06 768650213770632 479434334 0 6.91428e-310 0.00
problem6 388.44 750926395863225 479434334 0 6.91428e-310 0.00
problem7 165.24 688040089271508 479434334 0 6.91428e-310 0.00
problem8 1007.27 686019244850285 479434334 0 6.91428e-310 0.00
problem9 280.96 760740302469502 479434334 0 6.91428e-310 0.00
problem10 752.23 525328405666992 479434334 0 6.91428e-310 0.00
problem11 1831.17 702852921778761 479434334 0 6.91428e-310 0.00
problem12 271.15 621999232356747 479434334 0 6.91428e-310 0.00
problem13 228.9 658924281477811 479434334 0 6.91428e-310 0.00
problem14 264.97 545950232621857 479434334 0 6.91428e-310 0.00
problem15 866.12 624462934884398 479434334 0 6.91428e-310 0.00
problem16 541.41 649990110256059 479434334 0 6.91428e-310 0.00
problem17 414.43 749820199852043 479434334 0 6.91428e-310 0.00
problem18 694.46 661117540248008 479434334 0 6.91428e-310 0.00
problem19 141.7 724013427751578 479434334 0 6.91428e-310 0.00
problem20 378.27 616863102749653 479434334 0 6.91428e-310 0.00
problem21 2263.89 743638998410479 479434334 0 6.91428e-310 0.00
problem22 323.59 656333406405099 479434334 0 6.91428e-310 0.00
problem23 593.24 632711131230271 479434334 0 6.91428e-310 0.00
problem24 795 735702563312784 479434334 0 6.91428e-310 0.00
problem25 563.17 801121324447792 479434334 0 6.91428e-310 0.00
problem26 1054.32 662000035905655 479434334 0 6.91428e-310 0.00
problem27 386.79 593912797112776 479434334 0 6.91428e-310 0.00
problem28 383.13 586145342006123 479434334 0 6.91428e-310 0.00
problem29 294.24 730947876400334 479434334 0 6.91428e-310 0.00
problem30 1210.11 632209942346775 479434334 0 6.91428e-310 0.00
problem31 291.93 576085150613002 479434334 0 6.91428e-310 0.00
problem32 98.14 591660575920779 479434334 0 6.91428e-310 0.00
problem33 961.18 735151839296657 479434334 0 6.91428e-310 0.00
problem34 340.07 724332527663809 479434334 0 6.91428e-310 0.00
problem35 49.63 596039437030125 479434334 0 6.91428e-310 0.00
problem36 907.14 710274603567734 479434334 0 6.91428e-310 0.00
problem37 210.14 747238349992334 479434334 0 6.91428e-310 0.00
problem38 801.08 637122964202177 479434334 0 6.91428e-310 0.00
problem39 236.24 648122513646125 479434334 0 6.91428e-310 0.00
problem40 478.57 588899120104021 479434334 0 6.91428e-310 0.00
problem41 243.34 699135376341053 479434334 0 6.91428e-310 0.00
problem42 685.65 581315381111611 479434334 0 6.91428e-310 0.00
problem43 604.76 661546197917463 479434334 0 6.91428e-310 0.00
problem44 533.4 674785778484593 479434334 0 6.91428e-310 0.00
problem45 569.35 562984470412406 479434334 0 6.91428e-310 0.00
problem46 1721.45 702201538751245 479434334 0 6.91428e-310 0.00
problem47 505.41 682930027341601 479434334 0 6.91428e-310 0.00
problem48 1818.39 568395315945481 479434334 0 6.91428e-310 0.00
problem49 406.29 758830800898709 479434334 0 6.91428e-310 0.00
problem50 795.53 558450057416615 479434334 0 6.91428e-310 0.00
problem51 187.77 692879960415379 479434334 0 6.91428e-310 0.00
problem52 283.83 697761920468270 479434334 0 6.91428e-310 0.00
problem53 877.73 620156516737400 479434334 0 6.91428e-310 0.00
problem54 383.94 655708316171516 479434334 0 6.91428e-310 0.00
problem55 90.98 675943618318876 479434334 0 6.91428e-310 0.00
problem56 536.58 643277462906677 479434334 0 6.91428e-310 0.00
problem57 187.5 800037898292046 479434334 0 6.91428e-310 0.00
problem58 404.68 686945201759676 479434334 0 6.91428e-310 0.00
problem59 322.42 662368466459225 479434334 0 6.91428e-310 0.00
problem60 756.73 699434972781380 479434334 0 6.91428e-310 0.00
problem61 414.55 638932399783942 479434334 0 6.91428e-310 0.00
problem62 278.45 671964037499591 479434334 0 6.91428e-310 0.00
problem63 693.21 657291650846344 479434334 0 6.91428e-310 0.00
problem64 272.53 678116050334723 479434334 0 6.91428e-310 0.00
problem65 926.73 767855919350992 479434334 0 6.91428e-310 0.00
problem66 61.92 661452549921207 479434334 0 6.91428e-310 0.00
problem67 123.95 710672827429194 479434334 0 6.91428e-310 0.00
problem68 101.23 654063990901521 479434334 0 6.91428e-310 0.00
problem69 177.5 588763580956608 479434334 0 6.91428e-310 0.00
problem70 299.49 666153375608993 479434334 0 6.91428e-310 0.00
problem71 135.04 649490544258067 479434334 0 6.91428e-310 0.00
problem72 665.59 612601654011996 479434334 0 6.91428e-310 0.00
problem73 550.74 596288652400899 479434334 0 6.91428e-310 0.00
problem74 731.61 698632659070321 479434334 0 6.91428e-310 0.00
problem75 1268.29 626119585920524 479434334 0 6.91428e-310 0.00
problem76 581.8 660286106609717 479434334 0 6.91428e-310 0.00
problem77 507.34 646191254484807 479434334 0 6.91428e-310 0.00
problem78 1874.88 618043844979770 479434334 0 6.91428e-310 0.00
problem79 169.66 625331840734684 479434334 0 6.91428e-310 0.00
problem80 245.79 728938523625099 479434334 0 6.91428e-310 0.00
problem81 88.63 672712775540304 479434334 0 6.91428e-310 0.00
problem82 429.96 650416849378668 479434334 0 6.91428e-310 0.00
problem83 27.09 646837924313779 479434334 0 6.91428e-310 0.00
problem84 520.47 645560911969254 479434334 0 6.91428e-310 0.00
problem85 521.41 674064411004973 479434334 0 6.91428e-310 0.00
problem86 366.71 642319030737923 479434334 0 6.91428e-310 0.00
problem87 103.52 606303620423407 479434334 0 6.91428e-310 0.00
problem88 1228.84 652634225941960 479434334 0 6.91428e-310 0.00
problem89 3582.34 697897161708644 479434334 0 6.91428e-310 0.00
problem90 412.49 778147281555578 479434334 0 6.91428e-310 0.00
problem91 521.46 714920177756487 479434334 0 6.91428e-310 0.00
problem92 95.64 577304709294174 479434334 0 6.91428e-310 0.00
problem93 886.49 629729591197784 479434334 0 6.91428e-310 0.00
problem94 1232.65 664926880850609 479434334 0 6.91428e-310 0.00
problem95 2108.18 676730648954686 479434334 0 6.91428e-310 0.00
problem96 163.16 689480689054728 479434334 0 6.91428e-310 0.00
problem97 362.09 572587298817564 479434334 0 6.91428e-310 0.00
problem98 93.32 668842186585899 479434334 0 6.91428e-310 0.00
problem99 239.98 715611239695435 479434334 0 6.91428e-310 0.00
