problem0 0.07 4027705416 1 2752.00
problem1 0.10 3368833966 1 2808.00
problem2 0.06 3102334341 1 2808.00
problem3 0.07 3486960999 1 2808.00
problem4 0.10 3274295562 1 2808.00
problem5 0.10 2981544392 1 2808.00
problem6 0.02 4047221783 1 2808.00
problem7 0.07 3529724177 1 2808.00
problem8 0.14 3292383724 1 2808.00
problem9 0.16 2846463362 1 2808.00
problem10 0.06 3618056137 1 2808.00
problem11 0.13 3137680219 1 2808.00
problem12 0.08 2696490222 1 2808.00
problem13 0.06 3278596316 1 2808.00
problem14 0.06 3364965019 1 2808.00
problem15 0.08 3628899909 1 2808.00
problem16 0.07 3285144592 1 2808.00
problem17 0.05 3702552022 1 2808.00
problem18 0.15 2749648525 1 2808.00
problem19 0.09 3153091535 1 2808.00
problem20 0.07 3426599250 1 2808.00
problem21 0.05 3711211120 1 2808.00
problem22 0.05 3500246431 1 2808.00
problem23 0.16 2675430905 1 2808.00
problem24 0.07 3660453556 1 2808.00
problem25 0.04 3547677866 1 2808.00
problem26 0.10 2912117201 1 2808.00
problem27 0.04 3750041283 1 2808.00
problem28 0.11 3208123958 1 2808.00
problem29 0.05 3775634052 1 2808.00
problem30 0.05 3776935203 1 2808.00
problem31 0.10 3351169069 1 2808.00
problem32 0.10 3129188824 1 2808.00
problem33 0.07 3500560894 1 2808.00
problem34 0.10 3392696725 1 2808.00
problem35 0.04 3646567479 1 2808.00
problem36 0.08 3406478234 1 2808.00
problem37 0.17 3080963352 1 2808.00
problem38 0.13 3161467175 1 2808.00
problem39 0.05 3729081569 1 2808.00
problem40 0.07 3120268668 1 2808.00
problem41 0.09 3175869906 1 2808.00
problem42 0.14 3106508249 1 2808.00
problem43 0.07 3270542379 1 2808.00
problem44 0.06 3476701566 1 2808.00
problem45 0.05 3517605420 1 2808.00
problem46 0.08 3488264619 1 2808.00
problem47 0.05 3233356821 1 2808.00
problem48 0.04 3791868320 1 2808.00
problem49 0.08 2919786534 1 2808.00
problem50 0.04 3754870429 1 2808.00
problem51 0.09 3539130015 1 2808.00
problem52 0.03 3618453474 1 2808.00
problem53 0.07 3641101760 1 2808.00
problem54 0.14 2887261871 1 2808.00
problem55 0.11 3365019081 1 2808.00
problem56 0.02 3800733252 1 2808.00
problem57 0.03 3361214714 1 2808.00
problem58 0.10 3185716193 1 2808.00
problem59 0.03 3564501907 1 2808.00
problem60 0.06 3136040646 1 2808.00
problem61 0.12 2853850068 1 2808.00
problem62 0.09 3170074675 1 2808.00
problem63 0.06 3327269373 1 2808.00
problem64 0.05 3158500200 1 2808.00
problem65 0.06 3620812878 1 2808.00
problem66 0.07 3383741861 1 2808.00
problem67 0.06 3594044167 1 2808.00
problem68 0.05 3093411370 1 2808.00
problem69 0.07 3305123944 1 2808.00
problem70 0.08 2989090359 1 2808.00
problem71 0.04 3838107825 1 2808.00
problem72 0.05 3403663628 1 2808.00
problem73 0.11 3143904802 1 2808.00
problem74 0.10 3159735273 1 2808.00
problem75 0.09 3387161851 1 2808.00
problem76 0.09 3063569934 1 2808.00
problem77 0.07 3469593468 1 2808.00
problem78 0.04 3613024443 1 2808.00
problem79 0.08 3695198693 1 2808.00
problem80 0.05 3344357168 1 2808.00
problem81 0.07 3667608182 1 2808.00
problem82 0.11 3187934893 1 2808.00
problem83 0.09 3410655599 1 2808.00
problem84 0.03 3515135602 1 2808.00
problem85 0.09 3268570384 1 2808.00
problem86 0.08 3159752639 1 2808.00
problem87 0.07 3320057241 1 2808.00
problem88 0.11 3256851924 1 2808.00
problem89 0.08 3134899530 1 2808.00
problem90 0.03 3795631601 1 2808.00
problem91 0.04 3752396899 1 2808.00
problem92 0.05 3367063382 1 2808.00
problem93 0.10 3285673252 1 2808.00
problem94 0.07 3445609283 1 2808.00
problem95 0.09 3067745229 1 2808.00
problem96 0.05 3312692472 1 2808.00
problem97 0.07 3164669598 1 2808.00
problem98 0.07 3423859125 1 2808.00
problem99 0.05 3437656535 1 2808.00
