problem0 0 411623 1
problem1 0 493116 1
problem2 0 458759 0
problem3 0 426913 1
problem4 0 506560 0
problem5 0 483326 1
problem6 0 436817 0
problem7 0 460435 1
problem8 0 431867 1
problem9 0 430240 1
problem10 0 421628 1
problem11 0 496997 1
problem12 0 431764 0
problem13 0 457250 1
problem14 0 505862 1
problem15 0 459287 1
problem16 0 381839 1
problem17 0 466564 1
problem18 0 495471 0
problem19 0 442025 1
problem20 0 444392 0
problem21 0 401350 1
problem22 0 417594 1
problem23 0 417051 1
problem24 0 429475 1
problem25 0 507880 1
problem26 0 438628 1
problem27 0 495469 1
problem28 0 483005 1
problem29 0 467178 1
problem30 0 438254 1
problem31 0 436127 1
problem32 0 415030 0
problem33 0 459980 1
problem34 0 484568 1
problem35 0 464817 1
problem36 0 387856 0
problem37 0 478606 1
problem38 0 506402 1
problem39 0 422307 1
problem40 0 473675 1
problem41 0 425264 1
problem42 0 440779 0
problem43 0 452469 1
problem44 0 392421 1
problem45 0 390578 1
problem46 0 511445 0
problem47 0 428839 1
problem48 0 396510 0
problem49 0 424212 1
problem50 0 475199 0
problem51 0 429753 1
problem52 0 484409 1
problem53 0 387414 1
problem54 0 490250 1
problem55 0 476203 1
problem56 0 449778 0
problem57 0 444536 1
problem58 0 477235 0
problem59 0 417149 1
problem60 0 454925 1
problem61 0 473210 1
problem62 0 430526 1
problem63 0 453807 1
problem64 0 440966 0
problem65 0 490332 1
problem66 0 483751 0
problem67 0 467905 1
problem68 0 488289 1
problem69 0 504606 1
problem70 0 483825 0
problem71 0 447667 1
problem72 0 472474 0
problem73 0 418240 1
problem74 0 433307 0
problem75 0 455045 1
problem76 0 457525 1
problem77 0 502082 1
problem78 0 359333 0
problem79 0 396343 1
problem80 0 417327 1
problem81 0 461732 1
problem82 0 411920 1
problem83 0 431817 1
problem84 0 415881 1
problem85 0 420582 1
problem86 0 388825 0
problem87 0 451387 1
problem88 0 410690 0
problem89 0 510216 1
problem90 0 440067 0
problem91 0 484237 1
problem92 0 432989 1
problem93 0 460810 1
problem94 0 379789 0
problem95 0 453055 1
problem96 0 505815 1
problem97 0 420332 1
problem98 0 456312 1
problem99 0 419793 1
