problem0 0.46 687560576961521 228 1 0.46 18000.00
problem1 0.32 562807032066209 2030 4 0.29 18660.00
problem2 0.08 733504645684079 275 1 0.08 18660.00
problem3 0.13 664726757026400 1206 1 0.1 18664.00
problem4 0.09 675502902602071 363 1 0.08 18664.00
problem5 0.11 685681437555473 869 1 0.09 18664.00
problem6 0.14 640803412955188 1048 1 0.11 18664.00
problem7 0.1 761582861257484 916 1 0.08 18664.00
problem8 0.13 647242152710249 1419 1 0.09 18664.00
problem9 0.12 625190037157512 967 1 0.1 18664.00
problem10 0.11 701145576715278 481 1 0.07 18664.00
problem11 0.1 805319125996381 539 1 0.08 18664.00
problem12 0.13 618983961726782 1274 1 0.11 18664.00
problem13 0.13 566079487143188 1708 1 0.1 18664.00
problem14 0.09 707134476999623 366 1 0.08 18664.00
problem15 0.12 579996033444202 708 1 0.11 18664.00
problem16 0.14 616813740634448 1322 1 0.11 18664.00
problem17 0.07 839779188063050 350 1 0.06 18664.00
problem18 0.11 630458449963953 757 1 0.09 18664.00
problem19 0.1 635297565213568 623 1 0.08 18664.00
problem20 0.08 716227253253784 325 1 0.07 18664.00
problem21 0.09 717159302215476 346 1 0.07 18664.00
problem22 0.14 589275961355832 1550 1 0.1 18664.00
problem23 0.11 560995457672081 889 1 0.09 18664.00
problem24 0.11 655271260985350 923 1 0.09 18664.00
problem25 0.12 580976447583525 1106 1 0.1 18664.00
problem26 0.11 695710154878873 733 1 0.08 18664.00
problem27 0.13 676859865575168 1136 1 0.1 18664.00
problem28 0.09 684812086549698 382 1 0.08 18664.00
problem29 0.36 546910494316105 2343 2 0.32 18664.00
problem30 0.13 705534141982121 684 1 0.1 18664.00
problem31 0.09 824301413577452 256 1 0.08 18664.00
problem32 0.1 664626209339283 476 1 0.09 18664.00
problem33 0.12 685023485655062 802 1 0.1 18664.00
problem34 0.09 775022105330148 241 1 0.08 18664.00
problem35 0.14 687707230411598 1023 1 0.11 18664.00
problem36 0.13 584285914593510 1055 1 0.11 18664.00
problem37 0.09 697178288497099 131 1 0.09 18664.00
problem38 0.13 617291061811374 1134 1 0.11 18664.00
problem39 0.1 740541102921030 421 1 0.09 18664.00
problem40 0.13 658869549875254 1226 1 0.1 18664.00
problem41 0.11 733408896211066 414 1 0.08 18664.00
problem42 0.11 566456510587345 883 1 0.1 18664.00
problem43 0.12 682796338467472 586 1 0.09 18664.00
problem44 0.1 759188135373556 368 1 0.08 18664.00
problem45 0.11 702076336158576 544 1 0.1 18664.00
problem46 0.13 681418057998125 1448 1 0.09 18664.00
problem47 0.16 603798405388565 2058 1 0.12 18664.00
problem48 0.1 675863950724767 739 1 0.09 18664.00
problem49 0.09 783631515731665 262 1 0.09 18664.00
problem50 0.14 706665000607305 1076 1 0.11 18664.00
problem51 0.13 675866988405606 802 1 0.1 18664.00
problem52 0.12 680042200849420 655 1 0.1 18664.00
problem53 0.09 697014601258163 401 1 0.09 18664.00
problem54 0.15 602545908105065 1139 1 0.12 18664.00
problem55 0.1 715200640924848 398 1 0.09 18664.00
problem56 0.13 676379069334023 1196 1 0.09 18664.00
problem57 0.1 741919784050504 409 1 0.09 18664.00
problem58 0.14 666863344408532 1675 1 0.12 18664.00
problem59 0.11 608756221177687 849 1 0.09 18664.00
problem60 0.15 623940394375589 1390 1 0.11 18664.00
problem61 0.12 663621222507840 586 1 0.11 18664.00
problem62 0.09 731288019455274 222 1 0.09 18664.00
problem63 0.44 620282898623617 3266 2 0.37 18664.00
problem64 0.17 615452130950319 1114 1 0.15 18664.00
problem65 0.19 547355904776223 1510 1 0.14 18664.00
problem66 0.16 582458680645772 1542 1 0.14 18664.00
problem67 0.15 616135749636099 962 1 0.14 18664.00
problem68 0.14 618688807908717 355 1 0.13 18664.00
problem69 0.13 740432497708476 400 1 0.12 18664.00
problem70 0.15 641918633832285 756 1 0.14 18664.00
problem71 0.15 662567859440297 664 1 0.13 18664.00
problem72 0.17 643372930457891 1141 1 0.13 18664.00
problem73 0.14 695786122424236 552 1 0.11 18664.00
problem74 0.11 749747404244674 310 1 0.1 18664.00
problem75 0.18 595623238948482 1817 1 0.16 18664.00
problem76 0.19 627344428336293 1106 1 0.14 18664.00
problem77 0.13 729160986081032 509 1 0.12 18664.00
problem78 0.17 554407058365780 1098 1 0.16 18664.00
problem79 0.55 609979628198989 4142 2 0.5 18664.00
problem80 0.19 636117813891847 859 1 0.17 18664.00
problem81 0.17 643363611070906 667 1 0.17 18664.00
problem82 0.15 774290463784449 199 1 0.14 18664.00
problem83 0.15 814476900964716 363 1 0.13 18664.00
problem84 0.17 654281349385552 1298 1 0.15 18664.00
problem85 0.15 637718567645227 468 1 0.15 18664.00
problem86 0.16 732726146924278 527 1 0.15 18664.00
problem87 0.12 752741888602334 515 1 0.11 18664.00
problem88 0.29 525573412489652 4080 1 0.24 18664.00
problem89 0.17 669700041786567 572 1 0.15 18664.00
problem90 0.18 583885931217901 812 1 0.16 18664.00
problem91 0.11 763127498997674 203 1 0.11 18664.00
problem92 0.22 598048956519891 1524 1 0.21 18664.00
problem93 0.17 600764209792134 543 1 0.14 18664.00
problem94 0.17 623854819839039 553 1 0.16 18664.00
problem95 0.16 722196217782057 426 1 0.15 18664.00
problem96 0.17 699855973628351 444 1 0.16 18664.00
problem97 0.18 694214018490521 761 1 0.16 18664.00
problem98 0.15 610839184538394 473 1 0.14 18664.00
problem99 0.17 590896630138206 603 1 0.16 18664.00
