problem0 4.17 547211966232296 1 4036.00
problem1 4.47 528412398687273 1 4652.00
problem2 6.16 463192088897673 1 4652.00
problem3 6.19 535843167083102 1 4652.00
problem4 10.23 466043029417698 1 4652.00
problem5 5.13 513292228096939 1 4652.00
problem6 6.04 543552095954483 1 4652.00
problem7 2.92 594287178395984 1 4652.00
problem8 6.19 501512806463676 1 4652.00
problem9 5.48 507897081334413 1 4652.00
problem10 8.22 488581957447357 1 4652.00
problem11 2.60 552166222441634 1 4652.00
problem12 5.58 531275957190262 1 4652.00
problem13 6.30 537354642131663 1 4652.00
problem14 5.21 545060370439207 1 4652.00
problem15 5.63 540583872081492 1 4652.00
problem16 7.05 512903121766928 1 4652.00
problem17 6.87 540768317310577 1 4652.00
problem18 9.21 482106406299761 1 4652.00
problem19 10.57 483309236238438 1 4652.00
problem20 5.39 498139228177802 1 4652.00
problem21 7.79 461153724166003 1 4652.00
problem22 3.98 487572606250395 1 4652.00
problem23 4.08 580424382491864 1 4652.00
problem24 6.99 488429000243940 1 4652.00
problem25 5.03 525377843206101 1 4652.00
problem26 6.16 491650260149669 1 4652.00
problem27 5.17 551500620156330 1 4652.00
problem28 5.26 517517082498078 1 4652.00
problem29 9.86 425711881171351 1 4652.00
problem30 7.21 515519211678351 1 4652.00
problem31 6.99 583115791645916 1 4652.00
problem32 6.99 471860139547448 1 4652.00
problem33 5.24 578842457001657 1 4652.00
problem34 3.73 565481153492569 1 4652.00
problem35 8.11 493138494913646 1 4652.00
problem36 7.09 497534487902770 1 4652.00
problem37 6.11 492403900047675 1 4652.00
problem38 7.44 545799029580547 1 4652.00
problem39 7.09 487878041988704 1 4652.00
problem40 6.99 594323513752332 1 4652.00
problem41 4.14 561174966975261 1 4652.00
problem42 13.52 412045829614221 1 4652.00
problem43 5.17 528122803016882 1 4652.00
problem44 9.83 484690880874438 1 4652.00
problem45 6.70 572781044960863 1 4652.00
problem46 7.80 469556418602743 1 4652.00
problem47 13.00 482285403328868 1 4652.00
problem48 7.29 478421644946016 1 4652.00
problem49 4.61 470519736495361 1 4652.00
problem50 6.77 532496632517185 1 4652.00
problem51 7.59 503581910230646 1 4652.00
problem52 4.38 590813866855642 1 4652.00
problem53 2.76 531913309833475 1 4652.00
problem54 3.42 576021968029291 1 4652.00
problem55 7.26 501929563485672 1 4652.00
problem56 8.28 397856345815348 1 4652.00
problem57 5.85 551917534049381 1 4652.00
problem58 10.42 470804109000053 1 4652.00
problem59 10.12 457103480897978 1 4652.00
problem60 9.34 465407677847918 1 4652.00
problem61 3.79 531087379669287 1 4652.00
problem62 5.93 524363148333407 1 4652.00
problem63 3.58 474729518984172 1 4652.00
problem64 6.94 575770268235656 1 4652.00
problem65 6.46 553973970461001 1 4652.00
problem66 7.20 498034058345513 1 4652.00
problem67 6.88 513459846018686 1 4652.00
problem68 6.26 497563351055746 1 4652.00
problem69 8.58 510627845809867 1 4652.00
problem70 5.18 559368550602707 1 4652.00
problem71 7.42 500617642984304 1 4652.00
problem72 6.92 490344664888668 1 4652.00
problem73 5.47 486321982227373 1 4652.00
problem74 9.89 466617883106909 1 4652.00
problem75 4.66 460250608866498 1 4652.00
problem76 7.23 500416642435350 1 4652.00
problem77 4.49 616732234410479 1 4652.00
problem78 5.84 512673697475015 1 4652.00
problem79 10.39 497492717472884 1 4652.00
problem80 4.92 514550680765104 1 4652.00
problem81 4.01 536266486164369 1 4652.00
problem82 6.95 550030770500625 1 4652.00
problem83 4.33 499486224067718 1 4652.00
problem84 5.31 544743016434730 1 4652.00
problem85 6.10 510739841022611 1 4652.00
problem86 6.33 553358038030139 1 4652.00
problem87 6.91 613857242699512 1 4652.00
problem88 7.95 499341937094532 1 4652.00
problem89 5.66 536797554059509 1 4652.00
problem90 8.95 462161912204613 1 4652.00
problem91 5.99 568071696436682 1 4652.00
problem92 10.94 479452150109886 1 4652.00
problem93 12.38 487051424622775 1 4652.00
problem94 7.83 544362138185775 1 4652.00
problem95 7.71 503892258730748 1 4652.00
problem96 7.39 492238148635608 1 4652.00
problem97 6.62 445097051835353 1 4652.00
problem98 6.12 516918088743417 1 4652.00
problem99 5.97 598051001665678 1 4652.00
