problem0 4.72 7989016199 9631 1 1.44 68780.00
problem1 13.54 8159902550 11207 2 1.87 89392.00
problem2 9.03 9625897951 7886 1 0.69 42112.00
problem3 9.61 7858060970 11271 2 3.62 180988.00
problem4 6.13 10035691507 1706 1 0.54 31368.00
problem5 3.35 9626779923 1903 1 0.53 30312.00
problem6 3.48 8585959834 7134 1 1.01 79108.00
problem7 2.01 9476830962 1318 1 0.49 79108.00
problem8 2.04 9387134262 1322 1 0.48 27340.00
problem9 2.85 8163012021 6550 1 0.94 66480.00
problem10 2.70 9480495574 9185 1 0.68 36112.00
problem11 4.43 9392415910 2174 1 0.53 37448.00
problem12 2.82 9215867668 2062 1 0.57 36188.00
problem13 5.10 8729125898 2695 1 0.55 36536.00
problem14 0.99 9035652428 1627 1 0.54 33464.00
problem15 11.86 7196404521 20730 2 3.40 167220.00
problem16 4.98 8396939956 8881 1 1.15 52532.00
problem17 2.17 9127242937 6562 1 1.34 80964.00
problem18 5.80 8634964552 3390 1 1.02 81392.00
problem19 6.04 8923366838 8909 1 1.20 52532.00
problem20 6.57 9027750389 4418 1 1.03 56628.00
problem21 8.56 9307449803 1885 1 0.79 55492.00
problem22 2.29 8226336667 4237 1 1.17 70964.00
problem23 1.85 8080180135 1539 1 0.90 49924.00
problem24 9.77 9268134983 1394 1 0.74 49876.00
problem25 5.46 8144693824 4513 1 1.15 66208.00
problem26 2.58 8476435494 7631 1 1.31 83252.00
problem27 2.17 9269842438 2718 1 0.93 83252.00
problem28 2.57 9067272417 1368 1 0.85 51976.00
problem29 1.53 8810128936 1930 1 0.91 52612.00
problem30 2.10 8260354986 5544 1 1.21 64132.00
problem31 2.90 9578516020 900 1 0.75 51312.00
problem32 1.78 8017836154 2393 1 1.13 60724.00
problem33 9.00 9107239067 2638 1 0.87 56696.00
problem34 1.41 8244057064 5331 1 1.25 66220.00
problem35 1.85 9671241338 1541 1 0.89 54696.00
problem36 7.62 8217587480 15971 1 1.35 77108.00
problem37 3.71 9341989984 2210 1 0.83 56616.00
problem38 6.46 7661623402 3502 1 1.05 56628.00
problem39 11.08 9498834805 1482 1 0.75 52736.00
problem40 0.83 10329562231 470 1 0.75 49980.00
problem41 3.13 8032743928 2762 1 1.04 60512.00
problem42 7.51 9326126541 2576 1 0.82 61088.00
problem43 1.09 9367005509 910 1 0.83 49756.00
problem44 5.52 8579660142 9728 1 1.66 113464.00
problem45 2.19 9066876459 2748 1 0.92 54708.00
problem46 2.69 9248560816 1282 1 0.83 55916.00
problem47 4.00 8153775441 6152 1 1.46 101176.00
problem48 1.32 8641905741 1738 1 1.02 101684.00
problem49 5.16 8814422765 5147 1 1.07 52532.00
problem50 1.73 8453916328 1032 1 0.81 57648.00
problem51 4.00 7954934271 5314 1 1.46 89396.00
problem52 5.56 8320326370 7045 1 1.26 79080.00
problem53 10.45 8299001267 4343 1 1.03 56628.00
problem54 3.59 8681339781 3388 1 1.11 68916.00
problem55 6.05 8004908851 11375 1 1.76 117524.00
problem56 16.26 8637325191 7847 1 1.19 117812.00
problem57 13.88 7827913707 2206 1 0.83 55492.00
problem58 10.90 9880685731 4959 1 0.99 63988.00
problem59 1.87 9326875126 2234 1 0.89 54540.00
problem60 2.40 8825880540 1731 1 0.90 56672.00
problem61 9.12 9856664744 2499 1 0.90 52532.00
problem62 3.20 9136951140 3216 1 1.05 58676.00
problem63 6.59 7933317371 3331 1 1.08 62772.00
problem64 7.05 8121546106 8001 1 1.58 96608.00
problem65 2.93 7891469436 6982 1 1.35 80768.00
problem66 3.18 8906060798 3842 1 1.06 81208.00
problem67 3.01 8785014691 2381 1 0.91 52160.00
problem68 3.88 7188988083 16471 1 1.65 105964.00
problem69 1.67 7967488365 4265 1 1.43 105964.00
problem70 4.66 8064592530 19674 1 1.86 134736.00
problem71 3.38 8610446625 4834 1 0.96 134756.00
problem72 7.38 8125656201 14467 1 1.72 123320.00
problem73 1.74 8960796734 2661 1 1.01 123360.00
problem74 7.10 9066420408 4053 1 1.08 58676.00
problem75 2.19 8074247972 6653 1 1.16 54580.00
problem76 6.97 8375210720 5166 1 1.09 58676.00
problem77 5.10 7241504745 10157 1 1.28 64156.00
problem78 5.13 8998635635 3289 1 1.00 67188.00
problem79 9.17 7843265808 24341 2 5.31 216392.00
problem80 3.73 9319526664 2278 1 1.09 143060.00
problem81 2.68 8128045441 2443 1 1.03 59000.00
problem82 5.38 10316144802 1121 1 0.89 59376.00
problem83 2.75 7866012529 3114 1 1.26 67064.00
problem84 6.42 7686934956 5628 1 1.54 100660.00
problem85 2.35 8348792197 5197 1 1.39 73128.00
problem86 1.77 7957579204 2377 1 1.18 73128.00
problem87 5.24 7735322090 8619 1 1.45 78056.00
problem88 3.21 10227588173 1323 1 0.91 78056.00
problem89 12.10 8211747288 15332 1 1.77 104904.00
problem90 5.61 8315704905 2008 1 1.02 104904.00
problem91 8.77 7757794721 3764 1 1.26 61860.00
problem92 5.35 8658922623 3869 1 1.05 62156.00
problem93 9.13 7307751361 23540 1 2.20 140160.00
problem94 1.49 9550216132 2287 1 1.02 140160.00
problem95 2.24 9314961227 1482 1 1.02 55928.00
problem96 4.83 7583153786 11062 1 1.55 88372.00
problem97 3.79 9882048861 1386 1 0.94 54676.00
problem98 18.43 9821473248 1793 1 0.86 55260.00
problem99 2.50 8061914999 4610 1 1.53 98612.00
