problem0 0.77 781220863829807 709 1 0.76 13924.00
problem1 0.1 920055927325659 411 1 0.09 9308.00
problem2 0.09 949901864414122 546 1 0.08 9308.00
problem3 0.08 998708056872819 408 1 0.08 9312.00
problem4 0.24 925436716091095 1008 2 0.22 9312.00
problem5 0.12 796322488666911 796 1 0.1 9312.00
problem6 0.11 925197205425225 803 1 0.1 9312.00
problem7 0.11 838086044805817 810 1 0.1 9312.00
problem8 0.1 988041631779468 436 1 0.09 9312.00
problem9 0.12 865747521769232 933 1 0.11 9312.00
problem10 0.12 855148373507899 609 1 0.11 9312.00
problem11 0.11 768984226424204 823 1 0.1 9312.00
problem12 0.12 699939859446011 999 1 0.11 9312.00
problem13 0.11 933148730793216 263 1 0.1 9312.00
problem14 0.11 829773504954199 707 1 0.11 9312.00
problem15 0.09 986139684610797 164 1 0.08 9312.00
problem16 0.1 917028132499928 344 1 0.1 9312.00
problem17 0.1 952790220047221 178 1 0.08 9312.00
problem18 0.09 925749779019802 451 1 0.08 9312.00
problem19 0.11 800496767718186 505 1 0.1 9312.00
problem20 0.29 697418982779183 1538 2 0.28 9312.00
problem21 0.13 919047944204994 1053 1 0.12 9312.00
problem22 0.14 870972664749139 665 1 0.13 9312.00
problem23 0.13 920599590956394 482 1 0.12 9312.00
problem24 0.11 1023504135956165 364 1 0.11 9312.00
problem25 0.13 955068780022711 618 1 0.11 9312.00
problem26 0.14 718936573490463 1046 1 0.13 9312.00
problem27 0.13 927211799415527 498 1 0.12 9312.00
problem28 0.12 977088289497579 345 1 0.11 9312.00
problem29 0.11 1064829641686159 352 1 0.11 9312.00
problem30 0.13 1035555559556854 467 1 0.12 9312.00
problem31 0.14 804735048286339 731 1 0.14 9312.00
problem32 0.12 908083281975482 194 1 0.12 9312.00
problem33 0.12 1092095800923396 212 1 0.12 9312.00
problem34 0.13 931290915835319 497 1 0.12 9312.00
problem35 0.11 1046897497878845 271 1 0.11 9312.00
problem36 0.38 825154061814400 1684 2 0.35 9312.00
problem37 0.16 858984956653130 1278 1 0.15 9312.00
problem38 0.15 875238063134966 1552 1 0.14 9312.00
problem39 0.15 928707034445677 947 1 0.14 9312.00
problem40 0.15 876955319829154 987 1 0.13 9312.00
problem41 0.14 859939820286599 668 1 0.13 9312.00
problem42 0.13 931109768285069 534 1 0.12 9312.00
problem43 0.11 927218637615750 348 1 0.11 9312.00
problem44 0.12 1014542101011180 372 1 0.1 9312.00
problem45 0.14 909730350709746 303 1 0.13 9312.00
problem46 0.11 1115306341794570 164 1 0.11 9312.00
problem47 0.13 871295876299843 403 1 0.12 9312.00
problem48 0.15 913499021104296 676 1 0.14 9312.00
problem49 0.13 930926278989949 291 1 0.12 9312.00
problem50 0.12 991719608729939 329 1 0.11 9312.00
problem51 0.13 875697650704477 388 1 0.12 9312.00
problem52 0.16 747289024384792 1222 1 0.15 9312.00
problem53 0.13 877796134483115 580 1 0.13 9312.00
problem54 0.15 892066458686579 636 1 0.14 9312.00
problem55 0.14 1043638964924757 778 1 0.13 9312.00
problem56 0.13 968358443913808 335 1 0.12 9312.00
problem57 0.12 984676346428862 433 1 0.11 9312.00
problem58 0.12 1107242794613075 208 1 0.12 9312.00
problem59 0.14 860414704337922 647 1 0.14 9312.00
problem60 0.12 984465609345894 246 1 0.11 9312.00
problem61 0.12 930291204311563 251 1 0.12 9312.00
problem62 0.15 849530628245779 898 1 0.13 9312.00
problem63 0.15 904533636407537 770 1 0.14 9312.00
problem64 0.14 897327246429295 542 1 0.14 9312.00
problem65 0.14 953100599612813 704 1 0.13 9312.00
problem66 0.15 791527369770585 867 1 0.14 9312.00
problem67 0.14 896085215436265 476 1 0.13 9312.00
problem68 0.13 948954552862775 562 1 0.13 9312.00
problem69 0.16 836670053951258 1250 1 0.15 9312.00
problem70 0.14 860526252582175 680 1 0.13 9312.00
problem71 0.15 959405246309750 449 1 0.15 9312.00
problem72 0.15 781218276463641 774 1 0.15 9312.00
problem73 0.13 938015005590032 477 1 0.12 9312.00
problem74 0.14 1013113091565161 577 1 0.13 9312.00
problem75 0.13 911212415373759 341 1 0.13 9312.00
problem76 0.14 972988390366078 704 1 0.13 9312.00
problem77 0.12 981740884936922 449 1 0.12 9312.00
problem78 0.12 974167304453375 345 1 0.11 9312.00
problem79 0.14 894333051859658 451 1 0.14 9312.00
problem80 0.14 880247725215337 514 1 0.13 9312.00
problem81 0.14 840051237657834 653 1 0.13 9312.00
problem82 0.13 959609065097173 552 1 0.12 9312.00
problem83 0.12 915614991988523 516 1 0.11 9312.00
problem84 0.14 942617188667941 330 1 0.14 9312.00
problem85 0.13 972845114859112 358 1 0.13 9312.00
problem86 0.13 833456654193696 714 1 0.13 9312.00
problem87 0.16 804651383793955 494 1 0.14 9312.00
problem88 0.12 1065286122147254 293 1 0.11 9312.00
problem89 0.14 924830731925174 925 1 0.13 9312.00
problem90 0.12 882558551555115 334 1 0.11 9312.00
problem91 0.14 975493336307497 598 1 0.13 9312.00
problem92 0.12 1032228651029422 450 1 0.11 9312.00
problem93 0.12 1041835744833046 204 1 0.11 9312.00
problem94 0.12 1094298793253876 553 1 0.11 9312.00
problem95 0.16 816159810710904 1137 1 0.14 9312.00
problem96 0.17 963030006888430 268 1 0.11 9312.00
problem97 0.15 929393695436903 878 1 0.14 9312.00
problem98 0.15 904612088792031 800 1 0.13 9312.00
problem99 0.14 904857724376937 775 1 0.13 9312.00
