problem0 0.73 440762413474417 1505 1 0.63 19216.00
problem1 0.07 556071951541883 477 1 0.06 12344.00
problem2 0.25 497034551162185 1874 2 0.21 12344.00
problem3 0.09 602149812514483 389 1 0.07 12344.00
problem4 0.1 566059229441216 967 1 0.08 12344.00
problem5 0.1 641066654184924 557 1 0.06 12344.00
problem6 0.08 659186127666847 235 1 0.06 12344.00
problem7 0.13 605463618673455 635 1 0.07 12344.00
problem8 0.21 530163913076387 892 1 0.06 12344.00
problem9 0.11 541841190365809 471 1 0.06 12344.00
problem10 0.17 662970350815872 339 1 0.04 12344.00
problem11 0.12 669770340521492 549 1 0.06 12344.00
problem12 0.13 605290708632571 714 1 0.06 12344.00
problem13 0.13 551246383991780 961 1 0.09 12344.00
problem14 0.08 639929300945322 262 1 0.07 12344.00
problem15 0.1 576482056581484 723 1 0.06 12344.00
problem16 0.12 562737300765986 1133 1 0.09 12344.00
problem17 0.07 647010985614147 251 1 0.06 12344.00
problem18 0.26 596559073643621 613 1 0.05 12344.00
problem19 0.1 478182633655144 592 1 0.08 12344.00
problem20 0.11 630705655007352 1296 1 0.07 12344.00
problem21 0.15 630424871594150 497 1 0.06 12344.00
problem22 0.11 567695325172125 812 1 0.08 12344.00
problem23 0.11 675278700970026 346 1 0.06 12344.00
problem24 0.12 592139342112474 578 1 0.06 12344.00
problem25 0.09 583347564139617 560 1 0.06 12344.00
problem26 0.12 482200995037337 1444 1 0.1 12344.00
problem27 0.43 559558309390336 2150 2 0.21 12344.00
problem28 0.08 679192042850788 293 1 0.06 12344.00
problem29 0.21 564229265463406 681 1 0.07 12344.00
problem30 0.07 661159625209877 317 1 0.05 12344.00
problem31 0.11 691810600979401 525 1 0.06 12344.00
problem32 0.15 582321932364552 880 1 0.07 12344.00
problem33 0.1 560616287448657 1157 1 0.09 12344.00
problem34 0.11 571557492731130 719 1 0.08 12344.00
problem35 0.1 617989530881493 411 1 0.06 12344.00
problem36 0.13 487135692711921 1485 1 0.09 12344.00
problem37 0.11 699055204962974 187 1 0.05 12344.00
problem38 0.09 600191401318915 403 1 0.07 12344.00
problem39 0.13 661012929860601 656 1 0.07 12344.00
problem40 0.09 590437676340086 519 1 0.08 12344.00
problem41 0.17 571018600931348 2031 1 0.1 12344.00
problem42 0.11 601972974167901 581 1 0.08 12344.00
problem43 0.08 625820398035639 316 1 0.07 12344.00
problem44 0.13 579891859723792 962 1 0.07 12344.00
problem45 0.11 582729859458720 349 1 0.06 12344.00
problem46 0.09 637192235179650 156 1 0.05 12344.00
problem47 0.18 502161400508160 831 1 0.07 12344.00
problem48 0.09 647636304249572 351 1 0.07 12344.00
problem49 0.09 541613876649160 390 1 0.08 12344.00
problem50 0.09 473782716472010 493 1 0.07 12344.00
problem51 0.11 577713220009795 350 1 0.07 12344.00
problem52 0.1 539137651704742 934 1 0.08 12344.00
problem53 0.12 561627992923058 1080 1 0.09 12344.00
problem54 0.08 596620940232897 243 1 0.06 12344.00
problem55 0.1 557225372646222 432 1 0.07 12344.00
problem56 0.12 561798109885705 725 1 0.09 12344.00
problem57 0.15 613960188456479 788 1 0.08 12344.00
problem58 0.12 552450415300595 958 1 0.08 12344.00
problem59 0.24 451812689475507 1052 1 0.07 12344.00
problem60 0.08 593992699096421 593 1 0.07 12344.00
problem61 0.11 605704203227981 666 1 0.07 12344.00
problem62 0.13 549240636275063 1272 1 0.1 12344.00
problem63 0.42 510610903731516 3685 2 0.28 14932.00
problem64 0.12 595949659221807 437 1 0.1 14932.00
problem65 0.23 622525818141758 629 1 0.1 14932.00
problem66 0.22 520186844224432 940 1 0.12 14932.00
problem67 0.21 447809684614380 1517 1 0.14 14932.00
problem68 0.17 584796419735247 1001 1 0.13 14932.00
problem69 0.12 573524460903536 357 1 0.11 14932.00
problem70 0.13 536654803012312 544 1 0.11 14932.00
problem71 0.12 658297057487492 194 1 0.09 14932.00
problem72 0.2 488662429644443 2053 1 0.16 14932.00
problem73 0.21 452855218473588 2002 1 0.16 14932.00
problem74 0.24 627134189417655 638 1 0.1 14932.00
problem75 0.18 641001668662433 764 1 0.11 14932.00
problem76 0.14 549435909026341 460 1 0.11 14932.00
problem77 0.2 585710461569545 1496 1 0.14 14932.00
problem78 0.51 539910497821520 2138 1 0.13 14932.00
problem79 0.17 528209005666730 939 1 0.15 14932.00
problem80 0.11 690967635439837 230 1 0.1 14932.00
problem81 0.14 559631328939191 500 1 0.11 14932.00
problem82 0.16 524349487132595 1176 1 0.14 14932.00
problem83 0.33 522941914939873 2152 1 0.13 14932.00
problem84 0.11 608129274772361 213 1 0.1 14932.00
problem85 0.17 559399179820165 992 1 0.13 14932.00
problem86 0.18 604390782917259 756 1 0.12 14932.00
problem87 0.13 646197341559623 357 1 0.11 14932.00
problem88 0.64 564673905438614 1354 1 0.11 16096.00
problem89 0.18 507481436761300 1724 1 0.14 16096.00
problem90 0.14 573596065815890 675 1 0.13 16096.00
problem91 0.15 559256692877518 735 1 0.12 16096.00
problem92 0.15 625639810894387 559 1 0.11 16096.00
problem93 0.15 682427199221922 266 1 0.1 16096.00
problem94 0.21 539648810311110 1863 1 0.16 16096.00
problem95 0.21 520544494106638 1187 1 0.12 16096.00
problem96 0.15 590670340055658 330 1 0.12 16096.00
problem97 0.18 549677696096953 822 1 0.13 16096.00
problem98 0.19 580569889769440 891 1 0.12 16096.00
problem99 0.14 620164250255553 515 1 0.11 16096.00
