problem0 0 688512720 1
problem1 0 668419734 1
problem2 0 710057741 1
problem3 0 730808271 1
problem4 0 665246354 1
problem5 0 604506288 1
problem6 0 692316831 1
problem7 0 677048697 1
problem8 0 672729716 1
problem9 0 729220202 1
problem10 0 698623825 1
problem11 0 693736899 1
problem12 0 690696310 1
problem13 0 633951172 1
problem14 0 707127075 1
problem15 0 718788269 1
problem16 0 650915480 1
problem17 0 655208638 1
problem18 0 601676821 1
problem19 0 549781047 1
problem20 0 718341850 1
problem21 0 634811736 1
problem22 0 684709927 1
problem23 0 744289889 1
problem24 0 685169468 1
problem25 0 636722066 1
problem26 0 682282329 1
problem27 0 779241771 1
problem28 0 675605950 1
problem29 0 617397612 1
problem30 0 764464555 1
problem31 0 660086933 1
problem32 0 678338656 1
problem33 0 727389414 1
problem34 0 655231773 1
problem35 0 644630175 1
problem36 0 601191714 1
problem37 0 616791040 1
problem38 0 707385263 1
problem39 0 692135241 1
problem40 0 646647300 1
problem41 0 630222010 1
problem42 0 630760801 1
problem43 0 644335251 1
problem44 0 649276678 1
problem45 0 646709524 1
problem46 0 705562163 1
problem47 0 685364349 1
problem48 0 673559592 1
problem49 0 674886414 1
problem50 0 665758757 1
problem51 0 721656071 1
problem52 0 623945066 1
problem53 0 686922920 1
problem54 0 597846327 1
problem55 0 728628785 1
problem56 0 729424588 1
problem57 0 664270818 1
problem58 0 717631337 1
problem59 0 721980923 1
problem60 0 704802382 1
problem61 0 721002172 1
problem62 0 696127675 1
problem63 0 672363109 1
problem64 0 675670512 1
problem65 0 717540150 1
problem66 0 665272109 1
problem67 0 682194287 1
problem68 0 746526642 1
problem69 0 673404752 1
problem70 0 732564671 1
problem71 0 669647129 1
problem72 0 654875028 1
problem73 0 754236682 1
problem74 0 732687217 1
problem75 0 734207843 1
problem76 0 668938646 1
problem77 0 715658852 1
problem78 0 685862211 1
problem79 0 710638157 1
problem80 0 709083576 1
problem81 0 599137630 1
problem82 0 738214965 1
problem83 0 773610455 1
problem84 0 645745658 1
problem85 0 700132344 1
problem86 0 701579847 1
problem87 0 693874177 1
problem88 0 733672028 1
problem89 0 623983666 1
problem90 0 719477113 1
problem91 0 631634635 1
problem92 0 605419230 1
problem93 0 617211916 1
problem94 0 609786827 1
problem95 0 665349173 1
problem96 0 699644800 1
problem97 0 761817478 1
problem98 0 669137725 1
problem99 0 666553407 1
