problem0 0.68 804190964302369 140736805470504 4 1.16637e-312 0.00
problem1 0.85 974468639699519 140736805470504 4 1.16637e-312 0.00
problem2 0.92 1098988320294989 140736805470504 4 1.16637e-312 0.00
problem3 1.22 1014939758930059 140736805470504 4 1.16637e-312 0.00
problem4 0.56 869526359976389 140736805470504 4 1.16637e-312 0.00
problem5 0.6 936431134110631 140736805470504 4 1.16637e-312 0.00
problem6 0.42 945690603819741 140736805470504 4 1.16637e-312 0.00
problem7 1.1 957665237031657 140736805470504 4 1.16637e-312 0.00
problem8 0.16 804705875713139 140736805470504 4 1.16637e-312 0.00
problem9 0.29 853180175808278 140736805470504 4 1.16637e-312 0.00
problem10 2.25 945767810505737 140736805470504 4 1.16637e-312 0.00
problem11 0.67 799165685126440 140736805470504 4 1.16637e-312 0.00
problem12 0.57 868033954848110 140736805470504 4 1.16637e-312 0.00
problem13 0.58 844476075211481 140736805470504 4 1.16637e-312 0.00
problem14 0.86 1042067593666269 140736805470504 4 1.16637e-312 0.00
problem15 0.92 992731056167432 140736805470504 4 1.16637e-312 0.00
problem16 0.47 752962924547428 140736805470504 4 1.16637e-312 0.00
problem17 0.81 980931964581310 140736805470504 4 1.16637e-312 0.00
problem18 1.01 778596491775349 140736805470504 4 1.16637e-312 0.00
problem19 2.76 1000113586761309 140736805470504 4 1.16637e-312 0.00
problem20 1.11 1026720659439074 140736805470504 4 1.16637e-312 0.00
problem21 0.77 810569535439808 140736805470504 4 1.16637e-312 0.00
problem22 0.6 878102465002876 140736805470504 4 1.16637e-312 0.00
problem23 1.38 827412138301989 140736805470504 4 1.16637e-312 0.00
problem24 0.96 866830692590268 140736805470504 4 1.16637e-312 0.00
problem25 0.22 671123658535928 140736805470504 4 1.16637e-312 0.00
problem26 0.85 993683539401315 140736805470504 4 1.16637e-312 0.00
problem27 0.52 748849535835126 140736805470504 4 1.16637e-312 0.00
problem28 1.65 1093034584899680 140736805470504 4 1.16637e-312 0.00
problem29 0.6 1134427096382959 140736805470504 4 1.16637e-312 0.00
problem30 1.1 943120616437513 140736805470504 4 1.16637e-312 0.00
problem31 0.48 956025009046292 140736805470504 4 1.16637e-312 0.00
problem32 0.5 1026939946011651 140736805470504 4 1.16637e-312 0.00
problem33 1.69 913994205964346 140736805470504 4 1.16637e-312 0.00
problem34 0.59 888636367090070 140736805470504 4 1.16637e-312 0.00
problem35 1.1 986975037583069 140736805470504 4 1.16637e-312 0.00
problem36 1.47 865920407075466 140736805470504 4 1.16637e-312 0.00
problem37 1.33 943074363072623 140736805470504 4 1.16637e-312 0.00
problem38 1.37 1084561496660337 140736805470504 4 1.16637e-312 0.00
problem39 0.76 846501795673839 140736805470504 4 1.16637e-312 0.00
problem40 0.87 1057580788411087 140736805470504 4 1.16637e-312 0.00
problem41 0.73 1029033448029694 140736805470504 4 1.16637e-312 0.00
problem42 0.3 943975131970874 140736805470504 4 1.16637e-312 0.00
problem43 0.95 892181536523315 140736805470504 4 1.16637e-312 0.00
problem44 1.6 807694015291785 140736805470504 4 1.16637e-312 0.00
problem45 0.64 836064310751450 140736805470504 4 1.16637e-312 0.00
problem46 0.88 935511959879152 140736805470504 4 1.16637e-312 0.00
problem47 0.71 992957035801369 140736805470504 4 1.16637e-312 0.00
problem48 2.28 1028669052023246 140736805470504 4 1.16637e-312 0.00
problem49 0.75 952787436845716 140736805470504 4 1.16637e-312 0.00
problem50 0.98 878478813326441 140736805470504 4 1.16637e-312 0.00
problem51 0.55 948644568824338 140736805470504 4 1.16637e-312 0.00
problem52 1.32 963727281828218 140736805470504 4 1.16637e-312 0.00
problem53 0.86 909625146431217 140736805470504 4 1.16637e-312 0.00
problem54 0.78 949961634234521 140736805470504 4 1.16637e-312 0.00
problem55 2 917431310476331 140736805470504 4 1.16637e-312 0.00
problem56 0.84 815731223629732 140736805470504 4 1.16637e-312 0.00
problem57 1.5 815580980423099 140736805470504 4 1.16637e-312 0.00
problem58 0.95 980204919456713 140736805470504 4 1.16637e-312 0.00
problem59 0.62 760848325886106 140736805470504 4 1.16637e-312 0.00
problem60 1.22 956118619136448 140736805470504 4 1.16637e-312 0.00
problem61 1.09 899168412407176 140736805470504 4 1.16637e-312 0.00
problem62 0.46 1021781213335701 140736805470504 4 1.16637e-312 0.00
problem63 1.26 1016735129185434 140736805470504 4 1.16637e-312 0.00
problem64 0.56 889600286437520 140736805470504 4 1.16637e-312 0.00
problem65 1.12 1015226245966059 140736805470504 4 1.16637e-312 0.00
problem66 0.85 1016953124587248 140736805470504 4 1.16637e-312 0.00
problem67 1.51 859196694826389 140736805470504 4 1.16637e-312 0.00
problem68 0.58 839191457828647 140736805470504 4 1.16637e-312 0.00
problem69 0.43 1098583113710990 140736805470504 4 1.16637e-312 0.00
problem70 1.32 795752212078062 140736805470504 4 1.16637e-312 0.00
problem71 1.36 839329964024948 140736805470504 4 1.16637e-312 0.00
problem72 0.43 1007860271817308 140736805470504 4 1.16637e-312 0.00
problem73 1.53 979980418775181 140736805470504 4 1.16637e-312 0.00
problem74 0.98 999028846350661 140736805470504 4 1.16637e-312 0.00
problem75 1.17 890857341327274 140736805470504 4 1.16637e-312 0.00
problem76 0.61 908881716506830 140736805470504 4 1.16637e-312 0.00
problem77 0.55 947330212784948 140736805470504 4 1.16637e-312 0.00
problem78 0.86 922316771238010 140736805470504 4 1.16637e-312 0.00
problem79 1.41 981505816729105 140736805470504 4 1.16637e-312 0.00
problem80 0.53 862840993230673 140736805470504 4 1.16637e-312 0.00
problem81 0.97 924428109545536 140736805470504 4 1.16637e-312 0.00
problem82 1.28 1065093041642831 140736805470504 4 1.16637e-312 0.00
problem83 1.28 916720087878619 140736805470504 4 1.16637e-312 0.00
problem84 1.08 790519384196381 140736805470504 4 1.16637e-312 0.00
problem85 1.3 888766770507104 140736805470504 4 1.16637e-312 0.00
problem86 0.87 891240046761401 140736805470504 4 1.16637e-312 0.00
problem87 0.75 920957551129230 140736805470504 4 1.16637e-312 0.00
problem88 0.63 909924747458396 140736805470504 4 1.16637e-312 0.00
problem89 2.16 949895176792650 140736805470504 4 1.16637e-312 0.00
problem90 0.8 979130495635692 140736805470504 4 1.16637e-312 0.00
problem91 2.99 961642929464105 140736805470504 4 1.16637e-312 0.00
problem92 0.55 912708700845151 140736805470504 4 1.16637e-312 0.00
problem93 0.71 938853908662206 140736805470504 4 1.16637e-312 0.00
problem94 1.26 720591672064836 140736805470504 4 1.16637e-312 0.00
problem95 1.02 881805090535534 140736805470504 4 1.16637e-312 0.00
problem96 0.76 795254727263630 140736805470504 4 1.16637e-312 0.00
problem97 0.94 897242868342220 140736805470504 4 1.16637e-312 0.00
problem98 1.48 834487751384622 140736805470504 4 1.16637e-312 0.00
problem99 1.23 1132577855297210 140736805470504 4 1.16637e-312 0.00
