problem0 0 1213173 0
problem1 0 1579503 1
problem2 0 1383094 0
problem3 0 1224100 1
problem4 0 1388271 0
problem5 0 1450033 1
problem6 0 1263584 0
problem7 0 1431254 1
problem8 0 1330121 0
problem9 0 1256659 1
problem10 0 1445610 0
problem11 0 1393512 1
problem12 0 1368963 0
problem13 0 1266133 1
problem14 0 1354196 0
problem15 0 1275226 1
problem16 0 1368093 0
problem17 0 1409335 1
problem18 0 1323678 0
problem19 0 1593004 1
problem20 0 1411991 0
problem21 0 1412345 1
problem22 0 1418056 0
problem23 0 1249630 1
problem24 0 1347569 0
problem25 0 1353499 1
problem26 0 1365458 0
problem27 0 1335152 1
problem28 0 1439531 0
problem29 0 1466781 1
problem30 0 1606716 0
problem31 0 1424098 1
problem32 0 1485637 0
problem33 0 1355391 1
problem34 0 1296518 0
problem35 0 1410484 1
problem36 0 1373759 0
problem37 0 1433537 1
problem38 0 1449136 0
problem39 0 1212902 1
problem40 0 1475098 1
problem41 0 1288035 1
problem42 0 1301178 0
problem43 0 1266040 1
problem44 0 1366228 1
problem45 0 1382245 1
problem46 0 1522852 0
problem47 0 1472106 1
problem48 0 1270893 0
problem49 0 1286599 1
problem50 0 1334382 0
problem51 0 1299132 1
problem52 0 1339111 0
problem53 0 1382537 1
problem54 0 1422361 1
problem55 0 1321070 1
problem56 0 1319490 1
problem57 0 1322411 1
problem58 0 1383843 1
problem59 0 1415552 1
problem60 0 1378427 0
problem61 0 1405741 1
problem62 0 1364748 0
problem63 0 1320946 1
problem64 0 1313685 0
problem65 0 1235727 1
problem66 0 1437270 0
problem67 0 1521092 1
problem68 0 1373584 1
problem69 0 1259345 1
problem70 0 1304960 0
problem71 0 1475830 1
problem72 0 1470569 0
problem73 0 1161715 1
problem74 0 1318538 0
problem75 0 1390472 1
problem76 0 1377828 1
problem77 0 1406197 1
problem78 0 1427316 0
problem79 0 1429370 1
problem80 0 1417405 0
problem81 0 1333847 1
problem82 0 1277503 1
problem83 0 1421004 1
problem84 0 1378872 1
problem85 0 1522713 1
problem86 0 1424616 0
problem87 0 1251198 1
problem88 0 1469586 1
problem89 0 1199163 1
problem90 0 1432947 1
problem91 0 1387408 1
problem92 0 1298891 0
problem93 0 1350845 1
problem94 0 1382877 1
problem95 0 1305858 1
problem96 0 1385445 0
problem97 0 1384351 1
problem98 0 1346598 0
problem99 0 1523156 1
