problem0 0 13249 1 0.00
problem1 0.00 12207 1 0.00
problem2 0.00 13901 1 0.00
problem3 0.00 12571 1 0.00
problem4 0.00 11161 1 0.00
problem5 0.00 12359 1 0.00
problem6 0.00 12965 1 0.00
problem7 0.00 13619 1 0.00
problem8 0.00 12913 1 0.00
problem9 0.00 11231 1 0.00
problem10 0.00 11517 1 0.00
problem11 0.00 13643 1 0.00
problem12 0.00 12617 1 0.00
problem13 0.00 12919 1 0.00
problem14 0.00 12629 1 0.00
problem15 0.00 10851 1 0.00
problem16 0.00 13601 1 0.00
problem17 0.00 12047 1 0.00
problem18 0.00 13485 1 0.00
problem19 0.00 12411 1 0.00
problem20 0.00 11001 1 0.00
problem21 0.00 12967 1 0.00
problem22 0.00 12805 1 0.00
problem23 0.00 13459 1 0.00
problem24 0.00 12241 1 0.00
problem25 0.00 11327 1 0.00
problem26 0.00 12893 1 0.00
problem27 0.00 12715 1 0.00
problem28 0.00 13737 1 0.00
problem29 0.00 12759 1 0.00
problem30 0.00 10933 1 0.00
problem31 0.00 11971 1 0.00
problem32 0.00 13441 1 0.00
problem33 0.00 12655 1 0.00
problem34 0.00 13325 1 0.00
problem35 0.00 11995 1 0.00
problem36 0.00 11609 1 0.00
problem37 0.00 13063 1 0.00
problem38 0.00 12389 1 0.00
problem39 0.00 13555 1 0.00
problem40 0.00 12081 1 0.00
problem41 0.00 10911 1 0.00
problem42 0.00 13245 1 0.00
problem43 0.00 12811 1 0.00
problem44 0.00 13321 1 0.00
problem45 0.00 12343 1 0.00
problem46 0.00 11029 1 0.00
problem47 0.00 13347 1 0.00
problem48 0.00 12257 1 0.00
problem49 0.00 13775 1 0.00
problem50 0.00 12653 1 0.00
problem51 0.00 11067 1 0.00
problem52 0.00 12217 1 0.00
problem53 0.00 13159 1 0.00
problem54 0.00 13509 1 0.00
problem55 0.00 12883 1 0.00
problem56 0.00 11409 1 0.00
problem57 0.00 11263 1 0.00
problem58 0.00 13597 1 0.00
problem59 0.00 12651 1 0.00
problem60 0.00 13161 1 0.00
problem61 0.00 12439 1 0.00
problem62 0.00 10869 1 0.00
problem63 0.00 13699 1 0.00
problem64 0.00 12097 1 0.00
problem65 0.00 13359 1 0.00
problem66 0.00 12493 1 0.00
problem67 0.00 10907 1 0.00
problem68 0.00 13081 1 0.00
problem69 0.00 12743 1 0.00
problem70 0.00 13349 1 0.00
problem71 0.00 12467 1 0.00
problem72 0.00 11249 1 0.00
problem73 0.00 12895 1 0.00
problem74 0.00 12669 1 0.00
problem75 0.00 13771 1 0.00
problem76 0.00 12745 1 0.00
problem77 0.00 10999 1 0.00
problem78 0.00 11989 1 0.00
problem79 0.00 13283 1 0.00
problem80 0.00 12705 1 0.00
problem81 0.00 13199 1 0.00
problem82 0.00 12077 1 0.00
problem83 0.00 11515 1 0.00
problem84 0.00 13177 1 0.00
problem85 0.00 12327 1 0.00
problem86 0.00 13445 1 0.00
problem87 0.00 12307 1 0.00
problem88 0.00 10833 1 0.00
problem89 0.00 13247 1 0.00
problem90 0.00 12765 1 0.00
problem91 0.00 13355 1 0.00
problem92 0.00 12329 1 0.00
problem93 0.00 11095 1 0.00
problem94 0.00 13365 1 0.00
problem95 0.00 12099 1 0.00
problem96 0.00 14081 1 0.00
problem97 0.00 12527 1 0.00
problem98 0.00 11149 1 0.00
problem99 0.00 12123 1 0.00
