problem0 0.06 1824704858984188 0
problem1 0.06 1933629177856148 0
problem2 0.05 1693471644086046 0
problem3 0.07 1911308735847596 0
problem4 0.05 2143130843022826 0
problem5 0.08 2240606638127971 0
problem6 0.06 1992012352737348 0
problem7 0.05 1933143843792050 0
problem8 0.09 2323595233465066 0
problem9 0.06 2023887367823582 0
problem10 0.08 1648653013724402 0
problem11 0.05 1784456871306816 0
problem12 0.04 1589502490542073 0
problem13 0.11 2319489228032562 0
problem14 0.09 1426234670704681 0
problem15 0.03 1764203646959058 0
problem16 0.04 1996233922650127 0
problem17 0.1 2462598201157151 0
problem18 0.05 2196183471251690 0
problem19 0.04 2206911625942489 0
problem20 0.07 2192999261703418 0
problem21 0.04 1811198364297292 0
problem22 0.05 1994791060031520 0
problem23 0.04 1839622330706254 0
problem24 0.05 2188634915687688 0
problem25 0.04 1763855591892402 0
problem26 0.08 1953687771949331 0
problem27 0.05 1779912845425167 0
problem28 0.04 1526963854058474 0
problem29 0.03 1912190787367190 0
problem30 0.05 1610167218163146 0
problem31 0.06 1626813430352620 0
problem32 0.03 1706304819851627 0
problem33 0.06 1901502166431606 0
problem34 0.04 1679930819285510 0
problem35 0.04 1821724838507412 0
problem36 0.04 2144882537488915 0
problem37 0.05 1714172459395502 0
problem38 0.07 1834785216031672 0
problem39 0.07 1827377385758785 0
problem40 0.04 1652626610543709 0
problem41 0.02 1675483679634480 0
problem42 0.02 1997711867229556 0
problem43 0.05 1546535433662088 0
problem44 0.07 2029460204460710 0
problem45 0.04 1792612590782035 0
problem46 0.06 1875453784825757 0
problem47 0.06 1861676640425180 0
problem48 0.05 2247405540941238 0
problem49 0.06 2148641855761836 0
problem50 0.07 1893013959695945 0
problem51 0.04 1724987923664758 0
problem52 0.06 1932393079769065 0
problem53 0.05 1992035002319695 0
problem54 0.04 1939060601202124 0
problem55 0.05 2035131214561742 0
problem56 0.04 1617938927961229 0
problem57 0.06 2198897790298606 0
problem58 0.05 1931058287395128 0
problem59 0.06 2189646929744529 0
problem60 0.04 2301766264423669 0
problem61 0.04 2274549148426723 0
problem62 0.06 2016495322685988 0
problem63 0.03 2223460570796266 0
problem64 0.05 1769896874940854 0
problem65 0.05 1919749401803971 0
problem66 0.07 2196901710186823 0
problem67 0.05 2051859846854772 0
problem68 0.09 1900500230593241 0
problem69 0.07 1987283272133583 0
problem70 0.06 1724302656999184 0
problem71 0.03 1580471100403516 0
problem72 0.03 2034765536222940 0
problem73 0.06 2047133850706087 0
problem74 0.06 1997451923784579 0
problem75 0.03 1785589066050048 0
problem76 0.05 2197233318488413 0
problem77 0.06 1770844540127890 0
problem78 0.03 2329965642254393 0
problem79 0.05 2083139458586141 0
problem80 0.03 1808163661230152 0
problem81 0.06 2227404574224642 0
problem82 0.03 2028587723968471 0
problem83 0.07 1830190441685918 0
problem84 0.03 2189254017133295 0
problem85 0.05 2057094115779864 0
problem86 0.04 2235094669226496 0
problem87 0.03 1980979837675773 0
problem88 0.08 1882983246650561 0
problem89 0.06 1926335395695404 0
problem90 0.02 2111247354351198 0
problem91 0.06 1934262511341953 0
problem92 0.06 2375569128356912 0
problem93 0.09 1674674328153196 0
problem94 0.06 1819858585311952 0
problem95 0.05 1808431358547588 0
problem96 0.06 1703342068894564 0
problem97 0.04 1727351703128966 0
problem98 0.04 2096309421485929 0
problem99 0.05 2084991519153863 0
