problem0 0.04 1498605607 1
problem1 0.08 1375427359 1
problem2 0 1439550359 1
problem3 0.05 1538158991 1
problem4 0.04 1398998279 1
problem5 0.02 1426767359 1
problem6 0 1242977399 1
problem7 0.05 1405091951 1
problem8 0.02 1258519015 1
problem9 0.03 1477834975 1
problem10 0.07 1532900695 1
problem11 0.02 1676437327 1
problem12 0.01 1366443719 1
problem13 0.05 1471876031 1
problem14 0.03 1403219511 1
problem15 0.06 1469163055 1
problem16 0.02 1399679911 1
problem17 0.01 1377302175 1
problem18 0 1449393943 1
problem19 0.02 1234025743 1
problem20 0.13 1362290823 1
problem21 0.01 1254799743 1
problem22 0.06 1419634679 1
problem23 0.01 1346284527 1
problem24 0.01 1317059943 1
problem25 0.02 1324438623 1
problem26 0.01 1322199255 1
problem27 0.02 1401057999 1
problem28 0.05 1553263175 1
problem29 0.06 1294583615 1
problem30 0.11 1425392055 1
problem31 0.01 1387729327 1
problem32 0.14 1479372583 1
problem33 0.06 1234309663 1
problem34 0.02 1385149079 1
problem35 0.07 1320847503 1
problem36 0.03 1367886855 1
problem37 0.01 1640510719 1
problem38 0.08 1620769655 1
problem39 0.01 1441453935 1
problem40 0.06 1382252775 1
problem41 0.02 1391079391 1
problem42 0.04 1402313815 1
problem43 0.02 1411776079 1
problem44 0.03 1543310791 1
problem45 0.03 1402340031 1
problem46 0.01 1199412535 1
problem47 0.05 1355414831 1
problem48 0.22 1360196263 1
problem49 0.03 1441377695 1
problem50 0.12 1372644887 1
problem51 0.03 1454691343 1
problem52 0.08 1340288903 1
problem53 0.02 1233334399 1
problem54 0 1435340535 1
problem55 0 1480884975 1
problem56 0.03 1412154471 1
problem57 0.07 1568705375 1
problem58 0.08 1328648151 1
problem59 0.01 1297549775 1
problem60 0.03 1428861255 1
problem61 0.01 1350549055 1
problem62 0.1 1253763255 1
problem63 0.02 1498048687 1
problem64 0.1 1369306663 1
problem65 0.2 1486801183 1
problem66 0 1369938327 1
problem67 0.01 1291624335 1
problem68 0.01 1539543815 1
problem69 0.03 1434168319 1
problem70 0.03 1391829623 1
problem71 0.06 1254862447 1
problem72 0.01 1331267559 1
problem73 0.13 1513383647 1
problem74 0.01 1260585815 1
problem75 0.01 1351980367 1
problem76 0.06 1369298119 1
problem77 0 1298594239 1
problem78 0.02 1412283447 1
problem79 0.04 1505252399 1
problem80 0.05 1431206311 1
problem81 0.08 1395745951 1
problem82 0 1368640791 1
problem83 0.08 1360128783 1
problem84 0.03 1286174343 1
problem85 0.29 1429317503 1
problem86 0.07 1347630583 1
problem87 0 1392531951 1
problem88 0 1399638887 1
problem89 0.03 1451606623 1
problem90 0.03 1357510359 1
problem91 0.02 1533124815 1
problem92 0.02 1423341639 1
problem93 0.04 1405859135 1
problem94 0.03 1331040183 1
problem95 0.05 1435746223 1
problem96 0.21 1503952167 1
problem97 0.02 1327595551 1
problem98 0.05 1427472535 1
problem99 0.01 1450489487 1
