problem0 1.91 1050809396255834 2029 1 1.88
problem1 1.26 1163927927485015 823 1 1.25
problem2 1.41 1219710737380760 1086 1 1.38
problem3 1.61 1038935181157186 1618 1 1.59
problem4 1.25 1267652870377208 1120 1 1.22
problem5 1.22 1306714448201703 1023 1 1.17
problem6 1.17 1191107870998146 778 1 1.15
problem7 1.47 929348927275556 1686 1 1.44
problem8 3.26 1020678203681601 2145 2 3.23
problem9 3.22 1083709250580456 2792 2 3.17
problem10 3.31 928547610439484 5214 2 3.25
problem11 1.56 1078610211825976 783 1 1.54
problem12 1.66 1022420038439994 1400 1 1.64
problem13 1.44 1191048800238958 1415 1 1.4
problem14 1.2 1240298304403471 563 1 1.18
problem15 1.75 1077800605498625 3319 1 1.69
problem16 1.62 960976735195466 2378 1 1.59
problem17 1.42 1138095734410295 1274 1 1.4
problem18 1.56 1082647155498135 1175 1 1.54
problem19 1.47 1016797911582581 1700 1 1.44
problem20 1.3 1183433758869774 941 1 1.26
problem21 1.46 1162475112165728 848 1 1.45
problem22 1.53 1023009976765432 1346 1 1.5
problem23 1.71 1020967140995296 1416 1 1.7
problem24 1.74 956373978098837 4203 1 1.69
problem25 1.59 1007845112496943 1765 1 1.55
problem26 1.53 1143889566219842 2261 1 1.48
problem27 1.27 1134514264862905 939 1 1.25
problem28 1.73 1129018942743763 2272 1 1.7
problem29 1.78 1037677814279268 2090 1 1.75
problem30 1.6 1080451590544540 826 1 1.58
problem31 1.67 1020519922391262 2235 1 1.64
problem32 1.64 1107005390936208 2554 1 1.57
problem33 1.63 1102680892245115 1482 1 1.6
problem34 1.32 1221725181039551 746 1 1.31
problem35 1.78 1094642811368489 3684 1 1.73
problem36 1.65 1112410495533995 2142 1 1.61
problem37 1.7 1069311864017418 2831 1 1.65
problem38 1.43 1192120292455629 1442 1 1.39
problem39 1.74 1051274695125315 2387 1 1.7
problem40 1.61 1222792663946517 1360 1 1.59
problem41 1.45 1199094410340987 1046 1 1.43
problem42 1.34 1197391425451441 1102 1 1.31
problem43 3.81 930006743868109 5265 2 3.72
problem44 1.35 1119124705146458 1037 1 1.32
problem45 1.48 1159975657306011 760 1 1.46
problem46 1.63 1130372766742525 2533 1 1.58
problem47 1.52 1244116184288038 1455 1 1.47
problem48 1.53 1061057870741500 2177 1 1.48
problem49 1.69 987775177663720 3418 1 1.6
problem50 1.71 1093158158092206 2444 1 1.68
problem51 1.3 1074329757162038 723 1 1.27
problem52 1.5 1038129254338332 862 1 1.49
problem53 1.76 1049705379349484 4529 1 1.69
problem54 3.81 856384176324412 7002 2 3.73
problem55 1.37 1062396044077732 747 1 1.34
problem56 1.57 1070856650813708 1041 1 1.55
problem57 1.56 1136730332426523 1124 1 1.55
problem58 1.78 1021731573199242 1649 1 1.76
problem59 1.32 1142058690733858 985 1 1.28
problem60 1.76 1089041655108713 2586 1 1.71
problem61 1.78 995805442135874 2637 1 1.73
problem62 1.9 944602023115197 2739 1 1.87
problem63 1.39 1269256578938887 888 1 1.36
problem64 1.41 1244378086041087 1183 1 1.4
problem65 1.76 942102061865985 2899 1 1.7
problem66 1.8 1074550612394794 2044 1 1.77
problem67 1.61 1139909380609563 1123 1 1.59
problem68 1.49 1040905601571637 1329 1 1.46
problem69 1.51 1150237392453836 1262 1 1.47
problem70 1.82 960069040560181 4865 1 1.76
problem71 1.62 1116681666501675 1414 1 1.6
problem72 1.89 1013654664219331 3214 1 1.84
problem73 1.41 1200196687364519 1134 1 1.38
problem74 1.63 1134379459471748 1792 1 1.6
problem75 1.73 1066684240081047 1313 1 1.71
problem76 1.65 1167274646021862 1425 1 1.62
problem77 1.69 1136809453591581 2013 1 1.63
problem78 1.84 1071534644567018 1633 1 1.81
problem79 1.71 1022945387419358 1661 1 1.68
problem80 1.74 970061289930371 2592 1 1.7
problem81 1.64 1162779097166506 968 1 1.62
problem82 1.54 1064298625862594 1765 1 1.52
problem83 1.53 1230264150864175 1026 1 1.51
problem84 1.53 1110208714914369 1254 1 1.5
problem85 1.5 1122190678613751 1206 1 1.47
problem86 1.5 1230444866854352 1352 1 1.45
problem87 1.84 1030984353495879 2321 1 1.81
problem88 1.56 1230726260075596 1654 1 1.54
problem89 1.8 1064853566300689 3247 1 1.72
problem90 1.32 1108505894108450 885 1 1.31
problem91 1.75 983523815143596 3381 1 1.67
problem92 1.8 955718384934892 1834 1 1.77
problem93 1.5 1210710796862576 1154 1 1.47
problem94 1.57 1203023935809410 1094 1 1.53
problem95 1.91 974132351090327 4865 1 1.83
problem96 1.72 1139469782749564 1712 1 1.7
problem97 1.66 1124652319452319 2419 1 1.61
problem98 1.39 1250128834255638 898 1 1.37
problem99 1.59 1129017970724215 1382 1 1.56
