problem0 0 183691 1 0.00
problem1 0.00 173661 1 0.00
problem2 0.00 181752 1 0.00
problem3 0.00 196342 1 0.00
problem4 0.00 182925 1 0.00
problem5 0.00 174615 1 0.00
problem6 0.00 176778 1 0.00
problem7 0.00 178688 1 0.00
problem8 0.00 188207 1 0.00
problem9 0.00 189169 1 0.00
problem10 0.00 183228 1 0.00
problem11 0.00 191274 1 0.00
problem12 0.00 220529 1 0.00
problem13 0.00 170731 1 0.00
problem14 0.00 193422 1 0.00
problem15 0.00 216180 1 0.00
problem16 0.00 210771 1 0.00
problem17 0.00 203781 1 0.00
problem18 0.00 191488 1 0.00
problem19 0.00 178142 1 0.00
problem20 0.00 171733 1 0.00
problem21 0.00 167999 1 0.00
problem22 0.00 186130 1 0.00
problem23 0.00 190312 1 0.00
problem24 0.00 189943 1 0.00
problem25 0.00 164249 1 0.00
problem26 0.00 202436 1 0.00
problem27 0.00 193810 1 0.00
problem28 0.00 196281 1 0.00
problem29 0.00 154131 1 0.00
problem30 0.00 191766 1 0.00
problem31 0.00 195292 1 0.00
problem32 0.00 203547 1 0.00
problem33 0.00 197549 1 0.00
problem34 0.00 162824 1 0.00
problem35 0.00 193222 1 0.00
problem36 0.00 183581 1 0.00
problem37 0.00 165991 1 0.00
problem38 0.00 189850 1 0.00
problem39 0.00 177872 1 0.00
problem40 0.00 165567 1 0.00
problem41 0.00 176705 1 0.00
problem42 0.00 191436 1 0.00
problem43 0.00 196858 1 0.00
problem44 0.00 186881 1 0.00
problem45 0.00 174907 1 0.00
problem46 0.00 192670 1 0.00
problem47 0.00 207684 1 0.00
problem48 0.00 178403 1 0.00
problem49 0.00 187733 1 0.00
problem50 0.00 194064 1 0.00
problem51 0.00 176046 1 0.00
problem52 0.00 185701 1 0.00
problem53 0.00 176783 1 0.00
problem54 0.00 179746 1 0.00
problem55 0.00 190520 1 0.00
problem56 0.00 188807 1 0.00
problem57 0.00 161001 1 0.00
problem58 0.00 182996 1 0.00
problem59 0.00 192226 1 0.00
problem60 0.00 167753 1 0.00
problem61 0.00 183907 1 0.00
problem62 0.00 171558 1 0.00
problem63 0.00 179628 1 0.00
problem64 0.00 192683 1 0.00
problem65 0.00 166141 1 0.00
problem66 0.00 203288 1 0.00
problem67 0.00 192150 1 0.00
problem68 0.00 210861 1 0.00
problem69 0.00 175799 1 0.00
problem70 0.00 204970 1 0.00
problem71 0.00 211872 1 0.00
problem72 0.00 185935 1 0.00
problem73 0.00 199057 1 0.00
problem74 0.00 218076 1 0.00
problem75 0.00 204490 1 0.00
problem76 0.00 163473 1 0.00
problem77 0.00 181131 1 0.00
problem78 0.00 153006 1 0.00
problem79 0.00 168468 1 0.00
problem80 0.00 172659 1 0.00
problem81 0.00 206501 1 0.00
problem82 0.00 190496 1 0.00
problem83 0.00 200574 1 0.00
problem84 0.00 152565 1 0.00
problem85 0.00 179423 1 0.00
problem86 0.00 167218 1 0.00
problem87 0.00 176392 1 0.00
problem88 0.00 206103 1 2544.00
problem89 0.00 184377 1 2544.00
problem90 0.00 157412 1 2544.00
problem91 0.00 200882 1 2544.00
problem92 0.00 157657 1 2544.00
problem93 0.00 182963 1 2544.00
problem94 0.00 186166 1 2544.00
problem95 0.00 198780 1 2544.00
problem96 0.00 192059 1 2544.00
problem97 0.00 177741 1 2544.00
problem98 0.00 204840 1 2544.00
problem99 0.00 193126 1 2544.00
