problem0 6.62 976166223852071 4577 1 6.51 49824.00
problem1 5.05 1055919524997841 3443 1 4.92 44140.00
problem2 4.33 1028189859883337 1848 1 4.27 44244.00
problem3 11.63 970578772836898 6912 2 11.48 36860.00
problem4 13.58 937929512892611 8109 2 13.38 84172.00
problem5 4.08 1061214054025481 2058 1 4.02 55680.00
problem6 5.3 1000870225595079 5871 1 5.06 55984.00
problem7 12.91 915005031893969 14047 2 12.53 49488.00
problem8 5.06 1079833436408363 2973 1 4.93 43344.00
problem9 7.01 955586921644816 10431 1 6.78 49972.00
problem10 3.23 1164984961995161 1267 1 3.12 42908.00
problem11 5.23 1046886426701036 4615 1 5.02 39028.00
problem12 5.97 1025515319546695 5141 1 5.82 49488.00
problem13 5.27 951280474788162 3224 1 5.15 43128.00
problem14 5.9 849715255080156 4436 1 5.78 63404.00
problem15 5.9 1054552535936145 2833 1 5.83 53076.00
problem16 4.83 1068546933970839 2459 1 4.75 53584.00
problem17 4.56 1117298428566780 2445 1 4.43 45172.00
problem18 5.42 1129617369126248 2947 1 5.34 45348.00
problem19 5.74 1062644080553322 4977 1 5.5 39032.00
problem20 4.98 1045975215488372 3465 1 4.85 74632.00
problem21 5.81 1024649888783297 4040 1 5.67 138576.00
problem22 5.84 821482016421606 6622 1 5.58 126184.00
problem23 3.88 1075887625391320 1621 1 3.83 46780.00
problem24 4.2 1116963910286261 2155 1 4.11 47440.00
problem25 5.02 1021193331398800 4177 1 4.77 39020.00
problem26 6.83 904282714422656 7969 1 6.63 65196.00
problem27 3.15 1128096411928075 1393 1 3.07 30956.00
problem28 3.53 1082532690890309 1158 1 3.44 82952.00
problem29 5.62 1010645074760827 3035 1 5.52 78812.00
problem30 6.41 998969459915243 7561 1 6.12 78812.00
problem31 5.64 1019907357232840 3642 1 5.54 67920.00
problem32 6.41 962548126158318 7189 1 6.2 29008.00
problem33 6.51 803122528316408 5382 1 6.34 79092.00
problem34 5.15 1015525061423243 2096 1 5.04 88400.00
problem35 6.38 977516293718602 7885 1 6.03 64224.00
problem36 6.48 905485661616558 7913 1 6.31 64644.00
problem37 6.05 918383188395813 4458 1 5.86 53084.00
problem38 5.81 980135920909360 1818 1 5.77 107944.00
problem39 5.45 1040378036729060 4011 1 5.27 36984.00
problem40 6.52 1026525785743319 7052 1 6.34 28496.00
problem41 5.44 915004901726045 3170 1 5.35 85044.00
problem42 4.32 1239277579477206 1172 1 4.26 84996.00
problem43 5.02 1118494443462170 4066 1 4.71 85864.00
problem44 4.62 1046651421622929 3086 1 4.47 43096.00
problem45 5.01 1102039678932416 3307 1 4.87 74652.00
problem46 6.29 1025067432029862 2874 1 6.24 61356.00
problem47 6.73 872296754786788 9371 1 6.51 38700.00
problem48 6.76 891124416042731 8845 1 6.55 30132.00
problem49 6.08 1048188604118723 5634 1 5.95 37436.00
problem50 4.51 1026641270449372 2486 1 4.33 61336.00
problem51 4.99 1074063389455850 3997 1 4.8 61776.00
problem52 7.17 936980772555310 6879 1 7.03 85088.00
problem53 5.78 1077006570744689 5023 1 5.63 72456.00
problem54 5 1041816997028498 3229 1 4.85 55132.00
problem55 6.65 1021697478011697 7370 1 6.41 55632.00
problem56 3.54 1111568532288442 851 1 3.47 89040.00
problem57 6.49 1055717839155337 4466 1 6.34 78184.00
problem58 5.57 1068433446609688 4133 1 5.46 28908.00
problem59 6.7 1037795496904572 3150 1 6.65 41084.00
problem60 6.23 978126076992281 4146 1 6.13 26960.00
problem61 4.26 1113101521320390 1848 1 4.15 57200.00
problem62 4.86 1050309678917144 3247 1 4.69 34940.00
problem63 4.9 1057745956685512 3332 1 4.71 39180.00
problem64 3.6 1199273976952659 1305 1 3.51 59264.00
problem65 5.52 999815268548182 5031 1 5.32 49208.00
problem66 5.65 930175474412075 1285 1 5.63 93368.00
problem67 3.21 1144888766342224 1273 1 3.16 81088.00
problem68 4.85 1008195932135790 2301 1 4.77 78780.00
problem69 6.53 840109382917491 6212 1 6.41 78780.00
problem70 2.9 1224755504518732 1296 1 2.85 41032.00
problem71 5.24 1025704300348568 2269 1 5.13 53076.00
problem72 5.61 960956911877874 3350 1 5.48 134484.00
problem73 4.64 1040755221044649 1890 1 4.58 134484.00
problem74 6.8 831456139293283 9161 1 6.57 48408.00
problem75 6.38 933737232729085 12845 1 6.14 56936.00
problem76 4.32 1123893149871347 1530 1 4.24 48976.00
problem77 5.55 1155787034714777 3758 1 5.33 41084.00
problem78 5.28 948523917203801 893 1 5.25 63352.00
problem79 5.81 1004976190639504 4344 1 5.71 74524.00
problem80 5.51 1058391045361816 4550 1 5.26 74540.00
problem81 6.67 840143102850352 7461 1 6.52 80556.00
problem82 6.18 976394823490469 5167 1 6.01 67428.00
problem83 4.51 1078765457512243 1489 1 4.44 39036.00
problem84 4.12 1208320031679290 2325 1 3.99 27584.00
problem85 6.72 891653899500664 9146 1 6.5 102508.00
problem86 5.61 942454155173713 4146 1 5.44 102508.00
problem87 5.87 978358890807224 7237 1 5.57 45176.00
problem88 7.14 951170761381697 11460 1 6.79 40784.00
problem89 4.08 1120727181672831 2458 1 3.99 46812.00
problem90 4 1076220849617767 2215 1 3.84 46988.00
problem91 4.64 960803525246122 1754 1 4.59 36988.00
problem92 5.7 945910600939261 7586 1 5.45 49488.00
problem93 4.78 1138456854156060 2735 1 4.62 57196.00
problem94 6 945907679002221 3566 1 5.9 118264.00
problem95 4.23 1113551582356089 2312 1 4.07 45164.00
problem96 4.68 1102358145840160 2275 1 4.55 46820.00
problem97 3.98 1082818916539756 937 1 3.93 71584.00
problem98 6.3 978078528447447 5399 1 6.15 59708.00
problem99 4.65 1073514968683486 2008 1 4.57 136532.00
