problem0 1.95 1692532461233004 491 1 1.95 10916.00
problem1 2.44 1873649326421271 530 2 2.43 7764.00
problem2 1.14 1795224824656665 419 1 1.13 7764.00
problem3 1.09 1508014415910853 364 1 1.08 7764.00
problem4 1.04 1397209393111492 319 1 1.03 3508.00
problem5 1.1 1672852391725450 411 1 1.1 3628.00
problem6 1.19 2012584481347782 294 1 1.19 3628.00
problem7 1.12 1628522468711774 181 1 1.1 3628.00
problem8 1.12 1680555875384451 488 1 1.12 3780.00
problem9 1.16 1653797142844124 276 1 1.15 3780.00
problem10 1.09 1714729317515355 171 1 1.08 3780.00
problem11 1.14 1765620965007480 310 1 1.13 3780.00
problem12 1.12 1556021804096222 373 1 1.12 3780.00
problem13 1.11 1553633999490640 255 1 1.1 3780.00
problem14 1.87 1316731872336798 737 2 1.87 4648.00
problem15 1.23 1833803021177229 161 1 1.22 4648.00
problem16 1.1 1666955899101334 383 1 1.09 4648.00
problem17 1.13 1523314467116500 471 1 1.11 4648.00
problem18 1.12 1504601748430194 680 1 1.12 4648.00
problem19 1.1 1497672019957872 425 1 1.09 4648.00
problem20 2.24 1612354928871404 801 2 2.23 5340.00
problem21 1.1 1445183825192794 190 1 1.09 5340.00
problem22 1.13 1804780399769598 648 1 1.12 5340.00
problem23 1.13 1596894159201206 460 1 1.13 5340.00
problem24 1.03 1429114381008108 222 1 1.02 5340.00
problem25 1.12 1520555520549255 327 1 1.1 5340.00
problem26 2.13 1362066893042430 1020 2 2.13 5468.00
problem27 1.11 1657766456138815 224 1 1.11 5468.00
problem28 1.12 1612151611234482 299 1 1.11 5468.00
problem29 1.03 1473780620804106 996 1 1.01 5468.00
problem30 1.03 1295074019434941 339 1 1.03 5468.00
problem31 1.14 1472183876886519 280 1 1.13 5468.00
problem32 1.11 1687257740484358 826 1 1.1 5468.00
problem33 1.05 1395691927752102 188 1 1.05 5468.00
problem34 1.02 1447011527141476 681 1 1 5468.00
problem35 1.13 1619297852370364 200 1 1.13 5468.00
problem36 1.16 1801945368127429 186 1 1.14 5468.00
problem37 1.2 1785416744091995 463 1 1.2 5468.00
problem38 1.14 1596120321548211 939 1 1.12 5468.00
problem39 1.13 1636544165914958 536 1 1.13 5468.00
problem40 1.14 1485727756283579 294 1 1.13 5468.00
problem41 1.12 1548707132990576 584 1 1.12 5468.00
problem42 1.03 1446861689891951 879 1 1.03 5468.00
problem43 1.17 1663444622766112 554 1 1.15 5468.00
problem44 1.25 1807888525809130 234 1 1.24 5468.00
problem45 1.26 1769400549612068 150 1 1.26 5468.00
problem46 1.16 1636837973180271 363 1 1.15 5468.00
problem47 1.13 1687868455646954 323 1 1.12 5468.00
problem48 1.2 1595702034402815 583 1 1.2 5468.00
problem49 1 1426324952002334 364 1 0.99 5468.00
problem50 1.16 1707001297818597 332 1 1.16 5468.00
problem51 1.15 1708247718072254 591 1 1.14 5468.00
problem52 1.13 1667706564661301 683 1 1.12 5468.00
problem53 1.15 1775281777315627 595 1 1.15 5468.00
problem54 1.13 1667348684354827 248 1 1.12 5468.00
problem55 1.08 1494785129610072 884 1 1.08 5468.00
problem56 1.21 1776016726801703 364 1 1.2 5468.00
problem57 1.12 1549980795027609 433 1 1.11 5468.00
problem58 1.13 1547927053829372 437 1 1.13 5468.00
problem59 1.13 1650439964159915 429 1 1.12 5468.00
problem60 1.15 1577022719627244 717 1 1.14 5468.00
problem61 1.17 1620482886156578 597 1 1.17 5468.00
problem62 1.15 1573095562450970 452 1 1.14 5468.00
problem63 0.97 1520297667860865 843 1 0.96 5468.00
problem64 1.22 1718976725271489 566 1 1.21 5468.00
problem65 1.17 1589854575462309 695 1 1.15 5468.00
problem66 1.14 1825255514393838 177 1 1.13 5468.00
problem67 1 1408526056605333 603 1 1 5468.00
problem68 1.16 1609543412677800 324 1 1.15 5468.00
problem69 1.13 1480202725871836 361 1 1.12 5468.00
problem70 1.16 1572264602388382 442 1 1.15 5468.00
problem71 1.16 1499498840549797 439 1 1.15 5468.00
problem72 1.2 1539842742731011 504 1 1.18 5468.00
problem73 1.2 1571867518999525 104 1 1.2 5468.00
problem74 1.17 1794646477132327 523 1 1.16 5468.00
problem75 1.2 1746283887838926 249 1 1.19 5468.00
problem76 1.16 1509510803150332 274 1 1.15 5468.00
problem77 1.17 1568037804345604 378 1 1.17 5468.00
problem78 1.18 1638983867466190 489 1 1.17 5468.00
problem79 0.97 1312502810850959 774 1 0.96 5468.00
problem80 1.17 1574150066175516 696 1 1.16 5468.00
problem81 2.11 1517780419896097 1363 2 2.1 6068.00
problem82 1.15 1630251942028353 772 1 1.13 6068.00
problem83 1.18 1502280189299215 656 1 1.18 6068.00
problem84 1.18 1534438050915026 764 1 1.17 6068.00
problem85 1.14 1624919158017234 632 1 1.12 6068.00
problem86 1.14 1729827580770835 496 1 1.14 6068.00
problem87 1.28 1666105166042201 311 1 1.27 6068.00
problem88 1.18 1563673066454722 430 1 1.17 6068.00
problem89 1.17 1679483421478056 363 1 1.16 6068.00
problem90 1.23 1714285978549779 461 1 1.22 6068.00
problem91 0.97 1522876639375407 997 1 0.96 6068.00
problem92 1.21 1772521299320826 362 1 1.2 6068.00
problem93 1.19 1761728431884323 426 1 1.18 6068.00
problem94 1.15 1689374492753503 717 1 1.13 6068.00
problem95 1.18 1458809072395880 660 1 1.17 6068.00
problem96 1.12 1387727539252658 969 1 1.11 6068.00
problem97 1.17 1482364687919765 579 1 1.17 6068.00
problem98 1.17 1531706703035728 993 1 1.15 6068.00
problem99 1.24 1776382684911619 634 1 1.23 6068.00
