problem0 0.09 512583395214915 204 1 0.01 3404.00
problem1 0.1 483865975847648 150 1 0.01 2784.00
problem2 0.14 492520348460941 146 1 0.01 2808.00
problem3 0.93 371596162179317 556 3 0.02 3180.00
problem4 0.03 358316401323138 134 1 0.02 3824.00
problem5 0.02 440388418218278 74 1 0.02 3376.00
problem6 94.33 419095210581988 1474 3 0.04 4112.00
problem7 0.04 505311777410840 134 1 0.01 4160.00
problem8 0.06 392888911564024 188 1 0.02 4520.00
problem9 0.17 349878836128223 327 1 0.02 4444.00
problem10 0.15 481050961465474 144 1 0.02 4384.00
problem11 0.07 422683909446037 222 1 0.01 4156.00
problem12 0.36 444650891973270 368 1 0.01 4448.00
problem13 0.69 405687683968370 359 1 0.01 4400.00
problem14 0.17 394682421994954 229 1 0.01 4492.00
problem15 0.05 486870752139222 153 1 0.01 4336.00
problem16 0.56 473764988782010 319 1 0.01 4292.00
problem17 0.72 488215021975927 280 1 0.02 4356.00
problem18 2.66 359153080098673 774 1 0.01 4176.00
problem19 0.15 409581128983047 250 1 0.02 4408.00
problem20 0.12 447943458478812 188 1 0.01 4312.00
problem21 0.03 422922592168196 94 1 0.01 4308.00
problem22 0.07 416618890579258 119 1 0.01 4164.00
problem23 0.06 549085021188039 107 1 0.01 3376.00
problem24 0.03 454021738141829 81 1 0.01 3716.00
problem25 0.14 456740109681073 278 1 0.02 4444.00
problem26 0.03 412487298536023 109 1 0.01 4288.00
problem27 0.03 430812147674841 136 1 0.01 4176.00
problem28 0.03 434059199448389 114 1 0.01 4396.00
problem29 0.07 419830375221920 146 1 0.01 4156.00
problem30 0.24 449640767757890 281 1 0.01 4328.00
problem31 0.27 424182540738462 243 1 0.02 4368.00
problem32 0.04 417492048287228 145 1 0.02 4284.00
problem33 0.07 416834204817958 148 1 0.01 4168.00
