problem0 0.64 11914785205 1
problem1 0.08 11509284863 1
problem2 0.23 12025855714 1
problem3 0.19 12468806904 1
problem4 0.07 10481904247 1
problem5 0.17 10949350073 1
problem6 0.64 10737962932 1
problem7 0.36 11180627842 1
problem8 0.06 11371750361 1
problem9 0.15 12688094099 1
problem10 0.05 11317823014 1
problem11 0.12 12253227308 1
problem12 0.33 11732029403 1
problem13 0.53 11121708173 1
problem14 0.06 11864040504 1
problem15 0.14 12005839862 1
problem16 0.15 12180684925 1
problem17 0.03 11820607399 1
problem18 0.07 12458380266 1
problem19 0.11 11194364384 1
problem20 0.13 10340509631 1
problem21 0.58 12757429985 1
problem22 0.14 12040093500 1
problem23 0.08 10245192938 1
problem24 0.12 11664775073 1
problem25 0.17 11239828539 1
problem26 0.07 11649294382 1
problem27 0.57 11688562452 1
problem28 0.25 11684971043 1
problem29 0.09 9872279989 1
problem30 0.67 10651168960 1
problem31 0.93 12510896734 1
problem32 0.73 11722799429 1
problem33 0.03 11782574415 1
problem34 0.65 11812262642 1
problem35 0 11021537480 1
problem36 0.08 10386353927 1
problem37 0.2 12260076809 1
problem38 0.48 11640080580 1
problem39 0.03 10953331794 1
problem40 0.04 10880922985 1
problem41 0.21 10864289507 1
problem42 0.12 10379293750 1
problem43 0.12 11153688316 1
problem44 0.02 13029457515 1
problem45 0 12227668189 1
problem46 0.05 11096463176 1
