problem0 0 19387384909049 0 2208.00
problem1 0.00 26644496268767 0 2264.00
problem2 0.00 24408568294701 0 2264.00
problem3 0.00 31897590979892 0 2264.00
problem4 0.00 22882902668113 0 2264.00
problem5 0.00 26744750221761 0 2264.00
problem6 0.00 22640883922691 0 2264.00
problem7 0.00 23057332565384 0 2264.00
problem8 0.00 26271342575525 0 2264.00
problem9 0.00 31000412388450 0 2264.00
problem10 0.00 28459768160988 0 2264.00
problem11 0.00 26733292955010 0 2264.00
problem12 0.00 24285176610308 0 2264.00
problem13 0.00 22908431967998 0 2264.00
problem14 0.00 25046332116532 0 2264.00
problem15 0.00 23081865690902 0 2264.00
problem16 0.00 26601081798933 0 2264.00
problem17 0.00 27600149269211 0 2264.00
problem18 0.00 25340683394138 0 2264.00
problem19 0.00 25736712195268 0 2264.00
problem20 0.00 19609100388797 0 2264.00
problem21 0.00 29061635837888 0 2264.00
problem22 0.00 25225787781781 0 2264.00
problem23 0.00 21564219133157 0 2264.00
problem24 0.00 20136292365161 0 2264.00
problem25 0.00 20006905389018 0 2264.00
problem26 0.00 27498317828831 0 2264.00
problem27 0.00 29912363346516 0 2264.00
problem28 0.00 28071337687077 0 2264.00
problem29 0.00 28559756093611 0 2264.00
problem30 0.00 28606662489847 0 2264.00
problem31 0.00 27567218485846 0 2264.00
problem32 0.00 23620871627111 0 2264.00
problem33 0.01 28249147306267 0 2264.00
problem34 0.00 22865531388013 0 2264.00
problem35 0.00 20379395399745 0 2264.00
problem36 0.00 22408930191364 0 2264.00
problem37 0.00 27011088923562 0 2264.00
problem38 0.00 26949247804678 0 2264.00
problem39 0.00 31026364590937 0 2264.00
problem40 0.00 25929272288936 0 2264.00
problem41 0.00 26265561125465 0 2264.00
problem42 0.00 26260815492382 0 2264.00
problem43 0.00 33088951354703 0 2264.00
problem44 0.00 24051501831741 0 2264.00
problem45 0.00 26136659799002 0 2264.00
problem46 0.00 21294136761514 0 2264.00
problem47 0.00 27989618935326 0 2264.00
problem48 0.00 23519465210860 0 2264.00
problem49 0.00 23073476701823 0 2264.00
problem50 0.00 25999802983907 0 2264.00
problem51 0.00 23055684068656 0 2264.00
problem52 0.00 22098047039334 0 2264.00
problem53 0.00 27212531842572 0 2264.00
problem54 0.00 25962722994079 0 2264.00
problem55 0.00 28870468738524 0 2264.00
problem56 0.00 29286509742263 0 2264.00
problem57 0.00 24984846610105 0 2264.00
problem58 0.00 25541958296338 0 2264.00
problem59 0.00 30411733590965 0 2264.00
problem60 0.00 19516558725605 0 2264.00
problem61 0.00 19053338665367 0 2264.00
problem62 0.00 19994297387682 0 2264.00
problem63 0.00 30339643322903 0 2264.00
problem64 0.00 21990254932208 0 2264.00
problem65 0.00 26174111977849 0 2264.00
problem66 0.00 26365308059578 0 2264.00
problem67 0.01 23558210282897 0 2264.00
problem68 0.00 21113902459246 0 2264.00
problem69 0.00 23005994098582 0 2264.00
problem70 0.00 30518280417951 0 2264.00
problem71 0.00 25901480747088 0 2264.00
problem72 0.00 27043972054237 0 2264.00
problem73 0.00 21933192033421 0 2264.00
problem74 0.00 29571954600707 0 2264.00
problem75 0.00 28204833261537 0 2264.00
problem76 0.00 16829943909105 0 2264.00
problem77 0.00 22094044027272 0 2264.00
problem78 0.00 27197882733613 0 2264.00
problem79 0.00 20112282911858 0 2264.00
problem80 0.00 26182223243332 0 2264.00
problem81 0.00 24517156619531 0 2264.00
problem82 0.00 24188163755484 0 2264.00
problem83 0.00 20652096968040 0 2264.00
problem84 0.00 24217833008364 0 2264.00
problem85 0.00 22428604648838 0 2264.00
problem86 0.00 24174652224888 0 2264.00
problem87 0.00 26653765132524 0 2264.00
problem88 0.00 21759770933821 0 2264.00
problem89 0.00 27262304966486 0 2264.00
problem90 0.00 25093193428988 0 2264.00
problem91 0.00 24506647451999 0 2264.00
problem92 0.00 28984686235423 0 2264.00
problem93 0.00 25373025977862 0 2264.00
problem94 0.00 25494157239643 0 2264.00
problem95 0.00 23740149755158 0 2264.00
problem96 0.00 28791260347589 0 2264.00
problem97 0.00 30745986961019 0 2264.00
problem98 0.00 28210325720349 0 2264.00
problem99 0.00 20851030564562 0 2264.00
