problem0 0 13810 1 0.00
problem1 0.00 13522 1 0.00
problem2 0.00 12722 1 0.00
problem3 0.00 15506 1 0.00
problem4 0.00 13170 1 0.00
problem5 0.00 13906 1 0.00
problem6 0.00 14642 1 0.00
problem7 0.00 14866 1 0.00
problem8 0.00 14066 1 0.00
problem9 0.00 16338 1 0.00
problem10 0.00 13490 1 0.00
problem11 0.00 13714 1 0.00
problem12 0.00 12914 1 0.00
problem13 0.00 16722 1 0.00
problem14 0.00 14386 1 0.00
problem15 0.00 14610 1 0.00
problem16 0.00 15346 1 0.00
problem17 0.00 14546 1 0.00
problem18 0.00 13746 1 0.00
problem19 0.00 13458 1 0.00
problem20 0.00 13170 1 0.00
problem21 0.00 14930 1 0.00
problem22 0.00 13106 1 0.00
problem23 0.00 14354 1 0.00
problem24 0.00 14066 1 0.00
problem25 0.00 13266 1 0.00
problem26 0.00 15538 1 0.00
problem27 0.00 15762 1 0.00
problem28 0.00 14450 1 0.00
problem29 0.00 13650 1 0.00
problem30 0.00 12338 1 0.00
problem31 0.00 16146 1 0.00
problem32 0.00 15858 1 0.00
problem33 0.00 13522 1 0.00
problem34 0.00 15794 1 0.00
problem35 0.00 14482 1 0.00
problem36 0.00 14194 1 0.00
problem37 0.00 12882 1 0.00
problem38 0.00 13106 1 0.00
problem39 0.00 14354 1 0.00
problem40 0.00 14066 1 0.00
problem41 0.00 14290 1 0.00
problem42 0.00 13490 1 0.00
problem43 0.00 13714 1 0.00
problem44 0.00 15474 1 0.00
problem45 0.00 15186 1 0.00
problem46 0.00 15410 1 0.00
problem47 0.00 14610 1 0.00
problem48 0.00 12274 1 0.00
problem49 0.00 14034 1 0.00
problem50 0.00 15794 1 0.00
problem51 0.00 16018 1 0.00
problem52 0.00 14194 1 0.00
problem53 0.00 15442 1 0.00
problem54 0.00 13106 1 0.00
problem55 0.00 13330 1 0.00
problem56 0.00 13554 1 0.00
problem57 0.00 13266 1 0.00
problem58 0.00 15538 1 0.00
problem59 0.00 12690 1 0.00
problem60 0.00 13938 1 0.00
problem61 0.00 14162 1 0.00
problem62 0.00 15410 1 0.00
problem63 0.00 15122 1 0.00
problem64 0.00 15346 1 0.00
problem65 0.00 14546 1 0.00
problem66 0.00 12722 1 0.00
problem67 0.00 13458 1 0.00
problem68 0.00 16242 1 0.00
problem69 0.00 15442 1 0.00
problem70 0.00 13618 1 0.00
problem71 0.00 15890 1 0.00
problem72 0.00 14066 1 0.00
problem73 0.00 13266 1 0.00
problem74 0.00 14002 1 0.00
problem75 0.00 12690 1 0.00
problem76 0.00 15474 1 0.00
problem77 0.00 13138 1 0.00
problem78 0.00 14386 1 0.00
problem79 0.00 13586 1 0.00
problem80 0.00 14322 1 0.00
problem81 0.00 15058 1 0.00
problem82 0.00 16306 1 0.00
problem83 0.00 13458 1 0.00
problem84 0.00 13682 1 0.00
problem85 0.00 12370 1 0.00
problem86 0.00 16690 1 0.00
problem87 0.00 15378 1 0.00
problem88 0.00 13554 1 0.00
problem89 0.00 16338 1 0.00
problem90 0.00 14514 1 0.00
problem91 0.00 13714 1 0.00
problem92 0.00 12914 1 0.00
problem93 0.00 13138 1 0.00
problem94 0.00 14898 1 0.00
problem95 0.00 13586 1 0.00
problem96 0.00 13810 1 0.00
problem97 0.00 14034 1 0.00
problem98 0.00 13746 1 0.00
problem99 0.00 15506 1 0.00
