problem0 0 9468 1 0.00
problem1 0.00 9293 1 0.00
problem2 0.00 8157 1 0.00
problem3 0.00 9730 1 0.00
problem4 0.00 10486 1 0.00
problem5 0.00 9295 1 0.00
problem6 0.00 10631 1 0.00
problem7 0.00 9844 1 0.00
problem8 0.00 9168 1 0.00
problem9 0.00 7857 1 0.00
problem10 0.00 10001 1 0.00
problem11 0.00 10310 1 0.00
problem12 0.00 9098 1 0.00
problem13 0.00 10611 1 0.00
problem14 0.00 10107 1 0.00
problem15 0.00 8824 1 0.00
problem16 0.00 7972 1 0.00
problem17 0.00 10645 1 0.00
problem18 0.00 9413 1 0.00
problem19 0.00 9738 1 0.00
problem20 0.00 10398 1 0.00
problem21 0.00 9751 1 0.00
problem22 0.00 8687 1 0.00
problem23 0.00 8700 1 0.00
problem24 0.00 9976 1 0.00
problem25 0.00 9721 1 0.00
problem26 0.00 9977 1 0.00
problem27 0.00 10318 1 0.00
problem28 0.00 9266 1 0.00
problem29 0.00 8507 1 0.00
problem30 0.00 9699 1 0.00
problem31 0.00 9728 1 0.00
problem32 0.00 9548 1 0.00
problem33 0.00 10717 1 0.00
problem34 0.00 9645 1 0.00
problem35 0.00 9234 1 0.00
problem36 0.00 8518 1 0.00
problem37 0.00 9183 1 0.00
problem38 0.00 10583 1 0.00
problem39 0.00 9348 1 0.00
problem40 0.00 10784 1 0.00
problem41 0.00 9537 1 0.00
problem42 0.00 9185 1 0.00
problem43 0.00 8022 1 0.00
problem44 0.00 9946 1 0.00
problem45 0.00 10243 1 0.00
problem46 0.00 9291 1 0.00
problem47 0.00 10632 1 0.00
problem48 0.00 10100 1 0.00
problem49 0.00 8997 1 0.00
problem50 0.00 7829 1 0.00
problem51 0.00 10266 1 0.00
problem52 0.00 9966 1 0.00
problem53 0.00 9383 1 0.00
problem54 0.00 10687 1 0.00
problem55 0.00 9740 1 0.00
problem56 0.00 8776 1 0.00
problem57 0.00 8329 1 0.00
problem58 0.00 10441 1 0.00
problem59 0.00 9566 1 0.00
problem60 0.00 9602 1 0.00
problem61 0.00 10443 1 0.00
problem62 0.00 9395 1 0.00
problem63 0.00 8720 1 0.00
problem64 0.00 8860 1 0.00
problem65 0.00 10093 1 0.00
problem66 0.00 9853 1 0.00
problem67 0.00 10018 1 0.00
problem68 0.00 10134 1 0.00
problem69 0.00 9327 1 0.00
problem70 0.00 8743 1 0.00
problem71 0.00 9108 1 0.00
problem72 0.00 10096 1 0.00
problem73 0.00 9425 1 0.00
problem74 0.00 10929 1 0.00
problem75 0.00 9318 1 0.00
problem76 0.00 9514 1 0.00
problem77 0.00 8339 1 0.00
problem78 0.00 9243 1 0.00
problem79 0.00 10648 1 0.00
problem80 0.00 9156 1 0.00
problem81 0.00 10933 1 0.00
problem82 0.00 9573 1 0.00
problem83 0.00 9258 1 0.00
problem84 0.00 7998 1 0.00
problem85 0.00 9783 1 0.00
problem86 0.00 10383 1 0.00
problem87 0.00 9244 1 0.00
problem88 0.00 10392 1 0.00
problem89 0.00 10521 1 0.00
problem90 0.00 8601 1 0.00
problem91 0.00 8046 1 0.00
problem92 0.00 10194 1 0.00
problem93 0.00 10075 1 0.00
problem94 0.00 9347 1 0.00
problem95 0.00 10528 1 0.00
problem96 0.00 9964 1 0.00
problem97 0.00 8701 1 0.00
problem98 0.00 8269 1 0.00
problem99 0.00 10290 1 0.00
