problem0 0 259459047 1
problem1 0 205145660 1
problem2 0 238682120 1
problem3 0 233915297 1
problem4 0.01 210385601 1
problem5 0 233283582 1
problem6 0 237906514 1
problem7 0.03 248399507 1
problem8 0.02 225564411 1
problem9 0 220893344 1
problem10 0 239202044 1
problem11 0 241800549 1
problem12 0.02 239621781 1
problem13 0 253426210 1
problem14 0.01 250492934 1
problem15 0.02 214385175 1
problem16 0.01 226988943 1
problem17 0.04 238395012 1
problem18 0.01 223104880 1
problem19 0.02 223690409 1
problem20 0.01 253937641 1
problem21 0.01 232660934 1
problem22 0.01 228581178 1
problem23 0.01 228416795 1
problem24 0.02 218140067 1
problem25 0 247529448 1
problem26 0.01 222359908 1
problem27 0.01 207048557 1
problem28 0.01 232054461 1
problem29 0 253075690 1
problem30 0.02 233172974 1
problem31 0.01 215656351 1
problem32 0 215684407 1
problem33 0.01 239092940 1
problem34 0.01 239969496 1
problem35 0.03 233887665 1
problem36 0.03 233827089 1
problem37 0.02 248778126 1
problem38 0 239680034 1
problem39 0.02 218575267 1
problem40 0 210467403 1
problem41 0 242548016 1
problem42 0 228997580 1
problem43 0.02 205580149 1
problem44 0.01 219888869 1
problem45 0.03 236582322 1
problem46 0 251170262 1
problem47 0.03 216599335 1
problem48 0.01 247205087 1
problem49 0.04 254720276 1
problem50 0.01 239370304 1
problem51 0.01 239374009 1
problem52 0 215229497 1
problem53 0.01 227928406 1
problem54 0.01 235453194 1
problem55 0.02 189023275 1
problem56 0 218963187 1
problem57 0.01 218826872 1
problem58 0 203966516 1
problem59 0.01 253156733 1
problem60 0 237891853 1
problem61 0 216299642 1
problem62 0.01 204771774 1
problem63 0.03 228256943 1
problem64 0 223672967 1
problem65 0.03 221608796 1
problem66 0 236413352 1
problem67 0.01 221307841 1
problem68 0 236057441 1
problem69 0.02 256914206 1
problem70 0 211608050 1
problem71 0.01 216863923 1
problem72 0.01 216003995 1
problem73 0.02 212312512 1
problem74 0.02 232627356 1
problem75 0 220836229 1
problem76 0.01 218069813 1
problem77 0.02 219261250 1
problem78 0 235436966 1
problem79 0 209243191 1
problem80 0.01 221273647 1
problem81 0 241765284 1
problem82 0.01 227330320 1
problem83 0 234247881 1
problem84 0.01 248240265 1
problem85 0.01 235891430 1
problem86 0.02 245640922 1
problem87 0.01 226108219 1
problem88 0.01 238978115 1
problem89 0.02 231688456 1
problem90 0.01 222082820 1
problem91 0.01 237626253 1
problem92 0 199383901 1
problem93 0 194906122 1
problem94 0.01 239258510 1
problem95 0.02 241904063 1
problem96 0 213432279 1
problem97 0 238938604 1
problem98 0.01 248198776 1
problem99 0.01 246769617 1
