problem0 2910.84 86493415886 1 48416.00
problem1 1001.13 87502644188 1 75060.00
problem2 6141.62 76512641338 1 75060.00
problem3 2587.96 83472834920 1 75060.00
problem4 4992.67 76730415078 1 75060.00
problem5 7112.46 79297940532 1 75060.00
problem6 2041.69 80460208594 1 75060.00
problem7 3733.76 83792277568 1 75060.00
problem8 5210.46 80409105150 1 75060.00
problem9 448.46 98005014924 1 75060.00
problem10 4215.19 82568023914 1 75060.00
problem11 2860.84 77338006552 1 75060.00
problem12 4875.10 77005470486 1 75060.00
problem13 1690.52 88635845604 1 75060.00
problem14 6147.71 75824677378 1 75060.00
problem15 1791.49 87997590768 1 75060.00
problem16 3331.26 86952087598 1 75060.00
problem17 4207.52 81868186428 1 75060.00
problem18 8234.09 76034986394 1 75060.00
problem19 5867.97 79979158216 1 75060.00
problem20 2880.51 83616461382 1 75060.00
problem21 4040.67 85153046420 1 75060.00
problem22 2674.60 86009028146 1 75060.00
problem23 2252.48 82591940000 1 75060.00
problem24 7380.24 80567714142 1 75060.00
problem25 3980.90 82538529004 1 75060.00
problem26 3659.69 80420702154 1 75060.00
problem27 4864.11 82293273976 1 75060.00
problem28 1326.43 89188949366 1 75060.00
problem29 5434.41 78785521476 1 75060.00
problem30 7731.79 80055299682 1 75060.00
problem31 2097.29 83581510224 1 75060.00
problem32 4655.49 79779276430 1 75060.00
problem33 4012.68 88990986908 1 75060.00
problem34 6154.41 77075395066 1 75060.00
problem35 3572.69 81036780584 1 75060.00
problem36 4625.76 83584449702 1 75060.00
problem37 7716.14 75866342132 1 75060.00
problem38 2154.11 84035482258 1 75060.00
problem39 2900.66 84243553024 1 75060.00
problem40 2812.49 90011254718 1 75060.00
problem41 3669.02 79484057676 1 75060.00
problem42 7007.96 74717122602 1 75060.00
problem43 2854.49 88220788440 1 75060.00
problem44 4400.01 80475541462 1 75060.00
problem45 6380.92 82078462628 1 75060.00
problem46 2335.82 85220059842 1 75060.00
problem47 1106.16 88143947696 1 75060.00
problem48 7358.73 78624820462 1 75060.00
problem49 3694.18 84642124284 1 75060.00
problem50 7237.56 80172311130 1 75060.00
problem51 3875.20 82524274056 1 75060.00
problem52 8915.10 79496468230 1 75060.00
problem53 4612.40 79637706324 1 75060.00
problem54 6161.72 82275440370 1 75060.00
problem55 7323.05 73435285600 1 75060.00
problem56 4205.09 85244808734 1 75060.00
problem57 4216.35 80886579116 1 75060.00
problem58 3187.39 84148676746 1 75060.00
problem59 3185.26 83113830456 1 75060.00
problem60 4775.34 77785862710 1 75060.00
problem61 10455.58 77490195972 1 75060.00
problem62 5574.03 81774294818 1 75060.00
problem63 4013.64 81709006096 1 75060.00
problem64 3730.80 85126071118 1 75060.00
problem65 3399.36 87877894492 1 75060.00
problem66 5770.31 79220400826 1 75060.00
problem67 911.31 94614398696 1 75060.00
problem68 4312.31 83676954982 1 75060.00
problem69 5290.90 79905405364 1 75060.00
problem70 4664.32 86115961682 1 75060.00
problem71 2451.70 79214265792 1 75060.00
problem72 1945.27 86595546238 1 75060.00
problem73 463.66 98453968652 1 75060.00
problem74 4117.05 79960789226 1 75060.00
problem75 4253.21 79997286808 1 75060.00
problem76 6836.43 76700689558 1 75060.00
problem77 5313.81 80839014756 1 75060.00
problem78 2390.56 87889302402 1 75060.00
problem79 5273.35 80069812848 1 75060.00
problem80 2855.24 80317958574 1 75060.00
problem81 3746.93 81582915772 1 75060.00
problem82 1933.83 85092872986 1 75060.00
problem83 10057.33 77349593160 1 75060.00
problem84 3572.36 87847926726 1 75060.00
problem85 4589.08 77623119124 1 75060.00
problem86 4764.80 79267942322 1 75060.00
problem87 998.61 89087234848 1 75060.00
problem88 5587.54 85198281438 1 75060.00
problem89 5550.75 81952620140 1 75060.00
problem90 2242.68 89032132938 1 75060.00
problem91 1619.31 93305330424 1 75060.00
problem92 3833.66 80115664630 1 75060.00
problem93 7010.78 78213985476 1 75060.00
problem94 3918.03 82880348130 1 75060.00
problem95 1014.49 91838846928 1 75060.00
problem96 4309.31 84762533902 1 75060.00
problem97 5760.72 83337089052 1 75060.00
problem98 5691.30 82691806074 1 75060.00
problem99 2677.53 84523379112 1 75060.00
