problem0 34.5 1352898041594133 1
problem1 1303.95 1433142173810339 1
problem2 86.33 1424122069746529 1
problem3 606.14 1558658959087311 1
problem4 4029.51 1542114758356077 1
problem5 7.13 1544366909604795 1
problem6 720.57 1531092926236729 1
problem7 23.41 1442291595817319 1
problem8 302.89 1333751528530629 1
problem9 358.5 1446588737031123 1
problem10 626.08 1455631254177809 1
problem11 632.85 1404687243394815 1
problem12 797.27 1472492627575837 1
problem13 85.78 1248884497086187 1
problem14 1077.5 1427999538291433 1
problem15 656.2 1306073693888407 1
problem16 182.07 1419147339051125 1
problem17 254.93 1639755271562499 1
problem18 335.58 1347429214419137 1
problem19 880.82 1381532123378479 1
problem20 494.17 1417332206716877 1
problem21 383.95 1438971695609371 1
problem22 3955.42 1389551678237081 1
problem23 509.6 1384408436955591 1
problem24 640.15 1445514675841573 1
problem25 695.67 1441392545417779 1
problem26 1520.34 1420393979188593 1
problem27 2.06 1455198465422175 1
problem28 381.15 1483620327585661 1
problem29 280.13 1410045006119243 1
problem30 394.9 1445331441556553 1
problem31 1534.55 1386749013549047 1
problem32 91.97 1527494126161877 1
problem33 611.59 1424165144181603 1
problem34 472.21 1344181019024929 1
problem35 34.34 1339006881070991 1
problem36 44.99 1379622592467757 1
problem37 16.12 1398845837400187 1
problem38 291.34 1475964054960889 1
problem39 251.27 1467455495713319 1
problem40 1468.93 1479000497971589 1
problem41 21.42 1477818001733779 1
problem42 463.44 1425407150232273 1
problem43 44.36 1373873849456575 1
problem44 441.25 1382916120861405 1
problem45 208.45 1612465169873835 1
problem46 692.63 1383467822073257 1
problem47 1000.46 1471951574454359 1
problem48 26.31 1576428576317237 1
problem49 618.96 1385377133085123 1
problem50 218.1 1540044876968833 1
problem51 386.63 1267069606329327 1
problem52 94.01 1314097181986445 1
problem53 324.41 1375067503176411 1
problem54 30.33 1365971774405721 1
problem55 57.35 1447096328829575 1
problem56 482.9 1421542009669861 1
problem57 325.69 1465922360301299 1
problem58 133.51 1310927752446001 1
problem59 625.08 1407458194484255 1
problem60 780.65 1380947084701245 1
problem61 1396.89 1368692063905291 1
problem62 532.14 1358917609135881 1
problem63 1555.32 1167269749878967 1
problem64 140.33 1542884883799701 1
problem65 10.35 1475235403823139 1
problem66 681.66 1366539526699233 1
problem67 1564.37 1588415513405519 1
problem68 73.68 1439490301983213 1
problem69 1444.91 1459566367452475 1
problem70 65.79 1484427890208185 1
problem71 1544.01 1494220321387239 1
problem72 253.98 1608137681592389 1
problem73 1055.07 1444388757349715 1
problem74 54.94 1435872686087569 1
problem75 225.46 1434217297850495 1
problem76 195.19 1446012666851741 1
problem77 33.43 1589909737685099 1
