problem0 0 69432 1 0.00
problem1 0.00 70038 1 0.00
problem2 0.00 73476 1 0.00
problem3 0.00 75522 1 0.00
problem4 0.00 72976 1 0.00
problem5 0.00 73902 1 0.00
problem6 0.00 75100 1 0.00
problem7 0.00 76442 1 0.00
problem8 0.00 74728 1 0.00
problem9 0.00 73926 1 0.00
problem10 0.00 72884 1 0.00
problem11 0.00 69426 1 0.00
problem12 0.00 62400 1 0.00
problem13 0.00 68062 1 0.00
problem14 0.00 79116 1 0.00
problem15 0.00 68810 1 0.00
problem16 0.00 74904 1 0.00
problem17 0.00 56310 1 0.00
problem18 0.00 69220 1 0.00
problem19 0.00 64354 1 0.00
problem20 0.00 71280 1 0.00
problem21 0.00 67342 1 0.00
problem22 0.00 69820 1 0.00
problem23 0.00 74490 1 0.00
problem24 0.00 69960 1 0.00
problem25 0.00 64294 1 0.00
problem26 0.00 68628 1 0.00
problem27 0.00 74642 1 0.00
problem28 0.00 64800 1 0.00
problem29 0.00 75838 1 0.00
problem30 0.00 79980 1 0.00
problem31 0.00 66858 1 0.00
problem32 0.00 70136 1 0.00
problem33 0.00 69206 1 0.00
problem34 0.00 75204 1 0.00
problem35 0.00 67522 1 0.00
problem36 0.00 67536 1 0.00
problem37 0.00 73070 1 0.00
problem38 0.00 72732 1 0.00
problem39 0.00 72538 1 0.00
problem40 0.00 73384 1 0.00
problem41 0.00 77190 1 0.00
problem42 0.00 84852 1 0.00
problem43 0.00 81906 1 0.00
problem44 0.00 63104 1 0.00
problem45 0.00 69278 1 0.00
problem46 0.00 76748 1 0.00
problem47 0.00 75146 1 0.00
problem48 0.00 75608 1 0.00
problem49 0.00 69814 1 0.00
problem50 0.00 72996 1 0.00
problem51 0.00 70690 1 0.00
problem52 0.00 69936 1 0.00
problem53 0.00 72654 1 0.00
problem54 0.00 73596 1 0.00
problem55 0.00 70586 1 0.00
problem56 0.00 72712 1 0.00
problem57 0.00 67558 1 0.00
problem58 0.00 70356 1 0.00
problem59 0.00 70738 1 0.00
problem60 0.00 73696 1 0.00
problem61 0.00 72958 1 0.00
problem62 0.00 75564 1 0.00
problem63 0.00 71146 1 0.00
problem64 0.00 74936 1 0.00
problem65 0.00 78614 1 0.00
problem66 0.00 78980 1 0.00
problem67 0.00 67714 1 0.00
problem68 0.00 76432 1 0.00
problem69 0.00 72238 1 0.00
problem70 0.00 64220 1 0.00
problem71 0.00 62490 1 0.00
problem72 0.00 78184 1 0.00
problem73 0.00 72262 1 0.00
problem74 0.00 72244 1 0.00
problem75 0.00 65714 1 0.00
problem76 0.00 57664 1 0.00
problem77 0.00 76638 1 0.00
problem78 0.00 60044 1 0.00
problem79 0.00 67146 1 0.00
problem80 0.00 74264 1 0.00
problem81 0.00 66934 1 0.00
problem82 0.00 74724 1 0.00
problem83 0.00 68834 1 0.00
problem84 0.00 64496 1 0.00
problem85 0.00 75918 1 0.00
problem86 0.00 73276 1 0.00
problem87 0.00 60538 1 0.00
problem88 0.00 85704 1 0.00
problem89 0.00 66726 1 0.00
problem90 0.00 70036 1 0.00
problem91 0.00 66834 1 0.00
problem92 0.00 76448 1 0.00
problem93 0.00 68030 1 0.00
problem94 0.00 69100 1 0.00
problem95 0.00 69290 1 0.00
problem96 0.00 71544 1 0.00
problem97 0.00 75734 1 0.00
problem98 0.00 74564 1 0.00
problem99 0.00 72002 1 0.00
