problem0 38.47 3786440704471026 1 3147820.00
problem1 38.47 4098081776158930 1 3147888.00
problem2 38.40 3908051669386674 1 3147888.00
problem3 38.33 3580338457699986 1 3147888.00
problem4 38.25 3767956390833010 1 3147888.00
problem5 38.55 4757452515841106 1 3147888.00
problem6 38.51 3737957325529394 1 3147888.00
problem7 39.02 4573444625027602 1 3147888.00
problem8 38.62 4177187464537842 1 3147888.00
problem9 38.49 3758310627418066 1 3147888.00
problem10 37.96 3957483778047154 1 3147888.00
problem11 38.46 3767658692246930 1 3147888.00
problem12 38.66 4322010530161266 1 3147888.00
problem13 38.32 4708127368964946 1 3147888.00
problem14 38.51 3119376279427122 1 3147888.00
problem15 38.83 3364577185425682 1 3147888.00
problem16 38.70 4002722608684530 1 3147888.00
problem17 38.07 3392897371076306 1 3147888.00
problem18 38.17 3962455193252786 1 3147888.00
problem19 39.12 3439635616208018 1 3147888.00
problem20 37.97 3485343620782450 1 3147888.00
problem21 38.63 4103477560066642 1 3147888.00
problem22 38.40 4116035455340338 1 3147888.00
problem23 38.43 4284858522959890 1 3147888.00
problem24 37.98 3795976265422066 1 3147888.00
problem25 38.58 3631886178045394 1 3147888.00
problem26 38.72 3732427056114354 1 3147888.00
problem27 38.36 3443167373011858 1 3147888.00
problem28 38.14 3536311108178034 1 3147888.00
problem29 38.47 3736156869368146 1 3147888.00
problem30 38.12 3870343710131762 1 3147888.00
problem31 38.59 3759794975217426 1 3147888.00
problem32 38.81 4182963389467634 1 3147888.00
problem33 39.00 3941526815941842 1 3147888.00
problem34 38.36 3651256549007794 1 3147888.00
problem35 38.64 4162571243405970 1 3147888.00
problem36 39.16 3885918206248818 1 3147888.00
problem37 38.82 4655043941068882 1 3147888.00
problem38 38.15 3788517208931634 1 3147888.00
problem39 38.29 3429640307125778 1 3147888.00
problem40 38.82 4535882017719026 1 3147888.00
problem41 38.69 3845832067546066 1 3147888.00
problem42 38.57 4385826314213554 1 3147888.00
problem43 38.46 3856022552631698 1 3147888.00
problem44 38.26 4093780292304498 1 3147888.00
problem45 38.41 3898037655947090 1 3147888.00
problem46 37.91 3760446797919282 1 3147888.00
problem47 38.72 4122972479112466 1 3147888.00
problem48 38.61 3596536362203634 1 3147888.00
problem49 38.28 4007397660906194 1 3147888.00
problem50 39.14 4061399082160050 1 3147888.00
problem51 38.37 4169605483720850 1 3147888.00
problem52 38.41 3928596046591346 1 3147888.00
problem53 38.56 4157863851138642 1 3147888.00
problem54 38.58 3838652259937074 1 3147888.00
problem55 38.66 3770920089213970 1 3147888.00
problem56 38.23 4040409576976626 1 3147888.00
problem57 39.12 3930522478914002 1 3147888.00
problem58 37.77 4021959089342130 1 3147888.00
problem59 38.79 4392364822366098 1 3147888.00
problem60 39.21 4273045521951858 1 3147888.00
problem61 38.42 4026108646880594 1 3147888.00
problem62 38.59 3946911733129778 1 3147888.00
problem63 37.95 3624900628149010 1 3147888.00
problem64 38.58 3670675131262962 1 3147888.00
problem65 38.55 4167928396251346 1 3147888.00
problem66 38.88 4175979357945266 1 3147888.00
problem67 38.84 4155607003111058 1 3147888.00
problem68 38.73 4088038539535218 1 3147888.00
problem69 38.44 3999850469051474 1 3147888.00
problem70 39.40 4292578571360562 1 3147888.00
problem71 38.76 3919047107742226 1 3147888.00
problem72 38.60 3922919250304754 1 3147888.00
problem73 39.04 4023880488966098 1 3147888.00
problem74 39.12 3971688509682866 1 3147888.00
problem75 38.87 4161876318565778 1 3147888.00
problem76 39.01 4413837502274162 1 3147888.00
problem77 38.05 3481092816970578 1 3147888.00
problem78 38.23 3949310856007730 1 3147888.00
problem79 38.90 4317709293429010 1 3147888.00
problem80 38.12 3451689590543858 1 3147888.00
problem81 38.89 4605331801550546 1 3147888.00
problem82 38.52 4076025021410226 1 3147888.00
problem83 38.67 4239918849870994 1 3147888.00
problem84 38.70 3926930907042162 1 3147888.00
problem85 38.20 4250121495542354 1 3147888.00
problem86 38.16 3661925558421298 1 3147888.00
problem87 38.54 3659267494983698 1 3147888.00
problem88 38.78 3116780471586034 1 3147888.00
problem89 38.45 4273243742832082 1 3147888.00
problem90 38.63 4112941806789298 1 3147888.00
problem91 38.78 3932921187558290 1 3147888.00
problem92 38.83 4067056064972914 1 3147888.00
problem93 38.51 3665025197461842 1 3147888.00
problem94 38.11 3443965633232434 1 3147888.00
problem95 38.70 3640596031196946 1 3147888.00
problem96 37.71 3651168713688050 1 3147888.00
problem97 38.48 4086268155092178 1 3147888.00
problem98 38.40 3638673030126002 1 3147888.00
problem99 38.86 3931174082542226 1 3147888.00
