problem0 4.97 192099179204399 1
problem1 51.81 170185921844781 1
problem2 37.74 179953264645659 1
problem3 197.52 168894945189497 1
problem4 28.36 146686658935495 1
problem5 79.99 168123558711941 1
problem6 287.21 179948257675571 1
problem7 61.74 156709474803281 1
problem8 28.42 182695545589087 1
problem9 24.92 182598394703325 1
problem10 52.94 171849025868619 1
problem11 122.57 173729016818985 1
problem12 95.76 162760165517047 1
problem13 225.58 172786995071029 1
problem14 14.12 177462407894115 1
problem15 74.33 194867408235265 1
problem16 65.88 150805206411151 1
problem17 273.83 154593154498957 1
problem18 21.33 177828943506555 1
problem19 5.48 166634107549657 1
problem20 141.22 171193371750183 1
problem21 10.66 167709750966757 1
problem22 24.41 166567063616403 1
problem23 70.26 155777468003249 1
problem24 37.2 166925173628351 1
problem25 43.21 150995664310589 1
problem26 39.78 158190722277803 1
problem27 102.81 147424051297929 1
problem28 10.42 154648891036503 1
problem29 104.39 182078537951125 1
problem30 19.19 156717640105667 1
problem31 128.24 152996484069473 1
problem32 36.77 156149424205807 1
problem33 448.69 166827796143341 1
problem34 391.74 151183101883099 1
problem35 14.1 155420504883513 1
problem36 34.7 180601246471047 1
problem37 239.68 164134660247877 1
problem38 159.84 186807187168755 1
problem39 109.63 146733669202193 1
problem40 209.04 153363777248799 1
problem41 208.31 171609076409501 1
problem42 478.56 164464248807435 1
problem43 154.67 154492511207401 1
problem44 132.04 166209691529143 1
problem45 30.15 174450495862517 1
problem46 52.03 168718715738403 1
problem47 28.37 194881525315009 1
problem48 84.21 161362454685775 1
problem49 52.42 162161966655565 1
problem50 66.71 158489628125499 1
problem51 5.72 158322173229721 1
problem52 16.67 153759563032551 1
problem53 72.09 158350722291877 1
problem54 9.34 154309760233555 1
problem55 8.73 171865942093425 1
problem56 19.98 169338720783999 1
problem57 39.37 165647063263229 1
problem58 457.91 173506401816171 1
problem59 122.48 159390322520393 1
problem60 4.74 180778980457495 1
problem61 1.95 162793937892949 1
problem62 19.29 153916455871363 1
problem63 12.94 159280720323361 1
problem64 4.39 145932135403695 1
problem65 34.55 174136518452141 1
problem66 69.75 146056051314587 1
problem67 12.4 177242019554297 1
problem68 1.21 143953612467271 1
problem69 99.55 156588283662341 1
problem70 6.92 160586549457587 1
problem71 94.04 165802822407121 1
problem72 2.5 168460630273759 1
problem73 222.46 159159752334173 1
problem74 5.31 174747759094987 1
problem75 63.78 169845676479145 1
problem76 182.77 157117301307511 1
problem77 383.98 160927042086325 1
problem78 80.4 163437552983523 1
problem79 31.47 169247349948545 1
problem80 11.54 172666454862095 1
problem81 363.67 160723897880333 1
problem82 124.06 156681642436091 1
problem83 10.32 145595872083289 1
problem84 105.17 170766010327207 1
problem85 11.64 165777166612325 1
problem86 930.89 166632714446099 1
problem87 147.91 176197527513393 1
problem88 88.47 170699456855871 1
problem89 27.5 168234490461885 1
problem90 76.35 165612839205675 1
problem91 149.02 158200998536201 1
problem92 50.48 149419303773399 1
problem93 117.25 165272764957973 1
problem94 30.22 155700689619011 1
problem95 15.05 161770739092961 1
problem96 112.56 170978092691823 1
problem97 234.54 152856704248429 1
problem98 146.2 180974236527707 1
problem99 178.81 174560135251641 1
