problem0 0.04 569703444135359 116 1 0.03 4704.00
problem1 0.03 475340549694289 134 2 0 3356.00
problem2 0.02 506102569978110 70 1 0.01 3356.00
problem3 0.02 410583650407776 161 2 0.01 3360.00
problem4 0.02 550770423333670 97 1 0 3360.00
problem5 0.02 570085086545019 149 1 0 3360.00
problem6 0.02 618446767787253 88 1 0 3360.00
problem7 0.02 559303538669188 119 1 0 3360.00
problem8 0.04 554880728923744 145 1 0.01 3360.00
problem9 0.01 508791822909884 83 1 0.01 3360.00
problem10 0.02 530811265719446 89 1 0.01 3360.00
problem11 0.02 438800505460729 120 1 0.01 3360.00
problem12 0.04 521039212771704 129 1 0 3360.00
problem13 0.04 503323804093153 138 1 0.01 3360.00
problem14 0.01 699952909324569 77 1 0.01 3360.00
problem15 0.02 523464103017917 91 1 0.01 3360.00
problem16 0.02 549368369562788 84 1 0 3360.00
problem17 0.01 502276270483205 123 1 0.01 3360.00
problem18 0.01 537753838680437 74 1 0 3360.00
problem19 0.02 600636828365116 78 1 0 3360.00
problem20 0.03 446259542316899 101 1 0.02 3540.00
problem21 0.01 448269287282152 68 1 0 3540.00
problem22 0.03 462013080195468 95 1 0 3540.00
problem23 0.01 506872503439196 95 1 0.01 3540.00
problem24 0.02 510042305118737 71 1 0.01 3540.00
problem25 0.08 563666058118761 153 1 0 3540.00
problem26 0.01 512101425035811 51 1 0.01 3540.00
problem27 0.03 430504446659044 111 1 0.01 3540.00
problem28 0.02 565537792297068 113 1 0 3540.00
problem29 0.03 487383275464446 101 1 0.02 3980.00
problem30 0.02 462180261867530 67 1 0.01 3980.00
problem31 0.02 675651944652374 79 1 0.01 3980.00
problem32 0.11 498433153819606 134 1 0.01 3980.00
problem33 0.05 580633916330589 124 1 0 3980.00
problem34 0.01 595126670774325 53 1 0 3980.00
problem35 0.01 544415439910466 116 1 0 3980.00
problem36 0.02 459505619303546 130 1 0.01 3980.00
problem37 0.02 568053055671765 100 1 0.01 3980.00
problem38 0.04 571116443162687 166 2 0 3980.00
problem39 0.03 547614479225690 88 1 0.01 3980.00
problem40 0.02 531907614185507 103 1 0.01 3980.00
problem41 0.02 513151741411867 104 1 0.01 3980.00
problem42 0.01 609713282159853 81 1 0.01 3980.00
problem43 0.02 575803872328063 109 1 0.01 3980.00
problem44 0.03 525971704423638 148 1 0 3980.00
problem45 0.03 610718923041419 168 2 0.01 3980.00
problem46 0.01 544734089039718 62 1 0 3980.00
problem47 0.01 482166139937478 108 1 0 3980.00
problem48 0.02 547685491828769 138 1 0.01 3980.00
problem49 0.04 455957494137996 135 1 0 3980.00
problem50 0.15 511163505689197 176 2 0.02 3980.00
problem51 0.07 468295404471007 105 1 0 3980.00
problem52 0.03 552485229882029 119 1 0 3980.00
problem53 0.01 530113215465167 131 1 0 3980.00
problem54 0.04 441402518002582 103 1 0.01 3980.00
problem55 0.03 608745884881439 95 1 0 3980.00
problem56 0.02 497156159662390 78 1 0.01 3980.00
problem57 0.02 521940689329684 85 1 0.01 3980.00
problem58 0.03 546289332800930 120 1 0.01 3980.00
problem59 0.03 588772555455924 117 1 0 3980.00
problem60 0.01 594199835757720 50 1 0.01 3980.00
problem61 0.06 562562037268525 127 1 0.01 3980.00
problem62 0.01 621654649011453 45 1 0 3980.00
problem63 0.02 596682601715712 59 1 0.01 3980.00
problem64 0.01 583054233885801 59 1 0.01 3980.00
problem65 0.02 553465878722079 103 1 0.01 3980.00
problem66 0.02 514344020658731 71 1 0 3980.00
problem67 0.01 584608536716665 79 1 0.01 3980.00
