problem0 93.9 169192542974811 1 18436.00
problem1 243.55 159109566938624 1 23104.00
problem2 210.23 157478390038332 1 23104.00
problem3 118.88 153228843712869 1 23104.00
problem4 93.79 165531792226357 1 23104.00
problem5 272.27 136136610129474 1 23104.00
problem6 148.81 142328579070086 1 23104.00
problem7 315.92 148008960905175 1 23104.00
problem8 289.59 145582733217903 1 23104.00
problem9 145.12 165300885188452 1 23104.00
problem10 214.31 162089244530224 1 23104.00
problem11 120.31 156925423359017 1 23104.00
problem12 127.15 150487017797129 1 23104.00
problem13 204.49 144329188555622 1 23104.00
problem14 173.88 161609612665402 1 23104.00
problem15 326.88 141654211371099 1 23104.00
problem16 149.71 153857191641859 1 23104.00
problem17 145.59 157066044836936 1 23104.00
problem18 237.29 166012861302436 1 19844.00
problem19 101.69 158955855521389 1 22700.00
problem20 90.19 187210871910749 1 22700.00
problem21 221.29 166563564798986 1 22700.00
problem22 311.47 152191269432686 1 22700.00
problem23 199.27 147462425294943 1 22700.00
problem24 353.53 143379138190103 1 22700.00
problem25 163.05 160670348977324 1 22700.00
problem26 94.78 168212119904408 1 22700.00
problem27 148.95 152177953851441 1 22700.00
problem28 82.21 169409945303601 1 22700.00
problem29 162.21 157954612613166 1 22700.00
problem30 420.69 138463569267234 1 22700.00
problem31 75.89 176743373285347 1 22700.00
problem32 131.35 162252253522091 1 22700.00
problem33 199.18 155895582836880 1 22700.00
problem34 133.77 165051447161868 1 22700.00
problem35 142.43 152297428289909 1 22700.00
problem36 222.17 158337028317317 1 22700.00
problem37 235.61 148189155160018 1 22700.00
problem38 176.53 151598768162902 1 22700.00
problem39 276.59 154620788735719 1 22700.00
problem40 204.91 156801024965567 1 22700.00
problem41 130.39 181311377672180 1 22700.00
problem42 308.74 146697621999872 1 22700.00
problem43 60.42 160123649555001 1 22700.00
problem44 154.43 161299332871257 1 22700.00
problem45 240.92 144492490994422 1 22700.00
problem46 197.09 160970046044170 1 22700.00
problem47 300.01 151526143217003 1 22700.00
problem48 179.26 157148653937747 1 22700.00
problem49 168.78 171835760177880 1 22700.00
problem50 381.85 153270420457332 1 22700.00
problem51 146.61 152919387875965 1 22700.00
problem52 76.17 154317754254765 1 22700.00
problem53 547.66 130274846026138 1 22700.00
problem54 293.37 162637551266110 1 22700.00
problem55 225.94 158405699543919 1 22700.00
problem56 246.69 162406427079271 1 22700.00
problem57 254.34 155551328377148 1 22700.00
problem58 89.11 169865817761640 1 22700.00
problem59 53.52 170338482268737 1 22700.00
problem60 207.01 157437465912449 1 22700.00
problem61 120.96 165131403256766 1 22700.00
problem62 146.94 149804851506162 1 22700.00
problem63 235.07 154412555997427 1 22700.00
problem64 214.06 170798235186683 1 22700.00
problem65 90.53 168869149182752 1 22700.00
problem66 152.30 169951385780444 1 22700.00
problem67 116.36 160085725186437 1 22700.00
problem68 445.32 139716620050645 1 22700.00
problem69 232.01 148628937142626 1 22700.00
problem70 95.28 161152134320166 1 22700.00
problem71 94.63 171181909845495 1 22700.00
problem72 138.03 155042915385103 1 22700.00
problem73 117.43 158291150035076 1 22700.00
problem74 208.00 157449980617680 1 22700.00
problem75 223.49 158691436222537 1 22700.00
problem76 204.63 167949476235945 1 22700.00
problem77 165.02 152678337995398 1 22700.00
problem78 326.04 150366026851802 1 22700.00
problem79 179.48 156606375850619 1 22700.00
problem80 186.26 141070687870371 1 22700.00
problem81 358.23 148978965975400 1 22700.00
problem82 204.94 165992271503428 1 22700.00
problem83 137.17 173192969037453 1 22700.00
problem84 162.62 170156062257661 1 22700.00
problem85 334.26 147978384754474 1 22700.00
problem86 418.66 150673941888270 1 22700.00
problem87 294.98 159971361064575 1 22700.00
problem88 296.88 140643461505463 1 22700.00
problem89 284.57 154257741399500 1 22700.00
problem90 160.05 154439769687608 1 22700.00
problem91 180.54 149724747301969 1 22700.00
problem92 79.42 157528857978577 1 22700.00
problem93 263.89 163195592224590 1 22700.00
problem94 274.82 153072011650498 1 22700.00
problem95 271.40 157307337470467 1 22700.00
problem96 339.28 151755494710091 1 22700.00
problem97 228.50 152167458309552 1 22700.00
problem98 73.22 167001867740588 1 22700.00
problem99 402.51 142202102808981 1 22700.00
