problem0 0.01 185255 5 -308909960 6.95334e-310 0.00
problem1 0.01 216062 5 -308909960 6.95334e-310 0.00
problem2 0.02 232903 5 -308909960 6.95334e-310 0.00
problem3 0.02 196383 5 -308909960 6.95334e-310 0.00
problem4 0.01 215706 5 -308909960 6.95334e-310 0.00
problem5 0.01 205076 5 -308909960 6.95334e-310 0.00
problem6 0.01 246496 5 -308909960 6.95334e-310 0.00
problem7 0.02 224667 5 -308909960 6.95334e-310 0.00
problem8 0.01 246104 5 -308909960 6.95334e-310 0.00
problem9 0.03 227956 5 -308909960 6.95334e-310 0.00
problem10 0.01 195950 5 -308909960 6.95334e-310 0.00
problem11 0.02 195766 5 -308909960 6.95334e-310 0.00
problem12 0 194017 5 -308909960 6.95334e-310 0.00
problem13 0.03 254837 5 -308909960 6.95334e-310 0.00
problem14 0.03 204998 5 -308909960 6.95334e-310 0.00
problem15 0.02 236828 5 -308909960 6.95334e-310 0.00
problem16 0.02 214580 5 -308909960 6.95334e-310 0.00
problem17 0.01 198507 5 -308909960 6.95334e-310 0.00
problem18 0.02 208959 5 -308909960 6.95334e-310 0.00
problem19 0.01 199202 5 -308909960 6.95334e-310 0.00
problem20 0.08 198055 5 -308909960 6.95334e-310 0.00
problem21 0.04 220246 5 -308909960 6.95334e-310 0.00
problem22 0.05 238722 5 -308909960 6.95334e-310 0.00
problem23 0.01 215496 5 -308909960 6.95334e-310 0.00
problem24 0.02 250427 5 -308909960 6.95334e-310 0.00
problem25 0.03 216460 5 -308909960 6.95334e-310 0.00
problem26 0 202299 5 -308909960 6.95334e-310 0.00
problem27 0.02 218979 5 -308909960 6.95334e-310 0.00
problem28 0.01 201881 5 -308909960 6.95334e-310 0.00
problem29 0.25 222819 5 -308909960 6.95334e-310 0.00
problem30 0.01 201577 5 -308909960 6.95334e-310 0.00
problem31 0.01 194804 5 -308909960 6.95334e-310 0.00
problem32 0.08 218476 5 -308909960 6.95334e-310 0.00
problem33 0.02 195800 5 -308909960 6.95334e-310 0.00
problem34 0.01 193719 5 -308909960 6.95334e-310 0.00
problem35 0.03 201850 5 -308909960 6.95334e-310 0.00
problem36 0.01 223242 5 -308909960 6.95334e-310 0.00
problem37 0.03 198382 5 -308909960 6.95334e-310 0.00
problem38 0.01 176848 5 -308909960 6.95334e-310 0.00
problem39 0.02 197963 5 -308909960 6.95334e-310 0.00
problem40 0.02 234781 5 -308909960 6.95334e-310 0.00
problem41 0.02 214351 5 -308909960 6.95334e-310 0.00
problem42 0.03 211891 5 -308909960 6.95334e-310 0.00
problem43 0.01 203793 5 -308909960 6.95334e-310 0.00
problem44 0.02 236198 5 -308909960 6.95334e-310 0.00
problem45 0.02 202917 5 -308909960 6.95334e-310 0.00
problem46 0.01 204129 5 -308909960 6.95334e-310 0.00
problem47 0.01 204492 5 -308909960 6.95334e-310 0.00
problem48 0.01 196943 5 -308909960 6.95334e-310 0.00
problem49 0.04 218864 5 -308909960 6.95334e-310 0.00
problem50 0.01 209028 5 -308909960 6.95334e-310 0.00
problem51 0.01 226173 5 -308909960 6.95334e-310 0.00
problem52 0.02 236653 5 -308909960 6.95334e-310 0.00
problem53 0.02 194097 5 -308909960 6.95334e-310 0.00
problem54 0.03 235634 5 -308909960 6.95334e-310 0.00
problem55 0.02 193912 5 -308909960 6.95334e-310 0.00
problem56 0.06 221013 5 -308909960 6.95334e-310 0.00
problem57 0.39 221629 5 -308909960 6.95334e-310 0.00
problem58 0.01 202880 5 -308909960 6.95334e-310 0.00
problem59 0.02 172051 5 -308909960 6.95334e-310 0.00
problem60 0.07 242355 5 -308909960 6.95334e-310 0.00
problem61 0.02 184210 5 -308909960 6.95334e-310 0.00
problem62 0.02 201732 5 -308909960 6.95334e-310 0.00
problem63 0.06 222201 5 -308909960 6.95334e-310 0.00
problem64 0.01 248284 5 -308909960 6.95334e-310 0.00
problem65 0.03 234931 5 -308909960 6.95334e-310 0.00
problem66 0.01 254887 5 -308909960 6.95334e-310 0.00
problem67 0.02 195711 5 -308909960 6.95334e-310 0.00
problem68 0.02 205519 5 -308909960 6.95334e-310 0.00
problem69 0.02 229236 5 -308909960 6.95334e-310 0.00
problem70 0.01 196629 5 -308909960 6.95334e-310 0.00
problem71 0.02 236112 5 -308909960 6.95334e-310 0.00
problem72 0.01 230968 5 -308909960 6.95334e-310 0.00
problem73 0.04 205524 5 -308909960 6.95334e-310 0.00
problem74 0.01 186190 5 -308909960 6.95334e-310 0.00
problem75 0 178369 5 -308909960 6.95334e-310 0.00
problem76 0.02 231275 5 -308909960 6.95334e-310 0.00
problem77 0.02 210389 5 -308909960 6.95334e-310 0.00
problem78 0.01 216230 5 -308909960 6.95334e-310 0.00
problem79 0.33 171473 5 -308909960 6.95334e-310 0.00
problem80 0.02 164969 5 -308909960 6.95334e-310 0.00
problem81 0.01 200310 5 -308909960 6.95334e-310 0.00
problem82 0.02 211146 5 -308909960 6.95334e-310 0.00
problem83 0 208770 5 -308909960 6.95334e-310 0.00
problem84 0.02 228146 5 -308909960 6.95334e-310 0.00
problem85 0.08 238262 5 -308909960 6.95334e-310 0.00
problem86 0.01 223672 5 -308909960 6.95334e-310 0.00
problem87 0.05 237181 5 -308909960 6.95334e-310 0.00
problem88 0.01 199109 5 -308909960 6.95334e-310 0.00
problem89 0.01 242498 5 -308909960 6.95334e-310 0.00
problem90 0.01 216432 5 -308909960 6.95334e-310 0.00
problem91 0.26 200899 5 -308909960 6.95334e-310 0.00
problem92 0.02 224803 5 -308909960 6.95334e-310 0.00
problem93 0.09 204994 5 -308909960 6.95334e-310 0.00
problem94 0.02 225780 5 -308909960 6.95334e-310 0.00
problem95 0.01 216148 5 -308909960 6.95334e-310 0.00
problem96 0.02 230988 5 -308909960 6.95334e-310 0.00
problem97 0.02 213304 5 -308909960 6.95334e-310 0.00
problem98 0.01 197954 5 -308909960 6.95334e-310 0.00
problem99 0.05 210735 5 -308909960 6.95334e-310 0.00
