problem0 0.01 44459262678 1 2328.00
problem1 0.01 51551471286 1 2384.00
problem2 0.01 42688943766 1 2384.00
problem3 0.00 28590977654 1 2384.00
problem4 0.02 46647401046 1 2384.00
problem5 0.01 43310288438 1 2384.00
problem6 0.03 45322227222 1 2384.00
problem7 0.02 46403000822 1 2384.00
problem8 0.01 43186385366 1 2384.00
problem9 0.01 44313400758 1 2384.00
problem10 0.01 46239565206 1 2384.00
problem11 0.01 44475629942 1 2384.00
problem12 0.01 45902055766 1 2384.00
problem13 0.01 34912591158 1 2384.00
problem14 0.00 48005774614 1 2384.00
problem15 0.02 43291748598 1 2384.00
problem16 0.05 45950722262 1 2384.00
problem17 0.00 49952040118 1 2384.00
problem18 0.01 38958593174 1 2384.00
problem19 0.01 42664710262 1 2384.00
problem20 0.00 39588968534 1 2384.00
problem21 0.01 34886921270 1 2384.00
problem22 0.03 44748286998 1 2384.00
problem23 0.01 41065691126 1 2384.00
problem24 0.01 43206037462 1 2384.00
problem25 0.01 45499380662 1 2384.00
problem26 0.03 42438304662 1 2384.00
problem27 0.01 37771173750 1 2384.00
problem28 0.02 46079190870 1 2384.00
problem29 0.01 39592622902 1 2384.00
problem30 0.01 39962172182 1 2384.00
problem31 0.01 41452881654 1 2384.00
problem32 0.01 46880931542 1 2384.00
problem33 0.01 42347152054 1 2384.00
problem34 0.01 50353689238 1 2384.00
problem35 0.01 46555459190 1 2384.00
problem36 0.01 45089068630 1 2384.00
problem37 0.01 43241556534 1 2384.00
problem38 0.01 42354805270 1 2384.00
problem39 0.01 41886406134 1 2384.00
problem40 0.01 40986717654 1 2384.00
problem41 0.00 43297149366 1 2384.00
problem42 0.01 41347350934 1 2384.00
problem43 0.02 40680848758 1 2384.00
problem44 0.02 50694686038 1 2384.00
problem45 0.01 44340549942 1 2384.00
problem46 0.02 45601175830 1 2384.00
problem47 0.00 41946834166 1 2384.00
problem48 0.02 39599480022 1 2384.00
problem49 0.01 46856200374 1 2384.00
problem50 0.02 47748984982 1 2384.00
problem51 0.01 47645199478 1 2384.00
problem52 0.00 44759872598 1 2384.00
problem53 0.01 37101463606 1 2384.00
problem54 0.01 43376273430 1 2384.00
problem55 0.01 43362218998 1 2384.00
problem56 0.01 50352851926 1 2384.00
problem57 0.01 45088681910 1 2384.00
problem58 0.01 41758744470 1 2384.00
problem59 0.02 49849211766 1 2384.00
problem60 0.01 41360712534 1 2384.00
problem61 0.00 45800929078 1 2384.00
problem62 0.01 46534956822 1 2384.00
problem63 0.00 41418162934 1 2384.00
problem64 0.01 40078277334 1 2384.00
problem65 0.01 40796389046 1 2384.00
problem66 0.00 38526455446 1 2384.00
problem67 0.01 46873455222 1 2384.00
problem68 0.01 37393420886 1 2384.00
problem69 0.01 47470937654 1 2384.00
problem70 0.02 44457248278 1 2384.00
problem71 0.00 39990202870 1 2384.00
problem72 0.02 40031709654 1 2384.00
problem73 0.01 43223567798 1 2384.00
problem74 0.01 46759493014 1 2384.00
problem75 0.01 38298499446 1 2384.00
problem76 0.02 34049179990 1 2384.00
problem77 0.00 38470833462 1 2384.00
problem78 0.01 41555555606 1 2384.00
problem79 0.01 42953875702 1 2384.00
problem80 0.02 34224462038 1 2384.00
problem81 0.01 50877045942 1 2384.00
problem82 0.01 47247944854 1 2384.00
problem83 0.01 36589815926 1 2384.00
problem84 0.03 41109106774 1 2384.00
problem85 0.00 40929764406 1 2384.00
problem86 0.01 33652352022 1 2384.00
problem87 0.02 43447300086 1 2384.00
problem88 0.03 41027586006 1 2384.00
problem89 0.01 51526233014 1 2384.00
problem90 0.01 42256735126 1 2384.00
problem91 0.00 37033006966 1 2384.00
problem92 0.03 44731998038 1 2384.00
problem93 0.01 38322172726 1 2384.00
problem94 0.01 46634881814 1 2384.00
problem95 0.01 41051045622 1 2384.00
problem96 0.01 40157427414 1 2384.00
problem97 0.01 47972924086 1 2384.00
problem98 0.01 44788206230 1 2384.00
problem99 0.02 43503609462 1 2384.00
