problem0 404.55 915774210295977 73151 3 400.24 984048.00
problem1 220.30 867806729062875 45922 1 212.92 7699488.00
problem2 109.58 956946479322495 26323 1 104.61 7699488.00
problem3 123.04 939478934264502 36813 1 116.09 1104200.00
problem4 108.24 1018554821244195 19780 1 104.76 1383320.00
problem5 116.86 1032639836818783 19757 1 111.55 4020192.00
problem6 464.76 793575457383615 97210 2 458.48 3968072.00
problem7 61.60 1021528938156152 7878 1 60.20 962792.00
problem8 47.92 1073839513962532 5797 1 44.85 963004.00
problem9 83.15 1017715763497480 14671 1 77.47 968776.00
problem10 113.39 1002829532448483 17855 1 109.90 2480128.00
problem11 118.31 924489658117030 22923 1 114.63 2223220.00
problem12 72.88 939721504077840 14850 1 68.89 1853416.00
problem13 193.00 911214436048108 57643 1 185.96 1626328.00
problem14 73.62 1050451382035836 13034 1 68.02 1577248.00
problem15 86.96 987368490865045 22945 1 81.31 1661848.00
problem16 67.64 1095339721635484 8698 1 65.91 1661848.00
problem17 45.32 1079060371674884 5373 1 43.66 625812.00
problem18 82.06 958242388615630 11424 1 80.44 1871008.00
problem19 87.95 1027275046683781 12607 1 85.68 2170872.00
problem20 100.84 910803304584670 20235 1 94.70 2121456.00
problem21 135.64 994359538664552 27635 1 133.60 2090268.00
problem22 91.84 970783422453188 13811 1 89.78 2040660.00
problem23 144.78 897867142133140 26155 1 142.57 2784336.00
problem24 73.76 1070034295079724 11353 1 68.41 2784336.00
problem25 54.76 967735194303863 7627 1 52.72 961652.00
problem26 103.25 986582183439664 14091 1 100.56 2552184.00
problem27 202.68 905219476638996 59206 1 199.05 1953644.00
problem28 108.80 985037792985794 20809 1 103.29 3315960.00
problem29 110.82 906092096237536 18336 1 104.06 4495076.00
problem30 122.38 932360774551862 25223 1 118.25 4440112.00
problem31 113.07 946471203932764 22736 1 102.11 3057744.00
problem32 152.78 939307427001277 43034 1 147.71 3008396.00
problem33 80.99 1053191090626079 13573 1 77.23 2039188.00
problem34 155.47 839598199286219 34335 1 148.80 4156048.00
problem35 106.51 919055354244675 15586 1 104.46 2713444.00
problem36 109.71 980116344900826 25362 1 102.38 2713444.00
problem37 116.48 1028446711991713 16077 1 114.09 1826024.00
problem38 43.67 1128284236823866 4560 1 42.11 1826024.00
problem39 178.40 833513547374983 53842 1 172.77 2556692.00
problem40 133.21 953897726453638 26115 1 129.19 2556692.00
problem41 151.86 877691757826426 38500 1 147.98 2700216.00
problem42 64.64 1038596929188258 6131 1 63.49 2650844.00
problem43 101.65 1005674372774887 19052 1 94.35 880960.00
problem44 147.17 913963368494846 30219 1 141.82 3111132.00
problem45 92.46 975810556556528 15803 1 89.86 1356012.00
problem46 58.19 1038684684139047 7885 1 53.09 1356012.00
problem47 96.37 946528135456292 17668 1 91.55 1688864.00
problem48 216.97 818340434486778 65114 1 210.66 6629640.00
problem49 103.54 995728824203852 16516 1 98.17 1621640.00
problem50 108.45 943742904912568 33526 1 101.57 2522856.00
problem51 120.74 869058455632744 30856 1 118.86 1982272.00
problem52 82.83 975929509070664 10585 1 82.11 2905036.00
problem53 229.41 803731850943083 71554 1 224.03 6913092.00
problem54 88.37 949323315475900 15056 1 85.01 6913092.00
problem55 99.72 1042522818877068 20072 1 96.08 900380.00
problem56 90.03 927922347847596 22662 1 74.90 1572624.00
problem57 143.96 895498514273145 25676 1 142.72 3614084.00
problem58 92.50 889799646548617 25184 1 83.48 3564576.00
problem59 150.79 913431094495917 45881 1 144.78 1089428.00
problem60 155.76 912941900671437 26665 1 154.47 2173412.00
problem61 119.52 986875094738641 14143 1 116.47 4128136.00
problem62 59.37 1100214090558775 9807 1 55.35 4078808.00
problem63 146.04 868130542942923 35020 1 141.45 2417088.00
problem64 134.24 831709403935158 32810 1 128.62 3614648.00
problem65 75.16 1054531343237083 9984 1 73.79 1838984.00
problem66 136.15 883045872188851 28268 1 132.89 1838984.00
problem67 94.97 950190858083057 19762 1 91.25 1267044.00
problem68 86.50 883765544587987 14939 1 79.49 2886460.00
problem69 69.61 1031982021706716 8902 1 68.16 1518596.00
problem70 65.02 974818818591845 10641 1 62.10 1464636.00
problem71 91.34 976744653815567 10483 1 89.52 808256.00
problem72 60.32 1048371907943552 8441 1 46.83 808256.00
problem73 131.00 996752322398770 31182 1 122.45 4437128.00
problem74 132.60 1004835368452409 30630 1 129.24 4387644.00
problem75 117.39 1012903461531027 20605 1 109.40 3254440.00
problem76 177.08 908718948771059 57598 1 170.83 2120548.00
problem77 119.92 954560275162427 25767 1 113.06 2238764.00
problem78 52.48 1005805429160853 6598 1 50.59 2238764.00
problem79 92.24 985307795017649 19491 1 86.88 1445448.00
problem80 86.83 928916500016404 19398 1 80.28 1575548.00
problem81 46.41 933937913196905 5555 1 44.64 583092.00
problem82 113.19 957984485860200 37180 1 108.62 1026904.00
problem83 51.99 1124263885595229 6434 1 49.41 792392.00
problem84 77.83 967998593011751 12318 1 72.17 1654588.00
problem85 76.07 950284627477507 10155 1 72.55 1914352.00
problem86 60.37 1013870334518478 8316 1 55.82 1914352.00
problem87 53.97 1067135263658182 6329 1 52.14 439288.00
problem88 75.96 976125947873705 9459 1 74.29 2066696.00
problem89 185.63 860448661005802 45984 1 179.33 3025248.00
problem90 78.63 992883018840409 11790 1 75.96 2061988.00
problem91 87.61 971604854201670 11628 1 86.43 1686088.00
problem92 44.79 1096479459172265 4647 1 41.26 1636724.00
problem93 53.54 1144208049467646 6186 1 50.02 702288.00
problem94 116.88 876939287948352 35824 1 105.52 1140712.00
problem95 239.83 858492649015304 50374 1 236.13 7841544.00
problem96 127.90 938715875690992 35783 1 121.78 7841544.00
problem97 170.30 899926848860858 25705 1 167.45 3357064.00
problem98 121.37 992735970983555 21355 1 119.40 3710380.00
problem99 108.73 901013452511422 19007 1 103.21 3710380.00
