problem0 0.01 450111504845244 47 1 0.01 3408.00
problem1 0.01 596064203752577 61 2 0.01 3080.00
problem2 0 718173077003067 33 1 0 3084.00
problem3 0 630355764899802 42 1 0 3084.00
problem4 0 602024511082450 20 1 0 3084.00
problem5 0 661900105442874 30 1 0 3112.00
problem6 0.01 772333834033169 24 1 0 3112.00
problem7 0 714997522520889 45 1 0 3112.00
problem8 0 577274074368770 21 1 0 3112.00
problem9 0 631141703089270 34 1 0 3112.00
problem10 0.01 633490139920510 27 1 0.01 3112.00
problem11 0 576002366909438 29 1 0 3112.00
problem12 0 601613159028309 43 1 0 3112.00
problem13 0 574316675310263 24 1 0 3112.00
problem14 0.01 525008799120905 36 1 0 3112.00
problem15 0 646092948136780 28 1 0 3124.00
problem16 0 666097091759827 89 2 0 3124.00
problem17 0 628940083761072 35 1 0 3124.00
problem18 0.01 819546285799731 12 1 0 3124.00
problem19 0 675239774226811 43 1 0 3124.00
problem20 0 488450101212438 55 1 0 3124.00
problem21 0 503738511504467 20 1 0 3124.00
problem22 0.01 672275023825552 40 1 0 3124.00
problem23 0 605549361513245 19 1 0 3124.00
problem24 0 576475540645483 40 1 0 3124.00
problem25 0 606488200015875 30 1 0 3124.00
problem26 0.01 593135759890905 38 1 0.01 3124.00
problem27 0 604745611795239 43 1 0 3124.00
problem28 0 619920317043594 20 1 0 3124.00
problem29 0 623415498646087 29 1 0 3124.00
problem30 0.01 597234818630065 44 1 0.01 3124.00
problem31 0 716080439831770 12 1 0 3124.00
problem32 0 664603678242903 54 1 0 3124.00
problem33 0 561798172224208 16 1 0 3124.00
problem34 0.01 630358425190771 30 1 0.01 3124.00
problem35 0 776586288640452 40 1 0 3124.00
problem36 0 652045435245385 23 1 0 3124.00
problem37 0.01 540165650733002 42 1 0.01 3124.00
problem38 0 749076515310678 61 1 0 3124.00
problem39 0 590773031806380 29 1 0 3124.00
problem40 0 622396699163792 58 1 0 3124.00
problem41 0.01 528053719641573 27 1 0.01 3124.00
problem42 0 668707605278304 16 1 0 3124.00
problem43 0 573725102630028 51 1 0 3124.00
problem44 0 559811246946830 30 1 0 3124.00
problem45 0.01 596682730409118 22 1 0.01 3124.00
problem46 0 585675229390317 15 1 0 3124.00
problem47 0 625198196618863 11 1 0 3124.00
problem48 0 534071328075594 44 1 0 3124.00
problem49 0 577733832454994 38 1 0 3124.00
problem50 0.01 563631791580406 28 1 0 3124.00
problem51 0 648617232721122 32 1 0 3124.00
problem52 0 572162799750057 60 1 0 3124.00
problem53 0.01 626099377346838 27 1 0 3124.00
problem54 0 693503555007655 22 1 0 3124.00
problem55 0 607587397645873 26 1 0 3124.00
problem56 0 596568854696690 30 1 0 3124.00
problem57 0.01 627911623614864 16 1 0 3124.00
problem58 0 541890236368993 29 1 0 3124.00
problem59 0 582360790388494 45 1 0 3124.00
problem60 0 599515004794743 10 1 0 3124.00
problem61 0.01 580057859581529 36 1 0.01 3124.00
problem62 0 650447097032116 19 1 0 3124.00
problem63 0 692144638038698 13 1 0 3124.00
problem64 0.01 545995244327354 12 1 0.01 3124.00
problem65 0 713219439801834 37 1 0 3124.00
problem66 0 635538169411790 18 1 0 3124.00
problem67 0 687753011845197 29 1 0 3124.00
problem68 0 438567869010416 67 1 0 3124.00
problem69 0.01 673979001764610 19 1 0 3124.00
problem70 0 577698082204404 32 1 0 3124.00
problem71 0 589187544307390 22 1 0 3124.00
problem72 0.01 767920217401688 38 1 0.01 3124.00
problem73 0 672223886245747 40 1 0 3124.00
problem74 0 764022821602014 21 1 0 3124.00
problem75 0 435851766055035 43 1 0 3124.00
problem76 0.01 480563102466460 25 1 0 3124.00
problem77 0 686782804271146 52 1 0 3124.00
problem78 0 650781683414458 36 1 0 3124.00
problem79 0.01 662334421462126 34 1 0.01 3124.00
problem80 0 607975846644766 28 1 0 3124.00
problem81 0 482333575509973 15 1 0 3124.00
problem82 0 659032066322892 35 1 0 3124.00
problem83 0 541983812359921 31 1 0 3124.00
problem84 0.01 614562731949236 29 1 0 3124.00
problem85 0 558149397752837 19 1 0 3124.00
problem86 0 595174177858307 16 1 0 3124.00
problem87 0 505444736178445 23 1 0 3124.00
problem88 0.01 539216311556139 47 1 0.01 3124.00
problem89 0 525593915209717 47 1 0 3124.00
problem90 0 597486399774499 26 1 0 3124.00
problem91 0.01 743561191154896 21 1 0 3124.00
problem92 0 593039040508278 32 1 0 3124.00
problem93 0 630733223329305 20 1 0 3124.00
problem94 0 709328509881531 45 1 0 3124.00
problem95 0.01 720124681067031 13 1 0.01 3124.00
problem96 0 601951770683892 44 1 0 3124.00
problem97 0 650453773532461 33 1 0 3124.00
problem98 0 670195185896996 41 1 0 3124.00
problem99 0.01 696784828149043 23 1 0 3124.00
