problem0 0 142415672 1
problem1 0 156314006 1
problem2 0 146306820 1
problem3 0 150517506 1
problem4 0 150824208 1
problem5 0 147693742 1
problem6 0 145952092 1
problem7 0 147436186 1
problem8 0 145808360 1
problem9 0 143980742 1
problem10 0 151682228 1
problem11 0 150060850 1
problem12 0 144432064 1
problem13 0 141070814 1
problem14 0 148186380 1
problem15 0 158612682 1
problem16 0 155632792 1
problem17 0 133024758 1
problem18 0 158164580 1
problem19 0 154700642 1
problem20 0 163444336 1
problem21 0 133039886 1
problem22 0 120692924 1
problem23 0 134875898 1
problem24 0 147968328 1
problem25 0 131506982 1
problem26 0 126104596 1
problem27 0 148380562 1
problem28 0 144094496 1
problem29 0 133759038 1
problem30 0 147554412 1
problem31 0 141958442 1
problem32 0 149225976 1
problem33 0 147488342 1
problem34 0 154265028 1
problem35 0 152793026 1
problem36 0 144250832 1
problem37 0 153386350 1
problem38 0 140887068 1
problem39 0 153318234 1
problem40 0 152262312 1
problem41 0 163863942 1
problem42 0 131693428 1
problem43 0 151881714 1
problem44 0 154672768 1
problem45 0 139165342 1
problem46 0 147024844 1
problem47 0 125635978 1
problem48 0 154128216 1
problem49 0 155140278 1
problem50 0 140375332 1
problem51 0 154756130 1
problem52 0 140953904 1
problem53 0 143197134 1
problem54 0 149387132 1
problem55 0 145615802 1
problem56 0 151874568 1
problem57 0 133572582 1
problem58 0 153244372 1
problem59 0 141165650 1
problem60 0 148379616 1
problem61 0 133696766 1
problem62 0 135587628 1
problem63 0 153161194 1
problem64 0 134163640 1
problem65 0 144970518 1
problem66 0 139039876 1
problem67 0 132802690 1
problem68 0 146737808 1
problem69 0 141793838 1
problem70 0 156154588 1
problem71 0 159478810 1
problem72 0 131600744 1
problem73 0 151257670 1
problem74 0 154581556 1
problem75 0 134582450 1
problem76 0 130982208 1
problem77 0 135703390 1
problem78 0 165147276 1
problem79 0 142220874 1
problem80 0 137042456 1
problem81 0 160494966 1
problem82 0 156025828 1
problem83 0 147225826 1
problem84 0 133815280 1
problem85 0 142360718 1
problem86 0 145985084 1
problem87 0 146148474 1
problem88 0 134956744 1
problem89 0 134605990 1
problem90 0 145666452 1
problem91 0 150482194 1
problem92 0 145996448 1
problem93 0 159340990 1
problem94 0 145001964 1
problem95 0 140525226 1
problem96 0 126588792 1
problem97 0 148760534 1
problem98 0 146768708 1
problem99 0 136683842 1
