problem0 0 3999129577 1
problem1 0.16 4326425318 1
problem2 0.53 4496566574 0
problem3 0.25 3667161868 0
problem4 0.46 3914458948 0
problem5 0.25 4417585257 0
problem6 0.01 3923361908 1
problem7 0.46 4399735359 0
problem8 0.14 3826786557 1
problem9 0.22 4469452235 0
problem10 0.03 4397091614 1
problem11 0.33 4681557583 1
problem12 0.52 3892504344 0
problem13 0.85 4181380365 0
problem14 0.32 4108587817 0
problem15 0.23 3953619266 0
problem16 0.4 3890672529 1
problem17 0.26 5182095410 0
problem18 0.45 4902142613 0
problem19 0.6 4981216532 0
problem20 0 4520763499 1
problem21 0.07 3975006512 1
problem22 0.06 4176962396 1
problem23 0.17 4143219653 1
problem24 0.03 3639977893 1
problem25 0.56 4745644565 0
problem26 0.06 4293549958 1
problem27 0.34 3546402648 0
problem28 0.03 3982467903 1
problem29 0.28 4283270357 0
problem30 0.01 4487741712 1
problem31 0.1 3659327945 1
problem32 0.51 4879387962 0
problem33 0.23 4079475576 0
problem34 0.04 4182766074 1
problem35 0.12 4416627995 1
problem36 0.32 4991090579 1
problem37 0.52 4003303417 0
problem38 0.21 4713757765 0
problem39 0 3552949069 1
problem40 0.04 3871208525 1
problem41 0.05 3893118042 1
problem42 0.2 3458484720 0
problem43 0.12 4816578143 1
problem44 0.2 4946314599 1
problem45 0.3 3703536284 1
problem46 0 4432815352 1
problem47 0.09 4420923473 1
problem48 0.07 3704368353 1
problem49 0.43 4388459714 0
problem50 0.26 3374331746 1
problem51 0.3 3817349925 0
problem52 0.03 3672523963 1
problem53 0.36 4185052352 1
problem54 0.04 4121742124 1
problem55 0.44 3725766870 0
problem56 0.1 4517496565 1
problem57 0.41 4022426787 0
problem58 0.46 3643968087 0
problem59 0.11 3884149607 1
problem60 0.01 3506883983 1
problem61 0.45 4640288358 0
problem62 0.29 4674043618 0
problem63 0.25 4524016857 1
problem64 0.35 4325200524 0
problem65 0.1 4577897478 1
problem66 0.29 4039119562 1
problem67 0.35 3968274220 0
problem68 0.03 3347623907 1
problem69 0.32 4167178121 0
problem70 0.32 4635856917 0
problem71 0.19 4196138080 0
problem72 0.15 3736657821 1
problem73 0.37 4826108650 1
problem74 0.33 4779647170 0
problem75 0.52 4812906096 0
problem76 0.02 3573955511 1
problem77 0.01 4759691308 1
problem78 0.08 3750137544 1
problem79 0.27 3174868834 0
problem80 0.52 4634410548 0
problem81 0.13 4523827534 1
problem82 0.29 3836609587 0
problem83 0.25 3118836022 0
problem84 0.12 4120887563 1
problem85 0.47 4768913489 0
problem86 0.23 4756015868 1
problem87 0.18 4144109030 0
problem88 0.13 4692409925 1
problem89 0.42 3176032051 0
problem90 0.25 4570090790 1
problem91 0.05 4098015095 1
problem92 0.18 4298870751 1
problem93 0.02 3772633076 1
problem94 0.41 2974340274 0
problem95 0.37 4392703978 0
problem96 0.24 4644745177 1
problem97 0.27 3496211608 0
problem98 0.09 3905457050 1
problem99 0.47 4633424188 0
