problem0 3.41 134907746003677 1 4444.00
problem1 2.91 134596097056917 1 5936.00
problem2 5.02 129370362061517 1 5936.00
problem3 2.70 137232843008389 1 5936.00
problem4 4.39 135765516463293 1 5936.00
problem5 4.81 138413144319093 1 5936.00
problem6 3.99 132151356623021 1 5936.00
problem7 3.18 130693188260197 1 5936.00
problem8 5.66 132828856153757 1 5936.00
problem9 4.45 135259351707733 1 5936.00
problem10 4.51 139743706265229 1 5936.00
problem11 3.87 147313111793989 1 5936.00
problem12 4.07 131602851858557 1 5936.00
problem13 5.66 131875114517557 1 5936.00
problem14 7.99 117351649422445 1 5936.00
problem15 5.24 127715581901093 1 5936.00
problem16 3.24 140469891293789 1 5936.00
problem17 3.49 121843808100373 1 5936.00
problem18 3.43 112298603637325 1 5936.00
problem19 2.53 144789576169733 1 5936.00
problem20 4.64 144807653311549 1 5936.00
problem21 7.44 109471269159925 1 5936.00
problem22 2.78 131817629249581 1 5936.00
problem23 6.24 139652135125221 1 5936.00
problem24 5.51 138590940392989 1 5936.00
problem25 5.62 120230619344853 1 5936.00
problem26 2.93 138798874902029 1 5936.00
problem27 5.93 135657455784133 1 5936.00
problem28 3.77 123317399953405 1 5936.00
problem29 2.13 134000756728757 1 5936.00
problem30 7.18 128110609519597 1 5936.00
problem31 6.22 119013443823781 1 5936.00
problem32 3.04 146824901892573 1 5936.00
problem33 6.56 123617445388181 1 5936.00
problem34 5.40 118567096594893 1 5936.00
problem35 3.92 120368375466117 1 5936.00
problem36 2.51 151103130557373 1 5936.00
problem37 3.84 134965328667509 1 5936.00
problem38 3.92 137509124724653 1 5936.00
problem39 3.31 134528831909989 1 5936.00
problem40 2.19 150267902682525 1 5936.00
problem41 2.58 124936866164565 1 5936.00
problem42 9.16 116633333941645 1 5936.00
problem43 3.55 131196580700229 1 5936.00
problem44 4.47 133966816032637 1 5936.00
problem45 8.43 122407171113781 1 5936.00
problem46 5.14 123481826163565 1 5936.00
problem47 5.38 136933194733605 1 5936.00
problem48 3.08 125025763578205 1 5936.00
problem49 3.55 138279678467861 1 5936.00
problem50 2.54 130346617993549 1 5936.00
problem51 5.91 126668641490949 1 5936.00
problem52 4.53 116458406261565 1 5936.00
problem53 5.12 130266876199669 1 5936.00
problem54 2.70 149620703215405 1 5936.00
problem55 4.96 135971191283685 1 5936.00
problem56 2.67 140726278741277 1 5936.00
problem57 2.89 152148471901909 1 5936.00
problem58 1.83 144058469240077 1 5936.00
problem59 2.30 130084737593285 1 5936.00
problem60 2.74 134798970015485 1 5936.00
problem61 4.88 131154111029941 1 5936.00
problem62 5.41 127560862802669 1 5936.00
problem63 3.89 120115715491749 1 5936.00
problem64 4.07 152969216067805 1 5936.00
problem65 5.06 137686786219669 1 5936.00
problem66 2.68 142024979366093 1 5936.00
problem67 2.40 141540548421509 1 5936.00
problem68 6.60 111585276725949 1 5936.00
problem69 5.33 129239170359925 1 5936.00
problem70 3.81 121253192509101 1 5936.00
problem71 5.50 136815065190245 1 5936.00
problem72 4.46 132226875675805 1 5936.00
problem73 7.64 125077989584469 1 5936.00
problem74 5.20 119109869753485 1 5936.00
problem75 5.30 126914956902213 1 5936.00
problem76 3.51 130925401466493 1 5936.00
problem77 4.35 123402157195829 1 5936.00
problem78 3.49 130068512131693 1 5936.00
problem79 3.02 146240715749157 1 5936.00
problem80 6.61 115778834448477 1 5936.00
problem81 1.65 132609598709269 1 5936.00
problem82 4.90 120074852304973 1 5936.00
problem83 6.79 110211846338309 1 5936.00
problem84 4.75 130833167213117 1 5936.00
problem85 6.28 107765558739445 1 5936.00
problem86 5.87 124789399621165 1 5936.00
problem87 3.20 123524721589989 1 5936.00
problem88 5.66 129904318499869 1 5936.00
problem89 4.18 133120994340309 1 5936.00
problem90 2.73 122739339123725 1 5936.00
problem91 2.57 140557571706565 1 5936.00
problem92 2.17 151975470759421 1 5936.00
problem93 6.16 131600450232757 1 5936.00
problem94 5.05 129781505389037 1 5936.00
problem95 2.47 128011768866469 1 5936.00
problem96 6.29 127467738429405 1 5936.00
problem97 4.46 119407183240597 1 5936.00
problem98 5.28 125649314959309 1 5936.00
problem99 5.03 138252151899781 1 5936.00
