problem0 0 58386858 1
problem1 0 48033752 1
problem2 0 67119574 1
problem3 0 53823268 1
problem4 0 52841282 1
problem5 0 67333552 1
problem6 0.01 56424942 1
problem7 0 60960636 1
problem8 0 71115226 1
problem9 0 63150216 1
problem10 0 57995014 1
problem11 0 71103700 1
problem12 0 66309490 1
problem13 0 59953248 1
problem14 0.01 60188958 1
problem15 0 63239980 1
problem16 0 68333066 1
problem17 0 56259896 1
problem18 0.01 52676662 1
problem19 0 70096516 1
problem20 0 66462626 1
problem21 0 62383888 1
problem22 0 64187470 1
problem23 0 69087964 1
problem24 0.01 55479866 1
problem25 0 58492392 1
problem26 0 70235494 1
problem27 0 66202676 1
problem28 0 60837330 1
problem29 0 61714880 1
problem30 0.01 72811390 1
problem31 0 62448268 1
problem32 0 71549546 1
problem33 0 59034264 1
problem34 0 71022230 1
problem35 0 62240228 1
problem36 0.01 65358850 1
problem37 0 70201456 1
problem38 0 73674414 1
problem39 0.01 69207612 1
problem40 0 59067034 1
problem41 0 59654984 1
problem42 0 61524934 1
problem43 0 61027220 1
problem44 0 58203698 1
problem45 0 66544416 1
problem46 0 54390238 1
problem47 0 69115372 1
problem48 0 61220554 1
problem49 0 66318328 1
problem50 0.01 56620278 1
problem51 0 69576004 1
problem52 0 67880034 1
problem53 0 58804688 1
problem54 0 65487118 1
problem55 0 67086748 1
problem56 0 66672378 1
problem57 0 59822248 1
problem58 0.02 62796326 1
problem59 0 73927412 1
problem60 0 76758674 1
problem61 0 59237504 1
problem62 0 73607230 1
problem63 0 63842636 1
problem64 0 51501866 1
problem65 0 62907736 1
problem66 0 57181014 1
problem67 0.01 60122276 1
problem68 0 67210434 1
problem69 0 54932272 1
problem70 0 66364270 1
problem71 0 64298236 1
problem72 0 58897242 1
problem73 0 64761352 1
problem74 0 75622534 1
problem75 0 47755860 1
problem76 0 71937778 1
problem77 0 74921440 1
problem78 0 60732062 1
problem79 0 69174444 1
problem80 0 73326474 1
problem81 0.01 58763960 1
problem82 0 65888694 1
problem83 0.01 64812036 1
problem84 0 69117218 1
problem85 0 47574160 1
problem86 0 56907214 1
problem87 0 58220636 1
problem88 0.01 62480314 1
problem89 0 63462248 1
problem90 0 68021990 1
problem91 0 51194292 1
problem92 0 66285394 1
problem93 0 56448832 1
problem94 0.01 59280638 1
problem95 0 57323532 1
problem96 0.01 56964074 1
problem97 0 55459864 1
problem98 0 71733270 1
problem99 0.01 64246628 1
