problem0 0.58 15145521209 0
problem1 0.67 16023600700 0
problem2 0.75 18005765184 0
problem3 0.2 17124203064 1
problem4 0.53 14779811902 0
problem5 0.75 15594714681 0
problem6 0.06 18822325304 1
problem7 1.05 18347348539 0
problem8 0.71 14496940091 0
problem9 0.01 19409415736 1
problem10 0.46 17305803834 0
problem11 0.57 17103194681 0
problem12 0.21 14833776696 1
problem13 0.74 18340898362 0
problem14 0.18 15066813496 1
problem15 0.98 18223579706 0
problem16 0.75 18474676281 0
problem17 0.27 17221000763 0
problem18 0.8 19084676156 0
problem19 0.96 19024149049 0
problem20 0.64 17366575170 0
problem21 0.03 16586593848 1
problem22 0.94 18085102649 0
problem23 0.47 17894289977 0
problem24 0.72 16341311545 0
problem25 0.73 15900806717 0
problem26 0.6 15826189370 0
problem27 0.34 17518357052 0
problem28 0.63 15935756345 0
problem29 0.48 17847993912 1
problem30 0.63 14992290873 0
problem31 0.61 17359479353 0
problem32 0.59 18834264122 0
problem33 0.95 17596317243 0
problem34 1.43 20415245369 0
