problem0 701.8 391206160624042 1
problem1 170.15 350524778516874 1
problem2 83.01 364155445243242 1
problem3 80.79 378896072408394 1
problem4 203.26 369502783914282 1
problem5 14.1 380696273172746 1
problem6 85.69 412484532135146 1
problem7 25.69 344755540051146 1
problem8 218.93 419250406807722 1
problem9 27.51 366007256686730 1
problem10 342.43 386189835443306 1
problem11 4.3 400536382557258 1
problem12 10.19 390513681838122 1
problem13 6.61 381061459888138 1
problem14 208.21 387324557530090 1
problem15 221.08 345404601668554 1
problem16 449.22 386911998035882 1
problem17 8.44 406425646837642 1
problem18 131.1 418536224869226 1
problem19 119.66 365508389641034 1
problem20 179.66 373059470073642 1
problem21 94.52 398963999266570 1
problem22 90.18 406122072490730 1
problem23 38.48 429212374229706 1
problem24 283.49 375741206410922 1
problem25 41.35 375366640549514 1
problem26 19.83 385812149336682 1
problem27 185.44 372825165916746 1
problem28 27.16 408012647239210 1
problem29 277.21 420911368988170 1
problem30 51.91 402679400395242 1
problem31 36.35 368956951605706 1
problem32 72.63 406493041960362 1
problem33 157.97 429944553917834 1
problem34 109.85 389059516279146 1
problem35 122.87 352540065184074 1
problem36 83.36 401755391753514 1
problem37 76.85 431302217790730 1
problem38 212.89 407508643225834 1
problem39 423.23 383633464950986 1
problem40 1015.61 455619927053482 1
problem41 343.88 407955769482378 1
problem42 4.6 423170116409450 1
problem43 91.84 381306559957066 1
problem44 9.58 400535492029482 1
problem45 283.24 367346388730890 1
problem46 108.77 379606402519018 1
problem47 13.74 407278850232266 1
problem48 218.42 418987812684714 1
problem49 88.66 372136991976330 1
problem50 86.29 393378298136426 1
problem51 719.54 391007660103498 1
problem52 9.49 360668416269098 1
problem53 94.24 346663826133770 1
problem54 46.92 390072221204202 1
problem55 186.25 395735592378058 1
problem56 106.14 365863364489898 1
problem57 126.77 380367318121098 1
problem58 261.28 404432525669994 1
problem59 986.51 378762633750090 1
problem60 453.45 358544033368618 1
problem61 530.71 437486645387786 1
problem62 24.86 445087211531754 1
problem63 126.62 404717050850762 1
problem64 139.15 379484776718762 1
problem65 1.51 396607794776458 1
problem66 5.05 407652146505066 1
problem67 290.54 353050937521482 1
problem68 153.57 422401333868842 1
problem69 78.28 393676830650634 1
problem70 9.71 405649706245354 1
problem71 17.07 412786087574730 1
problem72 453.59 388836493185194 1
problem73 13.12 333782372423818 1
problem74 284.48 358157554193514 1
problem75 170.69 385389263045706 1
problem76 391.15 381695336949802 1
problem77 114.94 418886816153610 1
problem78 27.67 364707746909162 1
problem79 127.12 390624299486154 1
problem80 91.85 343471556083626 1
problem81 79.85 404522114426762 1
problem82 231.33 424876909249386 1
problem83 277.51 406921885815626 1
problem84 232.94 393763160135466 1
problem85 540.67 382607695597322 1
problem86 221.63 382176781613802 1
problem87 164.37 387893437127370 1
problem88 197.39 353149582716586 1
problem89 897.84 425174336648842 1
problem90 425.64 382516208988778 1
problem91 85.43 348058641916490 1
problem92 91.52 441347205400106 1
problem93 28.77 364427477900810 1
problem94 337.76 378287037082090 1
problem95 268.57 400194497685962 1
problem96 70.69 396466184134058 1
problem97 191.23 368856956224906 1
problem98 162.27 384515961856362 1
problem99 111.28 401258207064394 1
