problem0 0.01 636142039 1 2360.00
problem1 0.01 633925653 1 2416.00
problem2 0.00 712196675 1 2416.00
problem3 0.01 788424673 1 2416.00
problem4 0.00 867241071 1 2416.00
problem5 0.00 796374893 1 2416.00
problem6 0.01 739748955 1 2416.00
problem7 0.00 739822265 1 2416.00
problem8 0.00 756968967 1 2416.00
problem9 0.01 690441669 1 2416.00
problem10 0.01 686579059 1 2416.00
problem11 0.01 693546129 1 2416.00
problem12 0.00 700728991 1 2416.00
problem13 0.01 647238429 1 2416.00
problem14 0.00 791721355 1 2416.00
problem15 0.01 814902633 1 2416.00
problem16 0.00 619705911 1 2416.00
problem17 0.01 722888565 1 2416.00
problem18 0.00 731911331 1 2416.00
problem19 0.01 738356545 1 2416.00
problem20 0.00 690674895 1 2416.00
problem21 0.01 723692237 1 2416.00
problem22 0.01 552721083 1 2416.00
problem23 0.01 666438681 1 2416.00
problem24 0.00 666524263 1 2416.00
problem25 0.01 768163109 1 2416.00
problem26 0.00 794388435 1 2416.00
problem27 0.01 723823089 1 2416.00
problem28 0.01 639618815 1 2416.00
problem29 0.00 708214397 1 2416.00
problem30 0.01 671489003 1 2416.00
problem31 0.01 680502985 1 2416.00
problem32 0.01 664312471 1 2416.00
problem33 0.00 691195605 1 2416.00
problem34 0.01 748902147 1 2416.00
problem35 0.01 715154081 1 2416.00
problem36 0.00 715005231 1 2416.00
problem37 0.01 715296301 1 2416.00
problem38 0.01 651720987 1 2416.00
problem39 0.01 601439609 1 2416.00
problem40 0.00 711308999 1 2416.00
problem41 0.01 654711941 1 2416.00
problem42 0.01 667476531 1 2416.00
problem43 0.00 739809105 1 2416.00
problem44 0.01 744539999 1 2416.00
problem45 0.01 653908445 1 2416.00
problem46 0.01 731116107 1 2416.00
problem47 0.00 639160361 1 2416.00
problem48 0.01 733785847 1 2416.00
problem49 0.01 649471541 1 2416.00
problem50 0.00 752159075 1 2416.00
problem51 0.01 653281281 1 2416.00
problem52 0.01 753061263 1 2416.00
problem53 0.00 563044749 1 2416.00
problem54 0.01 740525947 1 2416.00
problem55 0.00 730947289 1 2416.00
problem56 0.01 653820711 1 2416.00
problem57 0.01 729148389 1 2416.00
problem58 0.00 697486483 1 2416.00
problem59 0.01 709522609 1 2416.00
problem60 0.00 727658431 1 2416.00
problem61 0.01 611722557 1 2416.00
problem62 0.01 741488811 1 2416.00
problem63 0.00 809888137 1 2416.00
problem64 0.00 758395735 1 2416.00
problem65 0.01 708341141 1 2416.00
problem66 0.00 764226499 1 2416.00
problem67 0.01 856300897 1 2416.00
problem68 0.01 785444335 1 2416.00
problem69 0.00 662775021 1 2416.00
problem70 0.01 690685403 1 2416.00
problem71 0.00 737767481 1 2416.00
problem72 0.01 625655687 1 2416.00
problem73 0.01 665889605 1 2416.00
problem74 0.01 739190515 1 2416.00
problem75 0.00 600982033 1 2416.00
problem76 0.01 636684319 1 2416.00
problem77 0.01 675504285 1 2416.00
problem78 0.01 741928715 1 2416.00
problem79 0.00 741274345 1 2416.00
problem80 0.01 634857399 1 2416.00
problem81 0.01 609330421 1 2416.00
problem82 0.01 706985507 1 2416.00
problem83 0.00 721806017 1 2416.00
problem84 0.01 759201359 1 2416.00
problem85 0.01 638572621 1 2416.00
problem86 0.00 675738683 1 2416.00
problem87 0.01 707359129 1 2416.00
problem88 0.01 624192487 1 2416.00
problem89 0.00 743332517 1 2416.00
problem90 0.01 748024147 1 2416.00
problem91 0.01 617086833 1 2416.00
problem92 0.01 687100031 1 2416.00
problem93 0.01 737774589 1 2416.00
problem94 0.00 771757419 1 2416.00
problem95 0.01 720104521 1 2416.00
problem96 0.00 796757015 1 2416.00
problem97 0.01 697945173 1 2416.00
problem98 0.00 770752643 1 2416.00
problem99 0.01 754685985 1 2416.00
