problem0 2.45 1050809396255834 2030 1 2.41 17624.00
problem1 1.21 1163927927485015 824 1 1.2 12360.00
problem2 1.32 1219710737380760 1087 1 1.31 12360.00
problem3 1.55 1038935181157186 1619 1 1.53 12360.00
problem4 1.21 1267652870377208 1121 1 1.18 12360.00
problem5 1.17 1306714448201703 1024 1 1.13 12360.00
problem6 1.12 1191107870998146 779 1 1.1 12360.00
problem7 1.42 929348927275556 1687 1 1.39 12360.00
problem8 3.13 1020678203681601 2146 2 3.12 12492.00
problem9 3.15 1083709250580456 2793 2 3.1 13276.00
problem10 3.32 928547610439484 5215 2 3.26 15720.00
problem11 1.6 1078610211825976 784 1 1.57 15720.00
problem12 1.7 1022420038439994 1401 1 1.69 9568.00
problem13 1.46 1191048800238958 1416 1 1.43 9568.00
problem14 1.24 1240298304403471 564 1 1.22 11568.00
problem15 1.78 1077800605498625 3320 1 1.72 11600.00
problem16 1.65 960976735195466 2379 1 1.63 11600.00
problem17 1.44 1138095734410295 1275 1 1.41 11600.00
problem18 1.61 1082647155498135 1176 1 1.58 11600.00
problem19 1.47 1016797911582581 1701 1 1.45 11948.00
problem20 1.32 1183433758869774 942 1 1.28 17008.00
problem21 1.48 1162475112165728 849 1 1.46 17008.00
problem22 1.57 1023009976765432 1347 1 1.55 11936.00
problem23 1.75 1020967140995296 1417 1 1.73 11988.00
problem24 1.78 956373978098837 4204 1 1.72 12900.00
problem25 1.61 1007845112496943 1766 1 1.57 12900.00
problem26 1.54 1143889566219842 2262 1 1.49 12900.00
problem27 1.27 1134514264862905 940 1 1.25 12900.00
problem28 1.7 1129018942743763 2273 1 1.68 12900.00
problem29 1.74 1037677814279268 2091 1 1.71 12900.00
problem30 1.57 1080451590544540 827 1 1.56 12900.00
problem31 1.63 1020519922391262 2236 1 1.6 12900.00
problem32 1.57 1107005390936208 2555 1 1.51 12900.00
problem33 1.65 1102680892245115 1483 1 1.62 27756.00
problem34 1.32 1221725181039551 747 1 1.3 13500.00
problem35 1.77 1094642811368489 3685 1 1.71 13552.00
problem36 1.61 1112410495533995 2143 1 1.57 13552.00
problem37 1.68 1069311864017418 2832 1 1.63 13552.00
problem38 1.42 1192120292455629 1443 1 1.39 22212.00
problem39 1.7 1051274695125315 2388 1 1.65 22212.00
problem40 1.6 1222792663946517 1361 1 1.57 11084.00
problem41 1.44 1199094410340987 1047 1 1.42 11084.00
problem42 1.34 1197391425451441 1103 1 1.31 16156.00
problem43 3.84 930006743868109 5266 2 3.77 26500.00
problem44 1.33 1119124705146458 1038 1 1.31 12992.00
problem45 1.45 1159975657306011 761 1 1.44 16276.00
problem46 1.59 1130372766742525 2534 1 1.54 9808.00
problem47 1.51 1244116184288038 1456 1 1.46 11772.00
problem48 1.52 1061057870741500 2178 1 1.48 13024.00
problem49 1.68 987775177663720 3419 1 1.6 13024.00
problem50 1.67 1093158158092206 2445 1 1.64 13024.00
problem51 1.29 1074329757162038 724 1 1.26 13024.00
problem52 1.49 1038129254338332 863 1 1.47 13024.00
problem53 1.75 1049705379349484 4530 1 1.69 13644.00
problem54 3.8 856384176324412 7003 2 3.71 25948.00
problem55 1.37 1062396044077732 748 1 1.35 14724.00
problem56 1.59 1070856650813708 1042 1 1.56 12704.00
problem57 1.56 1136730332426523 1125 1 1.55 14804.00
problem58 1.78 1021731573199242 1650 1 1.75 12724.00
problem59 1.32 1142058690733858 986 1 1.28 13708.00
problem60 1.74 1089041655108713 2587 1 1.69 16564.00
problem61 1.76 995805442135874 2638 1 1.71 16544.00
problem62 1.93 944602023115197 2740 1 1.88 16596.00
problem63 1.4 1269256578938887 889 1 1.38 12724.00
problem64 1.41 1244378086041087 1184 1 1.39 14368.00
problem65 1.77 942102061865985 2900 1 1.71 18440.00
problem66 1.82 1074550612394794 2045 1 1.79 18544.00
problem67 1.63 1139909380609563 1124 1 1.6 12704.00
problem68 1.5 1040905601571637 1330 1 1.48 13772.00
problem69 1.52 1150237392453836 1263 1 1.49 11100.00
problem70 1.87 960069040560181 4866 1 1.81 14892.00
problem71 1.64 1116681666501675 1415 1 1.6 20816.00
problem72 1.9 1013654664219331 3215 1 1.87 21604.00
problem73 1.42 1200196687364519 1135 1 1.39 14392.00
problem74 1.67 1134379459471748 1793 1 1.63 18612.00
problem75 1.76 1066684240081047 1314 1 1.73 14372.00
problem76 1.65 1167274646021862 1426 1 1.63 15288.00
problem77 1.71 1136809453591581 2014 1 1.66 15936.00
problem78 1.84 1071534644567018 1634 1 1.81 16592.00
problem79 1.74 1022945387419358 1662 1 1.71 12724.00
problem80 1.79 970061289930371 2593 1 1.74 12872.00
problem81 1.69 1162779097166506 969 1 1.67 14816.00
problem82 1.62 1064298625862594 1766 1 1.58 14820.00
problem83 1.56 1230264150864175 1027 1 1.55 12704.00
problem84 1.58 1110208714914369 1255 1 1.55 20916.00
problem85 1.53 1122190678613751 1207 1 1.5 12724.00
problem86 1.54 1230444866854352 1353 1 1.48 13796.00
problem87 1.9 1030984353495879 2322 1 1.87 11052.00
problem88 1.62 1230726260075596 1655 1 1.58 14516.00
problem89 1.83 1064853566300689 3248 1 1.77 12724.00
problem90 1.39 1108505894108450 886 1 1.35 14176.00
problem91 1.8 983523815143596 3382 1 1.73 12868.00
problem92 1.84 955718384934892 1835 1 1.81 13128.00
problem93 1.54 1210710796862576 1155 1 1.51 13148.00
problem94 1.6 1203023935809410 1095 1 1.56 18448.00
problem95 1.96 974132351090327 4866 1 1.88 18548.00
problem96 1.74 1139469782749564 1713 1 1.71 12296.00
problem97 1.69 1124652319452319 2420 1 1.65 12308.00
problem98 1.44 1250128834255638 899 1 1.42 12864.00
problem99 1.62 1129017970724215 1383 1 1.6 15108.00
