problem0 0 117107114 1
problem1 0 98365400 1
problem2 0.01 134228438 1
problem3 0 116737828 1
problem4 0 103172930 1
problem5 0 142831024 1
problem6 0 89979374 1
problem7 0.01 132263804 1
problem8 0 142418394 1
problem9 0 100898952 1
problem10 0 116715270 1
problem11 0 138212564 1
problem12 0 120835442 1
problem13 0 122867808 1
problem14 0 131492126 1
problem15 0.01 130348844 1
problem16 0 127053322 1
problem17 0.03 123368760 1
problem18 0.01 123979830 1
problem19 0.01 149788292 1
problem20 0 125182882 1
problem21 0.01 133687056 1
problem22 0 139684942 1
problem23 0.01 132002524 1
problem24 0.01 114200122 1
problem25 0 117212648 1
problem26 0.01 120567142 1
problem27 0.01 124922932 1
problem28 0 127946194 1
problem29 0 128823744 1
problem30 0.02 114754430 1
problem31 0 137945740 1
problem32 0.02 142852714 1
problem33 0 88394392 1
problem34 0.01 133936790 1
problem35 0 133543396 1
problem36 0 119884802 1
problem37 0 141504624 1
problem38 0.01 144977582 1
problem39 0.01 127927868 1
problem40 0 121981594 1
problem41 0 114180936 1
problem42 0.01 128633798 1
problem43 0.01 132330388 1
problem44 0.03 137895474 1
problem45 0.02 116876064 1
problem46 0.01 129887710 1
problem47 0 127835628 1
problem48 0 157689546 1
problem49 0 116649976 1
problem50 0 115340534 1
problem51 0.01 107324740 1
problem52 0.01 114017378 1
problem53 0.02 130107856 1
problem54 0.01 107430158 1
problem55 0 142584220 1
problem56 0 117004026 1
problem57 0.01 147902632 1
problem58 0 134099494 1
problem59 0 141036276 1
problem60 0.01 152256146 1
problem61 0 117957760 1
problem62 0 144910398 1
problem63 0.01 130951500 1
problem64 0 114416426 1
problem65 0 130016600 1
problem66 0.01 94929750 1
problem67 0 127231140 1
problem68 0 125930690 1
problem69 0 105263920 1
problem70 0.01 129278830 1
problem71 0 131407100 1
problem72 0.01 109228890 1
problem73 0.01 140258824 1
problem74 0 155314310 1
problem75 0 123253332 1
problem76 0.01 122269426 1
problem77 0 129447392 1
problem78 0 127840926 1
problem79 0.01 127894700 1
problem80 0 148823946 1
problem81 0.01 125872824 1
problem82 0 116220342 1
problem83 0.03 123532292 1
problem84 0 132031778 1
problem85 0.01 114683024 1
problem86 0.01 128210382 1
problem87 0 125329500 1
problem88 0.02 125394874 1
problem89 0 130571112 1
problem90 0 118353638 1
problem91 0.01 101525940 1
problem92 0 141782866 1
problem93 0.01 115169088 1
problem94 0.01 113806590 1
problem95 0.02 132821004 1
problem96 0.01 119878634 1
problem97 0 109985816 1
problem98 0 138842134 1
problem99 0.01 118772580 1
