problem0 149.43 1222655167956218 1484 1 3.94 15548616.00
problem1 150.99 1418929391611445 1349 1 1.56 15603692.00
problem2 147.94 1340456998506087 1410 1 1.44 15627304.00
problem3 145.75 1294278849785739 1316 1 1.46 15552368.00
problem4 147.18 1495434607490543 902 1 1.47 15609888.00
problem5 148.26 1310817927622092 1857 2 2.28 15610348.00
problem6 144.18 1247653291195272 1034 1 1.56 15568768.00
problem7 148.02 1233027801322213 1634 1 1.53 15614120.00
problem8 147.79 1431164946230126 1519 1 1.52 15596164.00
problem9 146.78 1525261919870605 1694 1 1.48 15643816.00
problem10 147.16 1374495038098105 1507 1 1.55 15562156.00
problem11 149.68 1419601990716978 1801 1 1.54 15633936.00
problem12 145.58 1201293647034867 1254 1 1.67 15535388.00
problem13 145.52 1128431013543019 1485 1 1.48 15565632.00
problem14 156.08 1337294473955004 1185 1 1.53 15556048.00
problem15 145.97 1392789506697183 1251 1 1.49 15569372.00
problem16 147.11 1393730977371157 1830 1 1.55 15562676.00
problem17 143.16 1282301560086546 1054 1 1.8 15542560.00
problem18 147.16 1344850929154047 1784 1 1.51 15521144.00
problem19 144.11 1281238033411725 1264 1 1.66 15537976.00
problem20 148.51 1317348148001010 1947 2 2.45 15580036.00
problem21 145.14 1306717341922332 1577 1 1.58 15535188.00
problem22 148.82 1404913384478419 1599 1 3.25 15590944.00
problem23 147.68 1244546848666691 1134 1 4.2 15547132.00
problem24 148.63 1462551106844012 1405 1 3.27 15629984.00
problem25 148.98 1384036517144131 1305 1 3.57 15578752.00
problem26 146.28 1438195621889078 915 1 3.47 15588360.00
problem27 149.67 1286875683437679 1739 1 3.86 15602932.00
problem28 148.73 1154895255192582 1284 1 4.23 15553976.00
problem29 148.25 1329541510325758 1612 1 4.05 15602508.00
problem30 150.07 1318539028050986 1786 1 4.65 15579000.00
problem31 151.62 1330574195453679 1859 1 5.32 15550504.00
problem32 151.13 1404575122944260 2172 1 3.43 15565192.00
problem33 145.82 1338043957449067 1224 1 3.5 15577692.00
problem34 147.97 1255375927656768 1703 1 4.2 15533436.00
problem35 150.66 1391706093349254 1555 1 3.52 15649964.00
problem36 146.1 1295107862494752 1069 1 3.87 15554152.00
problem37 146.61 1457478146086600 1095 1 3.42 15602536.00
problem38 154.58 1062570713962740 1385 1 9.46 15567772.00
problem39 148.12 1339566025235901 1550 1 4.41 15557800.00
problem40 148.44 1468137408849196 1585 1 4 15557436.00
problem41 146.6 1220661760869963 930 1 5.09 15551544.00
problem42 155.76 1165524057431727 1151 1 12.1 15506340.00
problem43 147.8 1501218627183404 1266 1 3.39 15647032.00
problem44 148.89 1188403977934357 1548 1 5.02 15571504.00
problem45 147.74 1251781586285988 1185 1 3.85 15553968.00
problem46 152.91 1315089992657104 2048 1 3.62 15585588.00
problem47 154.76 1368217536686702 1868 1 3.37 15645496.00
problem48 149.28 1385192711578475 1839 1 3.82 15567644.00
problem49 159.43 1296412924882345 1199 1 4.04 15547692.00
problem50 146.61 1159970990793512 1406 1 4.12 15533528.00
problem51 146.34 1367646973571025 679 1 3.93 15548268.00
problem52 146.06 1421414752434790 1293 1 3.4 15575004.00
problem53 148.26 1145234808541896 935 1 4.11 15591728.00
problem54 148.79 1287953124217481 1292 1 4.13 15584752.00
problem55 152.5 1312275823568391 1574 1 4.07 15565160.00
problem56 151.2 1218075919684970 1591 1 7.19 15526956.00
problem57 149.45 1317133396274697 1785 1 3.98 15567688.00
problem58 149.1 1331017136847540 1446 1 4.14 15536412.00
problem59 148.19 1368277581205059 1293 1 3.53 15540984.00
problem60 149.2 1280884782420813 1576 1 4.68 15554964.00
problem61 148.97 1225240626073042 1544 1 3.57 15572148.00
problem62 151.62 1402786025938887 1279 1 3.93 15588908.00
problem63 147.65 1293227926979405 1343 1 4.41 15527384.00
problem64 145.85 1465676955425109 1381 1 3.58 15575528.00
problem65 148.75 1296148746025294 1127 1 4.09 15544388.00
problem66 149.65 1284898276781082 1700 1 3.78 15591828.00
problem67 147.41 1271391657132497 835 1 3.58 15653768.00
problem68 145.57 1283609939762747 920 1 3.94 15550684.00
problem69 152.63 1105404847172824 1521 1 8.96 15541188.00
problem70 148.89 1226135406783729 1401 1 5.83 15595204.00
problem71 147.51 1221612106647504 1681 1 3.94 15557832.00
problem72 150.33 1432244943203254 1965 1 3.99 15554732.00
problem73 147.03 1230193677229407 1432 1 4.07 15557736.00
problem74 147.03 1246836088376970 1079 1 4.8 15558332.00
problem75 150.97 1353645321749779 1495 1 3.79 15574976.00
problem76 151.69 1462589193655579 1928 1 3.57 15617112.00
problem77 149.97 1364056040837216 1591 1 4.07 15548136.00
problem78 149.62 1282376536213433 1898 1 3.44 15602760.00
problem79 150 1357640150580947 1724 1 3.72 15547432.00
problem80 148.41 1396276363747960 1445 1 3.96 15544588.00
problem81 147.85 1483998348078582 1289 1 3.28 15609176.00
problem82 148.53 1443718433210904 1351 1 3.43 15670432.00
problem83 147.77 1406441420003862 1637 1 3.29 15608464.00
problem84 150.96 1338899548431543 1535 1 4.14 15564340.00
problem85 148.06 1257909504502779 1174 1 4.1 15540480.00
problem86 148.92 1137956195233340 1427 1 5.19 15530140.00
problem87 152.6 1407167120743971 2333 1 3.99 15554996.00
problem88 149.59 1350041169524345 1752 1 4.78 15561544.00
problem89 146.84 1229814089624867 1234 1 5.11 15530772.00
problem90 148.79 1557241645371881 1052 1 3.28 15751244.00
problem91 147.14 1271304792370692 1410 1 2.99 15561956.00
problem92 148 1336459122068750 1628 1 4.06 15544104.00
problem93 147 1070619425346079 1412 1 4.69 15567648.00
problem94 150.77 1289882053107445 1641 1 3.84 15572048.00
problem95 148.07 1220017675740453 1165 1 4.55 15527816.00
problem96 164.61 1364673025257688 1608 1 3.55 15567768.00
problem97 148.64 1441877106027791 1579 1 3.43 15683652.00
problem98 147.85 1216027504127779 1230 1 5 15561436.00
problem99 146.54 1256564277632126 1290 1 3.58 15588936.00
