problem0 0 85764 1 0.00
problem1 0.00 84610 1 0.00
problem2 0.00 83856 1 0.00
problem3 0.00 85422 1 0.00
problem4 0.00 88156 1 0.00
problem5 0.00 83738 1 0.00
problem6 0.00 85352 1 0.00
problem7 0.00 92870 1 0.00
problem8 0.00 80564 1 0.00
problem9 0.00 99506 1 0.00
problem10 0.00 80960 1 0.00
problem11 0.00 86238 1 0.00
problem12 0.00 89612 1 0.00
problem13 0.00 86858 1 0.00
problem14 0.00 82968 1 0.00
problem15 0.00 90102 1 0.00
problem16 0.00 90724 1 0.00
problem17 0.00 86754 1 0.00
problem18 0.00 89328 1 0.00
problem19 0.00 108558 1 0.00
problem20 0.00 87996 1 0.00
problem21 0.00 86906 1 0.00
problem22 0.00 87752 1 0.00
problem23 0.00 94502 1 0.00
problem24 0.00 93716 1 0.00
problem25 0.00 83218 1 0.00
problem26 0.00 88480 1 0.00
problem27 0.00 88894 1 0.00
problem28 0.00 85356 1 0.00
problem29 0.00 92074 1 0.00
problem30 0.00 87416 1 0.00
problem31 0.00 85590 1 0.00
problem32 0.00 87492 1 0.00
problem33 0.00 86850 1 0.00
problem34 0.00 88656 1 0.00
problem35 0.00 92782 1 0.00
problem36 0.00 87836 1 0.00
problem37 0.00 94170 1 0.00
problem38 0.00 92200 1 0.00
problem39 0.00 92038 1 0.00
problem40 0.00 92532 1 0.00
problem41 0.00 85362 1 0.00
problem42 0.00 79616 1 0.00
problem43 0.00 83358 1 0.00
problem44 0.00 95436 1 0.00
problem45 0.00 87050 1 0.00
problem46 0.00 79576 1 0.00
problem47 0.00 81078 1 0.00
problem48 0.00 80164 1 0.00
problem49 0.00 80802 1 0.00
problem50 0.00 90032 1 0.00
problem51 0.00 87246 1 0.00
problem52 0.00 87676 1 0.00
problem53 0.00 80954 1 0.00
problem54 0.00 90504 1 0.00
problem55 0.00 83430 1 0.00
problem56 0.00 89300 1 0.00
problem57 0.00 91602 1 0.00
problem58 0.00 85088 1 0.00
problem59 0.00 83966 1 0.00
problem60 0.00 91180 1 0.00
problem61 0.00 84074 1 0.00
problem62 0.00 81976 1 0.00
problem63 0.00 90902 1 0.00
problem64 0.00 91268 1 0.00
problem65 0.00 91138 1 0.00
problem66 0.00 97552 1 0.00
problem67 0.00 102190 1 0.00
problem68 0.00 85468 1 0.00
problem69 0.00 84122 1 0.00
problem70 0.00 97000 1 0.00
problem71 0.00 83014 1 0.00
problem72 0.00 96308 1 0.00
problem73 0.00 89650 1 0.00
problem74 0.00 84416 1 0.00
problem75 0.00 90718 1 0.00
problem76 0.00 86924 1 0.00
problem77 0.00 87242 1 0.00
problem78 0.00 90520 1 0.00
problem79 0.00 88438 1 0.00
problem80 0.00 81892 1 0.00
problem81 0.00 85090 1 0.00
problem82 0.00 92784 1 0.00
problem83 0.00 92558 1 0.00
problem84 0.00 89404 1 0.00
problem85 0.00 93434 1 0.00
problem86 0.00 97352 1 0.00
problem87 0.00 86694 1 0.00
problem88 0.00 88980 1 0.00
problem89 0.00 85650 1 0.00
problem90 0.00 77600 1 0.00
problem91 0.00 91326 1 0.00
problem92 0.00 86764 1 0.00
problem93 0.00 92458 1 0.00
problem94 0.00 72440 1 0.00
problem95 0.00 88022 1 0.00
problem96 0.00 76612 1 0.00
problem97 0.00 85186 1 0.00
problem98 0.00 83920 1 0.00
problem99 0.00 91118 1 0.00
