problem0 0.06 555763 1 10224.00
problem1 0.07 648184 1 14232.00
problem2 0.00 698708 1 14232.00
problem3 0.09 589149 1 14232.00
problem4 0.00 647117 1 14232.00
problem5 0.07 615226 1 14232.00
problem6 0.07 739486 1 14232.00
problem7 0.07 673999 1 14232.00
problem8 0.07 738311 1 14232.00
problem9 0.08 683868 1 14232.00
problem10 0.00 587848 1 14232.00
problem11 0.07 587297 1 14232.00
problem12 0.00 582049 1 14232.00
problem13 0.08 764510 1 14232.00
problem14 0.07 614994 1 14232.00
problem15 0.08 710483 1 14232.00
problem16 0.07 643739 1 14232.00
problem17 0.00 595520 1 14232.00
problem18 0.00 626876 1 14232.00
problem19 0.08 597605 1 14232.00
problem20 0.00 594165 1 14232.00
problem21 0.07 660738 1 14232.00
problem22 0.00 716166 1 14232.00
problem23 0.07 646487 1 14232.00
problem24 0.08 751279 1 14232.00
problem25 0.00 649380 1 14232.00
problem26 0.07 606896 1 14232.00
problem27 0.07 656937 1 14232.00
problem28 0.00 605641 1 14232.00
problem29 0.00 668454 1 14232.00
problem30 0.08 604730 1 14232.00
problem31 0.00 584411 1 14232.00
problem32 0.00 655427 1 14232.00
problem33 0.07 587400 1 14232.00
problem34 0.00 581156 1 14232.00
problem35 0.07 605549 1 14232.00
problem36 0.08 669725 1 14232.00
problem37 0.07 595146 1 14232.00
problem38 0.08 530542 1 14232.00
problem39 0.07 593887 1 14232.00
problem40 0.00 704343 1 14232.00
problem41 0.08 643052 1 14232.00
problem42 0.07 635672 1 14232.00
problem43 0.00 611377 1 14232.00
problem44 0.00 708593 1 14232.00
problem45 0.08 608750 1 14232.00
problem46 0.08 612386 1 14232.00
problem47 0.07 613475 1 14232.00
problem48 0.07 590827 1 14232.00
problem49 0.08 656592 1 14232.00
problem50 0.00 627084 1 14232.00
problem51 0.07 678517 1 14232.00
problem52 0.00 709957 1 14232.00
problem53 0.08 582290 1 14232.00
problem54 0.00 706902 1 14232.00
problem55 0.07 581735 1 14232.00
problem56 0.00 663039 1 14232.00
problem57 0.08 664884 1 14232.00
problem58 0.08 608640 1 14232.00
problem59 0.00 516153 1 14232.00
problem60 0.00 727065 1 14232.00
problem61 0.00 552630 1 14232.00
problem62 0.07 605194 1 14232.00
problem63 0.00 666603 1 14232.00
problem64 0.00 744851 1 14232.00
problem65 0.07 704792 1 14232.00
problem66 0.08 764660 1 14232.00
problem67 0.00 587133 1 14232.00
problem68 0.08 616557 1 14232.00
problem69 0.07 687706 1 14232.00
problem70 0.08 589886 1 14232.00
problem71 0.00 708335 1 14232.00
problem72 0.00 692903 1 14232.00
problem73 0.08 616572 1 14232.00
problem74 0.00 558568 1 14232.00
problem75 0.07 535105 1 14232.00
problem76 0.08 693825 1 14232.00
problem77 0.07 631166 1 14232.00
problem78 0.09 648690 1 14232.00
problem79 0.08 514419 1 14232.00
problem80 0.08 494907 1 14232.00
problem81 0.00 600928 1 14232.00
problem82 0.00 633436 1 14232.00
problem83 0.00 626309 1 14232.00
problem84 0.00 684437 1 14232.00
problem85 0.08 714786 1 14232.00
problem86 0.00 671014 1 14232.00
problem87 0.00 711543 1 14232.00
problem88 0.00 597327 1 14232.00
problem89 0.00 727492 1 14232.00
problem90 0.00 649296 1 14232.00
problem91 0.08 602697 1 14232.00
problem92 0.07 674409 1 14232.00
problem93 0.00 614982 1 14232.00
problem94 0.09 677338 1 14232.00
problem95 0.00 648443 1 14232.00
problem96 0.08 692963 1 14232.00
problem97 0.00 639912 1 14232.00
problem98 0.08 593860 1 14232.00
problem99 0.09 632205 1 14232.00
