problem0 0 22986 1 0.00
problem1 0.00 27475 1 0.00
problem2 0.00 26827 1 0.00
problem3 0.00 24712 1 0.00
problem4 0.00 24260 1 0.00
problem5 0.00 25365 1 0.00
problem6 0.00 23541 1 0.00
problem7 0.00 24122 1 0.00
problem8 0.00 27294 1 0.00
problem9 0.00 25911 1 0.00
problem10 0.00 23295 1 0.00
problem11 0.00 27468 1 0.00
problem12 0.00 25944 1 0.00
problem13 0.00 27065 1 0.00
problem14 0.00 23017 1 0.00
problem15 0.00 23998 1 0.00
problem16 0.00 25330 1 0.00
problem17 0.00 25243 1 0.00
problem18 0.00 25267 1 0.00
problem19 0.00 27024 1 0.00
problem20 0.00 24428 1 0.00
problem21 0.00 25565 1 0.00
problem22 0.00 26973 1 0.00
problem23 0.00 26818 1 0.00
problem24 0.00 23750 1 0.00
problem25 0.00 23423 1 0.00
problem26 0.00 25063 1 0.00
problem27 0.00 24404 1 0.00
problem28 0.00 25344 1 0.00
problem29 0.00 27009 1 0.00
problem30 0.00 26193 1 0.00
problem31 0.00 22854 1 0.00
problem32 0.00 27674 1 0.00
problem33 0.00 26595 1 0.00
problem34 0.00 24731 1 0.00
problem35 0.00 24216 1 0.00
problem36 0.00 25108 1 0.00
problem37 0.00 23717 1 0.00
problem38 0.00 24261 1 0.00
problem39 0.00 26954 1 0.00
problem40 0.00 26350 1 0.00
problem41 0.00 23495 1 0.00
problem42 0.00 27343 1 0.00
problem43 0.00 25436 1 0.00
problem44 0.00 27304 1 0.00
problem45 0.00 22857 1 0.00
problem46 0.00 23737 1 0.00
problem47 0.00 25806 1 0.00
problem48 0.00 24898 1 0.00
problem49 0.00 25387 1 0.00
problem50 0.00 27267 1 0.00
problem51 0.00 24480 1 0.00
problem52 0.00 25276 1 0.00
problem53 0.00 26989 1 0.00
problem54 0.00 26669 1 0.00
problem55 0.00 24018 1 0.00
problem56 0.00 23318 1 0.00
problem57 0.00 25615 1 0.00
problem58 0.00 23991 1 0.00
problem59 0.00 24932 1 0.00
problem60 0.00 27216 1 0.00
problem61 0.00 26385 1 0.00
problem62 0.00 23329 1 0.00
problem63 0.00 27222 1 0.00
problem64 0.00 26730 1 0.00
problem65 0.00 24691 1 0.00
problem66 0.00 24171 1 0.00
problem67 0.00 24744 1 0.00
problem68 0.00 24420 1 0.00
problem69 0.00 24117 1 0.00
problem70 0.00 26517 1 0.00
problem71 0.00 26714 1 0.00
problem72 0.00 23870 1 0.00
problem73 0.00 26711 1 0.00
problem74 0.00 25759 1 0.00
problem75 0.00 26988 1 0.00
problem76 0.00 23032 1 0.00
problem77 0.00 23769 1 0.00
problem78 0.00 25993 1 0.00
problem79 0.00 24542 1 0.00
problem80 0.00 25490 1 0.00
problem81 0.00 27579 1 0.00
problem82 0.00 24147 1 0.00
problem83 0.00 25008 1 0.00
problem84 0.00 27660 1 0.00
problem85 0.00 25853 1 0.00
problem86 0.00 24829 1 0.00
problem87 0.00 22754 1 0.00
problem88 0.00 25958 1 0.00
problem89 0.00 23711 1 0.00
problem90 0.00 24455 1 0.00
problem91 0.00 28020 1 0.00
problem92 0.00 26016 1 0.00
problem93 0.00 23201 1 0.00
problem94 0.00 27633 1 0.00
problem95 0.00 26470 1 0.00
problem96 0.00 24762 1 0.00
problem97 0.00 24323 1 0.00
problem98 0.00 24635 1 0.00
problem99 0.00 24248 1 0.00
