problem0 0 657291040 1
problem1 0 557046846 1
problem2 0.1 678459244 1
problem3 0.07 629022762 1
problem4 0.04 650162680 1
problem5 0.05 654240854 1
problem6 0.01 555569860 1
problem7 0.04 745671874 1
problem8 0.02 661243344 1
problem9 0 544574830 1
problem10 0.07 796505884 1
problem11 0.1 775273050 1
problem12 0.05 643633832 1
problem13 0.05 744038278 1
problem14 0.04 703333492 1
problem15 0.44 774670578 1
problem16 0 680720512 1
problem17 0.13 521077406 1
problem18 0.01 526293708 1
problem19 0.1 807262346 1
problem20 0.01 709351256 1
problem21 0.03 606115510 1
problem22 0 616552996 1
problem23 0.02 599066914 1
problem24 0.03 612110128 1
problem25 0.04 700136398 1
problem26 0.04 612508284 1
problem27 0 436304570 1
problem28 0 645136392 1
problem29 0.04 640700902 1
problem30 0.05 639357908 1
problem31 0.07 586583378 1
problem32 0.04 691538400 1
problem33 0.02 594884862 1
problem34 0.02 629624364 1
problem35 0 552313066 1
problem36 0 655658168 1
problem37 0.02 648237334 1
problem38 0.01 583201156 1
problem39 0.1 538711426 1
problem40 0.02 689563792 1
problem41 0.16 695728686 1
problem42 0.01 626073052 1
problem43 0.03 640109338 1
problem44 0 647789928 1
problem45 0.05 701797446 1
problem46 0.09 599274292 1
problem47 0.04 596681138 1
problem48 0.01 716483392 1
problem49 0.14 591298398 1
problem50 0.01 587370892 1
problem51 0 624916810 1
problem52 0.02 666817048 1
problem53 0.02 610212726 1
problem54 0.09 608082148 1
problem55 0.06 637481442 1
problem56 0.03 584798704 1
problem57 0.01 713279630 1
problem58 0 637446460 1
problem59 0.05 603925370 1
problem60 0.02 560892616 1
problem61 0.02 622716582 1
problem62 0.03 702096020 1
problem63 0.01 508741138 1
problem64 0.04 648076448 1
problem65 0.02 625137086 1
problem66 0.02 602432748 1
problem67 0.02 678519210 1
problem68 0.02 685680504 1
problem69 0 657192406 1
problem70 0.1 608882756 1
problem71 0.02 666263106 1
problem72 0.01 660097872 1
problem73 0.03 532063982 1
problem74 0.05 581092508 1
problem75 0.02 618732506 1
problem76 0.02 629286952 1
problem77 0.03 635717894 1
problem78 0.04 697737716 1
problem79 0.03 563411570 1
problem80 0.07 613719552 1
problem81 0.02 643447838 1
problem82 0.02 609273932 1
problem83 0.01 735664650 1
problem84 0.01 688655576 1
problem85 0 652337206 1
problem86 0.02 637507492 1
problem87 0.11 597269154 1
problem88 0.02 640210096 1
problem89 0.09 669553998 1
problem90 0.02 559247356 1
problem91 0 572857402 1
problem92 0 628053384 1
problem93 0.04 704625510 1
problem94 0.01 570995028 1
problem95 0.04 632241874 1
problem96 0.09 640151392 1
problem97 0 526168702 1
problem98 0.24 743685036 1
problem99 0.07 617570922 1
