problem0 0.01 41224223001 1
problem1 0 39780363409 1
problem2 0.01 46177615497 1
problem3 0.01 36694845185 1
problem4 0 40295734777 1
problem5 0 38015294321 1
problem6 0.02 42844051305 1
problem7 0 45369346529 1
problem8 0 39787883225 1
problem9 0.01 41034740305 1
problem10 0 39207540809 1
problem11 0.02 38254187713 1
problem12 0.01 40277254073 1
problem13 0.04 42966544689 1
problem14 0.01 39288193321 1
problem15 0.03 42918397857 1
problem16 0.02 36208360601 1
problem17 0.02 41335937041 1
problem18 0 37484384777 1
problem19 0.01 43889058433 1
problem20 0 41126576505 1
problem21 0.03 44044855025 1
problem22 0.03 44879432425 1
problem23 0.13 37949007201 1
problem24 0 38822882905 1
problem25 0.03 44139011537 1
problem26 0.01 42533825481 1
problem27 0 41116160065 1
problem28 0.01 38631572281 1
problem29 0 49335794865 1
problem30 0.01 37856670889 1
problem31 0 36567032609 1
problem32 0.02 38386155545 1
problem33 0.02 42832692113 1
problem34 0.02 40446502281 1
problem35 0.03 38524378625 1
problem36 0.04 43209843961 1
problem37 0 40752476785 1
problem38 0.08 44374539881 1
problem39 0 44475678945 1
problem40 0.01 43503841753 1
problem41 0.01 37919246673 1
problem42 0.04 39458979657 1
problem43 0 43226205121 1
problem44 0 46622729913 1
problem45 0.03 39533807665 1
problem46 0.01 42940377129 1
problem47 0 41205694113 1
problem48 0.05 43051598745 1
problem49 0.02 39161966353 1
problem50 0 44183943433 1
problem51 0.01 44751608193 1
problem52 0 44523882617 1
problem53 0.07 37525011953 1
problem54 0.01 41723638249 1
problem55 0 42392394849 1
problem56 0.02 41608557913 1
problem57 0.01 37667878097 1
problem58 0.05 37356589769 1
problem59 0 39744096065 1
problem60 0.01 37533010489 1
problem61 0.13 39053562801 1
problem62 0.02 46343642025 1
problem63 0 39646124577 1
problem64 0.01 40129971993 1
problem65 0.04 40247483025 1
problem66 0 42111650953 1
problem67 0.11 44845618433 1
problem68 0.01 45194521593 1
problem69 0 33011894641 1
problem70 0.01 42689701225 1
problem71 0.01 41354442721 1
problem72 0.01 40242182361 1
problem73 0 41497469009 1
problem74 0.01 40379016777 1
problem75 0 36567024321 1
problem76 0.03 45847981497 1
problem77 0.01 40102043441 1
problem78 0.01 35575828265 1
problem79 0 41543611809 1
problem80 0.01 36726426265 1
problem81 0 40980579857 1
problem82 0.01 41603211273 1
problem83 0 43629858945 1
problem84 0 38905139065 1
problem85 0 39821202673 1
problem86 0 41224542441 1
problem87 0.01 41353433953 1
problem88 0.01 35772447833 1
problem89 0 41078131665 1
problem90 0.08 40867461577 1
problem91 0 38518439489 1
problem92 0.01 38407475513 1
problem93 0.03 41328683697 1
problem94 0.11 40022229673 1
problem95 0 41521058081 1
problem96 0 41019854361 1
problem97 0 38400078225 1
problem98 0 38221050761 1
problem99 0 40559070209 1
