problem0 0.08 154135246782 1
problem1 0 155757850060 1
problem2 0.17 154439751291 1
problem3 0.01 140420303205 1
problem4 0.05 170169522496 1
problem5 0.01 144149240166 1
problem6 0.01 158093763917 1
problem7 0.02 149077328399 1
problem8 0.04 159995007458 1
problem9 0.02 149839262112 1
problem10 0.01 147521468479 1
problem11 0.04 150199316569 1
problem12 0.85 152723440548 1
problem13 0.08 154096185466 1
problem14 0.23 149484503377 1
problem15 0.12 159644966467 1
problem16 0.1 174554476678 1
problem17 0 157835096052 1
problem18 0.11 145731900035 1
problem19 0.02 156514334157 1
problem20 0.03 172879886984 1
problem21 0.01 171943340558 1
problem22 0.27 166676848085 1
problem23 0 168014938359 1
problem24 0.07 143914263466 1
problem25 0.07 141178681544 1
problem26 0.03 150731404615 1
problem27 0.04 140412070337 1
problem28 0 157332491756 1
problem29 0.1 167685461538 1
problem30 0.02 144589884121 1
problem31 0.01 155650570795 1
problem32 0 165204654926 1
problem33 0.06 170202815516 1
problem34 0.12 157568151691 1
problem35 0.04 138580483125 1
problem36 0.08 174545636816 1
problem37 0 149242856630 1
problem38 0.01 156168984669 1
problem39 0 169498368479 1
problem40 0.01 177922590578 1
problem41 0.02 152436943344 1
problem42 0 148709626959 1
problem43 0.19 161463377193 1
problem44 0.03 139043441204 1
problem45 0.03 162213922250 1
problem46 0.03 160060675681 1
problem47 0.08 164202491923 1
problem48 0.06 158987769878 1
problem49 0.02 152133431876 1
problem50 0 137600479379 1
problem51 0.01 175396863133 1
problem52 0.32 150414381848 1
problem53 0 182924585310 1
problem54 0.08 147853677797 1
problem55 0 168186612935 1
problem56 0.07 160092929338 1
problem57 0 158561633560 1
problem58 0.1 162962462039 1
problem59 0.18 161652574865 1
problem60 0.07 157066524796 1
problem61 0.04 132407918450 1
problem62 0.09 166900114409 1
problem63 0 137947987963 1
problem64 0.17 144398616286 1
problem65 0.01 166358168172 1
problem66 0.08 156527055515 1
problem67 0.07 170783266565 1
problem68 0.09 155914144352 1
problem69 0.07 161637783558 1
problem70 0.06 145702441837 1
problem71 0 153398778287 1
problem72 0.02 155148403970 1
problem73 0.02 155616561728 1
problem74 0 152352208991 1
problem75 0 153227457017 1
problem76 0.31 167786518724 1
problem77 0 142864614170 1
problem78 0.06 166111196017 1
problem79 0 146800765411 1
problem80 0.04 159074551718 1
problem81 0.06 152104869012 1
problem82 0.02 163413333667 1
problem83 0.01 158878608237 1
problem84 0.02 147472692136 1
problem85 0.04 149464764590 1
problem86 0.12 168721273845 1
problem87 0.04 131661103255 1
problem88 0.14 165889531594 1
problem89 0 157157882216 1
problem90 0.01 146375343463 1
problem91 0.04 158294528865 1
problem92 0 150524750604 1
problem93 0.03 141891997890 1
problem94 0.04 156618638585 1
problem95 0.05 154200026571 1
problem96 0.03 151417018990 1
problem97 0 149107388604 1
problem98 0.12 153329990827 1
problem99 0.01 155561900501 1
