problem0 1.37 603157440870563 5 937401368 6.95319e-310 0.00
problem1 0.59 599235805019926 5 937401368 6.95319e-310 0.00
problem2 0.5 623149243212408 5 937401368 6.95319e-310 0.00
problem3 0.53 553064915071817 5 937401368 6.95319e-310 0.00
problem4 0.5 615318458471697 5 937401368 6.95319e-310 0.00
problem5 1.84 500827749048852 5 937401368 6.95319e-310 0.00
problem6 0.48 556949241455528 5 937401368 6.95319e-310 0.00
problem7 0.64 435779469764214 5 937401368 6.95319e-310 0.00
problem8 0.68 691754836503523 5 937401368 6.95319e-310 0.00
problem9 0.95 663378657163313 5 937401368 6.95319e-310 0.00
problem10 0.58 628195439857807 5 937401368 6.95319e-310 0.00
problem11 1.1 571354809333842 5 937401368 6.95319e-310 0.00
problem12 0.55 633469838164492 5 937401368 6.95319e-310 0.00
problem13 0.44 569011256237756 5 937401368 6.95319e-310 0.00
problem14 0.46 529834091460210 5 937401368 6.95319e-310 0.00
problem15 0.5 576051706374608 5 937401368 6.95319e-310 0.00
problem16 0.54 579359626408519 5 937401368 6.95319e-310 0.00
problem17 0.69 477882372486905 5 937401368 6.95319e-310 0.00
problem18 0.54 585764353784752 5 937401368 6.95319e-310 0.00
problem19 0.43 666938534677387 5 937401368 6.95319e-310 0.00
problem20 1.14 650815150172840 5 937401368 6.95319e-310 0.00
problem21 0.5 674428658928687 5 937401368 6.95319e-310 0.00
problem22 3.03 435150007112312 5 937401368 6.95319e-310 0.00
problem23 0.54 578548157401180 5 937401368 6.95319e-310 0.00
problem24 1.9 527672271428790 5 937401368 6.95319e-310 0.00
problem25 0.6 590518751269575 5 937401368 6.95319e-310 0.00
problem26 0.66 672433896052800 5 937401368 6.95319e-310 0.00
problem27 0.47 619215252383073 5 937401368 6.95319e-310 0.00
problem28 0.6 620690801274407 5 937401368 6.95319e-310 0.00
problem29 0.57 642954557034720 5 937401368 6.95319e-310 0.00
problem30 0.51 602166158798377 5 937401368 6.95319e-310 0.00
problem31 0.53 551783674038652 5 937401368 6.95319e-310 0.00
problem32 0.55 598818080345656 5 937401368 6.95319e-310 0.00
problem33 1.9 593116081543242 5 937401368 6.95319e-310 0.00
problem34 0.5 582781666690945 5 937401368 6.95319e-310 0.00
problem35 1.54 608365499197804 5 937401368 6.95319e-310 0.00
problem36 0.66 529545121303865 5 937401368 6.95319e-310 0.00
problem37 1.03 427718986631191 5 937401368 6.95319e-310 0.00
problem38 0.72 630766738688217 5 937401368 6.95319e-310 0.00
problem39 0.49 568362286855393 5 937401368 6.95319e-310 0.00
problem40 0.51 559218710688281 5 937401368 6.95319e-310 0.00
problem41 0.69 568073471760273 5 937401368 6.95319e-310 0.00
problem42 0.52 517938553997538 5 937401368 6.95319e-310 0.00
problem43 0.53 477941460530143 5 937401368 6.95319e-310 0.00
problem44 0.58 589786951459962 5 937401368 6.95319e-310 0.00
problem45 0.61 719317072966916 5 937401368 6.95319e-310 0.00
problem46 0.59 568132867453197 5 937401368 6.95319e-310 0.00
problem47 1.09 630597613620776 5 937401368 6.95319e-310 0.00
problem48 0.51 656450233825985 5 937401368 6.95319e-310 0.00
problem49 2 644455325783065 5 937401368 6.95319e-310 0.00
problem50 0.51 516787146543154 5 937401368 6.95319e-310 0.00
problem51 1.48 638351012714722 5 937401368 6.95319e-310 0.00
problem52 0.51 527194380356149 5 937401368 6.95319e-310 0.00
problem53 0.49 608467131914446 5 937401368 6.95319e-310 0.00
problem54 0.56 459941405219189 5 937401368 6.95319e-310 0.00
problem55 0.54 651392081528435 5 937401368 6.95319e-310 0.00
problem56 0.5 586283178046082 5 937401368 6.95319e-310 0.00
problem57 0.59 540417227942482 5 937401368 6.95319e-310 0.00
problem58 1.3 708964214025015 5 937401368 6.95319e-310 0.00
problem59 0.78 586035046164765 5 937401368 6.95319e-310 0.00
problem60 1.27 473153524931627 5 937401368 6.95319e-310 0.00
problem61 0.71 688052888666640 5 937401368 6.95319e-310 0.00
problem62 0.54 710455081197597 5 937401368 6.95319e-310 0.00
problem63 0.48 596751485183978 5 937401368 6.95319e-310 0.00
problem64 0.66 613862887720957 5 937401368 6.95319e-310 0.00
problem65 0.56 696590412672673 5 937401368 6.95319e-310 0.00
problem66 1.27 678678405842120 5 937401368 6.95319e-310 0.00
problem67 0.47 574748241440313 5 937401368 6.95319e-310 0.00
problem68 0.51 697152823807421 5 937401368 6.95319e-310 0.00
problem69 0.67 647956300014670 5 937401368 6.95319e-310 0.00
problem70 0.63 683227849096948 5 937401368 6.95319e-310 0.00
problem71 0.59 582712084141496 5 937401368 6.95319e-310 0.00
problem72 0.58 634550064795519 5 937401368 6.95319e-310 0.00
problem73 0.54 623301235044024 5 937401368 6.95319e-310 0.00
problem74 1.19 611720357539649 5 937401368 6.95319e-310 0.00
problem75 0.62 547215640648886 5 937401368 6.95319e-310 0.00
problem76 1.56 621346425065018 5 937401368 6.95319e-310 0.00
problem77 1.86 667398022545628 5 937401368 6.95319e-310 0.00
problem78 0.63 553310297299020 5 937401368 6.95319e-310 0.00
problem79 0.63 524488362800762 5 937401368 6.95319e-310 0.00
problem80 1 636663528909037 5 937401368 6.95319e-310 0.00
problem81 2.54 608005769005555 5 937401368 6.95319e-310 0.00
problem82 0.89 505215377810232 5 937401368 6.95319e-310 0.00
problem83 0.55 599296014958815 5 937401368 6.95319e-310 0.00
problem84 0.51 624786553240243 5 937401368 6.95319e-310 0.00
problem85 0.43 538670710613226 5 937401368 6.95319e-310 0.00
problem86 0.64 596313120450820 5 937401368 6.95319e-310 0.00
problem87 1.53 506545704624732 5 937401368 6.95319e-310 0.00
problem88 0.53 561709346791126 5 937401368 6.95319e-310 0.00
problem89 0.56 562688959899131 5 937401368 6.95319e-310 0.00
problem90 1.38 611659508811999 5 937401368 6.95319e-310 0.00
problem91 1.48 678490011931943 5 937401368 6.95319e-310 0.00
problem92 0.46 667653767905675 5 937401368 6.95319e-310 0.00
problem93 0.6 665700564870449 5 937401368 6.95319e-310 0.00
problem94 1.25 645332330907846 5 937401368 6.95319e-310 0.00
problem95 0.4 705863843842370 5 937401368 6.95319e-310 0.00
problem96 0.56 598875047451650 5 937401368 6.95319e-310 0.00
problem97 0.73 527687809311198 5 937401368 6.95319e-310 0.00
problem98 0.6 465656795917251 5 937401368 6.95319e-310 0.00
problem99 0.53 574386067675569 5 937401368 6.95319e-310 0.00
