problem0 0 7655 1 0.00
problem1 0.00 7228 1 0.00
problem2 0.00 6664 1 0.00
problem3 0.00 6817 1 0.00
problem4 0.00 5825 1 0.00
problem5 0.00 7166 1 0.00
problem6 0.00 7506 1 0.00
problem7 0.00 7315 1 0.00
problem8 0.00 6907 1 0.00
problem9 0.00 8352 1 0.00
problem10 0.00 6908 1 0.00
problem11 0.00 7013 1 0.00
problem12 0.00 6805 1 0.00
problem13 0.00 5410 1 0.00
problem14 0.00 7430 1 0.00
problem15 0.00 7191 1 0.00
problem16 0.00 7567 1 0.00
problem17 0.00 6532 1 0.00
problem18 0.00 7792 1 0.00
problem19 0.00 7337 1 0.00
problem20 0.00 7657 1 0.00
problem21 0.00 6086 1 0.00
problem22 0.00 6202 1 0.00
problem23 0.00 6427 1 0.00
problem24 0.00 7587 1 0.00
problem25 0.00 7400 1 0.00
problem26 0.00 6500 1 0.00
problem27 0.00 7533 1 0.00
problem28 0.00 7613 1 0.00
problem29 0.00 7402 1 0.00
problem30 0.00 6638 1 0.00
problem31 0.00 6559 1 0.00
problem32 0.00 5943 1 0.00
problem33 0.00 7116 1 0.00
problem34 0.00 7640 1 0.00
problem35 0.00 7089 1 0.00
problem36 0.00 6929 1 0.00
problem37 0.00 8334 1 0.00
problem38 0.00 6946 1 0.00
problem39 0.00 6819 1 0.00
problem40 0.00 6731 1 0.00
problem41 0.00 5680 1 0.00
problem42 0.00 7116 1 0.00
problem43 0.00 7541 1 0.00
problem44 0.00 7397 1 0.00
problem45 0.00 6834 1 0.00
problem46 0.00 7894 1 0.00
problem47 0.00 6951 1 0.00
problem48 0.00 7647 1 0.00
problem49 0.00 6420 1 0.00
problem50 0.00 5952 1 0.00
problem51 0.00 6585 1 0.00
problem52 0.00 7481 1 0.00
problem53 0.00 7510 1 0.00
problem54 0.00 6410 1 0.00
problem55 0.00 7723 1 0.00
problem56 0.00 7667 1 0.00
problem57 0.00 7288 1 0.00
problem58 0.00 6452 1 0.00
problem59 0.00 6269 1 0.00
problem60 0.00 6157 1 0.00
problem61 0.00 7546 1 0.00
problem62 0.00 7614 1 0.00
problem63 0.00 6831 1 0.00
problem64 0.00 7047 1 0.00
problem65 0.00 8284 1 0.00
problem66 0.00 6824 1 0.00
problem67 0.00 6593 1 0.00
problem68 0.00 7009 1 0.00
problem69 0.00 5662 1 0.00
problem70 0.00 6898 1 0.00
problem71 0.00 7603 1 0.00
problem72 0.00 7579 1 0.00
problem73 0.00 6848 1 0.00
problem74 0.00 8092 1 0.00
problem75 0.00 6789 1 0.00
problem76 0.00 7477 1 0.00
problem77 0.00 6466 1 0.00
problem78 0.00 5798 1 0.00
problem79 0.00 6711 1 0.00
problem80 0.00 7727 1 0.00
problem81 0.00 7332 1 0.00
problem82 0.00 6672 1 0.00
problem83 0.00 7369 1 0.00
problem84 0.00 7817 1 0.00
problem85 0.00 7398 1 0.00
problem86 0.00 6362 1 0.00
problem87 0.00 6203 1 0.00
problem88 0.00 6211 1 0.00
problem89 0.00 7432 1 0.00
problem90 0.00 7940 1 0.00
problem91 0.00 6541 1 0.00
problem92 0.00 7261 1 0.00
problem93 0.00 7946 1 0.00
problem94 0.00 6798 1 0.00
problem95 0.00 6847 1 0.00
problem96 0.00 6871 1 0.00
problem97 0.00 5868 1 0.00
problem98 0.00 7032 1 0.00
problem99 0.00 7377 1 0.00
