problem0 0.03 343563 5 -1502839528 6.95328e-310 0.00
problem1 0.03 399615 5 -1502839528 6.95328e-310 0.00
problem2 0.01 373694 5 -1502839528 6.95328e-310 0.00
problem3 0.04 357191 5 -1502839528 6.95328e-310 0.00
problem4 0.03 345243 5 -1502839528 6.95328e-310 0.00
problem5 0.04 406031 5 -1502839528 6.95328e-310 0.00
problem6 0.04 391331 5 -1502839528 6.95328e-310 0.00
problem7 0.03 389805 5 -1502839528 6.95328e-310 0.00
problem8 0.04 372011 5 -1502839528 6.95328e-310 0.00
problem9 0.01 337866 5 -1502839528 6.95328e-310 0.00
problem10 0.04 420403 5 -1502839528 6.95328e-310 0.00
problem11 0.03 377874 5 -1502839528 6.95328e-310 0.00
problem12 0.03 374715 5 -1502839528 6.95328e-310 0.00
problem13 0.03 408111 5 -1502839528 6.95328e-310 0.00
problem14 0.04 368067 5 -1502839528 6.95328e-310 0.00
problem15 0.02 315938 5 -1502839528 6.95328e-310 0.00
problem16 0.01 391585 5 -1502839528 6.95328e-310 0.00
problem17 0.02 392853 5 -1502839528 6.95328e-310 0.00
problem18 0.01 381779 5 -1502839528 6.95328e-310 0.00
problem19 0.02 329607 5 -1502839528 6.95328e-310 0.00
problem20 0.05 373467 5 -1502839528 6.95328e-310 0.00
problem21 0.01 352165 5 -1502839528 6.95328e-310 0.00
problem22 0.03 346851 5 -1502839528 6.95328e-310 0.00
problem23 0.02 369730 5 -1502839528 6.95328e-310 0.00
problem24 0.01 358593 5 -1502839528 6.95328e-310 0.00
problem25 0.01 324277 5 -1502839528 6.95328e-310 0.00
problem26 0.03 345203 5 -1502839528 6.95328e-310 0.00
problem27 0.03 452690 5 -1502839528 6.95328e-310 0.00
problem28 0.01 319654 5 -1502839528 6.95328e-310 0.00
problem29 0.03 303727 5 -1502839528 6.95328e-310 0.00
problem30 0.03 415065 5 -1502839528 6.95328e-310 0.00
problem31 0.08 463799 5 -1502839528 6.95328e-310 0.00
problem32 0.04 425953 5 -1502839528 6.95328e-310 0.00
problem33 0.03 394282 5 -1502839528 6.95328e-310 0.00
problem34 0.01 398057 5 -1502839528 6.95328e-310 0.00
problem35 0.03 375751 5 -1502839528 6.95328e-310 0.00
problem36 0.03 344347 5 -1502839528 6.95328e-310 0.00
problem37 0.02 350181 5 -1502839528 6.95328e-310 0.00
problem38 0.02 397945 5 -1502839528 6.95328e-310 0.00
problem39 0.02 336002 5 -1502839528 6.95328e-310 0.00
problem40 0.02 331521 5 -1502839528 6.95328e-310 0.00
problem41 0.04 384415 5 -1502839528 6.95328e-310 0.00
problem42 0.02 387422 5 -1502839528 6.95328e-310 0.00
problem43 0.02 360935 5 -1502839528 6.95328e-310 0.00
problem44 0.03 382011 5 -1502839528 6.95328e-310 0.00
problem45 0.01 294917 5 -1502839528 6.95328e-310 0.00
problem46 0.02 382873 5 -1502839528 6.95328e-310 0.00
problem47 0 357709 5 -1502839528 6.95328e-310 0.00
problem48 0.05 381131 5 -1502839528 6.95328e-310 0.00
problem49 0.01 338367 5 -1502839528 6.95328e-310 0.00
problem50 0.03 400681 5 -1502839528 6.95328e-310 0.00
problem51 0.04 408242 5 -1502839528 6.95328e-310 0.00
problem52 0 345265 5 -1502839528 6.95328e-310 0.00
problem53 0.03 378234 5 -1502839528 6.95328e-310 0.00
problem54 0.01 369849 5 -1502839528 6.95328e-310 0.00
problem55 0.03 397847 5 -1502839528 6.95328e-310 0.00
problem56 0.03 334486 5 -1502839528 6.95328e-310 0.00
problem57 0.05 343519 5 -1502839528 6.95328e-310 0.00
problem58 0.01 372297 5 -1502839528 6.95328e-310 0.00
problem59 0.01 364754 5 -1502839528 6.95328e-310 0.00
problem60 0.01 343334 5 -1502839528 6.95328e-310 0.00
problem61 0.04 425370 5 -1502839528 6.95328e-310 0.00
problem62 0.01 358873 5 -1502839528 6.95328e-310 0.00
problem63 0.02 390882 5 -1502839528 6.95328e-310 0.00
problem64 0.01 388193 5 -1502839528 6.95328e-310 0.00
problem65 0.02 356181 5 -1502839528 6.95328e-310 0.00
problem66 0.01 367806 5 -1502839528 6.95328e-310 0.00
problem67 0.03 405234 5 -1502839528 6.95328e-310 0.00
problem68 0.01 398065 5 -1502839528 6.95328e-310 0.00
problem69 0.01 370789 5 -1502839528 6.95328e-310 0.00
problem70 0.04 393635 5 -1502839528 6.95328e-310 0.00
problem71 0.01 358658 5 -1502839528 6.95328e-310 0.00
problem72 0.03 367489 5 -1502839528 6.95328e-310 0.00
problem73 0.02 354506 5 -1502839528 6.95328e-310 0.00
problem74 0.04 365363 5 -1502839528 6.95328e-310 0.00
problem75 0.01 333074 5 -1502839528 6.95328e-310 0.00
problem76 0.03 378385 5 -1502839528 6.95328e-310 0.00
problem77 0.01 323717 5 -1502839528 6.95328e-310 0.00
problem78 0.04 321219 5 -1502839528 6.95328e-310 0.00
problem79 0.02 366711 5 -1502839528 6.95328e-310 0.00
problem80 0.08 359755 5 -1502839528 6.95328e-310 0.00
problem81 0.04 404031 5 -1502839528 6.95328e-310 0.00
problem82 0.04 430505 5 -1502839528 6.95328e-310 0.00
problem83 0.01 388573 5 -1502839528 6.95328e-310 0.00
problem84 0.04 437211 5 -1502839528 6.95328e-310 0.00
problem85 0.06 371535 5 -1502839528 6.95328e-310 0.00
problem86 0.02 360078 5 -1502839528 6.95328e-310 0.00
problem87 0.03 415042 5 -1502839528 6.95328e-310 0.00
problem88 0.01 321302 5 -1502839528 6.95328e-310 0.00
problem89 0.03 351839 5 -1502839528 6.95328e-310 0.00
problem90 0.03 388467 5 -1502839528 6.95328e-310 0.00
problem91 0.02 309586 5 -1502839528 6.95328e-310 0.00
problem92 0.03 399782 5 -1502839528 6.95328e-310 0.00
problem93 0.02 405018 5 -1502839528 6.95328e-310 0.00
problem94 0.04 379139 5 -1502839528 6.95328e-310 0.00
problem95 0.03 394423 5 -1502839528 6.95328e-310 0.00
problem96 0.02 426891 5 -1502839528 6.95328e-310 0.00
problem97 0.02 307157 5 -1502839528 6.95328e-310 0.00
problem98 0.01 326633 5 -1502839528 6.95328e-310 0.00
problem99 0.03 380103 5 -1502839528 6.95328e-310 0.00
