problem0 0.05 1545756470 1
problem1 0.04 1693132036 1
problem2 0.05 1674846498 1
problem3 0.22 1662645008 1
problem4 0.02 1393618510 1
problem5 0.02 1561328220 1
problem6 0.06 1846571706 1
problem7 0.01 1652229864 1
problem8 0.03 1742314086 1
problem9 0.11 1583752372 1
problem10 0.11 1873711442 1
problem11 0.02 1556455360 1
problem12 0.07 1505280894 1
problem13 0.07 1631781900 1
problem14 0.05 1593105642 1
problem15 0.02 1732844952 1
problem16 0.11 1683933590 1
problem17 0.22 1397749860 1
problem18 0.05 1432204674 1
problem19 0.29 1500045424 1
problem20 0.11 1433406638 1
problem21 0.09 1628070332 1
problem22 0.34 1628928794 1
problem23 0.04 1578911816 1
problem24 0.06 1308945606 1
problem25 0.04 1598267412 1
problem26 0.09 1719963058 1
problem27 0 1366209824 1
problem28 0.05 1613351390 1
problem29 0.15 1554060140 1
problem30 0.01 1438338378 1
problem31 0.09 1577027320 1
problem32 0.06 1549730806 1
problem33 0.06 1528568772 1
problem34 0.01 1543903714 1
problem35 0.01 1719803344 1
problem36 0 1595472654 1
problem37 0.06 1568807196 1
problem38 0.02 1432572794 1
problem39 0.05 1463671208 1
problem40 0.27 1447038758 1
problem41 0.04 1492413300 1
problem42 0.05 1510300178 1
problem43 0 1603148416 1
problem44 0.07 1521524798 1
problem45 0.01 1382576844 1
problem46 0.23 1473416618 1
problem47 0.15 1466056792 1
problem48 0.21 1706757718 1
problem49 0.02 1680314148 1
problem50 0.03 1675972162 1
problem51 0.06 1690151728 1
problem52 0.05 1520679278 1
problem53 0.03 1599021180 1
problem54 0.03 1410071514 1
problem55 0.02 1563933448 1
problem56 0.08 1680015750 1
problem57 0.08 1431340756 1
problem58 0 1481176690 1
problem59 0.08 1601949664 1
problem60 0 1508198046 1
problem61 0.05 1433477676 1
problem62 0 1683136010 1
problem63 0 1355368888 1
problem64 0.06 1779099830 1
problem65 0 1514820228 1
problem66 0.07 1561547426 1
problem67 0.45 1651738768 1
problem68 0 1386760142 1
problem69 0.38 1531541468 1
problem70 0.11 1512666170 1
problem71 0.11 1600253032 1
problem72 0.02 1397081062 1
problem73 0.02 1378873908 1
problem74 0.08 1533502162 1
problem75 0.21 1771033920 1
problem76 0.01 1449114878 1
problem77 0.06 1553146252 1
problem78 0.01 1448312426 1
problem79 0.07 1468834584 1
problem80 0.07 1390842646 1
problem81 0.04 1499227620 1
problem82 0.23 1537746690 1
problem83 0.07 1643886064 1
problem84 0.02 1438557742 1
problem85 0.15 1716068156 1
problem86 0.17 1557380250 1
problem87 0.03 1494511048 1
problem88 0.09 1598051910 1
problem89 0.06 1634381204 1
problem90 0.02 1568186162 1
problem91 0.05 1310861984 1
problem92 0.01 1823998814 1
problem93 0.13 1520857324 1
problem94 0.1 1491939018 1
problem95 0.42 1560562808 1
problem96 0.15 1374031222 1
problem97 0.02 1698023748 1
problem98 0.04 1539033954 1
problem99 0.13 1504588624 1
