problem0 0.06 547017412 1
problem1 0.03 422849146 1
problem2 0.21 515722625 1
problem3 0.04 565898099 1
problem4 0.09 656053254 1
problem5 0 571823252 1
problem6 0.03 619415443 1
problem7 0.01 502525469 1
problem8 0.18 637946728 1
problem9 0 534600270 1
problem10 0.21 582423749 1
problem11 0.05 619111783 1
problem12 0.22 563968746 1
problem13 0 580359592 1
problem14 0.04 652363543 1
problem15 0.03 599374673 1
problem16 0.09 540656780 1
problem17 0.03 545194146 1
problem18 0.02 541495433 1
problem19 0.03 486210011 1
problem20 0.08 504425038 1
problem21 0.03 580400444 1
problem22 0.29 610698011 1
problem23 0.02 634112773 1
problem24 0.04 588697136 1
problem25 0.25 720072054 1
problem26 0.15 622842061 1
problem27 0.17 531232975 1
problem28 0.01 553611826 1
problem29 0 576619344 1
problem30 0.1 595413919 1
problem31 0.01 517598521 1
problem32 0.06 560003156 1
problem33 0.02 539947210 1
problem34 0.2 497608081 1
problem35 0.16 527479363 1
problem36 0.07 469082774 1
problem37 0.05 520867812 1
problem38 0.01 536719523 1
problem39 0.07 519959021 1
problem40 0.06 553505528 1
problem41 0.06 466606750 1
problem42 0.04 691658453 1
problem43 0.08 618001975 1
problem44 0.3 566365050 1
problem45 0.01 534473464 1
problem46 0.09 600883751 1
problem47 0.04 519809313 1
problem48 0.08 590671388 1
problem49 0.52 554597106 1
problem50 0.08 576507033 1
problem51 0.03 564827307 1
problem52 0 448085214 1
problem53 0.02 493003916 1
problem54 0.04 523341867 1
problem55 0.08 729866965 1
problem56 0.87 586144192 1
problem57 0.23 539304390 1
problem58 0 487440093 1
problem59 0.11 575233439 1
problem60 0.08 484558530 1
problem61 0.01 517000352 1
problem62 0.05 552413871 1
problem63 0.02 476409609 1
problem64 0.08 620373476 1
problem65 0 562568986 1
problem66 0.32 553305505 1
problem67 0.02 517415187 1
problem68 0.15 509360422 1
problem69 0.14 590295860 1
problem70 0.16 547529139 1
problem71 0.01 535502269 1
problem72 0.21 574710408 1
problem73 0.22 623231726 1
problem74 0.01 566489317 1
problem75 0.01 578989831 1
problem76 0.1 595272714 1
problem77 0.06 580986952 1
problem78 0.04 553846071 1
problem79 0.08 536723185 1
problem80 0.03 471146412 1
problem81 0 530996546 1
problem82 0.09 591089833 1
problem83 0.06 583325563 1
problem84 0.03 555161454 1
problem85 0.01 530840540 1
problem86 0.01 571565371 1
problem87 0.08 628302501 1
problem88 0.68 610725200 1
problem89 0.04 598490646 1
problem90 0.02 564458733 1
problem91 0.08 547383919 1
problem92 0.46 583705426 1
problem93 0.22 609156592 1
problem94 0 560124351 1
problem95 0.02 491460825 1
problem96 0.2 503995252 1
problem97 0.02 554939754 1
problem98 0.25 502721969 1
problem99 0.25 602028003 1
