problem0 0.78 470151 20526 2 0.74 16088.00
problem1 3.21 331737 61579 3 2.68 122428.00
problem2 1.05 402596 1077 1 0.96 109528.00
problem3 0.73 408061 734 1 0.73 28500.00
problem4 0.87 435208 144 1 0.87 28500.00
problem5 0.66 445694 578 1 0.66 28500.00
problem6 1.05 366470 830 1 1.05 28500.00
problem7 0.7 347396 4831 1 0.69 28500.00
problem8 1.12 387060 590 1 1.11 28500.00
problem9 0.82 346682 335 1 0.82 28500.00
problem10 0.79 394450 1153 1 0.78 28500.00
problem11 0.66 420725 323 1 0.66 28500.00
problem12 0.95 334240 9337 1 0.93 28500.00
problem13 0.55 467851 152 1 0.54 28500.00
problem14 1.08 388574 556 1 1.07 28500.00
problem15 0.91 397649 1209 1 0.9 28500.00
problem16 1.07 378124 4203 1 1.07 28500.00
problem17 0.95 395847 718 1 0.93 28500.00
problem18 0.96 409258 510 1 0.95 28500.00
problem19 0.91 337219 2932 1 0.9 28500.00
problem20 0.93 407096 614 1 0.93 28500.00
problem21 1.02 421827 834 1 1.01 28500.00
problem22 0.7 434998 136 1 0.7 28500.00
problem23 0.76 435017 586 1 0.76 28500.00
problem24 0.81 533454 184 1 0.81 28500.00
problem25 0.63 339967 17511 1 0.59 28500.00
problem26 0.63 406060 714 1 0.63 28500.00
problem27 0.77 455184 650 1 0.77 28500.00
problem28 0.8 459898 526 1 0.8 28500.00
problem29 0.43 386811 594 1 0.43 28500.00
problem30 0.99 464782 307 1 0.99 28500.00
problem31 0.69 429463 1301 1 0.69 28500.00
problem32 0.87 397030 1047 1 0.87 28500.00
problem33 0.6 454839 362 1 0.6 28500.00
problem34 0.76 409434 590 1 0.76 28500.00
problem35 0.73 395059 2332 1 0.73 28500.00
problem36 0.96 429842 1077 1 0.95 28500.00
problem37 0.65 354611 1215 1 0.65 28500.00
problem38 0.86 393275 2156 1 0.86 28500.00
problem39 0.59 372793 1133 1 0.57 28500.00
problem40 0.55 452180 447 1 0.55 28500.00
problem41 0.9 339055 12474 1 0.88 28500.00
problem42 0.97 400263 2288 1 0.97 28500.00
problem43 0.75 454485 576 1 0.74 28500.00
problem44 0.74 363349 1381 1 0.74 28500.00
problem45 0.75 360726 4207 1 0.74 28500.00
problem46 0.95 463507 479 1 0.94 28500.00
problem47 1.1 409735 870 1 1.09 28500.00
problem48 0.82 439489 780 1 0.82 28500.00
problem49 0.61 443175 602 1 0.61 28500.00
problem50 0.92 359434 2417 1 0.92 28500.00
problem51 1.08 472355 222 1 1.07 28500.00
problem52 0.39 328685 2142 1 0.37 28500.00
problem53 0.97 396963 2048 1 0.96 28500.00
problem54 0.83 437910 307 1 0.83 28500.00
problem55 0.76 401023 2013 1 0.75 28500.00
problem56 0.89 405380 1049 1 0.89 28500.00
problem57 0.81 453173 271 1 0.81 28500.00
problem58 0.84 420748 518 1 0.83 28500.00
problem59 0.65 462320 285 1 0.65 28500.00
problem60 0.95 437808 526 1 0.95 28500.00
problem61 0.92 476977 126 1 0.92 28500.00
problem62 1.03 406595 1157 1 1.03 28500.00
problem63 0.67 404001 283 1 0.66 28500.00
problem64 0.79 396273 922 1 0.78 28500.00
problem65 0.63 339010 4267 1 0.62 28500.00
problem66 0.93 412175 658 1 0.92 28500.00
problem67 0.62 372499 1194 1 0.62 28500.00
problem68 0.57 343922 2208 1 0.57 28500.00
problem69 1.08 417811 662 1 1.08 28500.00
problem70 0.81 350448 338 1 0.81 28500.00
problem71 0.35 410479 299 1 0.34 28500.00
problem72 0.71 414900 1089 1 0.71 28500.00
problem73 0.74 376485 2556 1 0.74 28500.00
problem74 0.76 380135 2494 1 0.76 28500.00
problem75 1.07 369461 1269 1 1.06 28500.00
problem76 0.84 333749 2572 1 0.83 28500.00
problem77 0.95 364193 4375 1 0.94 28500.00
problem78 0.85 403272 988 1 0.85 28500.00
problem79 0.85 390417 2968 1 0.85 28500.00
problem80 0.57 420300 343 1 0.57 28500.00
problem81 0.92 338951 8662 1 0.91 28500.00
problem82 0.72 414740 650 1 0.72 28500.00
problem83 1.05 357635 1081 1 1.05 28500.00
problem84 0.92 366328 598 1 0.92 28500.00
problem85 0.79 439001 510 1 0.78 28500.00
problem86 0.77 371190 1341 1 0.77 28500.00
problem87 0.39 401161 403 1 0.38 28500.00
problem88 1.07 458894 586 1 1.07 28500.00
problem89 0.35 392981 366 1 0.35 28500.00
problem90 0.8 453186 154 1 0.8 28500.00
problem91 0.67 416208 574 1 0.66 28500.00
problem92 0.73 378853 598 1 0.73 28500.00
problem93 0.9 393745 1049 1 0.9 28500.00
problem94 0.74 409848 624 1 0.74 28500.00
problem95 0.6 368983 5703 1 0.59 28500.00
problem96 0.88 402342 2540 1 0.88 28500.00
problem97 0.88 377463 903 1 0.87 28500.00
problem98 0.68 388975 3170 1 0.67 28500.00
problem99 0.84 405917 1029 1 0.83 28500.00
