problem0 0 94553848 0
problem1 0 93921234 1
problem2 0 94093412 0
problem3 0 96981005 0
problem4 0 118430272 0
problem5 0 94105196 0
problem6 0.01 76415034 0
problem7 0 84428628 0
problem8 0 88596103 0
problem9 0 87811621 0
problem10 0 72769841 0
problem11 0 109975362 0
problem12 0 80311307 0
problem13 0 86664874 0
problem14 0 99828456 1
problem15 0 100442184 0
problem16 0.01 99891768 0
problem17 0 81580097 0
problem18 0 92734939 0
problem19 0 91964009 0
problem20 0 101487031 0
problem21 0 93094604 0
problem22 0 98044350 0
problem23 0.01 104160632 0
problem24 0 87742957 0
problem25 0 87481965 0
problem26 0 89173621 0
problem27 0 98193806 1
problem28 0 93025096 0
problem29 0 85803778 0
problem30 0 83842166 0
problem31 0.01 85819076 0
problem32 0 82754964 1
problem33 0 88412325 0
problem34 0 76962592 1
problem35 0 104219842 0
problem36 0 96016620 1
problem37 0 91727705 0
problem38 0 99361536 0
problem39 0 106955738 0
problem40 0 77784391 0
problem41 0 88237782 0
problem42 0.01 91950045 0
problem43 0 81402878 0
problem44 0 88638122 0
problem45 0 91664241 0
problem46 0 98661839 0
problem47 0 90696986 0
problem48 0 95047929 0
problem49 0 95019251 0
problem50 0.01 90292359 0
problem51 0 89184051 0
problem52 0 95203416 0
problem53 0 104160145 0
problem54 0 73550948 0
problem55 0 90192446 0
problem56 0 85459114 0
problem57 0.01 95846179 0
problem58 0 107837794 0
problem59 0 82146898 0
problem60 0 85500417 0
problem61 0 84847568 0
problem62 0 95528712 1
problem63 0 112454516 0
problem64 0 104789088 0
problem65 0.01 82002364 0
problem66 0 83965436 0
problem67 0 77789578 0
problem68 0 100620208 0
problem69 0 85827586 0
problem70 0 72517058 0
problem71 0 93192367 0
problem72 0 87174148 1
problem73 0 82519978 0
problem74 0 104855245 0
problem75 0.01 89415855 0
problem76 0 93573486 0
problem77 0 71120939 0
problem78 0 84404341 0
problem79 0 89749986 0
problem80 0 96774070 0
problem81 0 88682943 0
problem82 0 93109063 0
problem83 0.01 92580849 0
problem84 0 88674076 0
problem85 0 84440141 0
problem86 0 89444141 0
problem87 0 79779577 0
problem88 0 109668199 0
problem89 0.01 95969252 0
problem90 0 92963835 0
problem91 0 92199708 0
problem92 0 97652937 0
problem93 0 98194574 0
problem94 0 92027340 0
problem95 0 112236605 0
problem96 0.01 114518809 0
problem97 0 112439865 0
problem98 0 68964532 0
problem99 0 97382007 0
