problem0 15.01 314712627504465 657 1 0 2376.00
problem1 127.45 399022639949279 500 1 0 2340.00
problem2 4.52 346079723688452 397 1 0 2340.00
problem3 16.16 276514614753025 1050 2 0 2528.00
problem4 15.34 276266541663953 1143 2 0.01 2796.00
problem5 0.2 324971951140059 264 1 0 2652.00
problem6 102.87 284019479347781 821 1 0 2652.00
problem7 0.03 387937525819108 52 1 0.01 2652.00
problem8 0.03 286659233145602 173 1 0 2652.00
problem9 0.04 320936116540377 140 1 0 2300.00
problem10 306.46 372580899436738 1370 2 0 2664.00
problem11 391.12 353552453622421 576 1 0 2480.00
problem12 181.21 315888188643182 2471 2 0 3112.00
problem13 0.01 302150879096058 107 1 0 2424.00
problem14 0.11 276138946904407 296 1 0 2424.00
problem15 0.12 422476974893934 56 1 0 2424.00
problem16 57.97 330080522885131 990 1 0 2516.00
problem17 9.27 327991864832536 588 1 0 2516.00
problem18 10.83 358183186862888 604 1 0.01 2544.00
problem19 53.36 268092406943173 1268 1 0 2740.00
problem20 0.53 385304501237066 103 1 0 2740.00
problem21 0.68 343733351686839 179 1 0.01 2188.00
problem22 14.78 357932203874745 370 1 0 2188.00
problem23 3.64 295888161246420 804 1 0 2448.00
problem24 217.03 319274302753716 1360 1 0 2612.00
problem25 1807.56 439320257493474 2306 1 0 2856.00
problem26 7.08 365973151315291 352 1 0 2280.00
problem27 0.03 341045888195276 65 1 0 2280.00
problem28 502.71 377243275510873 669 1 0 2332.00
problem29 9232.52 267736006696228 10105 3 0.02 5152.00
problem30 395.2 325264356044665 912 1 0 2604.00
problem31 45.85 390195687317791 676 1 0.01 2604.00
problem32 0.72 277107695271614 645 1 0 2616.00
problem33 0.89 287699513690888 252 1 0 2616.00
problem34 2.53 311410538400994 660 1 0.01 2616.00
problem35 28.67 274954884533819 876 1 0 2708.00
problem36 44.77 349352727745680 506 1 0.01 2708.00
problem37 5.31 350100442291955 533 1 0 2708.00
problem38 131.45 375623709588681 1022 1 0 2708.00
problem39 188.47 359157424132093 1877 1 0 2780.00
problem40 4.08 349565350690145 332 1 0 2780.00
problem41 0 273942706183992 101 1 0 2780.00
problem42 2.24 327936489173909 207 1 0 2780.00
problem43 0.42 274434307619490 383 1 0 2780.00
problem44 30 361654831707377 721 1 0 2780.00
problem45 96.46 398772288005966 745 1 0 2780.00
problem46 7.97 303900638320917 390 1 0 2780.00
problem47 0.01 318576969091161 48 1 0 2180.00
problem48 5.27 365859622611201 252 1 0 2180.00
problem49 65.24 331992900782678 1202 1 0 2728.00
problem50 5.38 305919739585659 818 1 0.01 2728.00
problem51 1.3 256747124672793 671 1 0 2728.00
problem52 1.03 296050066207577 352 1 0 2728.00
problem53 3.04 344898030939319 226 1 0 2728.00
problem54 0.02 279609448600301 226 1 0 2728.00
problem55 1.4 311857849213109 187 1 0 2728.00
problem56 0.88 299077821596566 167 1 0 2728.00
problem57 11.46 391396245277835 286 1 0 2728.00
problem58 23.64 319388102776180 1121 1 0 2760.00
problem59 1.29 332738453240094 227 1 0 2760.00
problem60 224.85 282033431159493 1172 1 0 2760.00
problem61 77.67 313269351193216 1376 1 0.01 2776.00
problem62 133.6 412804409602476 761 1 0 2356.00
problem63 51.19 258394783721722 1157 1 0 2636.00
problem64 1.56 281194318579062 466 1 0 2636.00
problem65 29.1 372031035574797 527 1 0 2636.00
problem66 1.87 327141338719756 289 1 0 2636.00
problem67 182.73 334812140972499 935 1 0.01 2636.00
problem68 160.78 353446469617875 890 1 0 2636.00
problem69 8.38 406492089578355 86 1 0 2636.00
problem70 5637.19 376563870788845 2154 1 0 2796.00
problem71 44.27 335714950776099 840 1 0 2796.00
problem72 1.12 348884697819290 303 1 0 2796.00
problem73 63.65 279497457144705 1379 1 0 2848.00
problem74 157.06 291292333469691 1790 1 0.01 2860.00
problem75 3.01 399718900425441 302 1 0 2864.00
problem76 3.92 281838393830758 340 1 0 2300.00
problem77 0.55 364388240580201 172 1 0 2300.00
problem78 0.02 280689380680798 159 1 0 2300.00
problem79 1.97 303853887854250 525 1 0 2300.00
problem80 0.05 362688986049330 55 1 0 2300.00
problem81 4.82 327117349446610 268 1 0 2300.00
problem82 8.4 266699181222268 396 1 0 2300.00
problem83 0.04 284400550156300 226 1 0 2300.00
problem84 4.86 337815411463713 315 1 0.01 2476.00
problem85 7.73 360101786820548 246 1 0 2476.00
problem86 1.32 305599795730384 619 1 0 2556.00
problem87 0.72 293630880423270 188 1 0 2556.00
problem88 0.76 368710037325369 190 1 0 2556.00
problem89 0.05 278963792027474 172 1 0 2556.00
problem90 0.17 293854977416145 225 1 0 2556.00
problem91 36.35 367404713029765 499 1 0 2556.00
problem92 0.13 259061065137445 509 1 0 2556.00
problem93 0.11 284511133916375 185 1 0 2556.00
problem94 2163.97 416154137762394 940 1 0 2656.00
problem95 0.27 337154294954464 214 1 0 2656.00
problem96 289.77 365399053035621 876 1 0.01 2656.00
problem97 1571.55 414560542088789 2401 1 0 2808.00
problem98 0.15 318042297591523 168 1 0 2808.00
problem99 301.87 303371460495984 2500 1 0 3020.00
