problem0 48.89 564254468959405 5 1670949656 6.95323e-310 0.00
problem1 289.46 624676630421799 5 1670949656 6.95323e-310 0.00
problem2 61.71 598477279711262 5 1670949656 6.95323e-310 0.00
problem3 608.01 502801349711840 5 1670949656 6.95323e-310 0.00
problem4 145.66 465828589484566 5 1670949656 6.95323e-310 0.00
problem5 57.43 557692108701118 5 1670949656 6.95323e-310 0.00
problem6 455.7 671002879972051 5 1670949656 6.95323e-310 0.00
problem7 457.14 542930866012040 5 1670949656 6.95323e-310 0.00
problem8 46.37 560284522458129 5 1670949656 6.95323e-310 0.00
problem9 174.77 551368793157872 5 1670949656 6.95323e-310 0.00
problem10 21.31 571617661437153 5 1670949656 6.95323e-310 0.00
problem11 158.93 588666116106008 5 1670949656 6.95323e-310 0.00
problem12 108.28 518763441224106 5 1670949656 6.95323e-310 0.00
problem13 196.63 517973236491711 5 1670949656 6.95323e-310 0.00
problem14 60.01 438963113970443 5 1670949656 6.95323e-310 0.00
problem15 53.56 611336027954459 5 1670949656 6.95323e-310 0.00
problem16 518.53 555745218650949 5 1670949656 6.95323e-310 0.00
problem17 99.53 507861060163098 5 1670949656 6.95323e-310 0.00
problem18 60.7 501584551595007 5 1670949656 6.95323e-310 0.00
problem19 71.19 499287381095803 5 1670949656 6.95323e-310 0.00
problem20 245.7 537539286814187 5 1670949656 6.95323e-310 0.00
problem21 45.26 481815179356327 5 1670949656 6.95323e-310 0.00
problem22 136.5 601713972161872 5 1670949656 6.95323e-310 0.00
problem23 71.82 532378103605592 5 1670949656 6.95323e-310 0.00
problem24 309.67 476453913171721 5 1670949656 6.95323e-310 0.00
problem25 24.85 506914498522460 5 1670949656 6.95323e-310 0.00
problem26 115.56 454098887868391 5 1670949656 6.95323e-310 0.00
problem27 19.08 552635267153615 5 1670949656 6.95323e-310 0.00
problem28 6.81 537449626649999 5 1670949656 6.95323e-310 0.00
problem29 206.26 491377771030289 5 1670949656 6.95323e-310 0.00
problem30 9.41 431746171567483 5 1670949656 6.95323e-310 0.00
problem31 26.4 490780530804603 5 1670949656 6.95323e-310 0.00
problem32 173.89 562548265020781 5 1670949656 6.95323e-310 0.00
problem33 18.64 465284949361565 5 1670949656 6.95323e-310 0.00
problem34 29.27 482390071474768 5 1670949656 6.95323e-310 0.00
problem35 30.28 539840413073219 5 1670949656 6.95323e-310 0.00
problem36 74.96 600740542411643 5 1670949656 6.95323e-310 0.00
problem37 218.78 595250605773304 5 1670949656 6.95323e-310 0.00
problem38 306.02 532134015112051 5 1670949656 6.95323e-310 0.00
problem39 19.82 545564673141581 5 1670949656 6.95323e-310 0.00
problem40 149.29 495331686017083 5 1670949656 6.95323e-310 0.00
problem41 41.36 516313352282027 5 1670949656 6.95323e-310 0.00
problem42 34.89 482336906225902 5 1670949656 6.95323e-310 0.00
problem43 16.62 554544687541625 5 1670949656 6.95323e-310 0.00
problem44 180.65 602763752969980 5 1670949656 6.95323e-310 0.00
problem45 53.82 589890380400871 5 1670949656 6.95323e-310 0.00
problem46 58.36 545683128318170 5 1670949656 6.95323e-310 0.00
problem47 581.14 562726722338616 5 1670949656 6.95323e-310 0.00
problem48 408.67 532015967052946 5 1670949656 6.95323e-310 0.00
problem49 259.38 475563629988454 5 1670949656 6.95323e-310 0.00
problem50 293.04 569099993626186 5 1670949656 6.95323e-310 0.00
problem51 838.51 569532734592576 5 1670949656 6.95323e-310 0.00
problem52 4386.56 556029643374681 5 1670949656 6.95323e-310 0.00
problem53 1224.16 591886429958461 5 1670949656 6.95323e-310 0.00
problem54 782.02 555894036669427 5 402137192 6.95316e-310 0.00
problem55 95.29 498326440944076 5 402137192 6.95316e-310 0.00
problem56 27.71 592062733464751 5 402137192 6.95316e-310 0.00
problem57 94.35 516768773468039 5 402137192 6.95316e-310 0.00
problem58 26.03 516037017161185 5 402137192 6.95316e-310 0.00
problem59 90.17 550241854158719 5 402137192 6.95316e-310 0.00
problem60 50.4 525738701400905 5 402137192 6.95316e-310 0.00
problem61 146.62 540267416088363 5 402137192 6.95316e-310 0.00
problem62 80.21 524416961228632 5 402137192 6.95316e-310 0.00
problem63 1609.59 506906514819216 5 402137192 6.95316e-310 0.00
problem64 104.38 573069698853487 5 402137192 6.95316e-310 0.00
problem65 650.23 530065703501493 5 402137192 6.95316e-310 0.00
problem66 204.13 608516248331340 5 402137192 6.95316e-310 0.00
problem67 282.17 469603360625133 5 402137192 6.95316e-310 0.00
problem68 41.17 536565107298462 5 402137192 6.95316e-310 0.00
problem69 34.51 493510609210088 5 402137192 6.95316e-310 0.00
problem70 145.81 524155662040238 5 402137192 6.95316e-310 0.00
problem71 26.36 499916841582891 5 402137192 6.95316e-310 0.00
problem72 93.94 513370381640042 5 402137192 6.95316e-310 0.00
problem73 10.74 524026083283148 5 402137192 6.95316e-310 0.00
problem74 46.74 598274276357301 5 402137192 6.95316e-310 0.00
problem75 246.06 582200592081686 5 402137192 6.95316e-310 0.00
problem76 63.01 503244943139934 5 402137192 6.95316e-310 0.00
problem77 75.01 522738324108247 5 402137192 6.95316e-310 0.00
problem78 427.97 546414500929910 5 402137192 6.95316e-310 0.00
problem79 1862.85 437603968309327 5 402137192 6.95316e-310 0.00
problem80 99.54 524788664313592 5 402137192 6.95316e-310 0.00
problem81 508.29 506010832653861 5 402137192 6.95316e-310 0.00
problem82 39.69 543484240030865 5 402137192 6.95316e-310 0.00
problem83 194.63 500837153840555 5 402137192 6.95316e-310 0.00
problem84 21.21 511536220053941 5 402137192 6.95316e-310 0.00
problem85 58.5 541700487613810 5 402137192 6.95316e-310 0.00
problem86 138.88 576711315134054 5 402137192 6.95316e-310 0.00
problem87 20.43 555439969553686 5 402137192 6.95316e-310 0.00
problem88 25.74 521279991414297 5 402137192 6.95316e-310 0.00
problem89 197.7 559905690891140 5 402137192 6.95316e-310 0.00
problem90 46.48 571514573202198 5 402137192 6.95316e-310 0.00
problem91 378.65 507737357149268 5 402137192 6.95316e-310 0.00
problem92 67.87 590912149173023 5 402137192 6.95316e-310 0.00
problem93 413.21 587344797486110 5 402137192 6.95316e-310 0.00
problem94 91.11 563206889106878 5 402137192 6.95316e-310 0.00
problem95 12.17 486333961504899 5 402137192 6.95316e-310 0.00
problem96 25.61 462655567033205 5 402137192 6.95316e-310 0.00
problem97 76.14 494201585390996 5 402137192 6.95316e-310 0.00
problem98 232.36 510640167677827 5 402137192 6.95316e-310 0.00
problem99 31.94 592200738654420 5 402137192 6.95316e-310 0.00
