problem0 0.14 2721700312180 0
problem1 0.58 4446110937910 0
problem2 0.14 4142227537519 0
problem3 0.31 4600941072741 0
problem4 0.35 3968141256777 0
problem5 0.26 4014452469488 0
problem6 0.13 4335070936519 0
problem7 0.24 5103601989773 0
problem8 0.26 3723770016593 0
problem9 0.33 4006709795974 0
problem10 0.11 3607906021135 0
problem11 0.15 3477191066366 0
problem12 0.32 4780796924015 0
problem13 0.51 4574632137791 0
problem14 0.2 3663310777628 0
problem15 0.21 4305122032375 0
problem16 0.23 4363713163264 0
problem17 0.21 4815972890804 0
problem18 0.45 3321484267594 0
problem19 0.18 3961074329582 0
problem20 0.6 4321407542949 0
problem21 0.16 4120114622254 0
problem22 0.28 3729798690729 0
problem23 0.26 4185208536299 0
problem24 0.28 4179410990100 0
problem25 0.13 3774881762115 0
problem26 0.23 3970146744088 0
problem27 0.44 3806782961574 0
problem28 0.18 4290951271704 0
problem29 0.38 3431472149535 0
problem30 0.21 3994845381865 0
problem31 0.11 3479715767076 0
problem32 0.37 3994303057872 0
problem33 0.54 4891502502606 0
problem34 0.07 3784310504134 0
problem35 0.07 4146689588122 0
problem36 0.14 3873173752849 0
problem37 0.33 4069203589399 0
problem38 0.19 3837513708218 0
problem39 0.41 4686407016238 0
problem40 0.11 3624680116178 0
problem41 0.2 3658847503378 0
problem42 0.1 3585017039978 0
problem43 0.17 4198605471516 0
problem44 0.29 4081900333985 0
problem45 0.24 3446064768375 0
problem46 0.3 3660230553655 0
problem47 0.24 3661201584335 0
problem48 0.2 4345800566597 0
problem49 0.16 4366546497695 0
problem50 0.16 3670886315857 0
problem51 0.32 3892958309100 0
problem52 0.12 3947910384014 0
problem53 0.22 3591754576848 0
problem54 0.34 4430030652386 0
problem55 0.36 4176771791277 0
problem56 0.21 4297080789988 0
problem57 0.35 4100751156822 0
problem58 0.22 3264871283716 0
problem59 0.38 4799163010823 0
problem60 0.38 5587804047963 0
problem61 0.34 4747776486157 0
problem62 0.29 4282042757860 0
problem63 0.24 4666931689658 0
problem64 0.21 3593911526167 0
problem65 0.28 3905412918997 0
problem66 0.31 4170080358645 0
problem67 0.15 4128505162914 0
problem68 0.18 4790239203500 0
problem69 0.11 3858562954359 0
problem70 0.1 4004968179387 0
problem71 0.15 4160939696213 0
problem72 0.41 4852449199674 0
problem73 0.14 4223980550010 0
problem74 0.13 4066138782483 0
problem75 0.22 3528891880703 0
problem76 0.32 4502934109719 0
problem77 0.52 5105687938411 0
problem78 0.18 4091243580942 0
problem79 0.59 4317970927598 0
problem80 0.46 4179579822517 0
problem81 0.19 3588092899376 0
problem82 0.19 4185100477508 0
