problem0 0.12 237110824643 0
problem1 0.05 258236730837 0
problem2 0.08 258091959513 0
problem3 0.07 220085399885 0
problem4 0.05 234210574269 0
problem5 0.03 179892825977 0
problem6 0.05 229854722673 0
problem7 0.06 236761487040 0
problem8 0.05 258443803679 0
problem9 0.07 304934624034 0
problem10 0.04 261742245437 0
problem11 0.03 224374882630 0
problem12 0.04 261508774108 0
problem13 0.08 241246998420 0
problem14 0.03 202444880033 0
problem15 0.04 209037096987 0
problem16 0.09 259536649643 0
problem17 0.06 241907828499 0
problem18 0.05 252580253849 0
problem19 0.06 294848525944 0
problem20 0.06 195115667155 0
problem21 0.09 216808655919 0
problem22 0.04 242601876194 0
problem23 0.06 225274919597 0
problem24 0.06 228812042067 0
problem25 0.05 238923948452 0
problem26 0.06 216377849925 0
problem27 0.07 215834167384 0
problem28 0.11 291956492454 0
problem29 0.06 277486248522 0
problem30 0.04 276035148085 0
problem31 0.04 223414984307 0
problem32 0.07 240726208580 0
problem33 0.04 257578875981 0
problem34 0.05 220645508161 0
problem35 0.07 246387752824 0
problem36 0.06 250744954701 0
problem37 0.05 274347385768 0
problem38 0.06 250063190864 0
problem39 0.04 229578367595 0
problem40 0.04 249610523942 0
problem41 0.06 223095523895 0
problem42 0.09 242833602860 0
problem43 0.04 244119999602 0
problem44 0.04 208415643439 0
problem45 0.04 254014897109 0
problem46 0.05 253872634488 0
problem47 0.07 272167847370 0
problem48 0.06 244290313332 0
problem49 0.07 230482212020 0
problem50 0.08 273411622986 0
problem51 0.09 266491823104 0
problem52 0.02 224727952645 0
problem53 0.04 200968812142 0
problem54 0.08 260820211560 0
problem55 0.05 261608819965 0
problem56 0.04 213725119733 0
problem57 0.03 235295047658 0
problem58 0.04 247148705608 0
problem59 0.04 261576694745 0
problem60 0.08 213546608843 0
problem61 0.05 174985303233 0
problem62 0.08 231511971653 0
problem63 0.04 230867464037 0
problem64 0.09 267267788479 0
problem65 0.06 242616480215 0
problem66 0.07 283631797122 0
problem67 0.04 205499583308 0
problem68 0.05 286439046417 0
problem69 0.07 242417209050 0
problem70 0.06 234062363248 0
problem71 0.06 266731270453 0
problem72 0.04 222347604915 0
problem73 0.03 221155949791 0
problem74 0.05 223409189834 0
problem75 0.05 205516185569 0
problem76 0.05 220099474584 0
problem77 0.06 252855741593 0
problem78 0.05 220755933321 0
problem79 0.08 217751262598 0
problem80 0.08 222945590358 0
problem81 0.04 275048588784 0
problem82 0.04 212106068830 0
problem83 0.04 259494744747 0
problem84 0.07 246622849937 0
problem85 0.04 251447338672 0
problem86 0.06 251385632463 0
problem87 0.05 226817939609 0
problem88 0.08 241378288739 0
problem89 0.08 179998748259 0
problem90 0.04 236568048436 0
problem91 0.03 238736189074 0
problem92 0.07 246051029848 0
problem93 0.06 255555371104 0
problem94 0.04 218374903354 0
problem95 0.09 284484681025 0
problem96 0.03 267276332233 0
problem97 0.07 242273460091 0
problem98 0.04 210760516325 0
problem99 0.05 231571513278 0
