problem0 0.07 102370262429 1 2520.00
problem1 0.11 78249331306 1 2576.00
problem2 0.06 86164464542 1 2576.00
problem3 0.05 110851290511 1 2576.00
problem4 0.09 104070586615 1 2576.00
problem5 0.09 100568348780 1 2576.00
problem6 0.11 90946593768 1 2576.00
problem7 0.06 97453769281 1 2576.00
problem8 0.05 113658937521 1 2576.00
problem9 0.08 99223961678 1 2576.00
problem10 0.09 102858588562 1 2576.00
problem11 0.03 109512732115 1 2576.00
problem12 0.05 112144496331 1 2576.00
problem13 0.05 98362827792 1 2576.00
problem14 0.03 117302838940 1 2576.00
problem15 0.05 111490984517 1 2576.00
problem16 0.12 96437075269 1 2576.00
problem17 0.05 105818768818 1 2576.00
problem18 0.08 104188845318 1 2576.00
problem19 0.07 90543753623 1 2576.00
problem20 0.05 93890473503 1 2576.00
problem21 0.05 96394405684 1 2576.00
problem22 0.10 95238311632 1 2576.00
problem23 0.06 99974954441 1 2576.00
problem24 0.07 104978531161 1 2576.00
problem25 0.06 101474691734 1 2576.00
problem26 0.09 88307435002 1 2576.00
problem27 0.08 90207918299 1 2576.00
problem28 0.11 92651689715 1 2576.00
problem29 0.09 96841994712 1 2576.00
problem30 0.03 97459162244 1 2576.00
problem31 0.11 93971385549 1 2576.00
problem32 0.09 99877774061 1 2576.00
problem33 0.08 88695111418 1 2576.00
problem34 0.09 99308211310 1 2576.00
problem35 0.02 107799014303 1 2576.00
problem36 0.05 131804725575 1 2576.00
problem37 0.03 110142960636 1 2576.00
problem38 0.04 117398540216 1 2576.00
problem39 0.06 106620446545 1 2576.00
problem40 0.07 102018591745 1 2576.00
problem41 0.08 110489768670 1 2576.00
problem42 0.06 103868006498 1 2576.00
problem43 0.11 86519222755 1 2576.00
problem44 0.07 109620952347 1 2576.00
problem45 0.14 92753845664 1 2576.00
problem46 0.06 103899293804 1 2576.00
problem47 0.08 98915442005 1 2576.00
problem48 0.08 104279797397 1 2576.00
problem49 0.07 107000870466 1 2576.00
problem50 0.06 99145101782 1 2576.00
problem51 0.06 92865305511 1 2576.00
problem52 0.06 98257492591 1 2576.00
problem53 0.11 110262656708 1 2576.00
problem54 0.05 113337181856 1 2576.00
problem55 0.09 98892349145 1 2576.00
problem56 0.08 101755189929 1 2576.00
problem57 0.08 85527591206 1 2576.00
problem58 0.07 108337459402 1 2576.00
problem59 0.07 93227391211 1 2576.00
problem60 0.03 101984954691 1 2576.00
problem61 0.05 107377428328 1 2576.00
problem62 0.09 102443227732 1 2576.00
problem63 0.09 100568062941 1 2576.00
problem64 0.04 111638749245 1 2576.00
problem65 0.08 110027729802 1 2576.00
problem66 0.04 102555422014 1 2576.00
problem67 0.06 100794472879 1 2576.00
problem68 0.08 99285662103 1 2576.00
problem69 0.04 96539879308 1 2576.00
problem70 0.08 100559590280 1 2576.00
problem71 0.08 103404602465 1 2576.00
problem72 0.05 101170687825 1 2576.00
problem73 0.06 97211620718 1 2576.00
problem74 0.02 115296851762 1 2576.00
problem75 0.06 100061130227 1 2576.00
problem76 0.04 93944470379 1 2576.00
problem77 0.07 95149264688 1 2576.00
problem78 0.08 82724119100 1 2576.00
problem79 0.10 116205619301 1 2576.00
problem80 0.09 115702134757 1 2576.00
problem81 0.03 110718033618 1 2576.00
problem82 0.05 102848110246 1 2576.00
problem83 0.05 114007696823 1 2576.00
problem84 0.05 102117727935 1 2576.00
problem85 0.03 112044133972 1 2576.00
problem86 0.06 106224309872 1 2576.00
problem87 0.05 86790502377 1 2576.00
problem88 0.05 104367278585 1 2576.00
problem89 0.09 92515139510 1 2576.00
problem90 0.09 87481791386 1 2576.00
problem91 0.07 96126292219 1 2576.00
problem92 0.09 101150184339 1 2576.00
problem93 0.08 97342649592 1 2576.00
problem94 0.06 100735303716 1 2576.00
problem95 0.05 113928364781 1 2576.00
problem96 0.05 109082899853 1 2576.00
problem97 0.06 105268367386 1 2576.00
problem98 0.07 102414870030 1 2576.00
problem99 0.08 98264285119 1 2576.00
