problem0 79.17 412553483331675 1387 1 0.02 3824.00
problem1 0.05 376986232948924 593 1 0.02 4052.00
problem2 0.02 398211212507754 121 1 0.02 3184.00
problem3 2.95 384324099108825 471 1 0.01 3200.00
problem4 0.36 418601169722711 1090 1 0.02 3420.00
problem5 0.42 361717936532596 1063 1 0.03 4172.00
problem6 0.14 317467059334274 714 1 0.02 4004.00
problem7 0.12 424192830251481 419 1 0.01 3236.00
problem8 0.04 384375057969503 446 1 0.02 3412.00
problem9 0.36 393085051022991 667 1 0.01 3476.00
problem10 0.11 340761863500157 766 1 0.02 3852.00
problem11 0.07 442730163915375 160 1 0.01 3048.00
problem12 0.12 406666064095899 520 1 0.02 3364.00
problem13 0.01 396703529950954 172 1 0 3364.00
problem14 0.02 386038809435625 293 1 0.01 3364.00
problem15 25.96 355279736859531 2759 2 0.06 4488.00
