problem0 0 2180704682 1 2232.00
problem1 0.00 1625092056 1 2288.00
problem2 0.00 2013276630 1 2288.00
problem3 0.00 1970620198 0 2288.00
problem4 0.01 2141604674 1 2288.00
problem5 0.00 2013490610 0 2288.00
problem6 0.00 1985804782 1 2288.00
problem7 0.01 1986146175 0 2288.00
problem8 0.00 2180850140 0 2288.00
problem9 0.00 2458097800 1 2288.00
problem10 0.00 1609887496 0 2288.00
problem11 0.01 1891431638 0 2288.00
problem12 0.00 1706282354 1 2288.00
problem13 0.01 2236797029 0 2288.00
problem14 0.00 2253809950 1 2288.00
problem15 0.00 1967453996 1 2288.00
problem16 0.00 2039655946 1 2288.00
problem17 0.00 2119857464 1 2288.00
problem18 0.00 2145634358 1 2288.00
problem19 0.01 2322437764 1 2288.00
problem20 0.00 2012619682 1 2288.00
problem21 0.00 2046289680 1 2288.00
problem22 0.00 2035510352 0 2288.00
problem23 0.00 1776169696 0 2288.00
problem24 0.01 2018414140 0 2288.00
problem25 0.00 1887208936 1 2288.00
problem26 0.00 1596962150 1 2288.00
problem27 0.00 1710369844 1 2288.00
problem28 0.00 2157989330 1 2288.00
problem29 0.01 2074980800 1 2288.00
problem30 0.00 1867973502 1 2288.00
problem31 0.00 1865998988 1 2288.00
problem32 0.00 1862517356 0 2288.00
problem33 0.01 2084883100 0 2288.00
problem34 0.00 2054928022 1 2288.00
problem35 0.00 2448799204 1 2288.00
problem36 0.01 1931824130 1 2288.00
problem37 0.00 2406428786 0 2288.00
problem38 0.00 1839476398 1 2288.00
problem39 0.00 1805649468 1 2288.00
problem40 0.00 2009418394 1 2288.00
problem41 0.00 1951286088 1 2288.00
problem42 0.01 1806355398 1 2288.00
problem43 0.00 2019767188 1 2288.00
problem44 0.00 2218270258 1 2288.00
problem45 0.00 2306302754 0 2288.00
problem46 0.01 2260594142 1 2288.00
problem47 0.00 2157878766 0 2288.00
problem48 0.00 1978017484 0 2288.00
problem49 0.01 1920200696 1 2288.00
problem50 0.00 1910502646 1 2288.00
problem51 0.00 2120590662 0 2288.00
problem52 0.00 2311832674 1 2288.00
problem53 0.00 1832995280 1 2288.00
problem54 0.01 2053587214 1 2288.00
problem55 0.00 2063575452 1 2288.00
problem56 0.00 1979275002 1 2288.00
problem57 0.00 1875955880 1 2288.00
problem58 0.00 2038313510 1 2288.00
problem59 0.01 1952975606 0 2288.00
problem60 0.00 1930641042 1 2288.00
problem61 0.00 2240275584 1 2288.00
problem62 0.00 2107844670 1 2288.00
problem63 0.01 2060331340 1 2288.00
problem64 0.00 2110905130 1 2288.00
problem65 0.00 1824515416 1 2288.00
problem66 0.00 2083029846 1 2288.00
problem67 0.00 1981113508 1 2288.00
problem68 0.00 2021756098 1 2288.00
problem69 0.01 2219193136 1 2288.00
problem70 0.00 2058658670 1 2288.00
problem71 0.00 2337611006 0 2288.00
problem72 0.00 1954722650 1 2288.00
problem73 0.00 2027695624 1 2288.00
problem74 0.00 2294409350 1 2288.00
problem75 0.01 2052633174 0 2288.00
problem76 0.00 2076815090 1 2288.00
problem77 0.00 1790391776 1 2288.00
problem78 0.00 1897837214 1 2288.00
problem79 0.01 1931445420 1 2288.00
problem80 0.00 1918820234 1 2288.00
problem81 0.00 1929423551 0 2288.00
problem82 0.00 1802330550 1 2288.00
problem83 0.01 2069689352 0 2288.00
problem84 0.00 2279515426 1 2288.00
problem85 0.00 2035674256 1 2288.00
problem86 0.00 1839486414 1 2288.00
problem87 0.00 1811439708 1 2288.00
problem88 0.01 2029608890 1 2288.00
problem89 0.00 1900567402 0 2288.00
problem90 0.00 2240671462 1 2288.00
problem91 0.00 1988962740 1 2288.00
problem92 0.00 2029219666 1 2288.00
problem93 0.01 1876776768 1 2288.00
problem94 0.00 2051575038 1 2288.00
problem95 0.00 2062200844 1 2288.00
problem96 0.00 1663382506 1 2288.00
problem97 0.00 2165194776 1 2288.00
problem98 0.00 2378600470 1 2288.00
problem99 0.00 2090095463 0 2288.00
