problem0 0.51 128853 5 295097800 6.95316e-310 0.00
problem1 0.27 149865 5 295097800 6.95316e-310 0.00
problem2 0.42 140156 5 295097800 6.95316e-310 0.00
problem3 0.33 133957 5 295097800 6.95316e-310 0.00
problem4 0.33 129485 5 295097800 6.95316e-310 0.00
problem5 0.2 152294 5 295097800 6.95316e-310 0.00
problem6 0.4 146766 5 295097800 6.95316e-310 0.00
problem7 0.22 146198 5 295097800 6.95316e-310 0.00
problem8 1.09 139526 5 295097800 6.95316e-310 0.00
problem9 0.21 126711 5 295097800 6.95316e-310 0.00
problem10 0.25 157678 5 295097800 6.95316e-310 0.00
problem11 0.4 141715 5 295097800 6.95316e-310 0.00
problem12 0.72 140540 5 295097800 6.95316e-310 0.00
problem13 0.21 153059 5 295097800 6.95316e-310 0.00
problem14 0.49 138054 5 295097800 6.95316e-310 0.00
problem15 0.55 118496 5 295097800 6.95316e-310 0.00
problem16 0.24 146858 5 295097800 6.95316e-310 0.00
problem17 0.35 147342 5 295097800 6.95316e-310 0.00
problem18 0.19 143202 5 295097800 6.95316e-310 0.00
problem19 0.49 123622 5 295097800 6.95316e-310 0.00
problem20 0.49 140080 5 295097800 6.95316e-310 0.00
problem21 0.34 132090 5 295097800 6.95316e-310 0.00
problem22 0.28 130084 5 295097800 6.95316e-310 0.00
problem23 0.47 138667 5 295097800 6.95316e-310 0.00
problem24 0.53 134499 5 295097800 6.95316e-310 0.00
problem25 0.42 121621 5 295097800 6.95316e-310 0.00
problem26 0.46 129469 5 295097800 6.95316e-310 0.00
problem27 0.62 169784 5 295097800 6.95316e-310 0.00
problem28 0.2 119885 5 295097800 6.95316e-310 0.00
problem29 0.28 113917 5 295097800 6.95316e-310 0.00
problem30 0.46 155668 5 295097800 6.95316e-310 0.00
problem31 0.32 173936 5 295097800 6.95316e-310 0.00
problem32 0.38 159760 5 295097800 6.95316e-310 0.00
problem33 0.63 147877 5 295097800 6.95316e-310 0.00
problem34 0.37 149292 5 295097800 6.95316e-310 0.00
problem35 0.36 140919 5 295097800 6.95316e-310 0.00
problem36 0.28 129146 5 295097800 6.95316e-310 0.00
problem37 0.58 131334 5 295097800 6.95316e-310 0.00
problem38 0.88 149241 5 295097800 6.95316e-310 0.00
problem39 0.82 126023 5 295097800 6.95316e-310 0.00
problem40 0.36 124336 5 295097800 6.95316e-310 0.00
problem41 0.39 144165 5 295097800 6.95316e-310 0.00
problem42 0.19 145305 5 295097800 6.95316e-310 0.00
problem43 0.32 135371 5 295097800 6.95316e-310 0.00
problem44 0.3 143276 5 295097800 6.95316e-310 0.00
problem45 0.24 110615 5 295097800 6.95316e-310 0.00
problem46 0.24 143605 5 295097800 6.95316e-310 0.00
problem47 0.3 134155 5 295097800 6.95316e-310 0.00
problem48 0.49 142940 5 295097800 6.95316e-310 0.00
problem49 0.41 126903 5 295097800 6.95316e-310 0.00
problem50 0.33 150271 5 295097800 6.95316e-310 0.00
problem51 0.24 153101 5 295097800 6.95316e-310 0.00
problem52 0.33 129487 5 295097800 6.95316e-310 0.00
problem53 0.49 141859 5 295097800 6.95316e-310 0.00
problem54 0.57 138701 5 295097800 6.95316e-310 0.00
problem55 0.18 149216 5 295097800 6.95316e-310 0.00
problem56 0.42 125454 5 295097800 6.95316e-310 0.00
problem57 0.78 128833 5 295097800 6.95316e-310 0.00
problem58 0.21 139627 5 295097800 6.95316e-310 0.00
problem59 0.31 136794 5 295097800 6.95316e-310 0.00
problem60 0.23 128784 5 295097800 6.95316e-310 0.00
problem61 0.35 159529 5 295097800 6.95316e-310 0.00
problem62 0.23 134592 5 295097800 6.95316e-310 0.00
problem63 0.26 146602 5 295097800 6.95316e-310 0.00
problem64 0.43 145589 5 295097800 6.95316e-310 0.00
problem65 0.32 133600 5 295097800 6.95316e-310 0.00
problem66 0.36 137943 5 295097800 6.95316e-310 0.00
problem67 0.27 151978 5 295097800 6.95316e-310 0.00
problem68 0.29 149289 5 295097800 6.95316e-310 0.00
problem69 0.22 139066 5 295097800 6.95316e-310 0.00
problem70 0.39 147629 5 295097800 6.95316e-310 0.00
problem71 0.25 134516 5 295097800 6.95316e-310 0.00
problem72 0.99 137826 5 295097800 6.95316e-310 0.00
problem73 0.33 132963 5 295097800 6.95316e-310 0.00
problem74 0.3 137032 5 295097800 6.95316e-310 0.00
problem75 0.35 124924 5 295097800 6.95316e-310 0.00
problem76 0.4 141909 5 295097800 6.95316e-310 0.00
problem77 0.22 121411 5 295097800 6.95316e-310 0.00
problem78 0.23 120479 5 295097800 6.95316e-310 0.00
problem79 0.55 137543 5 295097800 6.95316e-310 0.00
problem80 0.51 134925 5 295097800 6.95316e-310 0.00
problem81 0.4 151529 5 295097800 6.95316e-310 0.00
problem82 0.3 161454 5 295097800 6.95316e-310 0.00
problem83 1.08 145736 5 295097800 6.95316e-310 0.00
problem84 0.3 163970 5 295097800 6.95316e-310 0.00
problem85 0.24 139344 5 295097800 6.95316e-310 0.00
problem86 0.4 135044 5 295097800 6.95316e-310 0.00
problem87 0.31 155656 5 295097800 6.95316e-310 0.00
problem88 0.31 120525 5 295097800 6.95316e-310 0.00
problem89 0.31 131958 5 295097800 6.95316e-310 0.00
problem90 0.36 145692 5 295097800 6.95316e-310 0.00
problem91 0.78 116109 5 295097800 6.95316e-310 0.00
problem92 0.31 149930 5 295097800 6.95316e-310 0.00
problem93 0.27 151896 5 295097800 6.95316e-310 0.00
problem94 0.49 142194 5 295097800 6.95316e-310 0.00
problem95 0.47 147934 5 295097800 6.95316e-310 0.00
problem96 0.27 160110 5 295097800 6.95316e-310 0.00
problem97 0.33 115197 5 295097800 6.95316e-310 0.00
problem98 0.53 122506 5 295097800 6.95316e-310 0.00
problem99 1.12 142564 5 295097800 6.95316e-310 0.00
