problem0 0.23 635528845441196 5 1165027784 6.9532e-310 0.00
problem1 0.51 588397968422310 5 1165027784 6.9532e-310 0.00
problem2 0.11 623767612403175 5 1165027784 6.9532e-310 0.00
problem3 0.22 597618361357240 5 1165027784 6.9532e-310 0.00
problem4 0.1 645596433276135 5 1165027784 6.9532e-310 0.00
problem5 0.18 563652685333128 5 1165027784 6.9532e-310 0.00
problem6 0.05 495825106621946 5 1165027784 6.9532e-310 0.00
problem7 0.19 660596973407085 5 1165027784 6.9532e-310 0.00
problem8 0.1 600416532947444 5 1165027784 6.9532e-310 0.00
problem9 0.14 611014804560461 5 1165027784 6.9532e-310 0.00
problem10 0.02 531206949834754 5 1165027784 6.9532e-310 0.00
problem11 0.08 690886416894896 5 1165027784 6.9532e-310 0.00
problem12 0.4 633831466567177 5 1165027784 6.9532e-310 0.00
problem13 0.15 620661775303278 5 1165027784 6.9532e-310 0.00
problem14 0.48 603739850467647 5 1165027784 6.9532e-310 0.00
problem15 0.22 549043540196073 5 1165027784 6.9532e-310 0.00
problem16 0.1 551459725322641 5 1165027784 6.9532e-310 0.00
problem17 0.59 499692439655897 5 1165027784 6.9532e-310 0.00
problem18 0.23 611708419090965 5 1165027784 6.9532e-310 0.00
problem19 0.1 605159440311765 5 1165027784 6.9532e-310 0.00
problem20 0.1 561065525480284 5 1165027784 6.9532e-310 0.00
problem21 1.41 601760416822082 5 1165027784 6.9532e-310 0.00
problem22 0.33 551899005583294 5 1165027784 6.9532e-310 0.00
problem23 0.08 647456679931906 5 1165027784 6.9532e-310 0.00
problem24 0.5 640947432045123 5 1165027784 6.9532e-310 0.00
problem25 0.11 563346019009784 5 1165027784 6.9532e-310 0.00
problem26 0.52 665698223836769 5 1165027784 6.9532e-310 0.00
problem27 0.05 719539781550607 5 1165027784 6.9532e-310 0.00
problem28 0.13 566056719047157 5 1165027784 6.9532e-310 0.00
problem29 0.09 630054454777200 5 1165027784 6.9532e-310 0.00
problem30 0.18 584849908775213 5 1165027784 6.9532e-310 0.00
problem31 0.08 639810404270770 5 1165027784 6.9532e-310 0.00
problem32 0.11 468684829140184 5 1165027784 6.9532e-310 0.00
problem33 0.09 512907855490110 5 1165027784 6.9532e-310 0.00
problem34 0.14 632539111359725 5 1165027784 6.9532e-310 0.00
problem35 0.1 617664003690834 5 1165027784 6.9532e-310 0.00
problem36 0.05 645094690214466 5 1165027784 6.9532e-310 0.00
problem37 0.08 663851780287608 5 1165027784 6.9532e-310 0.00
problem38 0.12 724848657543395 5 1165027784 6.9532e-310 0.00
problem39 0.13 573149635301722 5 1165027784 6.9532e-310 0.00
problem40 0.05 577476372970565 5 1165027784 6.9532e-310 0.00
problem41 0.09 626672580842825 5 1165027784 6.9532e-310 0.00
problem42 0.07 629702791023470 5 1165027784 6.9532e-310 0.00
problem43 0.06 801409906488031 5 1165027784 6.9532e-310 0.00
problem44 0.06 609583687600949 5 1165027784 6.9532e-310 0.00
problem45 0.02 509159111014479 5 1165027784 6.9532e-310 0.00
problem46 0.1 579255480283711 5 1165027784 6.9532e-310 0.00
problem47 0.12 662085293865176 5 1165027784 6.9532e-310 0.00
problem48 0.31 653258020048654 5 1165027784 6.9532e-310 0.00
problem49 0.15 562669850494947 5 1165027784 6.9532e-310 0.00
problem50 0.34 546241152104154 5 1165027784 6.9532e-310 0.00
problem51 0.17 564087891280881 5 1165027784 6.9532e-310 0.00
problem52 0.07 625352609113452 5 1165027784 6.9532e-310 0.00
problem53 0.16 632905898402766 5 1165027784 6.9532e-310 0.00
problem54 0.42 642098610646802 5 1165027784 6.9532e-310 0.00
problem55 0.07 658626359840126 5 1165027784 6.9532e-310 0.00
problem56 0.43 640030471041632 5 1165027784 6.9532e-310 0.00
problem57 0.34 539898942055407 5 1165027784 6.9532e-310 0.00
problem58 0.16 721693668995162 5 1165027784 6.9532e-310 0.00
problem59 0.14 670140032674814 5 1165027784 6.9532e-310 0.00
problem60 0.06 630804226984611 5 1165027784 6.9532e-310 0.00
problem61 0.03 586119198326090 5 1165027784 6.9532e-310 0.00
problem62 0.3 596324827240295 5 1165027784 6.9532e-310 0.00
problem63 0.11 530762178872339 5 1165027784 6.9532e-310 0.00
problem64 0.08 624663803625044 5 1165027784 6.9532e-310 0.00
problem65 0.29 666372483144721 5 1165027784 6.9532e-310 0.00
problem66 0.49 594895952690726 5 1165027784 6.9532e-310 0.00
problem67 0.23 532665420038193 5 1165027784 6.9532e-310 0.00
problem68 0.06 570448971405028 5 1165027784 6.9532e-310 0.00
problem69 0.18 637953208484484 5 1165027784 6.9532e-310 0.00
problem70 0.07 639898025693606 5 1165027784 6.9532e-310 0.00
problem71 0.08 552740034834736 5 1165027784 6.9532e-310 0.00
problem72 0.2 510494270696248 5 1165027784 6.9532e-310 0.00
problem73 0.08 602104836298190 5 1165027784 6.9532e-310 0.00
problem74 0.25 588798374070857 5 1165027784 6.9532e-310 0.00
problem75 0.13 667328052986445 5 1165027784 6.9532e-310 0.00
problem76 0.13 624370323328142 5 1165027784 6.9532e-310 0.00
problem77 0.18 693901507398425 5 1165027784 6.9532e-310 0.00
problem78 0.11 660020114458774 5 1165027784 6.9532e-310 0.00
problem79 0.33 459161817567050 5 1165027784 6.9532e-310 0.00
problem80 0.17 523169096651054 5 1165027784 6.9532e-310 0.00
problem81 0.07 682183491067727 5 1165027784 6.9532e-310 0.00
problem82 0.1 581344948829192 5 1165027784 6.9532e-310 0.00
problem83 0.31 595258016254142 5 1165027784 6.9532e-310 0.00
problem84 0.34 636734594372627 5 1165027784 6.9532e-310 0.00
problem85 0.29 612708030196371 5 1165027784 6.9532e-310 0.00
problem86 0.1 541731435561726 5 1165027784 6.9532e-310 0.00
problem87 0.42 550479916923630 5 1165027784 6.9532e-310 0.00
problem88 0.2 553185507992159 5 1165027784 6.9532e-310 0.00
problem89 0.06 618224322362765 5 1165027784 6.9532e-310 0.00
problem90 0.19 588593453527801 5 1165027784 6.9532e-310 0.00
problem91 0.14 682400133662110 5 1165027784 6.9532e-310 0.00
problem92 0.17 577968934648134 5 1165027784 6.9532e-310 0.00
problem93 0.08 659849650984817 5 1165027784 6.9532e-310 0.00
problem94 0.24 619114536988980 5 1165027784 6.9532e-310 0.00
problem95 0.09 623462528310433 5 1165027784 6.9532e-310 0.00
problem96 0.17 583245726003293 5 1165027784 6.9532e-310 0.00
problem97 0.4 521459781993172 5 1165027784 6.9532e-310 0.00
problem98 0.17 588027672187184 5 1165027784 6.9532e-310 0.00
problem99 0.13 661414384720086 5 1165027784 6.9532e-310 0.00
