problem0 0.302672 120833731767 1
problem1 0.587367 124283364940 1
problem2 0.577286 132859981784 1
problem3 0.017404 130696578993 1
problem4 1.13717 127593611153 1
problem5 0.433479 131738464782 1
problem6 10.6613 126855327266 1
problem7 3.43642 115041710243 1
problem8 0.490232 125914129355 1
problem9 0.296387 123292384432 1
problem10 1.75831 129818046156 1
problem11 3.00945 130217168245 1
problem12 0.364037 129412977509 1
problem13 13.4641 134679078962 1
problem14 1.5763 126661745622 1
problem15 4.46524 126766936103 1
problem16 3.17987 124920359007 1
problem17 1.23405 123561621140 1
problem18 0.18868 133381422912 1
problem19 2.34049 114200742585 1
problem20 1.1838 131570048185 1
problem21 5.35581 134485920214 1
problem22 6.48177 129332888330 1
problem23 0.32564 136485826347 1
problem24 0.583222 135292357235 1
problem25 0.045838 130351621112 1
problem26 0.36549 132561023284 1
problem27 4.25899 128082825085 1
problem28 0.437026 120872905613 1
problem29 0.028869 120183318266 1
problem30 7.44631 118233805758 1
problem31 3.49983 128642891183 1
problem32 2.81894 139736373767 1
problem33 0.538535 127969105116 1
problem34 0.121838 126094742696 1
problem35 0.163028 127060454337 1
problem36 0.304701 123444285409 1
problem37 0.711285 115879776158 1
problem38 0.084662 129215364594 1
problem39 0.497604 134331558835 1
problem40 1.29847 118726633243 1
problem41 0.465051 131411433792 1
problem42 0.124296 124850796956 1
problem43 0.725536 126353125253 1
problem44 0.016364 126829156789 1
problem45 10.4371 114233725890 1
problem46 1.78148 130275471782 1
problem47 0.2922 124326840631 1
problem48 1.41033 118843130287 1
problem49 0.688576 129428930852 1
problem50 2.667 141748809744 1
problem51 0.482359 132286180041 1
problem52 0.099806 125985265929 1
problem53 1.8927 124675441510 1
problem54 0.03752 118518800090 1
problem55 1.98087 138206979643 1
problem56 0.34986 127164807619 1
problem57 0.632615 125163494536 1
problem58 0.247494 119806527492 1
problem59 1.58998 124779589005 1
problem60 0.062491 127800401373 1
problem61 3.02564 115194293898 1
problem62 0.450822 125177369998 1
problem63 3.54028 125578072767 1
problem64 2.76467 131822722903 1
problem65 3.76714 128334609260 1
problem66 2.80365 124729676152 1
problem67 0.086195 114864441297 1
problem68 0.542596 122726316081 1
problem69 5.70289 131159188782 1
problem70 3.59524 141576889794 1
problem71 1.82909 120024440515 1
problem72 0.000535 119605101163 1
problem73 4.8248 129037528528 1
problem74 0.15624 129882578028 1
problem75 3.6689 126903290261 1
problem76 0.339509 130903488517 1
problem77 2.52104 129463203666 1
problem78 0.173835 137847545718 1
problem79 1.77346 116572035655 1
problem80 0.517181 130873357055 1
problem81 0.697759 126168073140 1
problem82 1.11359 125931452640 1
problem83 1.05041 116251771609 1
problem84 0.125981 125208227161 1
problem85 1.04065 122845394166 1
problem86 10.1451 122839634602 1
problem87 0.998612 133701227851 1
problem88 1.16612 116238532883 1
problem89 0.897998 128869666072 1
problem90 1.7519 121368704724 1
problem91 4.31594 125156688797 1
problem92 6.92986 144754731053 1
problem93 2.03022 123288661530 1
problem94 0.543666 120689987422 1
problem95 3.70165 131343966159 1
problem96 2.61335 140458998951 1
problem97 0.040521 131002604028 1
problem98 0.052693 128407479880 1
problem99 1.80787 116397333473 1
