problem0 276.29 652689974306702 1 19056.00
problem1 287.14 514229914750062 1 33624.00
problem2 146.81 650353011068238 1 33624.00
problem3 104.16 699358581123630 1 33624.00
problem4 162.46 649538372330254 1 33624.00
problem5 273.18 604019820885998 1 33624.00
problem6 147.60 669002647677134 1 33624.00
problem7 340.21 522526123029934 1 33624.00
problem8 176.27 673914774052494 1 33624.00
problem9 142.51 676347448648558 1 33624.00
problem10 354.18 575399695483982 1 33624.00
problem11 170.83 625106932154670 1 33624.00
problem12 129.69 661571617233422 1 33624.00
problem13 318.81 496649851178734 1 33624.00
problem14 138.62 608479273197518 1 33624.00
problem15 242.07 583719353928878 1 33624.00
problem16 332.77 567410182886798 1 19392.00
problem17 276.93 657439222921838 1 31744.00
problem18 399.22 629796782144334 1 31744.00
problem19 366.40 629278930704430 1 31744.00
problem20 312.18 618059032023310 1 31744.00
problem21 169.66 657146848257518 1 31744.00
problem22 318.78 637790110422734 1 31744.00
problem23 324.54 656029187482542 1 31744.00
problem24 271.12 627668535528590 1 31744.00
problem25 602.96 580967142723950 1 31744.00
problem26 220.83 609140720857678 1 31744.00
problem27 203.90 686325812817710 1 31744.00
problem28 79.55 699090055038990 1 31744.00
problem29 335.25 666241322401006 1 31744.00
problem30 452.05 599619483110862 1 31744.00
problem31 186.13 697704095611566 1 31744.00
problem32 299.12 601243123975054 1 31744.00
problem33 401.04 652336794249326 1 31744.00
problem34 537.86 559059482569038 1 31744.00
problem35 117.50 744615478150702 1 31744.00
problem36 343.16 655012581883662 1 31744.00
problem37 216.44 621464313713646 1 31744.00
problem38 315.23 652104178009294 1 31744.00
problem39 153.23 618369225478574 1 31744.00
problem40 412.10 644422825294478 1 31744.00
problem41 85.34 691605002927982 1 31744.00
problem42 561.51 642171652399182 1 31744.00
problem43 109.70 734129071365422 1 31744.00
problem44 228.54 623370104862222 1 31744.00
problem45 137.17 722631508454126 1 31744.00
problem46 393.15 625619142605774 1 31744.00
problem47 77.66 726527631993006 1 31744.00
problem48 579.74 644833427288462 1 31744.00
problem49 363.64 580981065930350 1 31744.00
problem50 167.48 618017429706574 1 31744.00
problem51 134.93 644526307701806 1 31744.00
problem52 292.91 608832713043214 1 31744.00
problem53 157.26 751774239097326 1 31744.00
problem54 163.47 646200578077390 1 31744.00
problem55 245.28 646541324451758 1 31744.00
problem56 204.66 563385744730254 1 31744.00
problem57 74.33 677143612583278 1 31744.00
problem58 111.48 712772325658190 1 31744.00
problem59 407.26 568026426460974 1 31744.00
problem60 362.02 614038975964174 1 31744.00
problem61 389.69 591009461016814 1 31744.00
problem62 330.64 597884753308110 1 31744.00
problem63 247.02 628149615220398 1 31744.00
problem64 40.95 688262805381006 1 31744.00
problem65 103.59 710629464966254 1 31744.00
problem66 84.20 676965698225486 1 31744.00
problem67 165.51 654328214266414 1 31744.00
problem68 108.11 612108152937230 1 31744.00
problem69 214.05 722817543122926 1 31744.00
problem70 87.26 622985795526862 1 31744.00
problem71 73.15 674556398906798 1 31744.00
problem72 282.35 587085268719246 1 31744.00
problem73 206.40 620362963393390 1 31744.00
problem74 188.65 637602263710798 1 31744.00
problem75 146.21 678501935348014 1 31744.00
problem76 275.40 589521146532366 1 31744.00
problem77 77.44 654442105259758 1 31744.00
problem78 342.32 602026690369486 1 31744.00
problem79 275.46 585311105844398 1 19196.00
problem80 188.72 627536007155086 1 32224.00
problem81 191.13 649313478029934 1 32224.00
problem82 325.24 578093096809294 1 32224.00
problem83 233.05 558859308224558 1 32224.00
problem84 332.18 606593642105102 1 32224.00
problem85 97.37 702397390085614 1 32224.00
problem86 249.35 601240514383566 1 32224.00
problem87 156.19 579731795041198 1 32224.00
problem88 494.99 507313059693710 1 32224.00
problem89 255.94 630912362465646 1 32224.00
problem90 197.77 609835002669646 1 32224.00
problem91 192.88 646125063808814 1 32224.00
problem92 155.30 664435200835598 1 32224.00
problem93 141.10 698343077180654 1 32224.00
problem94 69.39 669160783889870 1 32224.00
problem95 142.67 688875224019630 1 32224.00
problem96 126.90 616424538749838 1 32224.00
problem97 275.11 612476046663790 1 32224.00
problem98 327.23 663247749488974 1 32224.00
problem99 66.20 693194550181422 1 32224.00
