problem0 0 292664 1 0.00
problem1 0.00 305558 1 0.00
problem2 0.00 300804 1 0.00
problem3 0.00 292610 1 0.00
problem4 0.00 279824 1 0.00
problem5 0.00 303278 1 0.00
problem6 0.00 290140 1 0.00
problem7 0.00 291482 1 0.00
problem8 0.00 277480 1 0.00
problem9 0.00 276678 1 0.00
problem10 0.00 269492 1 0.00
problem11 0.00 294706 1 0.00
problem12 0.00 302016 1 0.00
problem13 0.00 274910 1 0.00
problem14 0.00 304396 1 0.00
problem15 0.00 294090 1 0.00
problem16 0.00 279704 1 0.00
problem17 0.00 265206 1 0.00
problem18 0.00 280164 1 0.00
problem19 0.00 306018 1 0.00
problem20 0.00 300656 1 0.00
problem21 0.00 296718 1 0.00
problem22 0.00 270524 1 0.00
problem23 0.00 289530 1 0.00
problem24 0.00 274760 1 0.00
problem25 0.00 279334 1 0.00
problem26 0.00 283668 1 0.00
problem27 0.00 277394 1 0.00
problem28 0.00 251168 1 0.00
problem29 0.00 270398 1 0.00
problem30 0.00 286828 1 0.00
problem31 0.00 245034 1 0.00
problem32 0.00 279032 1 0.00
problem33 0.00 253526 1 0.00
problem34 0.00 312772 1 0.00
problem35 0.00 290754 1 0.00
problem36 0.00 276432 1 0.00
problem37 0.00 310638 1 0.00
problem38 0.00 295964 1 0.00
problem39 0.00 308058 1 0.00
problem40 0.00 292520 1 0.00
problem41 0.00 302470 1 0.00
problem42 0.00 310132 1 0.00
problem43 0.00 313330 1 0.00
problem44 0.00 261760 1 0.00
problem45 0.00 278174 1 0.00
problem46 0.00 338892 1 0.00
problem47 0.00 273802 1 0.00
problem48 0.00 298840 1 0.00
problem49 0.00 286902 1 0.00
problem50 0.00 275748 1 0.00
problem51 0.00 287778 1 0.00
problem52 0.00 313648 1 0.00
problem53 0.00 304078 1 0.00
problem54 0.00 325500 1 0.00
problem55 0.00 297914 1 0.00
problem56 0.00 289800 1 0.00
problem57 0.00 255974 1 0.00
problem58 0.00 275156 1 0.00
problem59 0.00 287826 1 0.00
problem60 0.00 301024 1 0.00
problem61 0.00 265470 1 0.00
problem62 0.00 280364 1 0.00
problem63 0.00 298474 1 0.00
problem64 0.00 273592 1 0.00
problem65 0.00 340758 1 0.00
problem66 0.00 275588 1 0.00
problem67 0.00 321666 1 0.00
problem68 0.00 330384 1 0.00
problem69 0.00 301614 1 0.00
problem70 0.00 269020 1 0.00
problem71 0.00 250906 1 0.00
problem72 0.00 307560 1 0.00
problem73 0.00 295494 1 0.00
problem74 0.00 285236 1 0.00
problem75 0.00 307378 1 0.00
problem76 0.00 254272 1 0.00
problem77 0.00 306014 1 0.00
problem78 0.00 307852 1 0.00
problem79 0.00 286282 1 0.00
problem80 0.00 293400 1 0.00
problem81 0.00 259446 1 0.00
problem82 0.00 304100 1 0.00
problem83 0.00 244962 1 0.00
problem84 0.00 302064 1 0.00
problem85 0.00 286862 1 0.00
problem86 0.00 290364 1 0.00
problem87 0.00 289914 1 0.00
problem88 0.00 296648 1 0.00
problem89 0.00 298150 1 0.00
problem90 0.00 283028 1 0.00
problem91 0.00 281874 1 0.00
problem92 0.00 285344 1 0.00
problem93 0.00 293310 1 0.00
problem94 0.00 257516 1 0.00
problem95 0.00 302762 1 0.00
problem96 0.00 259960 1 0.00
problem97 0.00 280534 1 0.00
problem98 0.00 287556 1 0.00
problem99 0.00 278850 1 0.00
