problem0 1.44 213509 2678 1 1.41 39436.00
problem1 7.69 200679 8547 3 3.56 45164.00
problem2 9.8 189895 26295 3 6.96 126968.00
problem3 1.98 189349 5952 1 1.83 57852.00
problem4 2.18 174469 11536 1 2.11 50364.00
problem5 1.58 202597 2302 1 1.56 50572.00
problem6 1.77 200005 5039 1 1.72 50572.00
problem7 1.65 207653 1901 1 1.63 50052.00
problem8 1.49 192773 2285 1 1.47 50568.00
problem9 1.8 196325 4297 1 1.76 48020.00
problem10 2.12 169157 8924 1 2.07 62064.00
problem11 2 184997 7912 1 1.97 62364.00
problem12 1.72 211077 4318 1 1.69 37984.00
problem13 1.67 214629 4506 1 1.62 46476.00
problem14 2.07 187461 9941 1 2.02 56716.00
problem15 10.12 162342 30012 2 7.3 198216.00
problem16 2 196613 4599 1 1.91 54460.00
problem17 2.42 200165 9706 1 2.38 68568.00
problem18 2.5 181189 11892 1 2.44 69004.00
problem19 2.23 188837 6020 1 2.17 79244.00
problem20 2.05 206725 5906 1 2.02 47584.00
problem21 2.04 202085 4120 1 2 47788.00
problem22 2.51 199493 15094 1 2.46 66956.00
problem23 1.71 207141 2286 1 1.68 66956.00
problem24 9.23 167686 34080 2 7.38 94604.00
problem25 1.85 204005 2541 1 1.8 55000.00
problem26 2.25 217797 3849 1 2.22 71052.00
problem27 2.45 192677 5671 1 2.41 89440.00
problem28 2.64 185989 13062 1 2.62 89440.00
problem29 2.17 197733 4263 1 2.11 90840.00
problem30 2.22 178757 9318 1 2.18 46188.00
problem31 2.21 202789 6119 1 2.16 69004.00
problem32 2.42 187909 15137 1 2.36 69004.00
problem33 2.17 207845 3725 1 2.14 76504.00
problem34 2.12 197061 3245 1 2.1 77196.00
problem35 1.92 212901 2790 1 1.87 77196.00
problem36 1.85 214405 1450 1 1.83 53196.00
problem37 2.07 226149 5219 1 2.03 48316.00
problem38 2.15 198981 7337 1 2.09 48524.00
problem39 2.41 157477 18606 1 2.32 57556.00
problem40 1.89 208133 2943 1 1.85 50784.00
problem41 1.87 203493 4363 1 1.8 56624.00
problem42 1.87 217285 2026 1 1.85 58008.00
problem43 1.7 208549 2397 1 1.67 58968.00
problem44 2.52 185477 10683 1 2.46 66532.00
problem45 2.38 172645 11707 1 2.31 66956.00
problem46 2.35 186437 7797 1 2.32 66956.00
problem47 1.75 210469 1406 1 1.73 66956.00
problem48 2.1 211973 5047 1 2.06 66956.00
problem49 2.3 207333 6528 1 2.25 58136.00
problem50 2.16 212933 5647 1 2.12 59788.00
problem51 2.41 187813 6254 1 2.38 60584.00
problem52 2.47 205701 9368 1 2.36 54268.00
problem53 2.16 184677 3906 1 2.14 60200.00
problem54 2.62 190277 12280 1 2.57 68968.00
problem55 2.47 189733 7999 1 2.41 52988.00
problem56 2.27 207621 7242 1 2.22 66956.00
problem57 2.79 170213 21842 1 2.7 56504.00
problem58 2.44 184005 4875 1 2.42 99676.00
problem59 2.37 199845 9268 1 2.31 99680.00
problem60 2.47 176773 11038 1 2.41 79244.00
problem61 2.28 180325 6830 1 2.23 79244.00
problem62 2.01 194117 3326 1 1.99 60588.00
problem63 2.11 201765 6525 1 2.04 52008.00
problem64 2.22 195077 5521 1 2.19 54856.00
problem65 2.02 198629 5738 1 1.97 52304.00
problem66 2.17 196037 2243 1 2.15 77068.00
problem67 2.63 187301 9533 1 2.6 84692.00
problem68 2.04 196997 3622 1 2 85104.00
problem69 2.61 184165 13190 1 2.54 55900.00
problem70 2.22 206149 7210 1 2.17 62860.00
problem71 2.16 189221 4381 1 2.15 63108.00
problem72 1.7 223493 1617 1 1.67 49456.00
problem73 2.62 186085 23971 1 2.54 51336.00
problem74 2.18 199877 5577 1 2.12 75168.00
problem75 2.12 199333 7238 1 2.1 77076.00
problem76 2.43 200837 5976 1 2.38 99724.00
problem77 2.42 188005 9562 1 2.36 99724.00
problem78 2.78 185413 13354 1 2.7 114016.00
problem79 2.62 184869 11935 1 2.58 114016.00
problem80 2.31 186373 7607 1 2.27 52296.00
problem81 2.55 206309 10265 1 2.5 62108.00
problem82 1.65 236485 2289 1 1.62 62436.00
problem83 1.98 211365 3529 1 1.94 68076.00
problem84 2 196485 4052 1 1.95 50364.00
problem85 2.23 191845 7840 1 2.15 51676.00
problem86 2.13 197445 5876 1 2.06 62892.00
problem87 2 196901 6173 1 1.92 64360.00
problem88 1.76 222981 1719 1 1.73 52448.00
problem89 2.26 193765 7668 1 2.22 54584.00
problem90 2.36 174789 7697 1 2.32 69132.00
problem91 2 182437 4094 1 1.96 40776.00
problem92 1.88 208517 2849 1 1.85 52368.00
problem93 2.08 187493 4603 1 2.06 61904.00
problem94 2.25 168517 8099 1 2.21 52412.00
problem95 2.84 167973 18734 1 2.76 99068.00
problem96 2.05 177669 5320 1 2.01 99068.00
problem97 2.4 189413 9177 1 2.34 49560.00
problem98 1.95 211397 2771 1 1.92 62860.00
problem99 1.79 219045 3056 1 1.76 62860.00
