problem0 2464.02 6313969877323193 1
problem1 1302.27 7333877284807158 1
problem2 490.38 6458833246897658 1
problem3 277.34 6727994619234843 1
problem4 47.92 6707669935463699 1
problem5 1289.59 6563341122967928 1
problem6 853.03 6390199463598404 1
problem7 210.64 6577481142314829 1
problem8 185.74 6774488664770253 1
problem9 3092.55 7504741315094746 1
problem10 707.29 7025111789373422 1
problem11 706.33 7305048524751199 1
problem12 3125.65 6361574505587943 1
problem13 16241.4 6665593509499420 1
problem14 685.9 7110829919837176 1
problem15 266.62 7040235175397969 1
problem16 69.64 7457116868456801 1
problem17 61.99 6126764172539710 1
problem18 742.6 7501417562357602 1
problem19 12081.5 7040180490671139 1
problem20 375.14 7005514846848571 1
