problem0 16.09 176585873653071 1
problem1 19.3 173753972935492 1
problem2 44.46 174944685254384 1
problem3 0.69 208023778784937 1
problem4 3.87 200453243721769 1
problem5 52.19 180103497774598 1
problem6 61.8 191266136281914 1
problem7 32.63 184578429527195 1
problem8 19.48 210142634684515 1
problem9 21.04 190155831446440 1
problem10 239.85 203910835776996 1
problem11 7.95 206374353973869 1
problem12 75.6 194142619041789 1
problem13 139.22 211144039689770 1
problem14 7.47 185699952845038 1
problem15 42.1 176768239251999 1
problem16 67.61 191185451950327 1
problem17 23.6 209541130772364 1
problem18 2.74 210581894805080 1
problem19 74.84 175426048595377 1
problem20 157.18 187736789994833 1
problem21 122.06 191459830137294 1
problem22 5.5 200599921580066 1
problem23 95.57 185918632963875 1
problem24 17.11 195696220970763 1
problem25 226.44 218187458369264 1
problem26 15.23 200142868533324 1
problem27 17 185151356711029 1
problem28 179.62 181023025106981 1
problem29 15.41 207810380316914 1
problem30 2.93 196880666659030 1
problem31 138.22 187300857129895 1
problem32 189.69 194287363750559 1
problem33 19.06 187026639651284 1
problem34 0.65 199390166567872 1
problem35 142.84 205681687761593 1
problem36 9.21 207597763205241 1
problem37 1.09 206778565835670 1
problem38 64.37 202178871640842 1
problem39 2.05 190127921477547 1
problem40 22.33 203367250265011 1
problem41 30.25 213893085950008 1
problem42 63.22 176291952162996 1
problem43 223.68 219532651613309 1
problem44 39.84 192751468164685 1
problem45 124.03 203846451200442 1
problem46 76.51 189699151681214 1
problem47 96.4 182624521610031 1
problem48 10.51 189447408552519 1
problem49 133.85 181339425714716 1
problem50 0.16 197610342393640 1
problem51 9.56 157230891593153 1
problem52 62.79 183479516510625 1
problem53 15.68 201485872046942 1
problem54 47.97 196575622108146 1
problem55 160.96 184982110912051 1
problem56 64.74 172190085406299 1
problem57 120.67 199512967403392 1
problem58 7.02 198125823436572 1
problem59 215.53 194488982800005 1
problem60 78.17 183662512861813 1
problem61 171.03 203880278601858 1
problem62 12.1 189086349740710 1
problem63 57.56 205556814993591 1
problem64 18.98 183857199402991 1
problem65 175.25 193041824837732 1
problem66 10.42 191169958168720 1
problem67 53.86 218306171905737 1
problem68 29.43 187967628619977 1
problem69 227.99 186891811961126 1
problem70 6.84 191821864487642 1
problem71 378.79 203393698742971 1
problem72 29.63 203929416904451 1
problem73 33.31 184823375531208 1
problem74 17.04 193676315220868 1
problem75 17.85 169746969779853 1
problem76 53.47 187099690222749 1
problem77 93.28 197309982985546 1
problem78 26.18 197765644346510 1
problem79 63.65 225994154773567 1
problem80 31.79 182578840390551 1
problem81 264.37 182945795488940 1
problem82 62.95 186106935128056 1
problem83 351.39 180451658022353 1
problem84 8.73 191221455453681 1
problem85 138.18 191231419612398 1
problem86 0.53 210086617638850 1
problem87 248.78 187418301318467 1
problem88 0.29 195622859535787 1
problem89 3.74 192018556227600 1
problem90 0.21 190529454478828 1
problem91 274.72 174060308190357 1
problem92 1.75 214321228524741 1
problem93 180.56 192151476754450 1
problem94 4.37 184114880455798 1
problem95 63.25 203032187338183 1
problem96 155.19 205551520742719 1
problem97 34.9 163064354150132 1
problem98 6.08 189892511915360 1
problem99 63.74 202284380336857 1
