problem0 0 24806311 1 2228.00
problem1 0.00 25665161 1 2284.00
problem2 0.00 27776020 1 2284.00
problem3 0.00 37660386 1 2284.00
problem4 0.00 30573097 1 2284.00
problem5 0.00 26192707 1 2284.00
problem6 0.00 29859110 1 2284.00
problem7 0.00 27289068 1 2284.00
problem8 0.00 34356811 1 2284.00
problem9 0.00 36156189 1 2284.00
problem10 0.00 30300376 1 2284.00
problem11 0.00 34939158 1 2284.00
problem12 0.00 33557005 1 2284.00
problem13 0.00 29949975 1 2284.00
problem14 0.00 28404010 1 2284.00
problem15 0.00 29422176 1 2284.00
problem16 0.00 24958831 1 2284.00
problem17 0.00 29162545 1 2284.00
problem18 0.00 28954652 1 2284.00
problem19 0.00 29430730 1 2284.00
problem20 0.00 27932785 1 2284.00
problem21 0.00 32977259 1 2284.00
problem22 0.00 26619822 1 2284.00
problem23 0.00 32890708 1 2284.00
problem24 0.00 32136979 1 2284.00
problem25 0.00 30362053 1 2284.00
problem26 0.00 28101088 1 2284.00
problem27 0.01 30199550 1 2284.00
problem28 0.00 29105493 1 2284.00
problem29 0.00 31133503 1 2284.00
problem30 0.00 26050738 1 2284.00
problem31 0.00 34241736 1 2284.00
problem32 0.00 31253815 1 2284.00
problem33 0.00 32009177 1 2284.00
problem34 0.00 23320100 1 2284.00
problem35 0.00 32809650 1 2284.00
problem36 0.00 36358329 1 2284.00
problem37 0.00 30894483 1 2284.00
problem38 0.00 36236342 1 2284.00
problem39 0.00 31201980 1 2284.00
problem40 0.00 31881691 1 2284.00
problem41 0.00 30683757 1 2284.00
problem42 0.00 30770408 1 2284.00
problem43 0.00 25616102 1 2284.00
problem44 0.00 32852637 1 2284.00
problem45 0.00 28381287 1 2284.00
problem46 0.00 26477114 1 2284.00
problem47 0.00 28969264 1 2284.00
problem48 0.00 33762559 1 2284.00
problem49 0.00 29388161 1 2284.00
problem50 0.00 30565932 1 2284.00
problem51 0.00 27513754 1 2284.00
problem52 0.00 33862401 1 2284.00
problem53 0.00 30331835 1 2284.00
problem54 0.00 30692030 1 2284.00
problem55 0.00 31823908 1 2284.00
problem56 0.00 28905123 1 2284.00
problem57 0.00 29158677 1 2284.00
problem58 0.00 31787504 1 2284.00
problem59 0.01 31314126 1 2284.00
problem60 0.00 32248293 1 2284.00
problem61 0.00 26837903 1 2284.00
problem62 0.00 34172354 1 2284.00
problem63 0.00 32642968 1 2284.00
problem64 0.00 24653511 1 2284.00
problem65 0.00 29065513 1 2284.00
problem66 0.00 26345524 1 2284.00
problem67 0.00 37299842 1 2284.00
problem68 0.00 38303561 1 2284.00
problem69 0.00 24899555 1 2284.00
problem70 0.00 34399046 1 2284.00
problem71 0.00 29677452 1 2284.00
problem72 0.00 29007211 1 2284.00
problem73 0.00 24115645 1 2284.00
problem74 0.00 28825848 1 2284.00
problem75 0.00 28058806 1 2284.00
problem76 0.00 31519533 1 2284.00
problem77 0.00 33745079 1 2284.00
problem78 0.00 28459850 1 2284.00
problem79 0.00 32843776 1 2284.00
problem80 0.00 31746703 1 2284.00
problem81 0.00 34612945 1 2284.00
problem82 0.00 28255292 1 2284.00
problem83 0.00 31398762 1 2284.00
problem84 0.01 27694481 1 2284.00
problem85 0.00 31276555 1 2284.00
problem86 0.00 34020814 1 2284.00
problem87 0.00 32266484 1 2284.00
problem88 0.00 25404979 1 2284.00
problem89 0.00 28563557 1 2284.00
problem90 0.00 32141824 1 2284.00
problem91 0.00 28072606 1 2284.00
problem92 0.00 32796277 1 2284.00
problem93 0.00 31178719 1 2284.00
problem94 0.00 26411730 1 2284.00
problem95 0.00 27638376 1 2284.00
problem96 0.00 34627671 1 2284.00
problem97 0.00 30727801 1 2284.00
problem98 0.00 32920132 1 2284.00
problem99 0.00 27275858 1 2284.00
