problem0 0 2527629178 1 2252.00
problem1 0.00 2342975171 1 2308.00
problem2 0.00 2051315067 1 2308.00
problem3 0.01 2279766008 1 2308.00
problem4 0.00 2406691956 1 2308.00
problem5 0.00 1856015493 1 2308.00
problem6 0.01 2581224613 1 2308.00
problem7 0.00 2384245162 1 2308.00
problem8 0.00 2425535566 1 2308.00
problem9 0.01 2064497319 1 2308.00
problem10 0.00 1908395951 1 2308.00
problem11 0.00 2337349820 1 2308.00
problem12 0.01 2247586056 1 2308.00
problem13 0.00 2634797865 1 2308.00
problem14 0.01 2289887385 1 2308.00
problem15 0.00 2148828974 1 2308.00
problem16 0.00 2100526242 1 2308.00
problem17 0.00 2363197451 1 2308.00
problem18 0.01 2584510819 1 2308.00
problem19 0.00 1986266880 1 2308.00
problem20 0.00 2140465436 1 2308.00
problem21 0.01 2353195853 1 2308.00
problem22 0.00 2468762637 1 2308.00
problem23 0.00 2247565874 1 2308.00
problem24 0.00 1830789238 1 2308.00
problem25 0.01 2588897007 1 2308.00
problem26 0.00 2255026839 1 2308.00
problem27 0.01 2884745924 1 2308.00
problem28 0.00 2322033840 1 2308.00
problem29 0.00 2541217009 1 2308.00
problem30 0.01 1969483521 1 2308.00
problem31 0.00 2549486262 1 2308.00
problem32 0.00 2202662858 1 2308.00
problem33 0.01 2216591187 1 2308.00
problem34 0.00 2273413963 1 2308.00
problem35 0.00 2425801736 1 2308.00
problem36 0.00 2491993028 1 2308.00
problem37 0.01 2607992853 1 2308.00
problem38 0.00 2429618549 1 2308.00
problem39 0.00 2301159610 1 2308.00
problem40 0.01 2386776734 1 2308.00
problem41 0.00 2360592695 1 2308.00
problem42 0.00 2595259263 1 2308.00
problem43 0.00 2331364044 1 2308.00
problem44 0.01 2035340888 1 2308.00
problem45 0.00 2094120121 1 2308.00
problem46 0.00 2690052969 1 2308.00
problem47 0.01 2748134462 1 2308.00
problem48 0.01 2709160178 1 2308.00
problem49 0.00 2322619547 1 2308.00
problem50 0.00 2570990387 1 2308.00
problem51 0.00 2079803152 1 2308.00
problem52 0.01 1855282284 1 2308.00
problem53 0.00 2252913373 1 2308.00
problem54 0.00 2339175645 1 2308.00
problem55 0.01 2105967938 1 2308.00
problem56 0.00 2658947782 1 2308.00
problem57 0.00 2313898367 1 2308.00
problem58 0.00 2543905383 1 2308.00
problem59 0.01 2399785172 1 2308.00
problem60 0.00 2582261248 1 2308.00
problem61 0.00 2531383937 1 2308.00
problem62 0.01 2304275921 1 2308.00
problem63 0.00 1939762118 1 2308.00
problem64 0.00 2654181402 1 2308.00
problem65 0.01 2284953571 1 2308.00
problem66 0.00 2361194779 1 2308.00
problem67 0.00 2455894040 1 2308.00
problem68 0.00 2514557716 1 2308.00
problem69 0.00 2554145701 1 2308.00
problem70 0.01 2221715013 1 2308.00
problem71 0.00 2135193546 1 2308.00
problem72 0.00 2586386670 1 2308.00
problem73 0.00 2366009287 1 2308.00
problem74 0.01 2435100495 1 2308.00
problem75 0.00 1866091740 1 2308.00
problem76 0.00 2403988392 1 2308.00
problem77 0.01 2094054985 1 2308.00
problem78 0.00 2236282425 1 2308.00
problem79 0.01 2446211406 1 2308.00
problem80 0.00 2512633154 1 2308.00
problem81 0.00 2502084907 1 2308.00
problem82 0.00 2522373379 1 2308.00
problem83 0.01 2450743072 1 2308.00
problem84 0.00 2322761660 1 2308.00
problem85 0.00 2519245421 1 2308.00
problem86 0.00 1981980077 1 2308.00
problem87 0.01 2297905234 1 2308.00
problem88 0.00 1736981782 1 2308.00
problem89 0.00 2759179279 1 2308.00
problem90 0.00 2114343479 1 2308.00
problem91 0.01 2465447652 1 2308.00
problem92 0.00 2154211152 1 2308.00
problem93 0.00 2334582801 1 2308.00
problem94 0.00 1844507809 1 2308.00
problem95 0.00 2334203094 1 2308.00
problem96 0.01 2186899562 1 2308.00
problem97 0.00 2556713075 1 2308.00
problem98 0.00 2303385323 1 2308.00
problem99 0.00 2242378792 1 2308.00
