problem0 0 12790315142392 0
problem1 0 11251332902069 0
problem2 0 11214428617676 0
problem3 0 14305404935475 0
problem4 0.01 12987293204223 0
problem5 0 14650122085593 0
problem6 0 13844788993390 0
problem7 0 12062216287623 0
problem8 0 11977686646917 0
problem9 0.01 13408226983567 0
problem10 0 13066601744689 0
problem11 0 13539154168469 0
problem12 0 12190547632864 0
problem13 0.01 10813797040596 0
problem14 0 14051211652434 0
problem15 0 8788206192896 0
problem16 0 13406941851266 0
problem17 0 14406009418367 0
problem18 0 11047031874028 0
problem19 0.01 13642083594731 0
problem20 0 8613984111036 0
problem21 0 12568963530336 0
problem22 0.01 14230671392824 0
problem23 0 10569101145465 0
problem24 0 11340199342952 0
problem25 0 11210812366809 0
problem26 0.01 13204665313760 0
problem27 0 13419687175656 0
problem28 0 13777679600679 0
problem29 0 13166593304746 0
problem30 0.01 15412522956534 0
problem31 0 14373078166429 0
problem32 0 11526242378793 0
problem33 0 13955491443761 0
problem34 0 11870415110252 0
problem35 0.01 12682816716284 0
problem36 0 11413813672401 0
problem37 0 14916461891593 0
problem38 0 12655593991548 0
problem39 0.01 13434178009996 0
problem40 0 13834642219220 0
problem41 0 14170924710164 0
problem42 0 13066675176772 0
problem43 0.01 14397242315662 0
problem44 0 14155897107896 0
problem45 0 12942519380991 0
problem46 0.01 10299008522794 0
problem47 0 14795479156891 0
problem48 0 10325325677547 0
problem49 0 9879337681054 0
problem50 0 11706152680743 0
problem51 0.01 13160078357246 0
problem52 0 11102929051907 0
problem53 0 15117902850604 0
problem54 0 12768581839502 0
problem55 0 13477305335931 0
problem56 0.01 12793834750010 0
problem57 0 10691192161743 0
problem58 0 14546842018577 0
problem59 0.01 13919053925072 0
problem60 0 10720465608304 0
problem61 0 9157734532814 0
problem62 0 8999180022850 0
problem63 0 13846967947244 0
problem64 0.01 13194159619107 0
problem65 0 14079483935643 0
problem66 0 10972145270713 0
problem67 0 12563092664051 0
problem68 0 11218297189747 0
problem69 0.01 12010877820821 0
problem70 0 17324145974530 0
problem71 0 14906364469327 0
problem72 0 11650806082002 0
problem73 0.01 12037587107375 0
problem74 0 14178791811842 0
problem75 0 15010691747547 0
problem76 0 11332386158846 0
problem77 0 12198435758026 0
problem78 0.01 14003741843763 0
problem79 0 13515211262490 0
problem80 0 12988084044756 0
problem81 0 12422527269331 0
problem82 0 12093532592442 0
problem83 0.01 12955515202501 0
problem84 0 13222714831881 0
problem85 0 12532998576886 0
problem86 0 10980511174200 0
problem87 0.01 7962067159970 0
problem88 0 12963677911612 0
problem89 0 14068165271355 0
problem90 0 10799543189125 0
problem91 0.01 14611042719295 0
problem92 0 14691033076833 0
problem93 0 11079374864228 0
problem94 0 12300017706330 0
problem95 0 11645520850117 0
problem96 0.01 13398097529544 0
problem97 0 13153800916602 0
problem98 0 12817163159659 0
problem99 0 9855910474006 0
