problem0 3.69 1518445715798954 140734311461848 4 1.16637e-312 0.00
problem1 2.43 1302653531039918 140734311461848 4 1.16637e-312 0.00
problem2 4.52 1542519477389204 140734311461848 4 1.16637e-312 0.00
problem3 8.57 1700130572386638 140734311461848 4 1.16637e-312 0.00
problem4 3.3 1662030488935165 140734311461848 4 1.16637e-312 0.00
problem5 6.14 1647501920937061 140734311461848 4 1.16637e-312 0.00
problem6 10.48 1729820667795930 140736230354360 4 1.16637e-312 0.00
problem7 5.06 1439607272032504 140736230354360 4 1.16637e-312 0.00
problem8 6.52 1232949507627007 140736230354360 4 1.16637e-312 0.00
problem9 3.61 1226872519159216 140736230354360 4 1.16637e-312 0.00
problem10 7.01 1518105697558607 140736230354360 4 1.16637e-312 0.00
problem11 3.86 1364221163479044 140736230354360 4 1.16637e-312 0.00
problem12 4.98 1449269328423301 140736230354360 4 1.16637e-312 0.00
problem13 3.26 1164961286481105 140736230354360 4 1.16637e-312 0.00
problem14 7.23 1509623071936669 140736230354360 4 1.16637e-312 0.00
problem15 7.76 1595321942563692 140736230354360 4 1.16637e-312 0.00
problem16 6.47 1804839200402808 140736230354360 4 1.16637e-312 0.00
problem17 3.92 1495065274445228 140736230354360 4 1.16637e-312 0.00
problem18 3.73 1192266325304154 140736230354360 4 1.16637e-312 0.00
problem19 12.75 1491747887202820 140736230354360 4 1.16637e-312 0.00
problem20 6.15 1382840756189362 140736230354360 4 1.16637e-312 0.00
problem21 8.66 1159582800635531 140736230354360 4 1.16637e-312 0.00
problem22 4.32 1472848703807975 140736230354360 4 1.16637e-312 0.00
problem23 8.82 1807800938945572 140736230354360 4 1.16637e-312 0.00
problem24 5.21 1482887761510087 140736230354360 4 1.16637e-312 0.00
problem25 8.13 1669188125365064 140736230354360 4 1.16637e-312 0.00
problem26 7.56 1487053522554207 140736230354360 4 1.16637e-312 0.00
problem27 6.9 1597021570938241 140736230354360 4 1.16637e-312 0.00
problem28 1.78 1492726542588259 140736230354360 4 1.16637e-312 0.00
problem29 10.25 1379506731212820 140736230354360 4 1.16637e-312 0.00
problem30 8.85 1695658809075747 140736230354360 4 1.16637e-312 0.00
problem31 12.12 1402238943208177 140736230354360 4 1.16637e-312 0.00
problem32 6.12 1515335754811383 140736230354360 4 1.16637e-312 0.00
problem33 4.93 1120615262731094 140736230354360 4 1.16637e-312 0.00
problem34 4.67 1445087582651510 140736230354360 4 1.16637e-312 0.00
problem35 8.4 1472895858434769 140736230354360 4 1.16637e-312 0.00
problem36 5.29 1618326395514587 140736230354360 4 1.16637e-312 0.00
problem37 3.11 1476116287070713 140736230354360 4 1.16637e-312 0.00
problem38 2.43 1500682646209177 140736230354360 4 1.16637e-312 0.00
problem39 2.96 1389748718335581 140736230354360 4 1.16637e-312 0.00
problem40 4.52 1646291883244037 140736230354360 4 1.16637e-312 0.00
problem41 10.27 1844888736035606 140736230354360 4 1.16637e-312 0.00
problem42 12.47 1513431669225312 140736230354360 4 1.16637e-312 0.00
problem43 6.25 1566067481395797 140736230354360 4 1.16637e-312 0.00
problem44 13.53 1502283013726382 140736230354360 4 1.16637e-312 0.00
problem45 15.33 1754637638511381 140736230354360 4 1.16637e-312 0.00
problem46 4.85 1614992288765246 140736230354360 4 1.16637e-312 0.00
problem47 7.19 1371135873526195 140736230354360 4 1.16637e-312 0.00
problem48 5.18 1523107896865867 140736230354360 4 1.16637e-312 0.00
problem49 10.84 1706318928316160 140736230354360 4 1.16637e-312 0.00
problem50 5.62 1385616934642176 140736230354360 4 1.16637e-312 0.00
problem51 9.98 1475876059561576 140736230354360 4 1.16637e-312 0.00
problem52 2.85 1728732002544714 140736230354360 4 1.16637e-312 0.00
problem53 4.89 1485289905363284 140736230354360 4 1.16637e-312 0.00
problem54 14.2 1636827918058567 140736230354360 4 1.16637e-312 0.00
problem55 4.07 1507223968338524 140736230354360 4 1.16637e-312 0.00
problem56 5.24 1540803347451852 140736230354360 4 1.16637e-312 0.00
problem57 3.68 1474858880745062 140736230354360 4 1.16637e-312 0.00
problem58 4.56 1690492487638897 140736230354360 4 1.16637e-312 0.00
problem59 10.84 1361679174524507 140736230354360 4 1.16637e-312 0.00
problem60 7.48 1190027072700102 140736230354360 4 1.16637e-312 0.00
problem61 7.18 1342735232978524 140736230354360 4 1.16637e-312 0.00
problem62 7.28 1442972689607927 140736230354360 4 1.16637e-312 0.00
problem63 8.36 1299129734264337 140736230354360 4 1.16637e-312 0.00
problem64 15.94 1716165855841250 140736230354360 4 1.16637e-312 0.00
problem65 5.15 1636054544483067 140736230354360 4 1.16637e-312 0.00
problem66 7.38 1177475458329379 140736230354360 4 1.16637e-312 0.00
problem67 6.8 1286077456175349 140736230354360 4 1.16637e-312 0.00
problem68 7.83 1215039722714329 140736230354360 4 1.16637e-312 0.00
problem69 7.1 1341928620510787 140736230354360 4 1.16637e-312 0.00
problem70 12.78 1470227609188904 140736230354360 4 1.16637e-312 0.00
problem71 5.47 1370937688449776 140736230354360 4 1.16637e-312 0.00
problem72 10.86 1500100969088385 140736230354360 4 1.16637e-312 0.00
problem73 5.42 1452795206338140 140736230354360 4 1.16637e-312 0.00
problem74 7.71 1783100815940348 140736230354360 4 1.16637e-312 0.00
problem75 7.1 1496389463713653 140736230354360 4 1.16637e-312 0.00
problem76 10.07 1440859414162348 140736230354360 4 1.16637e-312 0.00
problem77 10.2 1494893194220715 140736230354360 4 1.16637e-312 0.00
problem78 12 1589511728973304 140736230354360 4 1.16637e-312 0.00
problem79 4.38 1405550366268120 140736230354360 4 1.16637e-312 0.00
problem80 5.19 1560307205957993 140736230354360 4 1.16637e-312 0.00
problem81 4.56 1404762743446839 140736230354360 4 1.16637e-312 0.00
problem82 10.34 1594146662412390 140736230354360 4 1.16637e-312 0.00
problem83 4.87 1204926711445818 140736230354360 4 1.16637e-312 0.00
problem84 6.05 1407818829767453 140736230354360 4 1.16637e-312 0.00
problem85 4.72 1529245017838288 140736230354360 4 1.16637e-312 0.00
problem86 4.26 1574987055014096 140736230354360 4 1.16637e-312 0.00
problem87 8.03 1739713250284553 140736230354360 4 1.16637e-312 0.00
problem88 7.23 1248001151597246 140736230354360 4 1.16637e-312 0.00
problem89 2.49 1405757203592537 140736230354360 4 1.16637e-312 0.00
problem90 12.39 1603033980557968 140736230354360 4 1.16637e-312 0.00
problem91 4.32 1403743691850521 140736230354360 4 1.16637e-312 0.00
problem92 3.86 1497743382108932 140736230354360 4 1.16637e-312 0.00
problem93 10.6 1451142879627866 140736230354360 4 1.16637e-312 0.00
problem94 4.11 1385533589426534 140736230354360 4 1.16637e-312 0.00
problem95 7.78 1487514928378149 140736230354360 4 1.16637e-312 0.00
problem96 8.06 1694142192546178 140736230354360 4 1.16637e-312 0.00
problem97 3.58 1460471511967327 140736230354360 4 1.16637e-312 0.00
problem98 8.94 1673351740945242 140736230354360 4 1.16637e-312 0.00
problem99 4.18 1486937829796456 140736230354360 4 1.16637e-312 0.00
