problem0 0 134919057 1
problem1 0 142291563 1
problem2 0 149605310 1
problem3 0 133404196 1
problem4 0 145746899 1
problem5 0 143942693 1
problem6 0 157271824 1
problem7 0 149525166 1
problem8 0 131287733 1
problem9 0 141945343 1
problem10 0 135097858 1
problem11 0 150115416 1
problem12 0 149979703 1
problem13 0 148057593 1
problem14 0 159777428 1
problem15 0 150099234 1
problem16 0 149742681 1
problem17 0 153795091 1
problem18 0 157443782 1
problem19 0 138456844 1
problem20 0 146367259 1
problem21 0 148912205 1
problem22 0 133438616 1
problem23 0 160668694 1
problem24 0 148148349 1
problem25 0 150368935 1
problem26 0 152520202 1
problem27 0 143210048 1
problem28 0 120364671 1
problem29 0 157897505 1
problem30 0 140813596 1
problem31 0 122795914 1
problem32 0 144793377 1
problem33 0 145220539 1
problem34 0 155425742 1
problem35 0 150567412 1
problem36 0 145114211 1
problem37 0 158223989 1
problem38 0 148646944 1
problem39 0 143849342 1
problem40 0 142893125 1
problem41 0 138403151 1
problem42 0 141096978 1
problem43 0 138463784 1
problem44 0 142369991 1
problem45 0 146864713 1
problem46 0 145310116 1
problem47 0 136293362 1
problem48 0 138978281 1
problem49 0 154218339 1
problem50 0 141748950 1
problem51 0 147879644 1
problem52 0 134156203 1
problem53 0 134555293 1
problem54 0 153384360 1
problem55 0 140649702 1
problem56 0 160643597 1
problem57 0 140552695 1
problem58 0 158794778 1
problem59 0 152817680 1
problem60 0 142103823 1
problem61 0 141599601 1
problem62 0 137386028 1
problem63 0 140948058 1
problem64 0 136524465 1
problem65 0 149232907 1
problem66 0 141874142 1
problem67 0 156771780 1
problem68 0 170673395 1
problem69 0 164315333 1
problem70 0 150567216 1
problem71 0 148612174 1
problem72 0 147955157 1
problem73 0 138893471 1
problem74 0 131459618 1
problem75 0 142395384 1
problem76 0 152629079 1
problem77 0 137285273 1
problem78 0 146172084 1
problem79 0 147933890 1
problem80 0 147950457 1
problem81 0 142748851 1
problem82 0 141416166 1
problem83 0 138610348 1
problem84 0 121005115 1
problem85 0 155655405 1
problem86 0 153597624 1
problem87 0 158987702 1
problem88 0 145755037 1
problem89 0 146958663 1
problem90 0 146418218 1
problem91 0 149303776 1
problem92 0 150385567 1
problem93 0 156367809 1
problem94 0 148370236 1
problem95 0 136967466 1
problem96 0 143928897 1
problem97 0 149347931 1
problem98 0 136475630 1
problem99 0 149133716 1
