problem0 0 181283617673 0 2204.00
problem1 0.00 217769584639 0 2260.00
problem2 0.00 197786305191 0 2260.00
problem3 0.00 155771782022 0 2260.00
problem4 0.00 188006865708 0 2260.00
problem5 0.00 201130468268 0 2260.00
problem6 0.00 150778660550 0 2260.00
problem7 0.00 189317349040 0 2260.00
problem8 0.00 182437598979 0 2260.00
problem9 0.00 156780404754 0 2260.00
problem10 0.00 137635357184 0 2260.00
problem11 0.00 195837818993 0 2260.00
problem12 0.00 172237517768 0 2260.00
problem13 0.00 169446867594 0 2260.00
problem14 0.00 158246948948 0 2260.00
problem15 0.00 162026699703 0 2260.00
problem16 0.00 204152744081 0 2260.00
problem17 0.00 154499021382 0 2260.00
problem18 0.00 167566456194 0 2260.00
problem19 0.00 177681996971 0 2260.00
problem20 0.00 187380574789 0 2260.00
problem21 0.00 205303569959 0 2260.00
problem22 0.00 173856505527 0 2260.00
problem23 0.00 198945773947 0 2260.00
problem24 0.00 180796069024 0 2260.00
problem25 0.00 167487762957 0 2260.00
problem26 0.00 182318030493 0 2260.00
problem27 0.00 172321761000 0 2260.00
problem28 0.00 181962547306 0 2260.00
problem29 0.00 158090350282 0 2260.00
problem30 0.00 121538540846 0 2260.00
problem31 0.00 175871741278 0 2260.00
problem32 0.00 208197786119 0 2260.00
problem33 0.00 174186593492 0 2260.00
problem34 0.00 182258258961 0 2260.00
problem35 0.00 182456778613 0 2260.00
problem36 0.00 205844167060 0 2260.00
problem37 0.00 199722250809 0 2260.00
problem38 0.00 142522598590 0 2260.00
problem39 0.00 166573038328 0 2260.00
problem40 0.00 148515215521 0 2260.00
problem41 0.00 140554191251 0 2260.00
problem42 0.00 204664910939 0 2260.00
problem43 0.00 159650499734 0 2260.00
problem44 0.00 186882789826 0 2260.00
problem45 0.00 171804616055 0 2260.00
problem46 0.00 183019826613 0 2260.00
problem47 0.00 185090889595 0 2260.00
problem48 0.00 179988525676 0 2260.00
problem49 0.00 174684815117 0 2260.00
problem50 0.00 186286800358 0 2260.00
problem51 0.00 176127677879 0 2260.00
problem52 0.00 222988735810 0 2260.00
problem53 0.00 118208939837 0 2260.00
problem54 0.00 183201512223 0 2260.00
problem55 0.00 168560318702 0 2260.00
problem56 0.00 178465260230 0 2260.00
problem57 0.00 183211986420 0 2260.00
problem58 0.00 135142672050 0 2260.00
problem59 0.00 167076473611 0 2260.00
problem60 0.00 152630132457 0 2260.00
problem61 0.00 181992876217 0 2260.00
problem62 0.00 128739062177 0 2260.00
problem63 0.00 149007727588 0 2260.00
problem64 0.00 181256730681 0 2260.00
problem65 0.00 146186907337 0 2260.00
problem66 0.00 164879910853 0 2260.00
problem67 0.00 171167934100 0 2260.00
problem68 0.00 156127421249 0 2260.00
problem69 0.00 158725755347 0 2260.00
problem70 0.00 136702818582 0 2260.00
problem71 0.00 167452519768 0 2260.00
problem72 0.00 146620225180 0 2260.00
problem73 0.00 185796902026 0 2260.00
problem74 0.00 151178952678 0 2260.00
problem75 0.00 158755373272 0 2260.00
problem76 0.00 154358238723 0 2260.00
problem77 0.00 149321092821 0 2260.00
problem78 0.00 163504309970 0 2260.00
problem79 0.00 170827346007 0 2260.00
problem80 0.00 211457082882 0 2260.00
problem81 0.01 188408568982 0 2260.00
problem82 0.00 195607140511 0 2260.00
problem83 0.00 169314838810 0 2260.00
problem84 0.00 169534710099 0 2260.00
problem85 0.00 164901082450 0 2260.00
problem86 0.00 159515638921 0 2260.00
problem87 0.00 166596944727 0 2260.00
problem88 0.00 193095438016 0 2260.00
problem89 0.00 182525640542 0 2260.00
problem90 0.00 161765365689 0 2260.00
problem91 0.00 174004648630 0 2260.00
problem92 0.00 187763641911 0 2260.00
problem93 0.00 161156320595 0 2260.00
problem94 0.00 172148314154 0 2260.00
problem95 0.00 171218704071 0 2260.00
problem96 0.00 156227647560 0 2260.00
problem97 0.00 149809503087 0 2260.00
problem98 0.00 207861313702 0 2260.00
problem99 0.00 161566627478 0 2260.00
