problem0 0 270313 1 0.00
problem1 0.00 293399 1 0.00
problem2 0.00 282869 1 0.00
problem3 0.00 252931 1 0.00
problem4 0.00 278209 1 0.00
problem5 0.00 247983 1 0.00
problem6 0.00 283981 1 0.00
problem7 0.00 265243 1 0.00
problem8 0.00 254105 1 0.00
problem9 0.00 266823 1 0.00
problem10 0.00 224421 1 0.00
problem11 0.00 263987 1 0.00
problem12 0.00 271729 1 0.00
problem13 0.00 218847 1 0.00
problem14 0.00 276221 1 0.00
problem15 0.00 224587 1 0.00
problem16 0.00 290121 1 0.00
problem17 0.00 284279 1 0.00
problem18 0.00 283733 1 0.00
problem19 0.00 261731 1 0.00
problem20 0.00 284705 1 0.00
problem21 0.00 282895 1 0.00
problem22 0.00 304301 1 0.00
problem23 0.00 260731 1 0.00
problem24 0.00 280057 1 0.00
problem25 0.00 296615 1 0.00
problem26 0.00 288773 1 0.00
problem27 0.00 254355 1 0.00
problem28 0.00 267985 1 0.00
problem29 0.00 309055 1 0.00
problem30 0.00 269917 1 0.00
problem31 0.00 283563 1 0.00
problem32 0.00 256681 1 0.00
problem33 0.00 254679 1 0.00
problem34 0.00 288693 1 0.00
problem35 0.00 291011 1 0.00
problem36 0.00 270721 1 0.00
problem37 0.00 305519 1 0.00
problem38 0.00 287757 1 0.00
problem39 0.00 276699 1 0.00
problem40 0.00 269145 1 0.00
problem41 0.00 256775 1 0.00
problem42 0.00 258917 1 0.00
problem43 0.00 273395 1 0.00
problem44 0.00 276529 1 0.00
problem45 0.00 247711 1 0.00
problem46 0.00 267709 1 0.00
problem47 0.00 281099 1 0.00
problem48 0.00 260105 1 0.00
problem49 0.00 319287 1 0.00
problem50 0.00 264981 1 0.00
problem51 0.00 299811 1 0.00
problem52 0.00 301793 1 0.00
problem53 0.00 299471 1 0.00
problem54 0.00 258925 1 0.00
problem55 0.00 255803 1 0.00
problem56 0.00 262329 1 0.00
problem57 0.00 278375 1 0.00
problem58 0.00 265925 1 0.00
problem59 0.00 280147 1 0.00
problem60 0.00 289169 1 0.00
problem61 0.00 239615 1 0.00
problem62 0.00 285981 1 0.00
problem63 0.00 290923 1 0.00
problem64 0.00 275817 1 0.00
problem65 0.00 265111 1 0.00
problem66 0.00 269941 1 0.00
problem67 0.00 263555 1 0.00
problem68 0.00 255041 1 0.00
problem69 0.00 248367 1 0.00
problem70 0.00 283341 1 0.00
problem71 0.00 279963 1 0.00
problem72 0.00 251417 1 0.00
problem73 0.00 312263 1 0.00
problem74 0.00 260645 1 0.00
problem75 0.00 282803 1 0.00
problem76 0.00 248561 1 0.00
problem77 0.00 284767 1 0.00
problem78 0.00 242813 1 0.00
problem79 0.00 296651 1 0.00
problem80 0.00 238281 1 0.00
problem81 0.00 288759 1 0.00
problem82 0.00 246229 1 0.00
problem83 0.00 280547 1 0.00
problem84 0.00 245153 1 0.00
problem85 0.00 266895 1 0.00
problem86 0.00 279085 1 0.00
problem87 0.00 291835 1 0.00
problem88 0.00 285561 1 0.00
problem89 0.00 301095 1 0.00
problem90 0.00 292229 1 0.00
problem91 0.00 281363 1 0.00
problem92 0.00 318545 1 0.00
problem93 0.00 252095 1 0.00
problem94 0.00 252893 1 0.00
problem95 0.00 232747 1 0.00
problem96 0.00 278569 1 0.00
problem97 0.00 275543 1 0.00
problem98 0.00 275765 1 0.00
problem99 0.00 252483 1 0.00
