problem0 0 133585 1
problem1 0 128878 1
problem2 0 124562 1
problem3 0 135059 1
problem4 0 126251 1
problem5 0 141808 1
problem6 0 148444 1
problem7 0 122309 1
problem8 0 141029 1
problem9 0 127058 1
problem10 0 137350 1
problem11 0 124119 1
problem12 0 123135 1
problem13 0 122004 1
problem14 0 126608 1
problem15 0 120521 1
problem16 0 132473 1
problem17 0 118966 1
problem18 0 143354 1
problem19 0 120219 1
problem20 0 142931 1
problem21 0 147128 1
problem22 0 124612 1
problem23 0 131917 1
problem24 0 124301 1
problem25 0 129178 1
problem26 0 117998 1
problem27 0 139743 1
problem28 0 124199 1
problem29 0 127068 1
problem30 0 126072 1
problem31 0 127825 1
problem32 0 132897 1
problem33 0 120830 1
problem34 0 130914 1
problem35 0 125347 1
problem36 0 132475 1
problem37 0 135552 1
problem38 0 114604 1
problem39 0 136917 1
problem40 0 141877 1
problem41 0 138978 1
problem42 0 141142 1
problem43 0 122087 1
problem44 0 126799 1
problem45 0 123428 1
problem46 0 131168 1
problem47 0 138713 1
problem48 0 126665 1
problem49 0 105798 1
problem50 0 124106 1
problem51 0 142251 1
problem52 0 131747 1
problem53 0 131656 1
problem54 0 142996 1
problem55 0 125021 1
problem56 0 120029 1
problem57 0 123690 1
problem58 0 120766 1
problem59 0 120303 1
problem60 0 130935 1
problem61 0 131564 1
problem62 0 121416 1
problem63 0 120417 1
problem64 0 134257 1
problem65 0 123022 1
problem66 0 114738 1
problem67 0 125875 1
problem68 0 132555 1
problem69 0 131344 1
problem70 0 99196 1
problem71 0 137189 1
problem72 0 128389 1
problem73 0 111986 1
problem74 0 130598 1
problem75 0 113911 1
problem76 0 140703 1
problem77 0 130996 1
problem78 0 129584 1
problem79 0 126185 1
problem80 0 135193 1
problem81 0 139734 1
problem82 0 139674 1
problem83 0 113083 1
problem84 0 151283 1
problem85 0 138712 1
problem86 0 122468 1
problem87 0 124269 1
problem88 0 125997 1
problem89 0 132538 1
problem90 0 150158 1
problem91 0 127487 1
problem92 0 135623 1
problem93 0 125820 1
problem94 0 131096 1
problem95 0 131441 1
problem96 0 129473 1
problem97 0 127262 1
problem98 0 137474 1
problem99 0 128451 1
