problem0 4.4e-05 141166005596 1
problem1 0.000185 131600532530 1
problem2 0.000308 142106989849 1
problem3 7.2e-05 135806803883 1
problem4 0.000136 134900717470 1
problem5 0.000408 139149050444 1
problem6 3.3e-05 134622881323 1
problem7 2e-05 141165970517 1
problem8 5e-05 134986961920 1
problem9 0.000255 142911805446 1
problem10 0.000268 133472355933 1
problem11 2.4e-05 150850263455 1
problem12 0.004653 136415560834 1
problem13 4.7e-05 137360105312 1
problem14 0.00197 130379712431 1
problem15 0.000568 148773177737 1
problem16 0.000181 135941966628 1
problem17 5.7e-05 149490225754 1
problem18 3.7e-05 134008675361 1
problem19 0.000166 141394468371 1
problem20 0.000337 134665890278 1
problem21 0.000169 131845196532 1
problem22 0.001203 136350422451 1
problem23 3.3e-05 143126724925 1
problem24 0.000341 145612636872 1
problem25 0.000135 134434734894 1
problem26 4e-05 150098110053 1
problem27 0.000406 142559296775 1
problem28 0.002115 144072677322 1
problem29 0.000348 138587985160 1
problem30 2.7e-05 137995001911 1
problem31 3.3e-05 147914718065 1
problem32 0.000803 133068573420 1
problem33 2.6e-05 128164018818 1
problem34 8.5e-05 130274063657 1
problem35 0.000645 142254196347 1
problem36 0.005995 146815409710 1
problem37 5.6e-05 147300715932 1
problem38 0.000269 141796472635 1
problem39 0.000142 133820401701 1
problem40 0.001289 129394389904 1
problem41 3.4e-05 128779257942 1
problem42 2.6e-05 130246072429 1
problem43 0.000419 141697796719 1
problem44 0.00017 148234652946 1
problem45 0.000385 130169341104 1
problem46 0.00021 138489424575 1
problem47 0.0005 137896245081 1
problem48 0.000782 137667366068 1
problem49 0.000343 133693373610 1
problem50 0.000151 129092821041 1
problem51 3.5e-05 139299199203 1
problem52 0.000281 142174516342 1
problem53 0.000162 140390304324 1
problem54 3e-05 136215988931 1
problem55 0.000101 149533399309 1
problem56 2.1e-05 135411115608 1
problem57 7.4e-05 142940333950 1
problem58 0.000129 136573410421 1
problem59 0.000772 134537707991 1
problem60 0.000308 145178813530 1
problem61 5.9e-05 122541862488 1
problem62 1.9e-05 136907712327 1
problem63 0.000106 151721065793 1
problem64 3.5e-05 143755464828 1
problem65 1.9e-05 151344388306 1
problem66 0.000623 129847893305 1
problem67 0.000214 136808617291 1
problem68 0.000192 136332160190 1
problem69 0.000195 128427163884 1
problem70 0.002068 148235128907 1
problem71 0.000129 132912182261 1
problem72 2e-05 137816759072 1
problem73 0.000217 151024066726 1
problem74 0.000661 130992206461 1
problem75 4.3e-05 134137897791 1
problem76 0.000843 136821726626 1
problem77 0.000363 145967616512 1
problem78 0.000152 138783233487 1
problem79 2.5e-05 138214903081 1
problem80 0.000195 146190947908 1
problem81 0.000227 127051075322 1
problem82 5.2e-05 141839658049 1
problem83 0.00011 142024866739 1
problem84 0.000152 132866901766 1
problem85 2.4e-05 138147000724 1
problem86 1.9e-05 146906253267 1
problem87 9.6e-05 140866541789 1
problem88 7.8e-05 129390072296 1
problem89 4.8e-05 130015949774 1
problem90 0.000106 133717465733 1
problem91 0.000257 134844346023 1
problem92 2.7e-05 131927161066 1
problem93 2.1e-05 143829954472 1
problem94 0.000308 148124726871 1
problem95 0.000382 146306836241 1
problem96 0.000539 133290876428 1
problem97 4.6e-05 144180109090 1
problem98 0.000322 145765436745 1
problem99 0.00025 134686215195 1
