problem0 0 1168517 1 0.00
problem1 0.00 1382898 1 0.00
problem2 0.00 1159686 1 0.00
problem3 0.00 1294615 1 0.00
problem4 0.00 1326047 1 0.00
problem5 0.00 1410292 1 0.00
problem6 0.00 1208400 1 0.00
problem7 0.00 1344713 1 0.00
problem8 0.00 1225625 1 0.00
problem9 0.00 1220054 1 0.00
problem10 0.00 1269754 1 0.00
problem11 0.00 1293147 1 0.00
problem12 0.00 1267123 1 0.00
problem13 0.00 1320600 1 0.00
problem14 0.00 1379076 1 0.00
problem15 0.00 1496781 1 0.00
problem16 0.00 1317933 1 0.00
problem17 0.00 1229114 1 0.00
problem18 0.00 1366894 1 0.00
problem19 0.00 1321247 1 0.00
problem20 0.00 1433863 1 0.00
problem21 0.00 1339324 1 0.00
problem22 0.00 1317688 1 0.00
problem23 0.00 1238097 1 0.00
problem24 0.00 1302081 1 0.00
problem25 0.00 1348638 1 0.00
problem26 0.00 1176674 1 0.00
problem27 0.00 1383011 1 0.00
problem28 0.00 1256923 1 0.00
problem29 0.00 1437792 1 0.00
problem30 0.00 1208556 1 0.00
problem31 0.00 1359189 1 0.00
problem32 0.00 1165781 1 0.00
problem33 0.00 1353346 1 0.00
problem34 0.00 1309398 1 0.00
problem35 0.00 1220391 1 0.00
problem36 0.00 1215535 1 0.00
problem37 0.00 1423492 1 0.00
problem38 0.00 1236000 1 0.00
problem39 0.00 1274329 1 0.00
problem40 0.00 1388265 1 0.00
problem41 0.00 1345638 1 0.00
problem42 0.00 1097418 1 0.00
problem43 0.00 1329003 1 0.00
problem44 0.00 1395715 1 0.00
problem45 0.00 1333288 1 0.00
problem46 0.00 1354964 1 0.00
problem47 0.00 1249757 1 0.00
problem48 0.00 1203581 1 0.00
problem49 0.00 1362378 1 0.00
problem50 0.00 1183806 1 0.00
problem51 0.00 1352495 1 0.00
problem52 0.00 1424727 1 0.00
problem53 0.00 1367884 1 0.00
problem54 0.00 1127176 1 0.00
problem55 0.00 1420641 1 0.00
problem56 0.00 1287569 1 0.00
problem57 0.00 1145518 1 0.00
problem58 0.00 1425202 1 0.00
problem59 0.00 1294963 1 0.00
problem60 0.00 1323051 1 0.00
