problem0 0.01 133098572 1
problem1 0 148517474 1
problem2 0.01 142183945 1
problem3 0 126844635 1
problem4 0.01 145055886 1
problem5 0.01 148351100 1
problem6 0 138974491 1
problem7 0 146237317 1
problem8 0.01 133455600 1
problem9 0 143216182 1
problem10 0 130401101 1
problem11 0 131487951 1
problem12 0.01 122349938 1
problem13 0 141098384 1
problem14 0 143714975 1
problem15 0.01 132037817 1
problem16 0 143532564 1
problem17 0.01 127676554 1
problem18 0 146603281 1
problem19 0 136813891 1
problem20 0.01 140200662 1
problem21 0 143524132 1
problem22 0.01 132254883 1
problem23 0 135701613 1
problem24 0.01 141149624 1
problem25 0 128526686 1
problem26 0 143608661 1
problem27 0 128588855 1
problem28 0.02 147657914 1
problem29 0 129106744 1
problem30 0 131926823 1
problem31 0.01 132312737 1
problem32 0 139909596 1
problem33 0 134252722 1
problem34 0 132038169 1
problem35 0.01 139371947 1
problem36 0 144234270 1
problem37 0 140137420 1
problem38 0.01 146077227 1
problem39 0.01 120679253 1
problem40 0.01 143060608 1
problem41 0 158113414 1
problem42 0.01 138372445 1
problem43 0 135268767 1
problem44 0.01 142156290 1
problem45 0 115753696 1
problem46 0.01 128900527 1
problem47 0 148499081 1
problem48 0.01 130913188 1
problem49 0 133282522 1
problem50 0.01 150425889 1
problem51 0 150149139 1
problem52 0 137004390 1
problem53 0 143597684 1
problem54 0.01 128045491 1
problem55 0 136199229 1
problem56 0.01 140532040 1
problem57 0 143535534 1
problem58 0 159289701 1
problem59 0.01 122069255 1
problem60 0 132878666 1
problem61 0 124271752 1
problem62 0 150397495 1
problem63 0.01 136982641 1
problem64 0 139906924 1
problem65 0 125454082 1
problem66 0 125777449 1
problem67 0 144929915 1
problem68 0.01 125621678 1
problem69 0 148825884 1
problem70 0 136912699 1
problem71 0 143890213 1
problem72 0.01 145393168 1
problem73 0 145250006 1
problem74 0 131420013 1
problem75 0.01 124543599 1
problem76 0 148955794 1
problem77 0 146436144 1
problem78 0.01 130390207 1
problem79 0 135938137 1
problem80 0 137825588 1
problem81 0 130329898 1
problem82 0.02 151973169 1
problem83 0 143538915 1
problem84 0.01 127682550 1
problem85 0 131868612 1
problem86 0 145448643 1
problem87 0.01 132643853 1
problem88 0 142210264 1
problem89 0.01 116759038 1
problem90 0 120332149 1
problem91 0 125816279 1
problem92 0.01 133535194 1
problem93 0 142564824 1
problem94 0.04 130777415 1
problem95 0 147888705 1
problem96 0.01 143838460 1
problem97 0 144403794 1
problem98 0 140441145 1
problem99 0.01 146926411 1
