problem0 0 3444107 1
problem1 0 2860637 1
problem2 0 3130872 1
problem3 0 2801398 1
problem4 0 2837133 1
problem5 0 2886167 1
problem6 0 2921098 1
problem7 0 2890240 1
problem8 0 3538735 1
problem9 0 2786033 1
problem10 0 3124156 1
problem11 0 2845482 1
problem12 0 3456369 1
problem13 0 2726635 1
problem14 0 3224462 1
problem15 0 3083380 1
problem16 0 3159891 1
problem17 0 2620421 1
problem18 0 2681856 1
problem19 0 3176414 1
problem20 0 3129045 1
problem21 0 3174463 1
problem22 0 3290898 1
problem23 0 2770792 1
problem24 0 2835959 1
problem25 0 3400089 1
problem26 0 2627268 1
problem27 0 3159314 1
problem28 0 3104441 1
problem29 0 3496467 1
problem30 0 2829590 1
problem31 0 2955996 1
problem32 0 2571035 1
problem33 0 2753453 1
problem34 0.01 2997256 1
problem35 0 3338950 1
problem36 0 3321117 1
problem37 0 2828391 1
problem38 0 3253658 1
problem39 0 2807504 1
problem40 0 2762431 1
problem41 0 2896449 1
problem42 0 2780108 1
problem43 0 3211514 1
problem44 0 3062273 1
problem45 0 2927419 1
problem46 0 2830494 1
problem47 0 2804548 1
problem48 0 3152099 1
problem49 0 2768213 1
problem50 0 3061264 1
problem51 0 3321774 1
problem52 0 2790757 1
problem53 0 3060367 1
problem54 0 2973218 1
problem55 0 3033144 1
problem56 0 3088775 1
problem57 0 2880745 1
problem58 0 2697940 1
problem59 0 2510562 1
problem60 0 3100489 1
problem61 0.01 3018339 1
problem62 0 3128870 1
problem63 0 3055020 1
problem64 0 3362987 1
problem65 0 2435325 1
problem66 0 3037720 1
problem67 0 2633366 1
problem68 0 3143597 1
problem69 0 3247799 1
problem70 0 3399850 1
problem71 0 3218336 1
problem72 0 3061327 1
problem73 0 2861457 1
problem74 0 2413532 1
problem75 0 2662090 1
problem76 0 2858641 1
problem77 0 2884491 1
problem78 0 3102126 1
problem79 0 2691604 1
problem80 0 2712179 1
problem81 0 3098277 1
problem82 0 2697248 1
problem83 0 2748286 1
problem84 0 3232757 1
problem85 0 2768095 1
problem86 0 3386674 1
problem87 0 3395848 1
problem88 0 2974999 1
problem89 0 2871353 1
problem90 0 3008228 1
problem91 0 3174578 1
problem92 0 2893785 1
problem93 0 3214003 1
problem94 0 2783030 1
problem95 0 2664572 1
problem96 0 3067451 1
problem97 0.01 3216973 1
problem98 0 2990120 1
problem99 0 2781798 1
