problem0 0.12 445123691715767 5 113766408 6.95315e-310 0.00
problem1 0.07 501034043477633 5 113766408 6.95315e-310 0.00
problem2 0.13 457584286600374 5 113766408 6.95315e-310 0.00
problem3 0.16 481525547112314 5 113766408 6.95315e-310 0.00
problem4 0.13 427102138246103 5 113766408 6.95315e-310 0.00
problem5 0.16 394433809882987 5 113766408 6.95315e-310 0.00
problem6 0.14 558356170470883 5 113766408 6.95315e-310 0.00
problem7 0.16 450649046020285 5 113766408 6.95315e-310 0.00
problem8 0.11 413137407279481 5 113766408 6.95315e-310 0.00
problem9 0.15 496141918014466 5 113766408 6.95315e-310 0.00
problem10 0.12 410168140329787 5 113766408 6.95315e-310 0.00
problem11 0.09 447614210152934 5 113766408 6.95315e-310 0.00
problem12 0.16 475384036302753 5 113766408 6.95315e-310 0.00
problem13 0.08 557281186613297 5 113766408 6.95315e-310 0.00
problem14 0.13 489694105542815 5 113766408 6.95315e-310 0.00
problem15 0.14 506425128696779 5 113766408 6.95315e-310 0.00
problem16 0.15 557368077929108 5 113766408 6.95315e-310 0.00
problem17 0.14 513532862795256 5 113766408 6.95315e-310 0.00
problem18 0.16 499247768784223 5 113766408 6.95315e-310 0.00
problem19 0.12 604253311811616 5 113766408 6.95315e-310 0.00
problem20 0.13 529871573277800 5 113766408 6.95315e-310 0.00
problem21 0.12 426566352027714 5 113766408 6.95315e-310 0.00
problem22 0.81 427773119377512 5 113766408 6.95315e-310 0.00
problem23 0.11 552283168325236 5 113766408 6.95315e-310 0.00
problem24 0.13 568537300801646 5 113766408 6.95315e-310 0.00
problem25 0.12 372438336925676 5 113766408 6.95315e-310 0.00
problem26 0.13 390113982033256 5 113766408 6.95315e-310 0.00
problem27 0.14 523977814336240 5 113766408 6.95315e-310 0.00
problem28 0.11 570919768961057 5 113766408 6.95315e-310 0.00
problem29 0.13 509119908867616 5 113766408 6.95315e-310 0.00
problem30 0.15 483861862304303 5 113766408 6.95315e-310 0.00
problem31 0.17 464667523477960 5 113766408 6.95315e-310 0.00
problem32 0.14 435386882326887 5 113766408 6.95315e-310 0.00
problem33 0.15 514832171801345 5 113766408 6.95315e-310 0.00
problem34 0.12 501164994203398 5 113766408 6.95315e-310 0.00
problem35 0.15 473826420934517 5 113766408 6.95315e-310 0.00
problem36 0.06 444643448534850 5 113766408 6.95315e-310 0.00
problem37 0.13 504755275214236 5 113766408 6.95315e-310 0.00
problem38 0.1 432195652564208 5 113766408 6.95315e-310 0.00
problem39 0.15 442036347685827 5 113766408 6.95315e-310 0.00
problem40 0.12 633646719388764 5 113766408 6.95315e-310 0.00
problem41 0.13 432019033736711 5 113766408 6.95315e-310 0.00
problem42 0.13 512741596831717 5 113766408 6.95315e-310 0.00
problem43 0.12 475424493525626 5 113766408 6.95315e-310 0.00
problem44 0.12 426938832605710 5 113766408 6.95315e-310 0.00
problem45 0.14 478978962120669 5 113766408 6.95315e-310 0.00
problem46 0.13 468874930742099 5 113766408 6.95315e-310 0.00
problem47 0.08 509004309795584 5 113766408 6.95315e-310 0.00
problem48 0.15 432191895499916 5 113766408 6.95315e-310 0.00
problem49 0.09 442711965749079 5 113766408 6.95315e-310 0.00
problem50 0.14 539260018586691 5 113766408 6.95315e-310 0.00
problem51 0.12 571283751397607 5 113766408 6.95315e-310 0.00
problem52 0.15 551480398137907 5 113766408 6.95315e-310 0.00
problem53 0.16 614284899606420 5 113766408 6.95315e-310 0.00
problem54 0.14 508485242105140 5 113766408 6.95315e-310 0.00
problem55 0.12 493709460020312 5 113766408 6.95315e-310 0.00
problem56 0.14 387793939763169 5 113766408 6.95315e-310 0.00
problem57 0.08 589801596961241 5 113766408 6.95315e-310 0.00
problem58 0.09 507037036194020 5 113766408 6.95315e-310 0.00
problem59 0.15 526573382427883 5 113766408 6.95315e-310 0.00
problem60 0.15 507372156532576 5 113766408 6.95315e-310 0.00
problem61 0.09 554382192977145 5 113766408 6.95315e-310 0.00
problem62 0.06 720147792461191 5 113766408 6.95315e-310 0.00
problem63 0.16 463433614372326 5 113766408 6.95315e-310 0.00
problem64 0.15 484277734688442 5 113766408 6.95315e-310 0.00
problem65 0.14 449141052037068 5 113766408 6.95315e-310 0.00
problem66 0.11 362288979423193 5 113766408 6.95315e-310 0.00
problem67 0.14 424897253839236 5 113766408 6.95315e-310 0.00
problem68 0.11 587155621409444 5 113766408 6.95315e-310 0.00
problem69 0.15 584053165818911 5 113766408 6.95315e-310 0.00
problem70 0.14 445274034363249 5 113766408 6.95315e-310 0.00
problem71 0.11 483273096028573 5 113766408 6.95315e-310 0.00
problem72 0.14 439587466315159 5 113766408 6.95315e-310 0.00
problem73 0.14 519207777903945 5 113766408 6.95315e-310 0.00
problem74 0.15 515513478667228 5 113766408 6.95315e-310 0.00
problem75 0.17 595757221620729 5 113766408 6.95315e-310 0.00
problem76 0.12 498759651142291 5 113766408 6.95315e-310 0.00
problem77 0.14 410285604555163 5 113766408 6.95315e-310 0.00
problem78 0.15 451280473319548 5 113766408 6.95315e-310 0.00
problem79 0.15 435268025649127 5 113766408 6.95315e-310 0.00
problem80 0.13 559781145965422 5 113766408 6.95315e-310 0.00
problem81 0.14 462723383571015 5 113766408 6.95315e-310 0.00
problem82 0.08 433251061749694 5 113766408 6.95315e-310 0.00
problem83 0.14 500065795340727 5 113766408 6.95315e-310 0.00
problem84 0.14 474220871872394 5 113766408 6.95315e-310 0.00
problem85 0.09 465040146884022 5 113766408 6.95315e-310 0.00
problem86 0.16 547288943303148 5 113766408 6.95315e-310 0.00
problem87 0.14 593802886096389 5 113766408 6.95315e-310 0.00
problem88 0.13 452448482038357 5 113766408 6.95315e-310 0.00
problem89 0.08 386585939470955 5 113766408 6.95315e-310 0.00
problem90 0.12 451182397977528 5 113766408 6.95315e-310 0.00
problem91 0.44 375438960435148 5 113766408 6.95315e-310 0.00
problem92 0.12 363393955961221 5 113766408 6.95315e-310 0.00
problem93 0.15 478248979864687 5 113766408 6.95315e-310 0.00
problem94 0.13 469230546968091 5 113766408 6.95315e-310 0.00
problem95 0.15 501806479239602 5 113766408 6.95315e-310 0.00
problem96 0.15 592379191750677 5 113766408 6.95315e-310 0.00
problem97 0.14 556341371142970 5 113766408 6.95315e-310 0.00
problem98 0.11 519392562324646 5 113766408 6.95315e-310 0.00
problem99 0.11 463122558368830 5 113766408 6.95315e-310 0.00
