problem0 2.02 257673 5 -570574312 6.95333e-310 0.00
problem1 0.85 299712 5 -570574312 6.95333e-310 0.00
problem2 0.86 280271 5 -570574312 6.95333e-310 0.00
problem3 3.29 267894 5 -570574312 6.95333e-310 0.00
problem4 1.04 258933 5 -570574312 6.95333e-310 0.00
problem5 1.72 304524 5 -570574312 6.95333e-310 0.00
problem6 1.35 293499 5 -570574312 6.95333e-310 0.00
problem7 1.09 292354 5 -570574312 6.95333e-310 0.00
problem8 0.98 279009 5 -570574312 6.95333e-310 0.00
problem9 1.42 253400 5 -570574312 6.95333e-310 0.00
problem10 1.38 315303 5 -570574312 6.95333e-310 0.00
problem11 1.28 283406 5 -570574312 6.95333e-310 0.00
problem12 1.25 281037 5 -570574312 6.95333e-310 0.00
problem13 1.29 306084 5 -570574312 6.95333e-310 0.00
problem14 1.26 276051 5 -570574312 6.95333e-310 0.00
problem15 1.36 236954 5 -570574312 6.95333e-310 0.00
problem16 2.19 293689 5 -570574312 6.95333e-310 0.00
problem17 1.92 294640 5 -570574312 6.95333e-310 0.00
problem18 0.56 286335 5 -570574312 6.95333e-310 0.00
problem19 0.83 247206 5 -570574312 6.95333e-310 0.00
problem20 1.09 280101 5 -570574312 6.95333e-310 0.00
problem21 3.19 264124 5 -570574312 6.95333e-310 0.00
problem22 1.01 260139 5 -570574312 6.95333e-310 0.00
problem23 1.43 277298 5 -570574312 6.95333e-310 0.00
problem24 1.16 268945 5 -570574312 6.95333e-310 0.00
problem25 1.06 243208 5 -570574312 6.95333e-310 0.00
problem26 1.12 258903 5 -570574312 6.95333e-310 0.00
problem27 1.51 339518 5 -570574312 6.95333e-310 0.00
problem28 0.77 239741 5 -570574312 6.95333e-310 0.00
problem29 1.03 227796 5 -570574312 6.95333e-310 0.00
problem30 1.29 311299 5 -570574312 6.95333e-310 0.00
problem31 1.08 347850 5 -570574312 6.95333e-310 0.00
problem32 1.18 319465 5 -570574312 6.95333e-310 0.00
problem33 1.37 295712 5 -570574312 6.95333e-310 0.00
problem34 1.28 298543 5 -570574312 6.95333e-310 0.00
problem35 1.75 281814 5 -570574312 6.95333e-310 0.00
problem36 1.11 258261 5 -570574312 6.95333e-310 0.00
problem37 1.03 262636 5 -570574312 6.95333e-310 0.00
problem38 0.99 298459 5 -570574312 6.95333e-310 0.00
problem39 1.31 252002 5 -570574312 6.95333e-310 0.00
problem40 1.21 248641 5 -570574312 6.95333e-310 0.00
problem41 1.5 288312 5 -570574312 6.95333e-310 0.00
problem42 1.18 290567 5 -570574312 6.95333e-310 0.00
problem43 1.18 270702 5 -570574312 6.95333e-310 0.00
problem44 0.8 286509 5 -570574312 6.95333e-310 0.00
problem45 0.81 221188 5 -570574312 6.95333e-310 0.00
problem46 1.19 287155 5 -570574312 6.95333e-310 0.00
problem47 1.06 268282 5 -570574312 6.95333e-310 0.00
problem48 1.13 285849 5 -570574312 6.95333e-310 0.00
problem49 1.3 253776 5 -570574312 6.95333e-310 0.00
problem50 1.31 300511 5 -570574312 6.95333e-310 0.00
problem51 1.29 306182 5 -570574312 6.95333e-310 0.00
problem52 1.34 258949 5 -570574312 6.95333e-310 0.00
problem53 1.57 283676 5 -570574312 6.95333e-310 0.00
problem54 1.23 277387 5 -570574312 6.95333e-310 0.00
problem55 1.18 298386 5 -570574312 6.95333e-310 0.00
problem56 1.08 250865 5 -570574312 6.95333e-310 0.00
problem57 0.97 257640 5 -570574312 6.95333e-310 0.00
problem58 0.94 279223 5 -570574312 6.95333e-310 0.00
problem59 1.35 273566 5 -570574312 6.95333e-310 0.00
problem60 1.6 257501 5 -570574312 6.95333e-310 0.00
problem61 1.42 319028 5 -570574312 6.95333e-310 0.00
problem62 1 269155 5 -570574312 6.95333e-310 0.00
problem63 0.95 293162 5 -570574312 6.95333e-310 0.00
problem64 1.56 291145 5 -570574312 6.95333e-310 0.00
problem65 0.57 267136 5 -570574312 6.95333e-310 0.00
problem66 0.74 275855 5 -570574312 6.95333e-310 0.00
problem67 1.03 303926 5 -570574312 6.95333e-310 0.00
problem68 1.33 298549 5 -570574312 6.95333e-310 0.00
problem69 0.98 278092 5 -570574312 6.95333e-310 0.00
problem70 0.8 295227 5 -570574312 6.95333e-310 0.00
problem71 5.73 268994 5 -570574312 6.95333e-310 0.00
problem72 1.48 275617 5 -570574312 6.95333e-310 0.00
problem73 1.33 265880 5 -570574312 6.95333e-310 0.00
problem74 1.32 274023 5 -570574312 6.95333e-310 0.00
problem75 1.19 249806 5 -570574312 6.95333e-310 0.00
problem76 0.92 283789 5 -570574312 6.95333e-310 0.00
problem77 0.78 242788 5 -570574312 6.95333e-310 0.00
problem78 1.29 240915 5 -570574312 6.95333e-310 0.00
problem79 0.63 275034 5 -570574312 6.95333e-310 0.00
problem80 0.82 269817 5 -570574312 6.95333e-310 0.00
problem81 1.33 303024 5 -570574312 6.95333e-310 0.00
problem82 0.98 322879 5 -570574312 6.95333e-310 0.00
problem83 1.19 291430 5 -570574312 6.95333e-310 0.00
problem84 0.96 327909 5 -570574312 6.95333e-310 0.00
problem85 0.84 278652 5 -570574312 6.95333e-310 0.00
problem86 1.25 270059 5 -570574312 6.95333e-310 0.00
problem87 1.05 311282 5 -570574312 6.95333e-310 0.00
problem88 0.81 240977 5 -570574312 6.95333e-310 0.00
problem89 0.91 263880 5 -570574312 6.95333e-310 0.00
problem90 3.06 291351 5 -570574312 6.95333e-310 0.00
problem91 0.8 232190 5 -570574312 6.95333e-310 0.00
problem92 0.84 299837 5 -570574312 6.95333e-310 0.00
problem93 1.26 303764 5 -570574312 6.95333e-310 0.00
problem94 0.99 284355 5 -570574312 6.95333e-310 0.00
problem95 1.69 295818 5 -570574312 6.95333e-310 0.00
problem96 0.92 320169 5 -570574312 6.95333e-310 0.00
problem97 0.68 230368 5 -570574312 6.95333e-310 0.00
problem98 0.94 244975 5 -570574312 6.95333e-310 0.00
problem99 1.19 285078 5 -570574312 6.95333e-310 0.00
