problem0 0 257590183 1
problem1 0.05 189243017 1
problem2 0 227005460 1
problem3 0.01 230598370 1
problem4 0.06 225608233 1
problem5 0 258976579 1
problem6 0.01 250060070 1
problem7 0 226518508 1
problem8 0.03 214711883 1
problem9 0.04 266842909 1
problem10 0.01 225335512 1
problem11 0 257237270 1
problem12 0.01 260049421 1
problem13 0 241762327 1
problem14 0.07 221341994 1
problem15 0.02 258011744 1
problem16 0.02 243062639 1
problem17 0 243072049 1
problem18 0.05 223989788 1
problem19 0 260117450 1
problem20 0.02 237647985 1
problem21 0.06 282538347 1
problem22 0.02 223752110 1
problem23 0.03 234217300 1
problem24 0.08 212492051 1
problem25 0 198134213 1
problem26 0.07 262982112 1
problem27 0 254594814 1
problem28 0.02 213654869 1
problem29 0.02 234557247 1
problem30 0.01 292389042 1
problem31 0 246054088 1
problem32 0.02 255649079 1
problem33 0 250112985 1
problem34 0.01 172217892 1
problem35 0.07 320119474 1
problem36 0.07 256559290 0
problem37 0.1 251095444 0
problem38 0.11 304671798 1
problem39 0 257694396 1
problem40 0 235305435 1
problem41 0 240398957 1
problem42 0 246777064 1
problem43 0.01 235331302 1
problem44 0.03 234179229 1
problem45 0.02 235999335 1
problem46 0.09 286523963 0
problem47 0.06 244975920 1
problem48 0.02 218311935 1
problem49 0.01 257977729 1
problem50 0 244475436 1
problem51 0 270783386 1
problem52 0.02 237286145 1
problem53 0 200201147 1
problem54 0.09 248795839 0
problem55 0 266704932 1
problem56 0.01 244911779 1
problem57 0 224193813 1
problem58 0.01 228919792 1
problem59 0 287166670 1
problem60 0.07 265032166 0
problem61 0.01 215581583 1
problem62 0.06 241790402 1
problem63 0 250746776 1
problem64 0.07 249048775 1
problem65 0.01 232489257 1
problem66 0.01 254935092 1
problem67 0 226043522 1
problem68 0 262698825 1
problem69 0.01 217837539 1
problem70 0.07 258794311 0
problem71 0.01 199546764 1
problem72 0.07 247111019 1
problem73 0 233830845 1
problem74 0.16 288872696 1
problem75 0.01 214705334 1
problem76 0.09 276886318 0
problem77 0.11 279111864 0
problem78 0 223494986 1
problem79 0.01 227878912 1
problem80 0.02 224684687 1
problem81 0 242230993 1
problem82 0 279913532 1
problem83 0 251599722 1
problem84 0.01 241603985 1
problem85 0 243088907 1
problem86 0.03 262610382 1
problem87 0.04 281827572 1
problem88 0.09 258188852 0
problem89 0.04 238278757 1
problem90 0 197816832 1
problem91 0.02 193747614 1
problem92 0.07 250900086 0
problem93 0.04 249282527 1
problem94 0.01 206766802 1
problem95 0.02 260422248 1
problem96 0.02 267411543 1
problem97 0.02 240443001 1
problem98 0.11 221663812 1
problem99 0.03 230699602 1
