problem0 0 4008669 1
problem1 0 3776661 1
problem2 0 3252941 1
problem3 0 4581765 1
problem4 0 3910845 1
problem5 0 3974261 1
problem6 0 4130989 1
problem7 0 4428133 1
problem8 0 3503773 1
problem9 0 3960917 1
problem10 0 4241037 1
problem11 0 4260165 1
problem12 0 4360317 1
problem13 0 4391989 1
problem14 0 3714157 1
problem15 0 4208933 1
problem16 0 4121181 1
problem17 0 4349973 1
problem18 0 4385357 1
problem19 0 4012293 1
problem20 0 3703869 1
problem21 0 3965941 1
problem22 0 4157485 1
problem23 0 3801317 1
problem24 0 3763741 1
problem25 0 3895253 1
problem26 0 3816973 1
problem27 0 3707077 1
problem28 0 3645437 1
problem29 0 3613621 1
problem30 0 3232749 1
problem31 0 3860645 1
problem32 0 3742173 1
problem33 0 4038549 1
problem34 0 3453389 1
problem35 0 4393093 1
problem36 0 4447165 1
problem37 0 4121461 1
problem38 0 4216749 1
problem39 0 3731557 1
problem40 0 3401117 1
problem41 0 3469141 1
problem42 0.01 3949965 1
problem43 0 3973189 1
problem44 0 3618685 1
problem45 0 4047669 1
problem46 0 4094829 1
problem47 0 3545125 1
problem48 0 4313437 1
problem49 0 4022037 1
problem50 0 3733837 1
problem51 0 4151301 1
problem52 0 4043581 1
problem53 0 3916533 1
problem54 0 3784493 1
problem55 0 3694565 1
problem56 0 3595549 1
problem57 0 3993301 1
problem58 0 3329293 1
problem59 0 3747781 1
problem60 0 4017917 1
problem61 0 4121269 1
problem62 0 3941101 1
problem63 0 3917733 1
problem64 0 3999965 1
problem65 0 3776149 1
problem66 0 3784909 1
problem67 0 3811205 1
problem68 0 3934909 1
problem69 0 4137589 1
problem70 0 3647149 1
problem71 0 3952485 1
problem72 0.01 3822749 1
problem73 0 3763797 1
problem74 0 4052109 1
problem75 0 3948357 1
problem76 0 4056701 1
problem77 0 4358709 1
problem78 0 4082285 1
problem79 0 4323109 1
problem80 0 4112477 1
problem81 0 4218389 1
problem82 0 4130893 1
problem83 0 4290309 1
problem84 0 3990077 1
problem85 0 3736053 1
problem86 0 3935789 1
problem87 0 3325669 1
problem88 0 5000221 1
problem89 0 3435989 1
problem90 0 3759117 1
problem91 0 3657413 1
problem92 0 4259325 1
problem93 0 3842485 1
problem94 0 4387309 1
problem95 0 4105893 1
problem96 0 3733469 1
problem97 0 4038037 1
problem98 0 3592141 1
problem99 0 3884677 1
