problem0 0 941531274 0
problem1 0 801310241 0
problem2 0.01 913211419 0
problem3 0 654085603 0
problem4 0 773369811 0
problem5 0.01 943613353 0
problem6 0.01 599338923 0
problem7 0 916753786 0
problem8 0.01 820772679 0
problem9 0 776668454 0
problem10 0 877469471 0
problem11 0.01 944622821 0
problem12 0.01 1031311105 0
problem13 0 717808796 0
problem14 0.01 956976775 0
problem15 0 819481698 0
problem16 0.01 614358619 0
problem17 0 714605614 0
problem18 0.01 919649796 0
problem19 0 824445930 0
problem20 0 926772703 0
problem21 0.01 647521229 0
problem22 0 914386369 0
problem23 0.01 772869021 0
problem24 0 708164953 0
problem25 0.01 665453345 0
problem26 0.01 888757589 0
problem27 0 813648694 0
problem28 0 778521894 0
problem29 0.01 850191077 0
problem30 0.01 924552353 0
problem31 0 827247234 0
problem32 0.01 749870148 0
problem33 0 813761079 0
problem34 0 566688786 0
problem35 0.01 828344797 0
problem36 0.01 771107778 0
problem37 0 772170158 0
problem38 0 836479882 0
problem39 0.01 563186012 0
problem40 0 789805885 0
problem41 0.01 807207219 0
problem42 0 809081649 0
problem43 0.01 784648440 0
problem44 0 820644603 0
problem45 0.01 732225768 0
problem46 0 767609484 0
problem47 0.01 903432317 0
problem48 0 811194964 0
problem49 0.01 629014582 0
problem50 0 793852454 0
problem51 0 732891100 0
problem52 0.01 709028308 0
problem53 0 713580478 0
problem54 0.01 768272877 0
problem55 0 757466983 0
problem56 0.01 797260110 0
problem57 0 732168004 0
problem58 0 772659461 0
problem59 0.01 857622283 0
problem60 0 755026114 0
problem61 0.01 766566108 0
problem62 0.01 687474869 0
problem63 0.01 846710368 0
problem64 0 932550787 0
problem65 0 764345916 0
problem66 0 661616643 0
problem67 0.01 873629192 0
problem68 0.01 941860816 0
problem69 0.01 941514194 0
problem70 0 709764998 0
problem71 0.01 818840931 0
problem72 0 797636476 0
problem73 0.01 775879975 0
problem74 0 578164543 0
problem75 0.01 831243529 0
problem76 0 850101951 0
problem77 0.01 886103198 0
problem78 0 818366146 0
problem79 0.01 925516893 0
problem80 0.01 979719787 0
problem81 0 884210756 0
problem82 0.01 841070092 0
problem83 0 780796898 0
problem84 0 731407876 0
problem85 0.01 986209192 0
problem86 0 728065474 0
problem87 0.01 814416748 0
problem88 0.01 858043787 0
problem89 0 804125489 0
problem90 0.01 896685310 0
problem91 0 772621028 0
problem92 0.01 703218893 0
problem93 0 956619425 0
problem94 0.01 824738958 0
problem95 0 804307551 0
problem96 0 751375427 0
problem97 0.01 585955912 0
problem98 0 795341851 0
problem99 0.01 857047536 0
