problem0 0.02 310160 5 -458768840 6.95333e-310 0.00
problem1 0.02 388639 5 -458768840 6.95333e-310 0.00
problem2 0.01 244662 5 -458768840 6.95333e-310 0.00
problem3 0.02 331797 5 -458768840 6.95333e-310 0.00
problem4 0.04 317692 5 -458768840 6.95333e-310 0.00
problem5 0.01 292395 5 -458768840 6.95333e-310 0.00
problem6 0.03 321890 5 -458768840 6.95333e-310 0.00
problem7 0.02 329313 5 -458768840 6.95333e-310 0.00
problem8 0.04 320232 5 -458768840 6.95333e-310 0.00
problem9 0.03 329399 5 -458768840 6.95333e-310 0.00
problem10 0.02 269198 5 -458768840 6.95333e-310 0.00
problem11 0.03 335149 5 -458768840 6.95333e-310 0.00
problem12 0.03 264532 5 -458768840 6.95333e-310 0.00
problem13 0.01 315331 5 -458768840 6.95333e-310 0.00
problem14 0.03 328250 5 -458768840 6.95333e-310 0.00
problem15 0.02 296057 5 -458768840 6.95333e-310 0.00
problem16 0.04 343104 5 -458768840 6.95333e-310 0.00
problem17 0.01 311631 5 -458768840 6.95333e-310 0.00
problem18 0.03 314726 5 -458768840 6.95333e-310 0.00
problem19 0.02 339013 5 -458768840 6.95333e-310 0.00
problem20 0.03 306092 5 -458768840 6.95333e-310 0.00
problem21 0.02 265051 5 -458768840 6.95333e-310 0.00
problem22 0.02 273682 5 -458768840 6.95333e-310 0.00
problem23 0.02 328849 5 -458768840 6.95333e-310 0.00
problem24 0.02 296856 5 -458768840 6.95333e-310 0.00
problem25 0.03 318951 5 -458768840 6.95333e-310 0.00
problem26 0.03 299326 5 -458768840 6.95333e-310 0.00
problem27 0.04 327005 5 -458768840 6.95333e-310 0.00
problem28 0.01 278532 5 -458768840 6.95333e-310 0.00
problem29 0.02 321779 5 -458768840 6.95333e-310 0.00
problem30 0.03 305642 5 -458768840 6.95333e-310 0.00
problem31 0.02 280233 5 -458768840 6.95333e-310 0.00
problem32 0.03 328944 5 -458768840 6.95333e-310 0.00
problem33 0.02 334975 5 -458768840 6.95333e-310 0.00
problem34 0.03 288534 5 -458768840 6.95333e-310 0.00
problem35 0.01 315509 5 -458768840 6.95333e-310 0.00
problem36 0.03 345692 5 -458768840 6.95333e-310 0.00
problem37 0.01 305291 5 -458768840 6.95333e-310 0.00
problem38 0.02 243906 5 -458768840 6.95333e-310 0.00
problem39 0.02 330433 5 -458768840 6.95333e-310 0.00
problem40 0.03 308296 5 -458768840 6.95333e-310 0.00
problem41 0.04 326935 5 -458768840 6.95333e-310 0.00
problem42 0.02 331502 5 -458768840 6.95333e-310 0.00
problem43 0.02 271757 5 -458768840 6.95333e-310 0.00
problem44 0.02 294580 5 -458768840 6.95333e-310 0.00
problem45 0.03 313891 5 -458768840 6.95333e-310 0.00
problem46 0.01 285082 5 -458768840 6.95333e-310 0.00
problem47 0.02 331993 5 -458768840 6.95333e-310 0.00
problem48 0.04 300448 5 -458768840 6.95333e-310 0.00
problem49 0.02 294831 5 -458768840 6.95333e-310 0.00
problem50 0.01 313542 5 -458768840 6.95333e-310 0.00
problem51 0.02 294053 5 -458768840 6.95333e-310 0.00
problem52 0.03 354572 5 -458768840 6.95333e-310 0.00
problem53 0.03 298427 5 -458768840 6.95333e-310 0.00
problem54 0.03 380018 5 -458768840 6.95333e-310 0.00
problem55 0.03 301297 5 -458768840 6.95333e-310 0.00
problem56 0.04 354552 5 -458768840 6.95333e-310 0.00
problem57 0.03 353351 5 -458768840 6.95333e-310 0.00
problem58 0.03 332958 5 -458768840 6.95333e-310 0.00
problem59 0.02 300477 5 -458768840 6.95333e-310 0.00
problem60 0.03 279908 5 -458768840 6.95333e-310 0.00
problem61 0.02 324435 5 -458768840 6.95333e-310 0.00
problem62 0.01 282954 5 -458768840 6.95333e-310 0.00
problem63 0.03 303881 5 -458768840 6.95333e-310 0.00
problem64 0.02 339536 5 -458768840 6.95333e-310 0.00
problem65 0.03 322271 5 -458768840 6.95333e-310 0.00
problem66 0.02 291446 5 -458768840 6.95333e-310 0.00
problem67 0.04 323797 5 -458768840 6.95333e-310 0.00
problem68 0.02 349116 5 -458768840 6.95333e-310 0.00
problem69 0.01 342763 5 -458768840 6.95333e-310 0.00
problem70 0.02 272418 5 -458768840 6.95333e-310 0.00
problem71 0.03 306977 5 -458768840 6.95333e-310 0.00
problem72 0.03 304552 5 -458768840 6.95333e-310 0.00
problem73 0.05 349047 5 -458768840 6.95333e-310 0.00
problem74 0.02 320078 5 -458768840 6.95333e-310 0.00
problem75 0.02 282093 5 -458768840 6.95333e-310 0.00
problem76 0.02 300052 5 -458768840 6.95333e-310 0.00
problem77 0.01 337027 5 -458768840 6.95333e-310 0.00
problem78 0.03 332026 5 -458768840 6.95333e-310 0.00
problem79 0.02 294201 5 -458768840 6.95333e-310 0.00
problem80 0.02 282368 5 -458768840 6.95333e-310 0.00
problem81 0.03 318991 5 -458768840 6.95333e-310 0.00
problem82 0.02 336934 5 -458768840 6.95333e-310 0.00
problem83 0.02 290053 5 -458768840 6.95333e-310 0.00
problem84 0.03 312940 5 -458768840 6.95333e-310 0.00
problem85 0.01 307227 5 -458768840 6.95333e-310 0.00
problem86 0.03 363474 5 -458768840 6.95333e-310 0.00
problem87 0.01 249169 5 -458768840 6.95333e-310 0.00
problem88 0.02 305752 5 -458768840 6.95333e-310 0.00
problem89 0.02 314023 5 -458768840 6.95333e-310 0.00
problem90 0.04 309246 5 -458768840 6.95333e-310 0.00
problem91 0.03 331293 5 -458768840 6.95333e-310 0.00
problem92 0.02 289476 5 -458768840 6.95333e-310 0.00
problem93 0.03 351667 5 -458768840 6.95333e-310 0.00
problem94 0.03 317610 5 -458768840 6.95333e-310 0.00
problem95 0.03 335721 5 -458768840 6.95333e-310 0.00
problem96 0.02 260016 5 -458768840 6.95333e-310 0.00
problem97 0.03 334143 5 -458768840 6.95333e-310 0.00
problem98 0.01 269782 5 -458768840 6.95333e-310 0.00
problem99 0.02 274741 5 -458768840 6.95333e-310 0.00
