problem0 0 850890 1
problem1 0 801619 1
problem2 0 762571 1
problem3 0 790152 1
problem4 0 842948 1
problem5 0 839445 1
problem6 0 801269 1
problem7 0 776762 1
problem8 0 788638 1
problem9 0 762679 1
problem10 0 697599 1
problem11 0 803660 1
problem12 0 821592 1
problem13 0 821689 1
problem14 0 777705 1
problem15 0 822206 1
problem16 0 854258 1
problem17 0 799899 1
problem18 0 851635 1
problem19 0 890256 1
problem20 0 840044 1
problem21 0 783837 1
problem22 0 803165 1
problem23 0 860866 1
problem24 0 871622 1
problem25 0 769919 1
problem26 0 884711 1
problem27 0 791892 1
problem28 0 754944 1
problem29 0 811905 1
problem30 0 750673 1
problem31 0 831302 1
problem32 0 795674 1
problem33 0 742371 1
problem34 0 850075 1
problem35 0 758424 1
problem36 0 766996 1
problem37 0 844453 1
problem38 0 886469 1
problem39 0 786762 1
problem40 0 761582 1
problem41 0 737735 1
problem42 0 817359 1
problem43 0 908636 1
problem44 0 798376 1
problem45 0 754505 1
problem46 0 854201 1
problem47 0 731342 1
problem48 0 888130 1
problem49 0 858411 1
problem50 0 872579 1
problem51 0 771488 1
problem52 0 853180 1
problem53 0 808301 1
problem54 0 805421 1
problem55 0 849362 1
problem56 0 802582 1
problem57 0 780815 1
problem58 0 839607 1
problem59 0 826212 1
problem60 0 820816 1
problem61 0 846097 1
problem62 0 842529 1
problem63 0 882774 1
problem64 0 820330 1
problem65 0 803955 1
problem66 0 820843 1
problem67 0 880296 1
problem68 0 754532 1
problem69 0 888373 1
problem70 0 822165 1
problem71 0 770138 1
problem72 0 847166 1
problem73 0 800855 1
problem74 0 836767 1
problem75 0 741228 1
problem76 0 805880 1
problem77 0 775385 1
problem78 0 879497 1
problem79 0 859614 1
problem80 0 821650 1
problem81 0 824763 1
problem82 0 842323 1
problem83 0 806320 1
problem84 0 815116 1
problem85 0 756989 1
problem86 0 854781 1
problem87 0 827618 1
problem88 0 829798 1
problem89 0 863391 1
problem90 0 857991 1
problem91 0 833908 1
problem92 0 769952 1
problem93 0 804513 1
problem94 0 784881 1
problem95 0 907622 1
problem96 0 826554 1
problem97 0 773379 1
problem98 0 855099 1
problem99 0 795320 1
