problem0 0 3866601 1 0.00
problem1 0.00 4348439 1 0.00
problem2 0.00 4141301 1 0.00
problem3 0.00 4766723 1 0.00
problem4 0.00 4669121 1 0.00
problem5 0.00 4516015 1 0.00
problem6 0.00 4306253 1 0.00
problem7 0.00 4607003 1 0.00
problem8 0.00 3924121 1 0.00
problem9 4.52 4919879 1 8788.00
problem10 0.00 4050085 1 8788.00
problem11 0.00 3811123 1 8788.00
problem12 0.00 4212081 1 8788.00
problem13 0.00 4273887 1 8788.00
problem14 0.00 4249341 1 8788.00
problem15 0.00 4238667 1 8788.00
problem16 0.00 4312393 1 8788.00
problem17 0.00 4437623 1 8788.00
problem18 0.00 4076629 1 8788.00
problem19 0.00 3948131 1 8788.00
