problem0 0 9300130 1
problem1 0 8662539 1
problem2 0 9906979 1
problem3 0 9286720 1
problem4 0 7881628 1
problem5 0 9140941 1
problem6 0 9908813 1
problem7 0 8122098 1
problem8 0 8156534 1
problem9 0 6984687 1
problem10 0 8591703 1
problem11 0 8606468 1
problem12 0 9193520 1
problem13 0 7818097 1
problem14 0 8280641 1
problem15 0 8594038 1
problem16 0 8611274 1
problem17 0 9360211 1
problem18 0 9654027 1
problem19 0 8060744 1
problem20 0 9001028 1
problem21 0.01 9682325 1
problem22 0 8204725 1
problem23 0 9235322 1
problem24 0 9406878 1
problem25 0 9436215 1
problem26 0 9575487 1
problem27 0 9914636 1
problem28 0 8864728 1
problem29 0 8577337 1
problem30 0 8980649 1
problem31 0 8837630 1
problem32 0 8892658 1
problem33 0 9117339 1
problem34 0 9687283 1
problem35 0 8962128 1
problem36 0 8379116 1
problem37 0 8177245 1
problem38 0 8728349 1
problem39 0 8683010 1
problem40 0 9481158 1
problem41 0 9390719 1
problem42 0 8568103 1
problem43 0 8254740 1
problem44 0 7531904 1
problem45 0 8879361 1
problem46 0 8844561 1
problem47 0 9136006 1
problem48 0 9259546 1
problem49 0 8753123 1
problem50 0 7811291 1
problem51 0.01 8877912 1
problem52 0 8801172 1
problem53 0 8590629 1
problem54 0 8497797 1
problem55 0 8332938 1
problem56 0 8805358 1
problem57 0 9502407 1
problem58 0 8879119 1
problem59 0 8115996 1
problem60 0 9815336 1
problem61 0 10067657 1
problem62 0 7774073 1
problem63 0 8997646 1
problem64 0 7516482 1
problem65 0 8562475 1
problem66 0 7597763 1
problem67 0 9413728 1
problem68 0 9120316 1
problem69 0 8333805 1
problem70 0 7676909 1
problem71 0 8480018 1
problem72 0 9378326 1
problem73 0 9804047 1
problem74 0 10410231 1
problem75 0 8220452 1
problem76 0.01 9325264 1
problem77 0 8504977 1
problem78 0 8554465 1
problem79 0 8979606 1
problem80 0 8808042 1
problem81 0 7529587 1
problem82 0 8161963 1
problem83 0 9029480 1
problem84 0 7927524 1
problem85 0 7963829 1
problem86 0 8526677 1
problem87 0 8108442 1
problem88 0 8742462 1
problem89 0 8231255 1
problem90 0 9655263 1
problem91 0 9125164 1
problem92 0 8584824 1
problem93 0 9466969 1
problem94 0 9252425 1
problem95 0 8066078 1
problem96 0 8317330 1
problem97 0 8046523 1
problem98 0 8619155 1
problem99 0 9330800 1
