problem0 0 7980827141517 0 2228.00
problem1 0.00 7762647975473 0 2284.00
problem2 0.01 9533149948355 0 2284.00
problem3 0.00 8889417627097 0 2284.00
problem4 0.01 8716792489930 0 2284.00
problem5 0.00 9610648814010 0 2284.00
problem6 0.00 8096715491056 0 2284.00
problem7 0.01 10673635376320 0 2284.00
problem8 0.00 8263854211866 0 2284.00
problem9 0.01 8207051682521 0 2284.00
problem10 0.00 8382804552314 0 2284.00
problem11 0.01 9809286590460 0 2284.00
problem12 0.00 9169352715841 0 2284.00
problem13 0.01 7564665999874 0 2284.00
problem14 0.00 8718865669088 0 2284.00
problem15 0.01 9715948421252 0 2284.00
problem16 0.00 8753812798578 0 2284.00
problem17 0.01 9900786748780 0 2284.00
problem18 0.00 8850387297575 0 2284.00
problem19 0.01 7996573177775 0 2284.00
problem20 0.00 8169522033350 0 2284.00
problem21 0.01 8308562711185 0 2284.00
problem22 0.00 8898248926995 0 2284.00
problem23 0.01 7465575155332 0 2284.00
problem24 0.00 8096700541050 0 2284.00
problem25 0.01 8245714144589 0 2284.00
problem26 0.00 9710114338457 0 2284.00
problem27 0.01 7944940933800 0 2284.00
problem28 0.00 8567878822477 0 2284.00
problem29 0.01 8857016175559 0 2284.00
problem30 0.00 8903391546070 0 2284.00
problem31 0.01 8704994636739 0 2284.00
problem32 0.00 9118263121502 0 2284.00
problem33 0.01 11623308189069 0 2284.00
problem34 0.00 8214818061394 0 2284.00
problem35 0.01 7741800213672 0 2284.00
problem36 0.00 7643321991310 0 2284.00
problem37 0.01 9076316411318 0 2284.00
problem38 0.00 6734927511318 0 2284.00
problem39 0.01 9882514610993 0 2284.00
problem40 0.00 7573482632882 0 2284.00
problem41 0.01 10239068620688 0 2284.00
problem42 0.00 9406752509686 0 2284.00
problem43 0.01 9568635010139 0 2284.00
problem44 0.00 8136661590736 0 2284.00
problem45 0.01 8019186252711 0 2284.00
problem46 0.00 6369305912782 0 2284.00
problem47 0.01 8153316067595 0 2284.00
problem48 0.00 7224618138303 0 2284.00
problem49 0.01 8633246192944 0 2284.00
problem50 0.00 8792488035237 0 2284.00
problem51 0.01 8231364077086 0 2284.00
problem52 0.00 8052441238862 0 2284.00
problem53 0.01 8299645950884 0 2284.00
problem54 0.00 8139058238450 0 2284.00
problem55 0.01 7230276678521 0 2284.00
problem56 0.00 8561434528139 0 2284.00
problem57 0.01 8921716713539 0 2284.00
problem58 0.00 6986723920691 0 2284.00
problem59 0.01 8165127319851 0 2284.00
problem60 0.00 6908740556012 0 2284.00
problem61 0.01 8411770336187 0 2284.00
problem62 0.00 7625019770041 0 2284.00
problem63 0.01 7198325806095 0 2284.00
problem64 0.00 7950014698488 0 2284.00
problem65 0.01 8165015761556 0 2284.00
problem66 0.00 9239292547829 0 2284.00
problem67 0.01 7070263222742 0 2284.00
problem68 0.00 7703150245992 0 2284.00
problem69 0.01 8388480210920 0 2284.00
problem70 0.00 10606762629022 0 2284.00
problem71 0.01 8189598499326 0 2284.00
problem72 0.00 8124982944266 0 2284.00
problem73 0.01 8804677228712 0 2284.00
problem74 0.00 9351433790162 0 2284.00
problem75 0.01 10642641597765 0 2284.00
problem76 0.00 8569080923680 0 2284.00
problem77 0.01 7329826416279 0 2284.00
problem78 0.00 8258140412042 0 2284.00
problem79 0.01 9300705323110 0 2284.00
problem80 0.00 8916691558141 0 2284.00
problem81 0.01 9082742514631 0 2284.00
problem82 0.00 9027026027656 0 2284.00
problem83 0.01 8033902374210 0 2284.00
problem84 0.00 7096185637450 0 2284.00
problem85 0.01 8576181459674 0 2284.00
problem86 0.00 9469521761416 0 2284.00
problem87 0.01 8735007316142 0 2284.00
problem88 0.00 8540134607642 0 2284.00
problem89 0.01 8392589344290 0 2284.00
problem90 0.00 8668055999231 0 2284.00
problem91 0.01 7964014592679 0 2284.00
problem92 0.00 8265400030602 0 2284.00
problem93 0.01 8581896065296 0 2284.00
problem94 0.00 9337548890622 0 2284.00
problem95 0.01 8816323418243 0 2284.00
problem96 0.00 8251518830343 0 2284.00
problem97 0.01 7945964487796 0 2284.00
problem98 0.00 7740752170829 0 2284.00
problem99 0.01 8771735417821 0 2284.00
