problem0 0 211300 5 -1912595896 6.95326e-310 0.00
problem1 0.02 248091 5 -1912595896 6.95326e-310 0.00
problem2 0.01 211915 5 -1912595896 6.95326e-310 0.00
problem3 0.01 208893 5 -1912595896 6.95326e-310 0.00
problem4 0.03 267515 5 -1912595896 6.95326e-310 0.00
problem5 0.01 250319 5 -1912595896 6.95326e-310 0.00
problem6 0.04 232309 5 -1912595896 6.95326e-310 0.00
problem7 0.01 214801 5 -1912595896 6.95326e-310 0.00
problem8 0.03 189676 5 -1912595896 6.95326e-310 0.00
problem9 0.01 215722 5 -1912595896 6.95326e-310 0.00
problem10 0.01 217875 5 -1912595896 6.95326e-310 0.00
problem11 0.02 239282 5 -1912595896 6.95326e-310 0.00
problem12 0.01 234397 5 -1912595896 6.95326e-310 0.00
problem13 0.01 231338 5 -1912595896 6.95326e-310 0.00
problem14 0.01 220426 5 -1912595896 6.95326e-310 0.00
problem15 0.02 236665 5 -1912595896 6.95326e-310 0.00
problem16 0.01 248692 5 -1912595896 6.95326e-310 0.00
problem17 0.01 210539 5 -1912595896 6.95326e-310 0.00
problem18 0.01 236072 5 -1912595896 6.95326e-310 0.00
problem19 0.01 158004 5 -1912595896 6.95326e-310 0.00
problem20 0.02 259800 5 -1912595896 6.95326e-310 0.00
problem21 0.03 233810 5 -1912595896 6.95326e-310 0.00
problem22 0 257644 5 -1912595896 6.95326e-310 0.00
problem23 0.02 213217 5 -1912595896 6.95326e-310 0.00
problem24 0.02 265468 5 -1912595896 6.95326e-310 0.00
problem25 0.01 234182 5 -1912595896 6.95326e-310 0.00
problem26 0.02 287805 5 -1912595896 6.95326e-310 0.00
problem27 0.01 202626 5 -1912595896 6.95326e-310 0.00
problem28 0.02 247059 5 -1912595896 6.95326e-310 0.00
problem29 0.01 220052 5 -1912595896 6.95326e-310 0.00
problem30 0.01 260404 5 -1912595896 6.95326e-310 0.00
problem31 0.01 237846 5 -1912595896 6.95326e-310 0.00
problem32 0.02 248196 5 -1912595896 6.95326e-310 0.00
problem33 0.01 235861 5 -1912595896 6.95326e-310 0.00
problem34 0.02 210872 5 -1912595896 6.95326e-310 0.00
problem35 0.02 230608 5 -1912595896 6.95326e-310 0.00
problem36 0.02 256795 5 -1912595896 6.95326e-310 0.00
problem37 0.01 217916 5 -1912595896 6.95326e-310 0.00
problem38 0.02 223791 5 -1912595896 6.95326e-310 0.00
problem39 0.01 181118 5 -1912595896 6.95326e-310 0.00
problem40 0.01 191961 5 -1912595896 6.95326e-310 0.00
problem41 0.01 243427 5 -1912595896 6.95326e-310 0.00
problem42 0.02 249395 5 -1912595896 6.95326e-310 0.00
problem43 0.01 217375 5 -1912595896 6.95326e-310 0.00
problem44 0.01 231664 5 -1912595896 6.95326e-310 0.00
problem45 0.01 229041 5 -1912595896 6.95326e-310 0.00
problem46 0.02 208426 5 -1912595896 6.95326e-310 0.00
problem47 0.01 267494 5 -1912595896 6.95326e-310 0.00
problem48 0.01 236027 5 -1912595896 6.95326e-310 0.00
problem49 0.02 219198 5 -1912595896 6.95326e-310 0.00
problem50 0.01 201851 5 -1912595896 6.95326e-310 0.00
problem51 0.01 243207 5 -1912595896 6.95326e-310 0.00
problem52 0.01 206072 5 -1912595896 6.95326e-310 0.00
problem53 0.01 241958 5 -1912595896 6.95326e-310 0.00
problem54 0.01 209394 5 -1912595896 6.95326e-310 0.00
problem55 0.01 210254 5 -1912595896 6.95326e-310 0.00
problem56 0.01 231299 5 -1912595896 6.95326e-310 0.00
problem57 0.01 282778 5 -1912595896 6.95326e-310 0.00
problem58 0.01 233718 5 -1912595896 6.95326e-310 0.00
problem59 0.01 217992 5 -1912595896 6.95326e-310 0.00
problem60 0.01 175104 5 -1912595896 6.95326e-310 0.00
problem61 0.02 232090 5 -1912595896 6.95326e-310 0.00
problem62 0.02 247994 5 -1912595896 6.95326e-310 0.00
problem63 0.01 246966 5 -1912595896 6.95326e-310 0.00
problem64 0.01 225291 5 -1912595896 6.95326e-310 0.00
problem65 0 199874 5 -1912595896 6.95326e-310 0.00
problem66 0.01 248331 5 -1912595896 6.95326e-310 0.00
problem67 0.12 300657 5 -1912595896 6.95326e-310 0.00
problem68 0.01 186274 5 -1912595896 6.95326e-310 0.00
problem69 0.01 227292 5 -1912595896 6.95326e-310 0.00
problem70 0.02 214453 5 -1912595896 6.95326e-310 0.00
problem71 0.01 248196 5 -1912595896 6.95326e-310 0.00
problem72 0.01 186873 5 -1912595896 6.95326e-310 0.00
problem73 0.01 221162 5 -1912595896 6.95326e-310 0.00
problem74 0 201453 5 -1912595896 6.95326e-310 0.00
problem75 0.01 230693 5 -1912595896 6.95326e-310 0.00
problem76 0.01 208451 5 -1912595896 6.95326e-310 0.00
problem77 0.01 229201 5 -1912595896 6.95326e-310 0.00
problem78 0.02 195607 5 -1912595896 6.95326e-310 0.00
problem79 0 228691 5 -1912595896 6.95326e-310 0.00
problem80 0.02 229095 5 -1912595896 6.95326e-310 0.00
problem81 0.01 204101 5 -1912595896 6.95326e-310 0.00
problem82 0.01 206133 5 -1912595896 6.95326e-310 0.00
problem83 0.01 219456 5 -1912595896 6.95326e-310 0.00
problem84 0.01 223615 5 -1912595896 6.95326e-310 0.00
problem85 0.01 200134 5 -1912595896 6.95326e-310 0.00
problem86 0.01 212754 5 -1912595896 6.95326e-310 0.00
problem87 0.01 255624 5 -1912595896 6.95326e-310 0.00
problem88 0.02 229078 5 -1912595896 6.95326e-310 0.00
problem89 0.01 215866 5 -1912595896 6.95326e-310 0.00
problem90 0.01 257456 5 -1912595896 6.95326e-310 0.00
problem91 0.01 203048 5 -1912595896 6.95326e-310 0.00
problem92 0.03 239955 5 -1912595896 6.95326e-310 0.00
problem93 0.03 246586 5 -1912595896 6.95326e-310 0.00
problem94 0.01 247873 5 -1912595896 6.95326e-310 0.00
problem95 0.02 225776 5 -1912595896 6.95326e-310 0.00
problem96 0.01 234334 5 -1912595896 6.95326e-310 0.00
problem97 0.02 258094 5 -1912595896 6.95326e-310 0.00
problem98 0.01 258757 5 -1912595896 6.95326e-310 0.00
problem99 0.01 248644 5 -1912595896 6.95326e-310 0.00
