problem0 0 12705799248 0 2208.00
problem1 0.00 11611058906 0 2264.00
problem2 0.00 12028718292 0 2264.00
problem3 0.00 10816594458 0 2264.00
problem4 0.00 9765643707 0 2264.00
problem5 0.00 10004210835 0 2264.00
problem6 0.00 11192217584 0 2264.00
problem7 0.00 12149752367 0 2264.00
problem8 0.00 10638506999 0 2264.00
problem9 0.00 12899003112 0 2264.00
problem10 0.00 10933784813 0 2264.00
problem11 0.00 11154045429 0 2264.00
problem12 0.00 11176044277 0 2264.00
problem13 0.00 11606763107 0 2264.00
problem14 0.00 12218012162 0 2264.00
problem15 0.00 11702780563 0 2264.00
problem16 0.00 13026539630 0 2264.00
problem17 0.00 11691125883 0 2264.00
problem18 0.00 10800097725 0 2264.00
problem19 0.00 10178231351 0 2264.00
problem20 0.00 11286702193 0 2264.00
problem21 0.00 12029998797 0 2264.00
problem22 0.00 9574003963 0 2264.00
problem23 0.00 12114675703 0 2264.00
problem24 0.00 10071002246 0 2264.00
problem25 0.00 11794859634 0 2264.00
problem26 0.00 10519317466 0 2264.00
problem27 0.00 9112874152 0 2264.00
problem28 0.00 9089917355 0 2264.00
problem29 0.00 12061435925 0 2264.00
problem30 0.00 10943124955 0 2264.00
problem31 0.00 11589228405 0 2264.00
problem32 0.00 10629222961 0 2264.00
problem33 0.00 10977776706 0 2264.00
problem34 0.00 10459463462 0 2264.00
problem35 0.00 11731751769 0 2264.00
problem36 0.00 10423128025 0 2264.00
problem37 0.00 12891173417 0 2264.00
problem38 0.00 10452293639 0 2264.00
problem39 0.00 8732913015 0 2264.00
problem40 0.00 12149987005 0 2264.00
problem41 0.00 11705070572 0 2264.00
problem42 0.00 8170035230 0 2264.00
problem43 0.00 13621449007 0 2264.00
problem44 0.00 8641501080 0 2264.00
problem45 0.00 11817075504 0 2264.00
problem46 0.00 9073541562 0 2264.00
problem47 0.00 10070964378 0 2264.00
problem48 0.00 10337260710 0 2264.00
problem49 0.00 9328410219 0 2264.00
problem50 0.00 11266847033 0 2264.00
problem51 0.00 10771150412 0 2264.00
problem52 0.00 8240287236 0 2264.00
problem53 0.00 9760787133 0 2264.00
problem54 0.00 11402782948 0 2264.00
problem55 0.00 11793933657 0 2264.00
problem56 0.00 8813899430 0 2264.00
problem57 0.00 10339526475 0 2264.00
problem58 0.00 11662230413 0 2264.00
problem59 0.00 9236380387 0 2264.00
problem60 0.00 9822405436 0 2264.00
problem61 0.00 9120450609 0 2264.00
problem62 0.00 9553656291 0 2264.00
problem63 0.00 9421264537 0 2264.00
problem64 0.00 11605404255 0 2264.00
problem65 0.00 13042868735 0 2264.00
problem66 0.00 9187352157 0 2264.00
problem67 0.00 12254091529 0 2264.00
problem68 0.00 11172233285 0 2264.00
problem69 0.00 9475542977 0 2264.00
problem70 0.00 11074889194 0 2264.00
problem71 0.00 12833676612 0 2264.00
problem72 0.00 10254998537 0 2264.00
problem73 0.00 7555619161 0 2264.00
problem74 0.00 11592232703 0 2264.00
problem75 0.00 11652738000 0 2264.00
problem76 0.00 10476762658 0 2264.00
problem77 0.00 9734528535 0 2264.00
problem78 0.00 9959150774 0 2264.00
problem79 0.00 8692242678 0 2264.00
problem80 0.00 8519717782 0 2264.00
problem81 0.00 14462379394 0 2264.00
problem82 0.00 13070937217 0 2264.00
problem83 0.00 12548303743 0 2264.00
problem84 0.00 11694388861 0 2264.00
problem85 0.00 9208489399 0 2264.00
problem86 0.00 9191768806 0 2264.00
problem87 0.00 11977973883 0 2264.00
problem88 0.00 12706757280 0 2264.00
problem89 0.00 10726999431 0 2264.00
problem90 0.00 10367591784 0 2264.00
problem91 0.00 12943274833 0 2264.00
problem92 0.00 13817408429 0 2264.00
problem93 0.00 9758654254 0 2264.00
problem94 0.00 12160689270 0 2264.00
problem95 0.00 11230941301 0 2264.00
problem96 0.00 12346084400 0 2264.00
problem97 0.00 12370525377 0 2264.00
problem98 0.00 13513966529 0 2264.00
problem99 0.00 12316496111 0 2264.00
