problem0 0.01 2053317238503984 0
problem1 0.01 1620356557779077 0
problem2 0.01 1413056892467317 0
problem3 0.01 1451550526824432 0
problem4 0.02 1509291851298361 0
problem5 0 1969399675865746 0
problem6 0.02 1509089222893662 0
problem7 0.02 1697533179735975 0
problem8 0.01 2007286492885803 0
problem9 0.02 1840371727175524 0
problem10 0.01 1678846433705611 0
problem11 0.01 1370358152688226 0
problem12 0.02 1857187351634276 0
problem13 0.02 1926774777644314 0
problem14 0.02 1679984570228798 0
problem15 0.02 1902177855432272 0
problem16 0 1709717217288841 0
problem17 0.01 2058264736605512 0
problem18 0.01 1544301810000501 0
problem19 0.03 1926649729505492 0
problem20 0.02 2007663004494548 0
problem21 0.01 1939072552707300 0
problem22 0.02 2193649179678919 0
problem23 0.01 1790018001208609 0
problem24 0.02 1884455414532754 0
problem25 0.02 1640201201628663 0
problem26 0.01 1559933799120391 0
problem27 0.02 1755441563302234 0
problem28 0.02 1846245105526081 0
problem29 0.03 1747429962688786 0
problem30 0.02 1926277483313203 0
problem31 0.02 1825598445721907 0
problem32 0.03 2011436527087213 0
problem33 0.01 1826634194990934 0
problem34 0.01 2026655303434835 0
problem35 0.02 1577756623077078 0
problem36 0.01 1634167034825824 0
problem37 0.01 1479560470599020 0
problem38 0.01 1552426921536789 0
problem39 0.01 1778526084768508 0
problem40 0.02 1884213384248663 0
problem41 0.01 1868163436938844 0
problem42 0.02 2039099566023943 0
problem43 0.01 1897030713292857 0
problem44 0.02 1683936766258797 0
problem45 0.02 1679869012158581 0
problem46 0.01 1597393007392951 0
problem47 0.02 1897828540167436 0
problem48 0.01 1693571211476639 0
problem49 0.01 2185470547040929 0
problem50 0.01 1647411086888551 0
problem51 0.03 2343806255849891 0
problem52 0.01 2247093004533262 0
problem53 0.02 1929838423510746 0
problem54 0.03 2189136908602326 0
problem55 0.01 1443756965956124 0
problem56 0.01 1458565693254238 0
problem57 0.02 2312466145138888 0
problem58 0.01 1467328024208905 0
problem59 0.01 1809995850503319 0
problem60 0.02 1726288448811561 0
problem61 0 1545238809719205 0
problem62 0.02 2182100281754245 0
problem63 0.03 2127379253035379 0
problem64 0.02 1822587211632915 0
problem65 0.02 1999829205540801 0
problem66 0.01 1879304566437800 0
problem67 0.01 1821328248263383 0
problem68 0.01 1808781577411682 0
problem69 0.02 1966430016887702 0
problem70 0.02 1869533463811258 0
problem71 0.02 1842155289115052 0
problem72 0.02 1828500125617122 0
problem73 0.02 1963798531521375 0
problem74 0.02 1635254331441390 0
problem75 0.01 1874682928567565 0
problem76 0.01 2152351589142462 0
problem77 0 1661934971037839 0
problem78 0.02 1890122473470356 0
problem79 0.01 2000440014386557 0
problem80 0.01 1882909451170784 0
problem81 0.04 1679872741471218 0
problem82 0.01 1954313951187546 0
problem83 0 2136775826722177 0
problem84 0.01 1946442701948596 0
problem85 0.01 1738902614554149 0
problem86 0.02 1982590744293501 0
problem87 0.02 2037156682457641 0
problem88 0.02 1753367027078877 0
problem89 0.01 1543065491684315 0
problem90 0.02 1570982455847723 0
problem91 0.01 2090165185919567 0
problem92 0.03 2097813516795124 0
problem93 0.01 1962376177091928 0
problem94 0.01 2045685156568502 0
problem95 0.01 1719572807894372 0
problem96 0.01 1949307514425876 0
problem97 0.02 2009297648264921 0
problem98 0.01 1905622922115077 0
problem99 0.01 1656577205261911 0
