problem0 0 4317161 1
problem1 0 4195046 1
problem2 0 4204842 1
problem3 0 4748043 1
problem4 0 4319043 1
problem5 0 3866728 1
problem6 0 3784820 1
problem7 0 3842621 1
problem8 0 4464893 1
problem9 0 3829194 1
problem10 0 4344606 1
problem11 0 4122191 1
problem12 0 3860247 1
problem13 0 3853580 1
problem14 0 4199208 1
problem15 0 3633473 1
problem16 0 4125585 1
problem17 0 4227118 1
problem18 0 3981970 1
problem19 0 3888403 1
problem20 0 4546667 1
problem21 0 4049200 1
problem22 0.01 3629916 1
problem23 0 3179461 1
problem24 0 3778469 1
problem25 0 3983890 1
problem26 0 4611974 1
problem27 0 4050775 1
problem28 0 4170559 1
problem29 0 4555988 1
problem30 0 4292880 1
problem31 0 4778441 1
problem32 0 4820281 1
problem33 0 4184950 1
problem34 0 4190714 1
problem35 0.01 3958043 1
problem36 0 4849555 1
problem37 0 3772408 1
problem38 0 4078660 1
problem39 0 5354317 1
problem40 0 4322381 1
problem41 0 3949658 1
problem42 0 4475374 1
problem43 0.01 4662879 1
problem44 0 3851623 1
problem45 0 3635868 1
problem46 0 4154616 1
problem47 0 4321361 1
problem48 0 4205793 1
problem49 0.01 4887742 1
problem50 0 4208482 1
problem51 0 4989731 1
problem52 0 4605115 1
problem53 0 4117696 1
problem54 0 4246316 1
problem55 0 3846357 1
problem56 0 3901173 1
problem57 0 4283554 1
problem58 0 3836502 1
problem59 0 4156263 1
problem60 0 4640143 1
problem61 0 4796004 1
problem62 0 3423968 1
problem63 0 4130009 1
problem64 0 4543113 1
problem65 0 4271110 1
problem66 0 3936970 1
problem67 0 3608363 1
problem68 0 3452899 1
problem69 0 3544968 1
problem70 0 4296724 1
problem71 0 3931229 1
problem72 0.01 3989405 1
problem73 0 3445482 1
problem74 0 3645630 1
problem75 0 3874415 1
problem76 0 3816375 1
problem77 0 4661292 1
problem78 0 4099784 1
problem79 0 3712865 1
problem80 0 4423217 1
problem81 0 3940686 1
problem82 0 4326450 1
problem83 0 4041011 1
problem84 0 4440331 1
problem85 0 3659856 1
problem86 0 4131580 1
problem87 0 3020261 1
problem88 0.01 3702341 1
problem89 0 3565362 1
problem90 0 4066598 1
problem91 0 4374391 1
problem92 0 3379167 1
problem93 0 4050932 1
problem94 0 3986608 1
problem95 0 3626985 1
problem96 0 3747801 1
problem97 0 3667094 1
problem98 0 4230042 1
problem99 0 3961147 1
