problem0 0.3 16530531309 1
problem1 0.69 14784297559 1
problem2 1.64 14348208410 1
problem3 0.54 13392815824 1
problem4 1.3 13268332463 1
problem5 0.41 14914596625 1
problem6 0.25 15296226028 1
problem7 0.01 11575669082 1
problem8 0.26 13929875473 1
problem9 0.24 15247326699 1
problem10 3.01 15585668702 1
problem11 0.03 15948179204 1
problem12 0.24 15223807763 1
problem13 0.17 13020680421 1
problem14 1.93 15238655344 1
problem15 2.77 14189806030 1
problem16 0.25 13564888757 1
problem17 0.48 13929427455 1
problem18 0.63 13427474978 1
problem19 1.24 15848463288 1
problem20 5.54 14412738807 1
problem21 0.01 15248739129 1
problem22 5.25 15482351220 1
problem23 0.52 14003138242 1
