problem0 89.77 167712624527822 1
problem1 38.53 179088854639580 1
problem2 155.61 172693395751226 1
problem3 8.21 192626856714600 1
problem4 51.25 175717270501350 1
problem5 117.11 170099873319988 1
problem6 38.62 170526237350354 1
problem7 104.52 152434872201280 1
problem8 24.27 160347113755390 1
problem9 26.2 177160179276172 1
problem10 11.39 159288415752042 1
problem11 1.06 174328456172568 1
problem12 4.91 165422508948246 1
problem13 467.79 170369056746468 1
problem14 82.45 161697591509506 1
problem15 289.9 163425603857648 1
problem16 80.07 165997243764782 1
problem17 8.04 160601975907132 1
problem18 152.77 158972645069210 1
problem19 121.75 167620210924232 1
problem20 92.18 176130030957126 1
problem21 397.44 166830815862676 1
problem22 27.13 150641792622130 1
problem23 57.28 176987999894944 1
problem24 210.65 154942056022366 1
problem25 0.31 174365868949740 1
problem26 19.92 179466172270538 1
problem27 27.32 184881851118968 1
problem28 1.9 165359530499446 1
problem29 15.16 156407005161284 1
problem30 59.18 176231696494178 1
problem31 230.8 180270344479312 1
problem32 27.39 165992218437262 1
problem33 0.84 166695067366044 1
problem34 181.22 138044309844474 1
problem35 8.62 168858219127848 1
problem36 113.44 161576502262950 1
problem37 2.04 156187190133492 1
problem38 16.62 194165017653906 1
problem39 15.64 176766313208576 1
problem40 61.54 165551478849470 1
problem41 281.63 153216542996556 1
problem42 10.55 178567115493418 1
problem43 20.53 174330749019864 1
problem44 40.06 166383756726230 1
problem45 220.45 154945714254500 1
problem46 65.65 174752950053570 1
problem47 91.23 184410960422832 1
problem48 16.83 174082782366958 1
problem49 22.28 187605061751292 1
problem50 30.31 163823652987482 1
problem51 314.85 190059665194376 1
problem52 69.82 180631331657478 1
problem53 54.52 180743142045268 1
problem54 18.99 164923120260850 1
problem55 6.33 192256041912416 1
problem56 3.04 179492471213598 1
problem57 128.72 172903928119212 1
problem58 3.15 158484690036874 1
problem59 119.05 180439528007736 1
problem60 196.66 199413660521014 1
problem61 71.01 180047357316612 1
problem62 129.49 146211594090274 1
problem63 32.49 166984138128656 1
problem64 114.5 188176776348494 1
problem65 183.22 172109908033884 1
problem66 79 168733996180154 1
problem67 25.19 174244800833256 1
problem68 82.99 183650579186022 1
problem69 3.94 160273595611572 1
problem70 12.71 162633448246098 1
problem71 23.41 165336670913984 1
problem72 13.69 166340484607102 1
problem73 7.17 174585795335948 1
problem74 96.75 188611845214442 1
problem75 345.57 175065554860440 1
problem76 104.33 183074519753878 1
problem77 11.44 176829480663396 1
problem78 1.84 154382441927554 1
problem79 6.91 164328209146480 1
problem80 26.99 165157385980334 1
problem81 83.47 174820179869884 1
problem82 47.02 169341164073754 1
problem83 13.71 165012683694152 1
problem84 10.26 174117775276998 1
problem85 33.1 176759692774676 1
problem86 133.55 169161392967602 1
problem87 53.45 162301412070176 1
problem88 37.53 166878105737950 1
problem89 4.44 179804859121260 1
problem90 19.73 178817653705034 1
problem91 260.69 178602883570424 1
problem92 4.77 170152230651638 1
problem93 97.7 164083687666884 1
problem94 99.99 167191467900898 1
problem95 18.16 184685238261712 1
problem96 76.29 169755298078734 1
problem97 106.61 157124521299996 1
problem98 11.45 169622230848378 1
problem99 4.18 168646957361576 1
