problem0 0 361261014500719 186 1 0 2556.00
problem1 0.03 447343706622074 176 1 0.01 2492.00
problem2 0.04 406632525710444 268 2 0.02 2684.00
problem3 0.08 324119059930068 966 3 0.02 3064.00
problem4 0.03 317800947139012 560 1 0.01 2972.00
problem5 0.01 385077030867820 210 1 0.01 2896.00
problem6 0.1 330310153474972 759 1 0.01 2940.00
problem7 0.01 466932047246591 45 1 0.01 2940.00
problem8 0.01 342980214100058 124 1 0 2960.00
problem9 0.01 388201148002861 219 1 0 2960.00
problem10 0.25 415081679212741 914 1 0.01 2960.00
problem11 0.76 403916947670454 421 1 0.01 2960.00
problem12 1.92 367396001881392 2709 2 0.03 3748.00
problem13 0.01 364870267330072 101 1 0 3748.00
problem14 0 329359798996075 195 1 0 2780.00
problem15 0.01 505943765629724 31 1 0.01 2780.00
problem16 0.19 379800660993615 804 1 0.01 3244.00
problem17 0.01 376710972303861 142 1 0.01 3008.00
problem18 0.04 411809440947248 248 1 0.01 3008.00
problem19 0.02 302839542855733 351 1 0.01 3232.00
problem20 0.02 466425435425358 198 1 0 2696.00
problem21 0.01 406736090073703 110 1 0.01 2808.00
problem22 0.02 415287693450779 187 1 0.01 2808.00
problem23 0.07 348530780058784 723 1 0 2888.00
problem24 0.98 366677944453198 1403 1 0.01 3232.00
problem25 0.64 467552628784401 1159 1 0.01 3184.00
problem26 0.01 422590863279233 80 1 0 2852.00
problem27 0 410489220271973 53 1 0 2852.00
problem28 0 411811114721170 97 1 0 2852.00
problem29 0.07 267736006696228 1408 1 0.02 3560.00
problem30 2.26 380097539213675 1245 1 0.01 3560.00
problem31 0.02 435687425483729 148 1 0.01 3560.00
problem32 0.01 326939218027096 283 1 0.01 3560.00
problem33 0.02 341511456237931 311 1 0.01 3560.00
problem34 0.59 370162712642076 1146 1 0.01 3560.00
problem35 0.29 325564875698273 1151 1 0.01 3560.00
problem36 0.13 414317387140554 700 1 0.01 3560.00
problem37 0.02 403534997711815 214 1 0.01 3560.00
problem38 7.35 447918633635991 2218 1 0.01 3560.00
problem39 1.38 405821716760361 1660 1 0.01 3560.00
problem40 0.01 408271381522369 76 1 0 3560.00
problem41 0.15 341786993654663 726 1 0 3560.00
problem42 0.01 388072452186817 166 1 0 3560.00
problem43 0.02 325502603577953 248 1 0.01 3560.00
problem44 0 403488708465872 126 1 0 3560.00
problem45 0.31 453663179078010 594 1 0.01 3560.00
problem46 0.01 349286324791811 107 1 0.01 3560.00
problem47 0.01 387005988305339 82 1 0 3560.00
problem48 0 424871499766293 76 1 0 3560.00
problem49 3.18 399023629468895 2310 1 0.02 3640.00
problem50 2.16 373516808753547 2020 1 0.01 3640.00
problem51 0 298605606076513 93 1 0 3640.00
problem52 0.03 352011470953238 439 1 0.01 3640.00
problem53 0.01 405440337679340 157 1 0 3640.00
problem54 0.01 336931860600014 211 1 0 3640.00
problem55 0 367536361981500 66 1 0 3640.00
problem56 0.01 356652497517478 138 1 0.01 3640.00
problem57 0.02 451305269756361 130 1 0.01 3640.00
problem58 0.02 364101869913401 295 1 0.01 3640.00
problem59 0 386253562138183 53 1 0 3640.00
problem60 0.57 326688039650802 1186 1 0.01 3640.00
problem61 0.24 366620114645706 1477 1 0.01 3640.00
problem62 0.16 463540750326989 498 1 0 3640.00
problem63 0.18 298490114269172 875 1 0.02 3640.00
problem64 0.14 339317841401531 728 1 0.01 3640.00
problem65 0.12 436493446549150 573 1 0.01 3640.00
problem66 0.02 386859049869269 269 1 0.01 3640.00
problem67 15.44 426346760885104 4138 2 0.01 3640.00
problem68 0.08 397616377199982 435 1 0.01 3640.00
problem69 0.01 480767763735652 52 1 0.01 3640.00
problem70 0.03 391982715096831 456 1 0 2764.00
problem71 0.38 394113310656809 938 1 0.01 2896.00
problem72 0.02 409746644508573 152 1 0.01 3012.00
problem73 1.55 331341902081314 1983 1 0.01 3452.00
problem74 1.73 347157906988230 3102 1 0.01 4180.00
problem75 0.02 461739668763539 123 1 0.01 2968.00
problem76 0.04 333685708348554 353 1 0.01 2968.00
problem77 0 430155787793662 84 1 0 2968.00
problem78 0.01 336581470087920 74 1 0.01 2968.00
problem79 0.02 357202524622050 396 1 0.01 3000.00
problem80 0 436124466930962 37 1 0 3000.00
problem81 0.01 385145920681403 182 1 0.01 3000.00
problem82 0.01 308474617130655 120 1 0.01 3000.00
problem83 0.03 346054256349496 448 1 0.01 3000.00
problem84 0.01 393775856769954 104 1 0 3000.00
problem85 0.01 415753005943823 60 1 0 3000.00
problem86 49.12 417891303953922 7575 2 0.02 4348.00
problem87 0.01 351755570353030 140 1 0 4348.00
problem88 0 435724011163208 84 1 0 4348.00
problem89 0.01 337040844504351 186 1 0.01 4348.00
problem90 0.01 347214688355107 69 1 0.01 2848.00
problem91 0.01 420448869953932 210 1 0 2848.00
problem92 0.27 317174515077490 1333 1 0.01 3292.00
problem93 0.1 347810215701304 478 1 0.01 3292.00
problem94 0.02 444924599045341 190 1 0 3292.00
problem95 0.02 404092499745485 282 1 0 3292.00
problem96 0.14 409722450643222 507 1 0 3292.00
problem97 5.75 460350296950115 2189 1 0.01 3424.00
problem98 0.02 380972410335233 181 1 0.01 3424.00
problem99 0.02 333463288010649 552 1 0.01 3424.00
