problem0 920.95 930975655773877 62961 3 912.14 2037680.00
problem1 905.96 900791273867461 165269 2 870.52 3613544.00
problem2 148.61 1024069797838528 13970 1 140.21 3613544.00
problem3 218.56 1022105369376491 22600 1 209.91 3448596.00
problem4 260.07 992461660269120 26660 1 256.36 3398008.00
problem5 338.40 984804989722832 71576 1 322.34 3245560.00
problem6 114.61 983311876502638 11681 1 106.62 3195496.00
problem7 256.12 889077110385357 38714 1 247.99 4263480.00
problem8 191.88 971646372088435 28400 1 178.81 4212768.00
problem9 321.72 1038274122617544 36110 1 314.14 6118608.00
problem10 240.32 1104381425982431 20584 1 234.90 6068188.00
problem11 372.43 875563746592378 88238 1 359.17 4520320.00
problem12 253.18 949723685914933 24339 1 249.14 5084192.00
problem13 163.21 1016803970520116 18153 1 160.14 2462652.00
problem14 328.27 935820117322814 58691 1 318.12 3605424.00
problem15 330.55 936193225738628 42392 1 324.83 2492712.00
problem16 196.61 1005932944518988 10785 1 194.03 8109616.00
problem17 231.52 999145200516252 26329 1 195.70 8063408.00
problem18 1104.89 931189869738396 184362 2 1089.78 5867096.00
problem19 524.38 835988870141685 142769 1 514.30 6045456.00
problem20 152.07 1061183756063530 16405 1 143.61 2104096.00
problem21 206.89 968268651170036 22685 1 191.78 2048756.00
problem22 328.69 947872938093175 44583 1 319.30 7695964.00
problem23 96.06 1026069195067393 5643 1 92.65 7640456.00
problem24 171.86 1065706005320595 14220 1 161.71 3316880.00
problem25 231.71 967740594498967 23564 1 229.56 3316880.00
problem26 482.44 935121912561511 39883 2 472.57 3295784.00
problem27 484.14 986073200421733 42228 2 470.58 3561052.00
problem28 614.36 936499937434513 59230 2 604.87 6977336.00
problem29 267.67 945347642400259 29287 1 262.90 7277556.00
problem30 166.10 934059668487394 23961 1 157.89 3327020.00
problem31 134.05 1038110002374118 14133 1 117.86 3327020.00
problem32 284.33 901361073005563 41656 1 278.88 5875708.00
problem33 154.80 1065846605009133 15004 1 144.31 5875708.00
problem34 140.40 1140229384308849 12271 1 135.53 2752160.00
problem35 176.56 939384157497589 18139 1 170.72 4118176.00
problem36 343.27 935930282224425 46914 1 336.16 4792752.00
problem37 355.66 866539683987266 56858 1 348.92 6674704.00
problem38 281.85 902794632262256 53359 1 273.03 3653640.00
problem39 125.98 1101920523619323 13571 1 107.41 3653640.00
problem40 219.70 982618724279364 29136 1 211.57 5936128.00
problem41 216.09 946124360927796 27195 1 208.97 5936128.00
problem42 139.42 1007614152742169 11054 1 133.30 1935008.00
problem43 680.86 903714228183380 62189 2 671.81 2799124.00
problem44 168.66 1044432856003169 13459 1 165.15 1535648.00
problem45 305.15 931818455962083 55229 1 293.72 5070768.00
problem46 311.97 1050142120682088 31718 1 307.52 2157688.00
problem47 397.91 971805729615351 40792 1 387.16 8279548.00
problem48 251.31 1028599527182032 28277 1 242.91 8279548.00
problem49 91.40 1136935067293504 6996 1 79.64 1083040.00
problem50 779.18 874077998869475 64109 2 768.59 2720720.00
problem51 158.85 1055580842405283 24755 1 114.68 2256352.00
problem52 165.95 1028040782041731 23861 1 158.57 2357188.00
problem53 382.61 965857652259968 59552 1 368.22 5041344.00
problem54 893.73 1009216512028167 104074 2 866.41 5041344.00
problem55 295.06 996295582400487 46354 1 282.76 1976896.00
problem56 153.84 1008624057351715 16059 1 146.12 3443444.00
problem57 124.71 1103289925483757 11102 1 111.67 1455004.00
problem58 350.79 920047736127603 63771 1 337.63 8042276.00
problem59 147.14 1102376395379127 14927 1 134.88 1056204.00
problem60 148.23 1121912086802538 13631 1 125.80 3698748.00
problem61 160.24 1012255965574882 17954 1 153.48 2339040.00
problem62 219.91 944807043328058 26592 1 216.06 5536340.00
problem63 950.17 898420010881970 141878 2 929.95 3937528.00
problem64 104.33 1142212897983989 7751 1 82.29 3937528.00
problem65 288.96 873150141516556 53524 1 275.57 5027176.00
problem66 101.77 1044475149116878 4212 1 100.26 4956224.00
problem67 83.93 1158068381066055 6592 1 72.52 537408.00
problem68 369.13 998254837695177 65049 1 355.42 3465488.00
problem69 182.69 989512097767166 23246 1 174.32 2017244.00
problem70 196.22 1021703100249373 24380 1 190.24 1940176.00
problem71 398.24 995433930364034 90151 1 386.36 3121264.00
problem72 1225.48 867011577239007 174324 2 1217.03 3050352.00
problem73 355.63 943601862824070 51400 1 349.73 6641872.00
problem74 353.32 927387155075936 41918 1 348.46 6641872.00
problem75 395.55 992599243083968 53082 1 390.69 7952704.00
problem76 141.12 986052110358323 14616 1 122.77 7899828.00
problem77 205.08 1003774734169764 21737 1 198.70 1624564.00
problem78 236.18 966843990286597 48257 1 219.36 3407256.00
problem79 244.67 1010367324129234 30018 1 234.93 3324668.00
problem80 169.58 965490716772634 20410 1 149.89 3324668.00
problem81 293.89 873481343359024 58701 1 281.83 6811684.00
problem82 207.71 999410503325851 26867 1 200.35 2325488.00
problem83 250.46 970136424321277 35815 1 240.81 2719172.00
problem84 208.45 1007711961494495 16689 1 201.77 4480436.00
problem85 129.80 1067367563058436 9691 1 126.63 1462248.00
problem86 165.03 976294000760532 18951 1 157.16 4841940.00
problem87 159.49 1104100125287075 13673 1 141.31 3246088.00
problem88 73.71 1156770799776540 3683 1 69.63 3193160.00
problem89 189.50 1097324728852378 22967 1 176.26 1922240.00
problem90 367.72 1003122013924815 46315 1 362.68 7028164.00
problem91 192.24 1079547334634586 17425 1 185.31 2181296.00
problem92 266.94 985642483032236 29678 1 262.77 5784496.00
problem93 215.47 1004964308728179 28370 1 208.47 5117192.00
problem94 104.61 1089742462076377 7717 1 92.85 5117192.00
problem95 92.25 1093487280180401 10302 1 82.61 618436.00
problem96 336.28 1003597492328254 24132 1 335.01 3181708.00
problem97 251.69 1048868217770636 22528 1 246.82 6310016.00
problem98 207.12 962573543918563 34504 1 191.48 6257744.00
problem99 262.73 934399449314099 36051 1 259.97 4676292.00
