problem0 0 6098360 0
problem1 0 5710326 1
problem2 0 6309369 0
problem3 0 5933595 1
problem4 0 6561042 0
problem5 0 5806456 1
problem6 0 5921091 0
problem7 0 6367053 1
problem8 0 6817484 0
problem9 0 4958426 1
problem10 0 6719469 0
problem11 0 5538143 1
problem12 0 6563046 0
problem13 0 5886492 1
problem14 0 6298615 0
problem15 0 6277713 1
problem16 0 6173024 0
problem17 0 6977342 1
problem18 0 6405985 0
problem19 0 5313571 1
problem20 0 5523002 0
problem21 0 5954112 1
problem22 0 6126635 0
problem23 0 6377685 1
problem24 0 6610292 0
problem25 0 5774626 1
problem26 0 5815381 0
problem27 0 6443623 1
problem28 0 6082831 1
problem29 0 5849572 1
problem30 0 6441439 0
problem31 0 6736601 1
problem32 0 5724936 0
problem33 0 5843590 1
problem34 0 5918410 1
problem35 0 6048811 1
problem36 0 6165858 0
problem37 0 6068488 1
problem38 0 6444307 0
problem39 0 6375517 1
problem40 0 6486556 0
problem41 0 5910378 1
problem42 0 5850813 0
problem43 0 6230383 1
problem44 0 6316854 0
problem45 0 6320044 1
problem46 0 6122951 0
problem47 0 6019425 1
problem48 0 6097584 0
problem49 0 6667214 1
problem50 0 6190130 1
problem51 0 5943859 1
problem52 0 6294155 1
problem53 0 6182352 1
problem54 0 6382588 1
problem55 0 6655461 1
problem56 0 6479044 0
problem57 0 5791666 1
problem58 0 6465317 0
problem59 0 6110839 1
problem60 0 6904670 0
problem61 0 6413172 1
problem62 0 6424496 1
problem63 0 5862889 1
problem64 0 5750872 0
problem65 0 6728470 1
problem66 0 6336409 0
problem67 0 6211131 1
problem68 0 5940658 0
problem69 0 6066328 1
problem70 0 6760676 1
problem71 0 6594925 1
problem72 0 5834093 1
problem73 0 5713402 1
problem74 0 6512013 0
problem75 0 6379903 1
problem76 0 5781894 0
problem77 0 6292796 1
problem78 0 6330263 0
problem79 0 5644401 1
problem80 0 6552576 0
problem81 0 6322270 1
problem82 0 5865729 0
problem83 0 6752323 1
problem84 0 6186715 1
problem85 0 7063904 1
problem86 0 6169547 0
problem87 0 5702389 1
problem88 0 6157332 0
problem89 0 6363714 1
problem90 0 5630454 1
problem91 0 6152839 1
problem92 0 6520239 1
problem93 0 6909188 1
problem94 0 6528384 1
problem95 0 5527801 1
problem96 0 6045096 0
problem97 0 6267814 1
problem98 0 6121577 0
problem99 0 5634123 1
