problem0 2.89 160673 5 -1931851160 6.95326e-310 0.00
problem1 1.75 143375 5 -1931851160 6.95326e-310 0.00
problem2 0.84 127922 5 -1931851160 6.95326e-310 0.00
problem3 0.64 110179 5 -1931851160 6.95326e-310 0.00
problem4 0.7 144826 5 -1931851160 6.95326e-310 0.00
problem5 2.81 133921 5 -1931851160 6.95326e-310 0.00
problem6 0.53 133352 5 -1931851160 6.95326e-310 0.00
problem7 3.49 121801 5 -1931851160 6.95326e-310 0.00
problem8 4.89 143275 5 -1931851160 6.95326e-310 0.00
problem9 1.02 128507 5 -1931851160 6.95326e-310 0.00
problem10 0.74 129310 5 -1931851160 6.95326e-310 0.00
problem11 0.99 133365 5 -1931851160 6.95326e-310 0.00
problem12 0.51 147803 5 -1931851160 6.95326e-310 0.00
problem13 1.44 132062 5 -1931851160 6.95326e-310 0.00
problem14 1.53 146933 5 -1931851160 6.95326e-310 0.00
problem15 1.04 130132 5 -1931851160 6.95326e-310 0.00
problem16 0.88 130583 5 -1931851160 6.95326e-310 0.00
problem17 0.55 156041 5 -1931851160 6.95326e-310 0.00
problem18 2.63 125583 5 -1931851160 6.95326e-310 0.00
problem19 2.57 176001 5 -1931851160 6.95326e-310 0.00
problem20 15.68 129286 5 -1931851160 6.95326e-310 0.00
problem21 2.46 152937 5 -1931851160 6.95326e-310 0.00
problem22 3.1 116070 5 -1931851160 6.95326e-310 0.00
problem23 1.67 164469 5 -1931851160 6.95326e-310 0.00
problem24 0.46 129162 5 -1931851160 6.95326e-310 0.00
problem25 3.45 140767 5 -1931851160 6.95326e-310 0.00
problem26 3.04 142958 5 -1931851160 6.95326e-310 0.00
problem27 5.08 139789 5 -1931851160 6.95326e-310 0.00
problem28 0.78 148234 5 -1931851160 6.95326e-310 0.00
problem29 8.69 144118 5 -1931851160 6.95326e-310 0.00
problem30 1.81 125958 5 -1931851160 6.95326e-310 0.00
problem31 2.66 133071 5 -1931851160 6.95326e-310 0.00
problem32 7.28 125894 5 -1931851160 6.95326e-310 0.00
problem33 0.26 141668 5 -1931851160 6.95326e-310 0.00
problem34 3.61 122432 5 -1931851160 6.95326e-310 0.00
problem35 4.25 149244 5 -1931851160 6.95326e-310 0.00
problem36 0.5 139128 5 -1931851160 6.95326e-310 0.00
problem37 1.6 138363 5 -1931851160 6.95326e-310 0.00
problem38 19.7 150401 5 -1931851160 6.95326e-310 0.00
problem39 1.28 147337 5 -1931851160 6.95326e-310 0.00
problem40 4.44 140446 5 -1931851160 6.95326e-310 0.00
problem41 1.28 152205 5 -1931851160 6.95326e-310 0.00
problem42 5.7 149220 5 -1931851160 6.95326e-310 0.00
problem43 0.57 151936 5 -1931851160 6.95326e-310 0.00
problem44 6.95 134739 5 -1931851160 6.95326e-310 0.00
problem45 9.61 122577 5 -1931851160 6.95326e-310 0.00
problem46 1.17 150043 5 -1931851160 6.95326e-310 0.00
problem47 1.04 128631 5 -1931851160 6.95326e-310 0.00
problem48 6.59 153151 5 -1931851160 6.95326e-310 0.00
problem49 2.39 119930 5 -1931851160 6.95326e-310 0.00
problem50 1.79 131566 5 -1931851160 6.95326e-310 0.00
problem51 0.48 141323 5 -1931851160 6.95326e-310 0.00
problem52 2.76 121947 5 -1931851160 6.95326e-310 0.00
problem53 1.28 129522 5 -1931851160 6.95326e-310 0.00
problem54 4.95 124912 5 -1931851160 6.95326e-310 0.00
problem55 0.9 149047 5 -1931851160 6.95326e-310 0.00
problem56 0.33 137794 5 -1931851160 6.95326e-310 0.00
problem57 2.98 123504 5 -1931851160 6.95326e-310 0.00
problem58 16.72 121902 5 -1931851160 6.95326e-310 0.00
problem59 1.72 150165 5 -1931851160 6.95326e-310 0.00
problem60 0.46 120420 5 -1931851160 6.95326e-310 0.00
problem61 0.51 119884 5 -1931851160 6.95326e-310 0.00
problem62 2.13 120877 5 -1931851160 6.95326e-310 0.00
problem63 6.66 136487 5 -1931851160 6.95326e-310 0.00
problem64 0.2 127164 5 -1931851160 6.95326e-310 0.00
problem65 0.71 136690 5 -1931851160 6.95326e-310 0.00
problem66 4.02 139878 5 -1931851160 6.95326e-310 0.00
problem67 3.38 152250 5 -1931851160 6.95326e-310 0.00
problem68 0.48 123601 5 -1931851160 6.95326e-310 0.00
problem69 0.64 132971 5 -1931851160 6.95326e-310 0.00
problem70 0.61 131379 5 -1931851160 6.95326e-310 0.00
problem71 0.76 123719 5 -1931851160 6.95326e-310 0.00
problem72 1.99 127782 5 -1931851160 6.95326e-310 0.00
problem73 4.88 146406 5 -1931851160 6.95326e-310 0.00
problem74 0.59 133075 5 -1931851160 6.95326e-310 0.00
problem75 1.08 141018 5 -1931851160 6.95326e-310 0.00
problem76 0.84 131496 5 -1931851160 6.95326e-310 0.00
problem77 2.18 155690 5 -1931851160 6.95326e-310 0.00
problem78 0.31 136768 5 -1931851160 6.95326e-310 0.00
problem79 3.13 136966 5 -1931851160 6.95326e-310 0.00
problem80 2.05 133119 5 -1931851160 6.95326e-310 0.00
problem81 1.64 126421 5 -1931851160 6.95326e-310 0.00
problem82 0.51 121157 5 -1931851160 6.95326e-310 0.00
problem83 4.27 136146 5 -1931851160 6.95326e-310 0.00
problem84 5.43 117890 5 -1931851160 6.95326e-310 0.00
problem85 1.75 122495 5 -1931851160 6.95326e-310 0.00
problem86 10.74 137036 5 -1931851160 6.95326e-310 0.00
problem87 6.38 156561 5 -1931851160 6.95326e-310 0.00
problem88 12.95 136613 5 -1931851160 6.95326e-310 0.00
problem89 4.21 116064 5 -1931851160 6.95326e-310 0.00
problem90 0.35 123774 5 -1931851160 6.95326e-310 0.00
problem91 7.17 124505 5 -1931851160 6.95326e-310 0.00
problem92 1.11 154864 5 -1931851160 6.95326e-310 0.00
problem93 0.32 118588 5 -1931851160 6.95326e-310 0.00
problem94 0.69 119072 5 -1931851160 6.95326e-310 0.00
problem95 0.46 143178 5 -1931851160 6.95326e-310 0.00
problem96 0.64 151360 5 -1931851160 6.95326e-310 0.00
problem97 1.12 134991 5 -1931851160 6.95326e-310 0.00
problem98 1.63 121277 5 -1931851160 6.95326e-310 0.00
problem99 1.68 112658 5 -1931851160 6.95326e-310 0.00
