problem0 0.03 448694292 1
problem1 0.04 382713748 1
problem2 0.01 369071892 1
problem3 0.02 403050132 1
problem4 0.01 412821012 1
problem5 0.01 326557076 1
problem6 0.01 458306836 1
problem7 0.02 350366868 1
problem8 0 383894548 1
problem9 0.04 403176340 1
problem10 0.06 420270868 1
problem11 0.02 430459540 1
problem12 0.08 395469332 1
problem13 0.04 444799380 1
problem14 0.04 338850068 1
problem15 0.01 458778772 1
problem16 0.01 430768148 1
problem17 0.01 367540116 1
problem18 0.02 381816596 1
problem19 0.04 401770132 1
problem20 0.04 338796052 1
problem21 0.03 372725140 1
problem22 0.05 398175508 1
problem23 0.09 393651348 1
problem24 0.05 471874580 1
problem25 0 393245588 1
problem26 0.03 438258452 1
problem27 0.02 434422420 1
problem28 0.03 343464468 1
problem29 0.02 378769812 1
problem30 0.02 367847700 1
problem31 0.07 373088404 1
problem32 0.01 406550548 1
problem33 0.03 429961108 1
problem34 0.11 421824276 1
problem35 0.26 461307540 1
problem36 0.06 359142932 1
problem37 0.04 412601748 1
problem38 0 398861588 1
problem39 0.02 380312724 1
problem40 0.03 469677076 1
problem41 0.08 377023380 1
problem42 0.01 399622932 1
problem43 0.05 415316628 1
problem44 0.03 402608660 1
problem45 0.03 390334868 1
problem46 0.01 457662740 1
problem47 0 415324308 1
problem48 0.11 443150356 1
problem49 0.01 368650132 1
problem50 0.02 438763284 1
problem51 0.02 397112980 1
problem52 0.01 373198356 1
problem53 0.1 412632468 1
problem54 0.01 426810644 1
problem55 0.03 394237076 1
problem56 0.06 444410900 1
problem57 0.07 421618580 1
problem58 0.01 371473172 1
problem59 0 339587732 1
problem60 0.09 388352532 1
problem61 0.01 395608468 1
problem62 0.01 406968596 1
problem63 0.03 367382676 1
problem64 0.01 406349844 1
problem65 0 418488212 1
problem66 0.12 415856404 1
problem67 0 427290260 1
problem68 0.01 364185108 1
problem69 0.05 423148948 1
problem70 0 381359380 1
problem71 0.01 334761108 1
problem72 0.12 396076052 1
problem73 0.12 426367892 1
problem74 0.01 370586388 1
problem75 0.04 391785108 1
problem76 0 418136596 1
problem77 0.26 377813396 1
problem78 0.01 383537428 1
problem79 0.07 430590100 1
problem80 0.02 396812308 1
problem81 0 445257620 1
problem82 0 420212500 1
problem83 0.04 350512788 1
problem84 0.02 415989268 1
problem85 0.01 377042324 1
problem86 0.01 363171092 1
problem87 0.06 369656980 1
problem88 0.01 408558612 1
problem89 0.03 408048532 1
problem90 0.02 396962580 1
problem91 0.05 420913812 1
problem92 0.02 408074772 1
problem93 0.03 370504084 1
problem94 0.01 437700884 1
problem95 0.43 470728852 1
problem96 0 330651668 1
problem97 0.02 381849492 1
problem98 0 367945492 1
problem99 0.23 418438804 1
