problem0 0.04 556388097212095 99 1 0.03 5432.00
problem1 0 514974354855581 72 1 0 3912.00
problem2 0.01 545978886213767 89 1 0.01 3912.00
problem3 0.01 523081425955906 99 1 0 3912.00
problem4 0.02 565224575834105 128 2 0 3912.00
problem5 0.01 493311605509450 63 1 0 3912.00
problem6 0.01 434162257985772 157 2 0.01 3912.00
problem7 0.01 578160811927577 71 1 0 3912.00
problem8 0.01 525482768327190 61 1 0.01 3912.00
problem9 0.61 535386559027554 278 2 0.01 3916.00
problem10 0.01 464948127686195 52 1 0.01 3916.00
problem11 0.01 604722544018644 72 1 0.01 3916.00
problem12 0.02 554797390876079 90 1 0 3916.00
problem13 0.01 543043429455347 36 1 0.01 3916.00
problem14 0.01 528393140457569 70 1 0 3916.00
problem15 0.01 480604523114577 99 1 0.01 3916.00
problem16 0.01 482736331024124 76 1 0.01 3916.00
problem17 0.01 437325803993362 58 1 0.01 3916.00
problem18 0.01 535417089996557 95 1 0.01 3916.00
problem19 0.01 529693676772997 69 1 0 3916.00
problem20 0.01 491108963876200 81 1 0 3916.00
problem21 0.01 526721431424168 99 1 0 3916.00
problem22 0.01 483041179183350 85 1 0 3916.00
problem23 0.01 566741123747485 63 1 0 3916.00
problem24 0.01 560924293141285 60 1 0 3916.00
problem25 0.01 493205590792761 92 1 0.01 3916.00
problem26 0.01 582671775665632 96 1 0.01 3916.00
problem27 0.01 629723556244398 47 1 0.01 3916.00
problem28 0.01 495557580808806 97 1 0 3916.00
problem29 0.01 551533133843775 90 1 0 3916.00
problem30 0.02 511787434708214 46 1 0 3916.00
problem31 0.01 559955595216840 61 1 0 3916.00
problem32 0.01 410230419788802 70 1 0 3916.00
problem33 0.01 448999035015620 82 1 0 3916.00
problem34 0 553606166145008 71 1 0 3916.00
problem35 0.03 540771013659420 122 1 0.01 3916.00
problem36 0.01 564766644419195 87 1 0.01 3916.00
problem37 0.01 581079436958125 72 1 0.01 3916.00
problem38 0.01 634475722869980 84 1 0 3916.00
problem39 0.01 501855424205863 106 1 0.01 3916.00
problem40 0.02 505472806383537 70 1 0 3916.00
problem41 0 548482456718925 66 1 0 3916.00
problem42 0.01 551215459862458 70 1 0.01 3916.00
problem43 0.01 701499401108867 79 1 0.01 3916.00
problem44 0.01 533600503631891 87 1 0 3916.00
problem45 0.02 445820762559269 125 1 0 3916.00
problem46 0.02 507203500854678 131 1 0.01 3916.00
problem47 0.02 579491773035449 59 1 0.01 3916.00
problem48 0 571662131573052 57 1 0 3916.00
problem49 0.03 492713180742370 174 1 0.01 3916.00
problem50 0.02 478164645240169 113 1 0.01 3916.00
problem51 0.01 493717148684372 77 1 0.01 3916.00
problem52 0.01 547368121834209 77 1 0.01 3916.00
problem53 0.01 553826824626922 38 1 0 3916.00
problem54 0.01 561911342524930 44 1 0 3916.00
problem55 0.01 576490476872982 71 1 0 3916.00
problem56 0.02 560383106701662 113 1 0 3916.00
problem57 0 472456385884014 78 1 0 3916.00
problem58 0.02 631702923253952 88 1 0 3916.00
problem59 0.01 586660215126540 89 1 0 3916.00
problem60 0.01 552316455171117 108 1 0 3916.00
problem61 0.01 513011923168485 58 1 0.01 3916.00
problem62 0.01 521879808236100 81 1 0.01 3916.00
problem63 0.02 464907864456935 152 1 0.01 3916.00
problem64 0.01 546761814916773 91 1 0.01 3916.00
problem65 0.01 583271246422406 75 1 0 3916.00
problem66 0.02 520737103674023 107 1 0.01 3916.00
problem67 0.01 466339053584897 117 1 0 3916.00
problem68 0.02 499579290309128 146 1 0 3916.00
problem69 0.02 558611352477166 123 1 0.01 3916.00
problem70 0.01 560030889778644 51 1 0.01 3916.00
problem71 0.01 483914811807080 84 1 0.01 3916.00
problem72 0.02 446835051630882 85 1 0.01 3916.00
problem73 0.01 526971031553579 53 1 0.01 3916.00
problem74 0.01 515489008632557 99 1 0.01 3916.00
problem75 0.01 584082007350238 73 1 0.01 3916.00
problem76 0.01 546424642301280 66 1 0 3916.00
problem77 0 607207882124724 59 1 0 3916.00
problem78 0.01 577771669952915 81 1 0 3916.00
problem79 0.02 401959320560416 109 1 0.01 3916.00
problem80 0.01 457936695218186 80 1 0.01 3916.00
problem81 0.01 597160664826676 86 1 0.01 3916.00
problem82 0.01 508787108155404 58 1 0.01 3916.00
problem83 0.01 521049321160294 87 1 0.01 3916.00
problem84 0.03 557426463069482 80 1 0.01 3916.00
problem85 0.01 536231397233732 59 1 0.01 3916.00
problem86 0.01 474117290180033 58 1 0.01 3916.00
problem87 0.01 481792154611974 65 1 0 3916.00
problem88 0.02 484239240723799 101 1 0.01 3916.00
problem89 0.02 541215411089124 82 1 0.01 3916.00
problem90 0 515116815306385 57 1 0 3916.00
problem91 0.01 597311291774190 64 1 0 3916.00
problem92 0.01 505764382297275 41 1 0.01 3916.00
problem93 0.02 577825710930355 126 1 0.01 3916.00
problem94 0.01 541946934068447 85 1 0.01 3916.00
problem95 0.05 545746496089421 87 1 0 3916.00
problem96 0.01 510384350510592 47 1 0.01 3916.00
problem97 0.01 456458785993491 92 1 0.01 3916.00
problem98 0.01 514638233400300 64 1 0.01 3916.00
problem99 0.01 578994872640905 71 1 0.01 3916.00
