problem0 1.2 630500336763049 5034 1 0.6
problem1 0.47 698369739020868 1369 1 0.26
problem2 1.7 731845917055315 3303 1 0.45
problem3 2.24 623376377225011 6300 2 1.81
problem4 0.44 760607620955802 1467 1 0.28
problem5 0.6 784046054245031 960 1 0.28
problem6 0.65 714680351089225 818 1 0.28
problem7 0.86 557619761018482 3984 1 0.6
problem8 2.62 612418784903243 11247 2 2.21
problem9 1.05 650238012139593 4342 1 0.81
problem10 2.07 557138223302701 7305 1 1.44
problem11 0.74 647177320491838 1776 1 0.53
problem12 1.07 613463368052774 3275 1 0.78
problem13 0.86 714645617976765 1755 1 0.5
problem14 0.49 744188180516117 488 1 0.4
problem15 1.28 646690176462628 4454 1 1.04
problem16 1.67 576603092883079 8198 1 0.94
problem17 0.67 682866211440368 1606 1 0.58
problem18 1.98 649615919027183 5006 1 0.65
problem19 0.74 610090256545639 2304 1 0.54
problem20 1.15 710078080629198 1185 1 0.38
problem21 0.93 697501960312068 2144 1 0.51
problem22 1.18 613823917065051 3893 1 0.57
problem23 1.16 612591853457365 3774 1 0.93
problem24 1.25 573832471145254 4824 1 0.94
problem25 1.21 604725693295732 4165 1 0.54
problem26 1.21 686353500809592 4805 1 0.68
problem27 1.53 680729480706054 1822 1 0.42
problem28 1.11 677424622368342 5732 1 0.87
problem29 1.34 622618344438851 7279 1 1.15
problem30 0.68 648278393453334 1605 1 0.6
problem31 0.9 612323279187302 3871 1 0.65
problem32 0.82 664214243307859 2762 1 0.62
problem33 1.26 661628465397878 3826 1 0.64
problem34 0.75 733054037826608 1151 1 0.39
problem35 1.06 656797765574584 6397 1 0.9
problem36 1.04 667459611490340 2857 1 0.62
problem37 0.97 641599004270656 3971 1 0.76
problem38 0.52 715279015628645 830 1 0.46
problem39 1.04 630779751203929 3849 1 0.67
problem40 0.84 733694110876258 2804 1 0.61
problem41 0.96 719470733116217 1889 1 0.55
problem42 0.89 718453975566384 1857 1 0.43
problem43 3.84 558019024660138 13183 2 3.31
problem44 0.77 671490671648542 1761 1 0.48
problem45 0.76 695998529070570 1260 1 0.53
problem46 1.11 678234602407043 3664 1 0.91
problem47 1.05 746487339359517 1770 1 0.51
problem48 0.91 636649050931125 2260 1 0.56
problem49 1.12 592681100501119 5415 1 0.67
problem50 1.49 655915003078710 5708 1 0.74
problem51 0.69 644611225862218 1013 1 0.44
problem52 1.37 622895857130743 3333 1 0.56
problem53 1.63 629835601526213 9187 1 1.09
problem54 4.29 513847069145636 28148 2 3.51
problem55 1.19 637450201762305 1321 1 0.89
problem56 1.61 642527836682409 2474 1 1.06
problem57 1.03 682048594137603 1217 1 0.94
problem58 1.77 613055752409405 6091 1 1.17
problem59 0.96 685248000046053 798 1 0.79
problem60 1.72 653443025543885 6028 1 1.23
problem61 1.72 597492704967074 3062 1 1.51
problem62 2.06 566774485044118 7944 1 1.6
problem63 1.1 761568513274777 1106 1 0.85
problem64 1.83 746645944599636 2601 1 0.99
problem65 1.58 565275763159778 3791 1 1.19
problem66 1.9 644751029575436 5472 1 1.31
problem67 1.31 683958673545856 3052 1 1.15
problem68 1.43 624557614239281 2572 1 1.06
problem69 1.08 690154393524265 1555 1 0.92
problem70 2.61 576054794033184 9769 1 1.75
problem71 1.43 670024413336488 2248 1 1.14
problem72 2.08 608203632617684 7595 1 1.61
problem73 1.02 720133442115238 1387 1 0.87
problem74 1.19 680636392824294 2264 1 1.11
problem75 1.42 640025741445582 3595 1 1.25
problem76 1.25 700370928873792 1368 1 1.21
problem77 1.5 682101179631447 2685 1 1.08
problem78 1.71 642934979683611 3951 1 1.31
problem79 1.41 613778386117976 3216 1 1.18
problem80 1.98 582047843334775 6366 1 1.35
problem81 1.53 697681552086811 2340 1 1.11
problem82 1.73 638595308595005 3545 1 1.09
problem83 1.41 738177294562757 3800 1 1.08
problem84 1.23 666138396371770 1829 1 1.04
problem85 1.45 673330670049220 2754 1 1.07
problem86 0.93 738280136434540 1263 1 0.86
problem87 1.83 618602705789241 5463 1 1.56
problem88 1.57 738451478390717 3322 1 1.11
problem89 1.49 638926509756645 4432 1 1.22
problem90 0.86 665115393375693 852 1 0.75
problem91 1.79 590127185557204 4867 1 1.35
problem92 1.8 573445923628794 7408 1 1.39
problem93 1.04 726438652050840 1601 1 0.91
problem94 0.98 721825252060554 1322 1 0.89
problem95 3.36 584500341158634 18330 1 1.86
problem96 1.37 683693917898140 2976 1 1.16
problem97 1.64 674804811370330 4533 1 1.29
problem98 1.17 750093991859534 1485 1 0.86
problem99 1.41 677423821216222 1563 1 1.18
