problem0 0 233996098 1
problem1 0.01 263736240 1
problem2 0 254208238 1
problem3 0.02 265119356 1
problem4 0 264038362 1
problem5 0 255952008 1
problem6 0.01 265824262 1
problem7 0 265908692 1
problem8 0 269587826 1
problem9 0 264059488 1
problem10 0.03 279141406 1
problem11 0 256125484 1
problem12 0.01 265611274 1
problem13 0 260099384 1
problem14 0 254207286 1
problem15 0.01 252505988 1
problem16 0 255803298 1
problem17 0 227908880 1
problem18 0 278209358 1
problem19 0.01 279388636 1
problem20 0 282917946 1
problem21 0.04 280562152 1
problem22 0 238319206 1
problem23 0 242884916 1
problem24 0.01 269385170 1
problem25 0 274494400 1
problem26 0 257900158 1
problem27 0.01 266423692 1
problem28 0 277357674 1
problem29 0 270875288 1
problem30 0 235133846 1
problem31 0 271320804 1
problem32 0.01 223498242 1
problem33 0.01 275562096 1
problem34 0 254061998 1
problem35 0 270380348 1
problem36 0.01 281632922 1
problem37 0.01 297819976 1
problem38 0.01 274207942 1
problem39 0.01 242065556 1
problem40 0.02 228439602 1
problem41 0 241270048 1
problem42 0 248017118 1
problem43 0.02 264716524 1
problem44 0 248754378 1
problem45 0 247822328 1
problem46 0 246686198 1
problem47 0.01 239726148 1
problem48 0 239317090 1
problem49 0.01 253079504 1
problem50 0.01 216893454 1
problem51 0 243861660 1
problem52 0 244978938 1
problem53 0.01 221217960 1
problem54 0.01 266011430 1
problem55 0.02 252440564 1
problem56 0.01 257375890 1
problem57 0.01 295982720 1
problem58 0 242676542 1
problem59 0.01 265159756 1
problem60 0 290426154 1
problem61 0 263816536 1
problem62 0.01 256882774 1
problem63 0.01 264152484 1
problem64 0 262889666 1
problem65 0 275280176 1
problem66 0 252162670 1
problem67 0 255931388 1
problem68 0 233249114 1
problem69 0.01 241072648 1
problem70 0 248856966 1
problem71 0 254611284 1
problem72 0.01 290658034 1
problem73 0 259850208 1
problem74 0 235062686 1
problem75 0.01 248354732 1
problem76 0 236173706 1
problem77 0 240739000 1
problem78 0.01 292462262 1
problem79 0 291646724 1
problem80 0 270623010 1
problem81 0.01 264045200 1
problem82 0.01 210447566 1
problem83 0.01 245247836 1
problem84 0 264793530 1
problem85 0 262487912 1
problem86 0.02 266260454 1
problem87 0.01 262733492 1
problem88 0.01 262750034 1
problem89 0.01 264468800 1
problem90 0.02 285468670 1
problem91 0.01 262011660 1
problem92 0 255342058 1
problem93 0.01 268242968 1
problem94 0 262722838 1
problem95 0 252478564 1
problem96 0.01 272478594 1
problem97 0 250307568 1
problem98 0.01 294647598 1
problem99 0 293075644 1
