problem0 0.2 1747735489455 1 2956.00
problem1 0.28 1651140363047 1 3204.00
problem2 0.11 1850015900703 1 3204.00
problem3 0.18 2076851046039 1 3204.00
problem4 0.14 1824349889167 1 3204.00
problem5 0.28 1567768768519 1 3204.00
problem6 0.21 1870933403391 1 3204.00
problem7 0.29 1847901880183 1 3204.00
problem8 0.24 1808756257135 1 3204.00
problem9 0.28 1678768862439 1 3204.00
problem10 0.30 2025175777759 1 3204.00
problem11 0.23 1767589646423 1 3204.00
problem12 0.24 1755631409231 1 3204.00
problem13 0.32 1636908765639 1 3204.00
problem14 0.35 1616987550911 1 3204.00
problem15 0.24 1701329484087 1 3204.00
problem16 0.16 2062268077871 1 3204.00
problem17 0.34 1669366531751 1 3204.00
problem18 0.33 1862771277727 1 3204.00
problem19 0.27 1644148914711 1 3204.00
problem20 0.34 1616907136527 1 3204.00
problem21 0.33 1851343803271 1 3204.00
problem22 0.30 1891936117375 1 3204.00
problem23 0.21 1801755349751 1 3204.00
problem24 0.25 1822585085167 1 3204.00
problem25 0.35 1826356066407 1 3204.00
problem26 0.29 1722773298527 1 3204.00
problem27 0.36 1950049092567 1 3204.00
problem28 0.18 1721809298383 1 3204.00
problem29 0.31 1660394272071 1 3204.00
problem30 0.30 1699278532671 1 3204.00
problem31 0.22 1722349276343 1 3204.00
problem32 0.22 1814247080623 1 3204.00
problem33 0.18 1974531951143 1 3204.00
problem34 0.29 1893614689055 1 3204.00
problem35 0.25 1686893784471 1 3204.00
problem36 0.14 1792741030287 1 3204.00
problem37 0.21 1844149335815 1 3204.00
problem38 0.50 1474214731263 1 3204.00
problem39 0.47 1503761409655 1 3204.00
problem40 0.27 1818377455727 1 3204.00
problem41 0.22 1955197451239 1 3204.00
problem42 0.25 1819096135903 1 3204.00
problem43 0.21 1758286018391 1 3204.00
problem44 0.19 1974488657743 1 3204.00
problem45 0.18 1678788516039 1 3204.00
problem46 0.19 1829514701759 1 3204.00
problem47 0.28 1843100803127 1 3204.00
problem48 0.30 1617575996975 1 3204.00
problem49 0.35 1677704220071 1 3204.00
problem50 0.26 1936632166047 1 3204.00
problem51 0.21 1997710876951 1 3204.00
problem52 0.18 1923688629519 1 3204.00
problem53 0.24 1805619845767 1 3204.00
problem54 0.29 1682912745855 1 3204.00
problem55 0.14 1877732293111 1 3204.00
problem56 0.14 2009531167727 1 3204.00
problem57 0.36 1652028243815 1 3204.00
problem58 0.29 1804645405791 1 3204.00
problem59 0.21 1907269872343 1 3204.00
problem60 0.34 1822439799503 1 3204.00
problem61 0.16 1946157268039 1 3204.00
problem62 0.31 1469743015743 1 3204.00
problem63 0.41 1710717268919 1 3204.00
problem64 0.29 2109780646319 1 3204.00
problem65 0.13 1940797821223 1 3204.00
problem66 0.26 1803373629983 1 3204.00
problem67 0.21 1602573751447 1 3204.00
problem68 0.30 1536489836687 1 3204.00
problem69 0.20 1847013441031 1 3204.00
problem70 0.19 2094967493887 1 3204.00
problem71 0.24 1843877989751 1 3204.00
problem72 0.24 2014591049583 1 3204.00
problem73 0.25 1867235787495 1 3204.00
problem74 0.36 1674580881375 1 3204.00
problem75 0.27 1658123673175 1 3204.00
problem76 0.30 1766286460495 1 3204.00
problem77 0.17 1881195159495 1 3204.00
problem78 0.21 1961058624191 1 3204.00
problem79 0.23 1786228180791 1 3204.00
problem80 0.20 1890424866095 1 3204.00
problem81 0.31 1784686040231 1 3204.00
problem82 0.12 1878767136159 1 3204.00
problem83 0.19 1784461281303 1 3204.00
problem84 0.33 1624615885839 1 3204.00
problem85 0.18 1931411857799 1 3204.00
problem86 0.18 1623743860863 1 3204.00
problem87 0.29 1960938512631 1 3204.00
problem88 0.26 1613163203311 1 3204.00
problem89 0.35 1822483088999 1 3204.00
problem90 0.40 1791282039647 1 3204.00
problem91 0.37 1773061509591 1 3204.00
problem92 0.43 1780518883791 1 3204.00
problem93 0.23 2060090508103 1 3204.00
problem94 0.31 1850680450623 1 3204.00
problem95 0.32 2107608767159 1 3204.00
problem96 0.43 1644279115951 1 3204.00
problem97 0.33 1800052709415 1 3204.00
problem98 0.19 1815448815903 1 3204.00
problem99 0.45 1616591666071 1 3204.00
