problem0 0 268222 1
problem1 0 241100 1
problem2 0 325243 1
problem3 0 297317 1
problem4 0 325952 1
problem5 0 325990 1
problem6 0 304461 1
problem7 0 279055 1
problem8 0 315874 1
problem9 0 299424 1
problem10 0 333887 1
problem11 0 274521 1
problem12 0 328612 1
problem13 0 299130 1
problem14 0 303441 1
problem15 0 278083 1
problem16 0 315526 1
problem17 0 274420 1
problem18 0 307843 1
problem19 0 308685 1
problem20 0 309896 1
problem21 0 297486 1
problem22 0 302549 1
problem23 0 319735 1
problem24 0 263082 1
problem25 0 268488 1
problem26 0 275783 1
problem27 0 256449 1
problem28 0 323052 1
problem29 0 341538 1
problem30 0 281305 1
problem31 0 277035 1
problem32 0 310094 1
problem33 0 310300 1
problem34 0 315531 1
problem35 0 277557 1
problem36 0 323024 1
problem37 0 296118 1
problem38 0 317533 1
problem39 0 301535 1
problem40 0 337778 1
problem41 0 297456 1
problem42 0 283727 1
problem43 0 318761 1
problem44 0 313908 1
problem45 0 296394 1
problem46 0 284257 1
problem47 0 258067 1
problem48 0 309270 1
problem49 0 307780 1
problem50 0 307347 1
problem51 0 302237 1
problem52 0 307992 1
problem53 0 297310 1
problem54 0 283877 1
problem55 0 298183 1
problem56 0 302394 1
problem57 0 312600 1
problem58 0 316759 1
problem59 0 281233 1
problem60 0 301180 1
problem61 0 294770 1
problem62 0 295913 1
problem63 0 278523 1
problem64 0 296670 1
problem65 0 242284 1
problem66 0 299675 1
problem67 0 292613 1
problem68 0 272992 1
problem69 0 260102 1
problem70 0 308077 1
problem71 0 301487 1
problem72 0 320770 1
problem73 0 289344 1
problem74 0 325727 1
problem75 0 315897 1
problem76 0 301252 1
problem77 0 303898 1
problem78 0 340849 1
problem79 0 313827 1
problem80 0 288678 1
problem81 0 285844 1
problem82 0 349859 1
problem83 0 297837 1
problem84 0 299944 1
problem85 0 299182 1
problem86 0 300021 1
problem87 0 303255 1
problem88 0 302794 1
problem89 0 342376 1
problem90 0 310631 1
problem91 0 308065 1
problem92 0 297740 1
problem93 0 291010 1
problem94 0 271609 1
problem95 0 323019 1
problem96 0 285294 1
problem97 0 282812 1
problem98 0 318635 1
problem99 0 293333 1
