problem0 3082.66 1219941981590343 40572 2 3078.91 13438880.00
problem1 4484.95 1027858707036235 71725 2 4475.54 23077512.00
problem2 1713.69 1234194996247826 36826 1 1709.32 8364148.00
problem3 716.88 1322309101562097 7934 1 714.86 8364148.00
problem4 5072.71 1095114898939985 192705 2 5050.02 6022212.00
problem5 783.36 1209798101661167 27748 1 758.25 6022212.00
problem6 754.36 1315506795484859 15612 1 746.27 1770376.00
problem7 1482.24 1224007824365989 44828 1 1471.21 9856256.00
problem8 1566.44 1182706603189340 49065 1 1558.97 6841220.00
problem9 1477.58 1054489858003145 41425 1 1467.82 6789616.00
problem10 1492.95 1166893022769003 39292 1 1487.20 5640744.00
problem11 1868.25 1194489845027638 67410 1 1857.69 12346012.00
problem12 1130.52 1207065071701391 22860 1 1121.12 6417968.00
problem13 1615.61 1151860731413782 39124 1 1607.69 12746456.00
problem14 887.95 1323316576623742 9141 1 884.43 2056620.00
problem15 1021.02 1260965591456960 17133 1 1013.60 5115876.00
problem16 2153.39 1168770089283266 117148 1 2137.46 2968372.00
problem17 2471.40 1021101735450542 83707 1 2467.16 11331056.00
problem18 1476.54 1303754949561812 27782 1 1473.17 6077548.00
problem19 966.34 1304736409019226 20190 1 955.28 6805932.00
problem20 1663.21 1171442850356533 34150 1 1660.70 3546320.00
problem21 1721.04 1159588611545451 41937 1 1709.13 7756640.00
problem22 1937.25 1212582946166857 53941 1 1929.27 11574572.00
problem23 1894.24 1057769184202386 90803 1 1881.55 12353672.00
problem24 2033.85 1144986736200819 52878 1 2024.73 13621260.00
problem25 1219.14 1343214947355719 37064 1 1195.46 13569868.00
problem26 1599.86 1099661075275839 63560 1 1590.29 5820980.00
problem27 2025.74 1210250172656824 45847 1 2020.33 14949740.00
problem28 2031.40 1177192997671469 87821 1 2005.01 14152928.00
problem29 1367.06 1229300231159720 35597 1 1358.57 14152928.00
problem30 2426.63 1095639774303236 84342 1 2422.56 12912932.00
problem31 1604.72 1142560806359713 40381 1 1599.90 12831512.00
problem32 1621.51 1089767228003662 57990 1 1607.61 19942972.00
problem33 1289.32 1185645109658231 20717 1 1286.44 19891516.00
problem34 1331.89 1292786819147219 35352 1 1319.41 9602484.00
problem35 1916.89 1144832909172273 66138 1 1906.23 13276704.00
problem36 878.25 1202163395547079 12898 1 872.87 6810024.00
problem37 1989.88 1093384279982457 53192 1 1984.75 14591328.00
problem38 1911.26 1186070199717525 88383 1 1884.07 11597508.00
problem39 2563.86 1119088899384366 157119 1 2546.70 13695920.00
problem40 2193.19 1124878285245750 156966 1 2159.86 7665124.00
problem41 1229.59 1274843168727620 41284 1 1204.88 7583740.00
problem42 1031.18 1339162925840196 27134 1 1019.91 3285196.00
problem43 2074.35 1093849607937550 92840 1 2056.11 13997932.00
problem44 1867.30 1164421058578056 96513 1 1850.93 9944808.00
problem45 2607.64 1077433390075603 148987 1 2594.22 10589724.00
problem46 5379.36 1003205646842218 206347 2 5364.41 7410164.00
problem47 1007.10 1351636690733029 22929 1 988.17 7919188.00
problem48 2648.69 1070548483465649 164368 1 2626.33 4068488.00
problem49 1805.12 1235117989565094 36581 1 1801.37 7205664.00
problem50 1227.25 1319499206881343 23350 1 1220.88 10983620.00
problem51 1949.49 1166065273972815 96421 1 1932.72 10929100.00
problem52 1787.85 1165377329317726 46089 1 1775.85 14141340.00
problem53 1430.20 1175619271812254 35114 1 1419.63 8902208.00
problem54 2579.79 1078563602570557 122290 1 2571.26 8841200.00
problem55 1926.77 1196934485639343 53211 1 1920.53 13165204.00
problem56 2369.57 1077545709993224 126947 1 2358.06 13111060.00
problem57 1741.36 1194812430289309 43423 1 1737.26 3298700.00
problem58 1390.84 1281397419262246 21224 1 1386.14 10068280.00
problem59 1504.77 1292030846474631 39846 1 1499.60 8034244.00
problem60 2272.72 1121034885274209 113386 1 2254.85 7979964.00
problem61 2571.03 1159059040366901 140722 1 2560.10 5612568.00
problem62 5577.44 1006958944915927 282539 2 5561.80 5553088.00
problem63 1762.80 1136589462742565 93793 1 1740.88 10529780.00
problem64 1478.51 1189979553224987 67167 1 1455.07 10529780.00
problem65 1819.82 1153323918228082 38160 1 1807.12 16024888.00
problem66 2327.51 1148362381164138 102750 1 2313.35 16024892.00
problem67 2434.42 1128627555820382 106638 1 2425.42 6490628.00
problem68 1134.62 1259100125671685 23608 1 1126.54 9568136.00
problem69 944.59 1224591500700515 20666 1 935.55 6544752.00
problem70 1134.33 1336560139015325 17822 1 1129.89 10628468.00
problem71 1529.11 1104655455930565 44235 1 1521.68 5683480.00
problem72 2197.87 1140650398506522 60799 1 2190.92 15595272.00
problem73 1086.52 1275563122532360 20185 1 1079.95 4218528.00
problem74 1604.78 1230795698717280 27057 1 1600.08 15078796.00
problem75 1840.04 1154932117962285 55250 1 1828.18 10788012.00
problem76 2237.49 1054239314888670 87942 1 2227.74 10788012.00
problem77 1419.10 1213638556705352 23713 1 1415.08 6484436.00
problem78 1339.08 1275853445445543 12988 1 1337.54 10696056.00
problem79 1496.35 1132423527428433 37163 1 1490.18 9343824.00
problem80 2431.45 1188185819838147 136596 1 2414.62 9343824.00
problem81 1452.47 1319447702997115 27423 1 1440.50 9811780.00
problem82 1753.45 1263094176266063 17805 1 1751.23 14077304.00
problem83 2852.94 983568738334384 255063 1 2839.66 10103088.00
problem84 1008.47 1280999931886500 17357 1 999.37 10103088.00
problem85 1357.23 1215901525397242 26190 1 1345.83 8525716.00
problem86 2491.31 1083976906450706 136617 1 2472.22 7945764.00
problem87 1076.69 1249392896121284 20110 1 1071.86 6251856.00
problem88 1410.68 1040476935445463 51888 1 1393.61 14278420.00
problem89 2194.26 1237124707953913 41974 1 2191.18 4889528.00
problem90 2038.83 1168630730031436 100145 1 2025.67 5078980.00
problem91 1249.19 1255919272472030 21372 1 1236.52 5458628.00
problem92 1393.22 1091991658090013 33580 1 1385.91 13177860.00
problem93 1322.69 1235723773083735 29960 1 1315.17 7091076.00
problem94 2123.48 1157571632322915 91690 1 2105.16 9200596.00
problem95 1498.94 1203372216059412 35726 1 1495.58 8859040.00
problem96 1017.16 1227276964135483 25636 1 1007.07 8859040.00
problem97 5602.57 1120334308709418 340969 2 5572.05 4516744.00
problem98 1462.95 1265633638571511 44733 1 1448.03 5696908.00
problem99 2324.93 1063970310094842 70358 1 2319.41 13033536.00
