problem0 1.37 310160 5 -2006380392 6.95326e-310 0.00
problem1 1.54 388639 5 -2006380392 6.95326e-310 0.00
problem2 1.45 244662 5 -2006380392 6.95326e-310 0.00
problem3 1.4 331797 5 -2006380392 6.95326e-310 0.00
problem4 1.3 317692 5 -2006380392 6.95326e-310 0.00
problem5 0.92 292395 5 -2006380392 6.95326e-310 0.00
problem6 1.45 321890 5 -2006380392 6.95326e-310 0.00
problem7 1.47 329313 5 -2006380392 6.95326e-310 0.00
problem8 1.36 320232 5 -2006380392 6.95326e-310 0.00
problem9 1.34 329399 5 -2006380392 6.95326e-310 0.00
problem10 2.09 269198 5 -2006380392 6.95326e-310 0.00
problem11 3.5 335149 5 -2006380392 6.95326e-310 0.00
problem12 2.55 264532 5 -2006380392 6.95326e-310 0.00
problem13 1.98 315331 5 -2006380392 6.95326e-310 0.00
problem14 1.69 328250 5 -2006380392 6.95326e-310 0.00
problem15 1.71 296057 5 -2006380392 6.95326e-310 0.00
problem16 1.78 343104 5 -2006380392 6.95326e-310 0.00
problem17 1.51 311631 5 -2006380392 6.95326e-310 0.00
problem18 1.23 314726 5 -2006380392 6.95326e-310 0.00
problem19 1.17 339013 5 -2006380392 6.95326e-310 0.00
problem20 0.86 306092 5 -2006380392 6.95326e-310 0.00
problem21 1.54 265051 5 -2006380392 6.95326e-310 0.00
problem22 1.21 273682 5 -2006380392 6.95326e-310 0.00
problem23 1.28 328849 5 -2006380392 6.95326e-310 0.00
problem24 1.23 296856 5 -2006380392 6.95326e-310 0.00
problem25 1.98 318951 5 -2006380392 6.95326e-310 0.00
problem26 1.43 299326 5 -2006380392 6.95326e-310 0.00
problem27 1.4 327005 5 -2006380392 6.95326e-310 0.00
problem28 1.15 278532 5 -2006380392 6.95326e-310 0.00
problem29 1.65 321779 5 -2006380392 6.95326e-310 0.00
problem30 1.4 305642 5 -2006380392 6.95326e-310 0.00
problem31 1.19 280233 5 -2006380392 6.95326e-310 0.00
problem32 1.04 328944 5 -2006380392 6.95326e-310 0.00
problem33 1.28 334975 5 -2006380392 6.95326e-310 0.00
problem34 1.43 288534 5 -2006380392 6.95326e-310 0.00
problem35 1.08 315509 5 -2006380392 6.95326e-310 0.00
problem36 1.34 345692 5 -2006380392 6.95326e-310 0.00
problem37 0.81 305291 5 -2006380392 6.95326e-310 0.00
problem38 0.97 243906 5 -2006380392 6.95326e-310 0.00
problem39 1.35 330433 5 -2006380392 6.95326e-310 0.00
problem40 1.81 308296 5 -2006380392 6.95326e-310 0.00
problem41 2.06 326935 5 -2006380392 6.95326e-310 0.00
problem42 1.48 331502 5 -2006380392 6.95326e-310 0.00
problem43 1.07 271757 5 -2006380392 6.95326e-310 0.00
problem44 1.34 294580 5 -2006380392 6.95326e-310 0.00
problem45 1.52 313891 5 -2006380392 6.95326e-310 0.00
problem46 1.58 285082 5 -2006380392 6.95326e-310 0.00
problem47 1.37 331993 5 -2006380392 6.95326e-310 0.00
problem48 1.17 300448 5 -2006380392 6.95326e-310 0.00
problem49 1.46 294831 5 -2006380392 6.95326e-310 0.00
problem50 1.15 313542 5 -2006380392 6.95326e-310 0.00
problem51 1.08 294053 5 -2006380392 6.95326e-310 0.00
problem52 1.46 354572 5 -2006380392 6.95326e-310 0.00
problem53 1.11 298427 5 -2006380392 6.95326e-310 0.00
problem54 0.97 380018 5 -2006380392 6.95326e-310 0.00
problem55 1.25 301297 5 -2006380392 6.95326e-310 0.00
problem56 1.06 354552 5 -2006380392 6.95326e-310 0.00
problem57 0.92 353351 5 -2006380392 6.95326e-310 0.00
problem58 2.36 332958 5 -2006380392 6.95326e-310 0.00
problem59 1.42 300477 5 -2006380392 6.95326e-310 0.00
problem60 1.16 279908 5 -2006380392 6.95326e-310 0.00
problem61 1.66 324435 5 -2006380392 6.95326e-310 0.00
problem62 1.08 282954 5 -2006380392 6.95326e-310 0.00
problem63 1.09 303881 5 -2006380392 6.95326e-310 0.00
problem64 1.35 339536 5 -2006380392 6.95326e-310 0.00
problem65 1.56 322271 5 -2006380392 6.95326e-310 0.00
problem66 1.61 291446 5 -2006380392 6.95326e-310 0.00
problem67 1 323797 5 -2006380392 6.95326e-310 0.00
problem68 1.41 349116 5 -2006380392 6.95326e-310 0.00
problem69 1.12 342763 5 -2006380392 6.95326e-310 0.00
problem70 1.62 272418 5 -2006380392 6.95326e-310 0.00
problem71 1.87 306977 5 -2006380392 6.95326e-310 0.00
problem72 1.62 304552 5 -2006380392 6.95326e-310 0.00
problem73 1.86 349047 5 -2006380392 6.95326e-310 0.00
problem74 1.55 320078 5 -2006380392 6.95326e-310 0.00
problem75 1.24 282093 5 -2006380392 6.95326e-310 0.00
problem76 0.91 300052 5 -2006380392 6.95326e-310 0.00
problem77 1.48 337027 5 -2006380392 6.95326e-310 0.00
problem78 1.62 332026 5 -2006380392 6.95326e-310 0.00
problem79 1.95 294201 5 -2006380392 6.95326e-310 0.00
problem80 1.2 282368 5 -2006380392 6.95326e-310 0.00
problem81 1.15 318991 5 -2006380392 6.95326e-310 0.00
problem82 1.15 336934 5 -2006380392 6.95326e-310 0.00
problem83 1.38 290053 5 -2006380392 6.95326e-310 0.00
problem84 1.18 312940 5 -2006380392 6.95326e-310 0.00
problem85 1.19 307227 5 -2006380392 6.95326e-310 0.00
problem86 1.88 363474 5 -2006380392 6.95326e-310 0.00
problem87 1.14 249169 5 -2006380392 6.95326e-310 0.00
problem88 1.4 305752 5 -2006380392 6.95326e-310 0.00
problem89 1.41 314023 5 -2006380392 6.95326e-310 0.00
problem90 2.25 309246 5 -2006380392 6.95326e-310 0.00
problem91 1.16 331293 5 -2006380392 6.95326e-310 0.00
problem92 1.1 289476 5 -2006380392 6.95326e-310 0.00
problem93 1.14 351667 5 -2006380392 6.95326e-310 0.00
problem94 2.06 317610 5 -2006380392 6.95326e-310 0.00
problem95 1.37 335721 5 -2006380392 6.95326e-310 0.00
problem96 1.98 260016 5 -2006380392 6.95326e-310 0.00
problem97 1.04 334143 5 -2006380392 6.95326e-310 0.00
problem98 1.24 269782 5 -2006380392 6.95326e-310 0.00
problem99 1.24 274741 5 -2006380392 6.95326e-310 0.00
