problem0 0.34 24731531265825 1 2452.00
problem1 0.65 25606701700635 0 2508.00
problem2 0.39 27788535222161 1 2508.00
problem3 0.36 24926016662409 1 2508.00
problem4 0.05 22932486939137 1 2508.00
problem5 0.64 22119341943547 0 2508.00
problem6 0.11 25698188213873 1 2508.00
problem7 0.54 25902368625769 1 2508.00
problem8 0.11 25418798343393 1 2508.00
problem9 0.11 22931230205913 1 2508.00
problem10 0.60 23785899513171 0 2508.00
problem11 0.62 23774876230988 0 2508.00
problem12 0.64 21434552324036 0 2508.00
problem13 0.62 25911362129084 0 2508.00
problem14 0.06 24279295300657 1 2508.00
problem15 0.64 27321538141739 0 2508.00
problem16 0.14 26428077122209 1 2508.00
problem17 0.18 25791771449753 1 2508.00
problem18 0.27 24907401001745 1 2508.00
problem19 0.64 27548021620491 0 2508.00
problem20 0.46 24125181582721 1 2508.00
problem21 0.63 25621670907516 0 2508.00
problem22 0.40 23731942623729 1 2508.00
problem23 0.64 25445499291629 0 2508.00
problem24 0.28 21474134900833 1 2508.00
problem25 0.63 23104624405339 0 2508.00
problem26 0.62 20302156087509 0 2508.00
problem27 0.07 24735912507593 1 2508.00
problem28 0.06 22948340419393 1 2508.00
problem29 0.13 25694820184121 1 2508.00
problem30 0.65 24128220831667 0 2508.00
problem31 0.26 25888545034665 1 2508.00
problem32 0.63 26461284859427 0 2508.00
problem33 0.65 24083700833564 0 2508.00
problem34 0.05 23194317694609 1 2508.00
problem35 0.13 26905465197193 1 2508.00
problem36 0.35 27699623450881 1 2508.00
problem37 0.18 24132508267001 1 2508.00
problem38 0.61 21362962224500 0 2508.00
problem39 0.35 25378278341481 1 2508.00
problem40 0.48 21879284685793 1 2508.00
problem41 0.08 24001045999321 1 2508.00
problem42 0.29 21525311106129 1 2508.00
problem43 0.55 26214236130377 1 2508.00
problem44 0.06 23815315621569 1 2508.00
problem45 0.09 25533100577721 1 2508.00
problem46 0.04 22667162626865 1 2508.00
problem47 0.63 23145865463083 0 2508.00
problem48 0.41 24941607279009 1 2508.00
problem49 0.20 23823429148825 1 2508.00
problem50 0.29 22054558159377 1 2508.00
problem51 0.65 21094326314508 0 2508.00
problem52 0.39 22520430351489 1 2508.00
problem53 0.49 21145801528697 1 2508.00
problem54 0.65 26937031172339 0 2508.00
problem55 0.09 24619707805417 1 2508.00
problem56 0.49 22085734725473 1 2508.00
problem57 0.24 25659678175833 1 2508.00
problem58 0.19 21892434008017 1 2508.00
problem59 0.16 23244588081097 1 2508.00
problem60 0.56 24115329090113 1 2508.00
problem61 0.64 22800896161595 0 2508.00
problem62 0.63 23754737759923 0 2508.00
problem63 0.60 23128881248425 1 2508.00
problem64 0.64 25718266213669 0 2508.00
problem65 0.39 27108502660121 1 2508.00
problem66 0.63 22914177367443 0 2508.00
problem67 0.32 23940901616009 1 2508.00
problem68 0.64 24143294353411 0 2508.00
problem69 0.63 24272224352507 0 2508.00
problem70 0.08 18797439577201 1 2508.00
problem71 0.63 26686552203884 0 2508.00
problem72 0.66 24307398054628 0 2508.00
problem73 0.07 22203386672601 1 2508.00
problem74 0.65 25283079832403 0 2508.00
problem75 0.65 26317149156172 0 2508.00
problem76 0.43 21757126016449 1 2508.00
problem77 0.13 25311817800377 1 2508.00
problem78 0.62 24061935534643 0 2508.00
problem79 0.16 24300254145577 1 2508.00
problem80 0.62 22635357180067 0 2508.00
problem81 0.15 22148690880409 1 2508.00
problem82 0.65 26471233333523 0 2508.00
problem83 0.64 25969142680843 0 2508.00
problem84 0.12 22588179467137 1 2508.00
problem85 0.48 20500164926585 1 2508.00
problem86 0.26 21701041633265 1 2508.00
problem87 0.62 23750419944940 0 2508.00
problem88 0.12 24876229996129 1 2508.00
problem89 0.10 25478219774297 1 2508.00
problem90 0.66 26877347360468 0 2508.00
problem91 0.37 24543900436169 1 2508.00
problem92 0.63 22923706087748 0 2508.00
problem93 0.43 23280847863353 1 2508.00
problem94 0.18 22417966321073 1 2508.00
problem95 0.17 24497728167849 1 2508.00
problem96 0.11 18773302864929 1 2508.00
problem97 0.18 23398160984857 1 2508.00
problem98 0.51 24449449907345 1 2508.00
problem99 0.56 22438202531977 1 2508.00
