problem0 0.95 1534639617525511 539 1 0.95
problem1 0.56 1686260050319643 263 1 0.54
problem2 0.59 1657664151939047 107 1 0.59
problem3 1.1 1437430080490989 665 2 1.1
problem4 0.56 1560128372325174 257 1 0.55
problem5 0.58 1747738287697702 82 1 0.58
problem6 0.58 1636278015096056 337 1 0.58
problem7 0.55 1447813860135334 412 1 0.54
problem8 0.53 1435477447104568 428 1 0.53
problem9 0.52 1446878046773795 385 1 0.52
problem10 0.57 1495134138012759 619 1 0.55
problem11 0.62 1651259277067131 239 1 0.62
problem12 0.56 1532441370649746 325 1 0.56
problem13 0.57 1444519822711019 455 1 0.56
problem14 0.62 1768609473690534 82 1 0.62
problem15 0.96 1060945595838854 752 2 0.95
problem16 0.54 1518445458825228 384 1 0.54
problem17 0.57 1557159968079172 223 1 0.57
problem18 1.26 1579807531299072 992 2 1.26
problem19 0.62 1732310687252585 285 1 0.61
problem20 0.58 1554677406638182 410 1 0.57
problem21 0.6 1609851476951867 286 1 0.6
problem22 0.6 1669379752392267 417 1 0.59
problem23 0.65 1611412658843778 342 1 0.64
problem24 0.59 1552252372977315 611 1 0.58
problem25 0.5 1387041360351155 612 1 0.49
problem26 0.52 1215765579107805 448 1 0.51
problem27 0.49 1328483377352792 844 1 0.49
problem28 0.59 1511208032806657 461 1 0.58
problem29 0.56 1457055935631926 583 1 0.54
problem30 0.58 1710259821913164 377 1 0.58
problem31 0.59 1555559088596605 422 1 0.57
problem32 0.54 1463486482297174 655 1 0.54
problem33 0.59 1509026934433747 673 1 0.59
problem34 0.6 1595443660904319 470 1 0.6
problem35 0.59 1605545572382484 463 1 0.58
problem36 0.6 1581753395559246 418 1 0.59
problem37 0.6 1496406954325304 420 1 0.6
problem38 0.64 1756156191555585 169 1 0.63
problem39 0.6 1646563420173040 394 1 0.6
problem40 0.63 1819636272593346 305 1 0.63
problem41 0.62 1733285977874469 244 1 0.61
problem42 0.65 1841999272972438 147 1 0.65
problem43 0.56 1546376085806286 664 1 0.56
problem44 0.61 1645232183891853 388 1 0.61
problem45 0.59 1537789180527234 481 1 0.58
problem46 0.62 1669946872447549 75 1 0.62
problem47 0.59 1535496050150718 255 1 0.59
problem48 0.57 1414897887071736 547 1 0.57
problem49 0.58 1575967006487924 285 1 0.58
problem50 0.6 1689431781387405 331 1 0.59
problem51 0.59 1503683955393813 415 1 0.59
problem52 0.59 1586310625040274 488 1 0.58
problem53 0.59 1830264646683529 266 1 0.59
problem54 0.58 1488463367076692 705 1 0.56
problem55 0.6 1585161239710204 436 1 0.6
problem56 0.6 1599287415594294 318 1 0.59
problem57 0.59 1612619258726177 204 1 0.59
problem58 0.52 1511779592453029 870 1 0.51
problem59 0.5 1339832341195054 233 1 0.49
problem60 0.56 1378750618511858 161 1 0.55
problem61 0.58 1568308914527074 334 1 0.57
problem62 0.55 1410456163345000 981 1 0.53
problem63 0.52 1522843176216828 909 1 0.51
problem64 0.59 1729196785472954 187 1 0.59
problem65 0.6 1776071393735445 403 1 0.6
problem66 0.6 1601350904023831 318 1 0.6
problem67 0.57 1457278488042841 499 1 0.56
problem68 0.6 1578875717809226 178 1 0.6
problem69 0.59 1660853798798773 161 1 0.58
problem70 0.59 1596543755829340 254 1 0.59
problem71 0.6 1702193140669969 644 1 0.59
problem72 0.56 1431623212354855 426 1 0.56
problem73 0.61 1524579450294213 192 1 0.61
problem74 0.6 1540412947747884 138 1 0.6
problem75 0.58 1582711424904529 295 1 0.58
problem76 0.64 1625511391091155 332 1 0.64
problem77 0.6 1559668771432993 391 1 0.6
problem78 0.59 1499670202025671 407 1 0.59
problem79 0.54 1485495709444311 278 1 0.54
problem80 0.57 1448929132983893 233 1 0.57
problem81 0.54 1387662905964613 683 1 0.54
problem82 0.59 1566295792792989 388 1 0.58
problem83 0.6 1667749574216074 461 1 0.59
problem84 0.6 1716636625685539 143 1 0.6
problem85 0.63 1828292561942349 301 1 0.62
problem86 0.59 1681558439923986 97 1 0.59
problem87 0.58 1712819700421422 334 1 0.57
problem88 0.59 1656757755733086 215 1 0.59
problem89 0.57 1526766623456273 393 1 0.56
problem90 0.59 1496679861027795 302 1 0.58
problem91 0.59 1598867231245489 404 1 0.58
problem92 0.6 1648084911557875 106 1 0.59
problem93 0.6 1685097123027556 229 1 0.59
problem94 0.59 1570866230337012 654 1 0.57
problem95 0.58 1476798353611275 310 1 0.58
problem96 0.63 1743866246799105 299 1 0.62
problem97 0.56 1462504675031573 427 1 0.56
problem98 0.5 1366823053551167 944 1 0.49
problem99 0.6 1616506078352185 89 1 0.59
