problem0 2987.92 4741267119516883 1 44940.00
problem1 1381.14 6006951746205317 1 45068.00
problem2 3199.63 5386164890491712 1 69080.00
problem3 257.60 6771228100308382 1 69080.00
problem4 1445.93 4828816998507221 1 69080.00
problem5 6653.45 4458361040663615 1 69080.00
problem6 4982.75 5304074823027410 1 69080.00
problem7 1845.54 5817431323905192 1 69080.00
problem8 4659.25 5402204576531575 1 69080.00
problem9 4373.26 5471782534904601 1 69080.00
problem10 2703.96 5625812789066500 1 69080.00
problem11 7899.09 5015724020536786 1 69080.00
problem12 715.27 6215894065456057 1 69080.00
