problem0 1.36 16375213870 612 1 1.33 19920.00
problem1 1.69 14672493915 1837 3 1.62 15768.00
problem2 0.56 14360483602 1499 1 0.52 15768.00
problem3 0.60 14031040672 1148 1 0.55 15844.00
problem4 1.40 15123790872 2949 2 1.33 16056.00
problem5 0.72 15459315102 1469 1 0.68 16056.00
problem6 1.65 11878586930 3015 2 1.59 29880.00
problem7 0.64 15792070973 1454 1 0.60 11284.00
problem8 0.66 16335503539 881 1 0.63 14376.00
problem9 1.77 13260718073 4353 2 1.66 23792.00
problem10 0.77 14187214968 1920 1 0.73 23792.00
problem11 0.65 15131961491 759 1 0.64 13812.00
problem12 0.84 15481652444 2135 1 0.75 19960.00
problem13 0.82 14367353820 1434 1 0.78 27608.00
problem14 0.79 14183734094 1192 1 0.76 27608.00
problem15 0.87 12977352967 1580 1 0.84 27608.00
problem16 0.54 16357175088 573 1 0.50 12984.00
problem17 0.88 12977481881 3158 1 0.84 14048.00
problem18 0.90 13236590620 2656 1 0.84 22288.00
problem19 0.71 13351843681 970 1 0.66 22288.00
problem20 0.68 15672029389 1150 1 0.62 10768.00
problem21 0.68 16763042199 982 1 0.65 15372.00
problem22 0.84 15785416701 1650 1 0.75 23024.00
problem23 0.66 16307994047 987 1 0.62 23024.00
problem24 0.72 12568628950 1685 1 0.69 11388.00
problem25 0.73 15143910390 1207 1 0.68 12268.00
problem26 0.85 15121158216 1029 1 0.83 24944.00
problem27 0.68 16151349244 699 1 0.65 21564.00
problem28 0.75 14841436305 1104 1 0.70 21452.00
problem29 0.61 14824494221 513 1 0.60 19840.00
problem30 0.70 14522995909 1197 1 0.68 19940.00
problem31 1.97 12932845875 5062 2 1.73 28408.00
problem32 0.58 16702313045 581 1 0.53 12128.00
problem33 0.95 12516336550 2828 1 0.91 13580.00
problem34 0.80 12578240427 2772 1 0.75 13580.00
problem35 0.94 13893983275 3701 1 0.82 14220.00
problem36 0.66 15584112279 827 1 0.64 14220.00
problem37 0.85 13448184715 2489 1 0.77 14220.00
problem38 0.91 13428431316 1775 1 0.88 16944.00
problem39 0.87 13820805666 2954 1 0.70 16944.00
problem40 0.66 14602177464 671 1 0.64 15420.00
problem41 0.73 14672663506 1217 1 0.72 15472.00
problem42 0.91 14083383952 2500 1 0.84 15520.00
problem43 0.86 13822299599 1719 1 0.83 16336.00
problem44 0.94 11287189741 3634 1 0.90 16336.00
problem45 0.61 14526238825 582 1 0.59 16336.00
problem46 0.99 12979926294 3471 1 0.95 16336.00
problem47 0.87 14722658240 2298 1 0.79 16336.00
problem48 0.86 14312079685 2228 1 0.81 16728.00
problem49 0.99 13882698103 3852 1 0.92 16728.00
problem50 0.95 11561404452 2946 1 0.91 16408.00
problem51 0.74 15745386124 1756 1 0.65 16408.00
problem52 0.58 17039137657 374 1 0.55 16408.00
problem53 0.78 14722299853 1398 1 0.73 18112.00
problem54 0.76 14399874748 876 1 0.73 22820.00
problem55 0.90 12967440639 1958 1 0.84 22924.00
problem56 1.00 11946040928 3849 1 0.94 14964.00
problem57 0.75 14789432033 1080 1 0.72 22188.00
problem58 0.72 13749104167 1727 1 0.69 13240.00
problem59 0.67 15336704073 945 1 0.62 17304.00
problem60 1.04 12184559059 4532 1 0.98 16308.00
problem61 0.61 13677950460 414 1 0.59 16312.00
problem62 0.69 14976420968 1268 1 0.65 16312.00
problem63 1.00 11987505443 2382 1 0.90 36648.00
problem64 0.80 14006788065 1032 1 0.78 15452.00
problem65 0.68 15618589848 884 1 0.64 15476.00
problem66 0.83 14519851422 1673 1 0.80 19008.00
problem67 0.95 13567754851 3972 1 0.83 19008.00
problem68 0.78 15409441639 1999 1 0.73 13692.00
problem69 0.78 16083546609 1201 1 0.72 23468.00
problem70 0.98 13202057890 4568 1 0.88 16416.00
problem71 0.71 14185781129 1495 1 0.67 16416.00
problem72 0.79 15527434960 1967 1 0.71 16416.00
problem73 0.95 12703653919 2512 1 0.91 22024.00
problem74 0.78 14588538632 2178 1 0.69 13472.00
problem75 0.80 12643137825 3218 1 0.70 13532.00
problem76 0.61 16251731458 536 1 0.59 13532.00
problem77 0.95 14728370575 2819 1 0.84 25848.00
problem78 0.87 14525849636 3354 1 0.78 25848.00
problem79 0.70 14416667125 1177 1 0.67 14008.00
problem80 0.78 13186426388 2173 1 0.72 14464.00
problem81 0.86 14828005024 1864 1 0.80 14564.00
problem82 0.87 13151701354 2560 1 0.83 14564.00
problem83 0.82 13162851083 1899 1 0.77 14564.00
problem84 0.75 15213322106 1161 1 0.72 14564.00
problem85 0.77 13432735356 1486 1 0.75 14564.00
problem86 0.87 13176484303 2489 1 0.81 18504.00
problem87 1.08 12487431520 4569 1 1.02 18504.00
problem88 0.88 13514057829 1301 1 0.87 14296.00
problem89 0.93 14003793163 2959 1 0.85 14344.00
problem90 1.02 13026178917 4122 1 0.97 15628.00
problem91 0.66 16193057578 649 1 0.63 15628.00
problem92 0.72 14786578251 969 1 0.67 15984.00
problem93 0.76 13779614596 1310 1 0.73 18064.00
problem94 0.95 11412955686 3345 1 0.87 14068.00
problem95 0.90 12161174360 2229 1 0.83 29348.00
problem96 0.95 12874833889 1837 1 0.92 17652.00
problem97 0.91 13926106214 2102 1 0.87 25336.00
problem98 0.62 14743506601 675 1 0.59 12028.00
problem99 0.70 16133365459 829 1 0.66 19000.00
