problem0 0 11976660 1 0.00
problem1 0.00 13701194 1 0.00
problem2 0.00 13586577 1 0.00
problem3 0.00 12603459 1 0.00
problem4 0.00 13088534 1 0.00
problem5 0.00 11788900 1 0.00
problem6 0.00 12022947 1 0.00
problem7 0.00 11841261 1 0.00
problem8 0.00 11979896 1 0.00
problem9 0.00 13711390 1 0.00
problem10 0.00 13079509 1 0.00
problem11 0.00 11676215 1 0.00
problem12 0.00 13271546 1 0.00
problem13 0.00 13986680 1 0.00
problem14 0.00 12386343 1 0.00
problem15 0.00 11512865 1 0.00
problem16 0.00 12024220 1 0.00
problem17 0.00 12875378 1 0.00
problem18 0.00 11807641 1 0.00
problem19 0.00 14466731 1 0.00
problem20 0.00 11957598 1 0.00
problem21 0.00 12055308 1 0.00
problem22 0.00 12494891 1 0.00
problem23 0.00 12553173 1 0.00
problem24 0.00 12998464 1 0.00
problem25 0.00 12393286 1 0.00
problem26 0.00 13182941 1 0.00
problem27 0.00 12246431 1 0.00
problem28 0.00 12984642 1 0.00
problem29 0.00 12503328 1 0.00
problem30 0.00 12156079 1 0.00
problem31 0.00 13114889 1 0.00
problem32 0.00 12252516 1 0.00
problem33 0.00 11499162 1 0.00
problem34 0.00 11573409 1 0.00
problem35 0.00 12932883 1 0.00
problem36 0.00 12981670 1 0.00
problem37 0.00 13057460 1 0.00
problem38 0.00 13143475 1 0.00
problem39 0.00 12530365 1 0.00
problem40 0.00 14083080 1 0.00
problem41 0.00 12703854 1 0.00
problem42 0.00 12226021 1 0.00
problem43 0.00 12516103 1 0.00
problem44 0.00 12640906 1 0.00
problem45 0.00 13410504 1 0.00
problem46 0.00 11332407 1 0.00
problem47 0.00 12622321 1 0.00
problem48 0.00 12956460 1 0.00
problem49 0.00 13930690 1 0.00
problem50 0.00 13178793 1 0.00
problem51 0.00 13146491 1 0.00
problem52 0.00 12523502 1 0.00
problem53 0.00 14434908 1 0.00
problem54 0.00 11380027 1 0.00
problem55 0.00 13509541 1 0.00
problem56 0.00 12382928 1 0.00
problem57 0.00 13234070 1 0.00
problem58 0.00 13125101 1 0.00
problem59 0.00 11600495 1 0.00
problem60 0.00 12273106 1 0.00
problem61 0.00 11629168 1 0.00
problem62 0.00 13355967 1 0.00
problem63 0.00 14393305 1 0.00
problem64 0.00 11023092 1 0.00
problem65 0.00 12207338 1 0.00
problem66 0.00 11675825 1 0.00
problem67 0.00 14747107 1 0.00
problem68 0.00 12975158 1 0.00
problem69 0.00 13730052 1 0.00
