problem0 38.61 584934015434729 1 8036.00
problem1 40.83 585798542449175 1 12236.00
problem2 27.67 592620143587573 1 12236.00
problem3 30.16 589326297381891 1 12236.00
problem4 50.77 536907450236609 1 12236.00
problem5 26.46 559252138551471 1 12236.00
problem6 55.39 566874331395405 1 12236.00
problem7 16.61 603646045867035 1 12236.00
problem8 30.49 540662052937881 1 12236.00
problem9 45.57 606118669521479 1 12236.00
problem10 46.53 553423607024805 1 12236.00
problem11 26.61 605744824330035 1 12236.00
problem12 25.62 598129622795633 1 12236.00
problem13 37.24 554216638068447 1 12236.00
problem14 39.35 599143493850877 1 12236.00
problem15 57.02 529493317692747 1 12236.00
problem16 49.03 532788463652169 1 12236.00
problem17 27.13 617774528181879 1 12236.00
problem18 51.33 607998900057173 1 12236.00
problem19 53.66 561275626208867 1 12236.00
problem20 17.85 652476653754401 1 12236.00
problem21 16.19 580084461007119 1 12236.00
problem22 18.22 607111260882093 1 12236.00
problem23 27.47 556001782086267 1 12236.00
problem24 28.25 580144871097849 1 12236.00
problem25 34.45 604410970195623 1 12236.00
problem26 35.43 565269419091973 1 12236.00
problem27 12.03 651376144810387 1 12236.00
problem28 13.63 629249297938129 1 12236.00
problem29 16.55 572008120391487 1 12236.00
problem30 32.21 639052549717597 1 12236.00
problem31 26.01 628399076078507 1 12236.00
problem32 44.76 605927344360105 1 12236.00
problem33 21.87 619358872060631 1 12236.00
problem34 39.40 470758255126453 1 12236.00
problem35 58.28 543293556289731 1 12240.00
problem36 41.63 539451284300161 1 12240.00
problem37 29.99 579981695297903 1 12240.00
problem38 40.17 569996194350093 1 12240.00
problem39 40.72 589501736474843 1 12240.00
problem40 16.33 599696927349593 1 12240.00
problem41 26.87 595549277727495 1 12240.00
problem42 51.61 472936059253605 1 12240.00
problem43 20.02 645112448322547 1 12240.00
problem44 22.24 588200152782897 1 12240.00
problem45 38.86 581323364018079 1 12240.00
problem46 25.79 574204365657533 1 12240.00
problem47 42.43 549044537911819 1 12240.00
problem48 31.52 626049835595785 1 12240.00
problem49 21.26 579203374481207 1 12240.00
problem50 44.63 594237814065941 1 12240.00
problem51 36.76 564639755227939 1 12240.00
problem52 46.47 594497305287393 1 12240.00
problem53 27.09 542661177381327 1 12240.00
problem54 24.12 655147188220781 1 12240.00
problem55 28.10 634723518850875 1 12240.00
problem56 42.00 533722274078905 1 12240.00
problem57 33.06 563764092780391 1 12240.00
problem58 15.81 524396255129285 1 12240.00
problem59 45.51 531662508508755 1 12240.00
problem60 19.71 630407991454097 1 12240.00
problem61 28.88 593983118764031 1 12240.00
problem62 38.55 617257693207837 1 12240.00
problem63 32.58 620832439636075 1 12240.00
problem64 39.75 538308782937449 1 12240.00
problem65 20.26 613463120669591 1 12240.00
problem66 65.47 556494291230325 1 12240.00
problem67 29.36 579589868545411 1 12240.00
problem68 58.22 516800741164097 1 12240.00
problem69 54.85 543993799715375 1 12240.00
problem70 36.22 597114851496653 1 12240.00
problem71 45.99 528506742252955 1 12240.00
problem72 54.49 562034227582489 1 12240.00
problem73 19.58 576134425871303 1 12240.00
problem74 17.98 599198493530661 1 12240.00
problem75 59.69 568410530099379 1 12240.00
problem76 42.72 615462545795825 1 12240.00
problem77 21.91 604848046790751 1 12240.00
problem78 37.17 582852570944637 1 12240.00
problem79 20.73 652761174763211 1 12240.00
problem80 31.54 576881688765129 1 12240.00
problem81 30.62 532064913328119 1 12240.00
problem82 23.26 619783629971925 1 12240.00
problem83 28.86 577275013310435 1 12240.00
problem84 28.48 604761253748129 1 12240.00
problem85 29.06 585178891547279 1 12240.00
problem86 37.20 534778215752237 1 12240.00
problem87 8.52 614999336276987 1 12240.00
problem88 22.23 661349113215865 1 12240.00
problem89 37.25 557213683480615 1 12240.00
problem90 29.80 647678966084997 1 12240.00
problem91 12.72 596878026361619 1 12240.00
problem92 25.13 631404133194833 1 12240.00
problem93 42.81 562982312179903 1 12240.00
problem94 35.77 521160950315997 1 12240.00
problem95 49.40 558110607207723 1 12240.00
problem96 33.75 607007492317225 1 12240.00
problem97 45.55 595746798163031 1 12240.00
problem98 36.62 561737192641845 1 12240.00
problem99 17.61 668431527582275 1 12240.00
