problem0 0.62 569602415826267 5 713432664 6.95318e-310 0.00
problem1 2 488631937552923 5 713432664 6.95318e-310 0.00
problem2 0.73 578697861028383 5 713432664 6.95318e-310 0.00
problem3 2.15 637775843158012 5 713432664 6.95318e-310 0.00
problem4 0.62 623474472684073 5 713432664 6.95318e-310 0.00
problem5 0.54 617949825010894 5 713432664 6.95318e-310 0.00
problem6 0.6 648777675719993 5 713432664 6.95318e-310 0.00
problem7 0.6 540091326977791 5 713432664 6.95318e-310 0.00
problem8 0.67 462494294980195 5 713432664 6.95318e-310 0.00
problem9 1.47 460233651564438 5 713432664 6.95318e-310 0.00
problem10 0.6 569563234609689 5 713432664 6.95318e-310 0.00
problem11 0.69 511663596246652 5 713432664 6.95318e-310 0.00
problem12 1.64 543606394536253 5 713432664 6.95318e-310 0.00
problem13 0.7 436994243491492 5 713432664 6.95318e-310 0.00
problem14 0.62 566213090123264 5 713432664 6.95318e-310 0.00
problem15 2.84 598364133265171 5 713432664 6.95318e-310 0.00
problem16 0.75 677049959522357 5 713432664 6.95318e-310 0.00
problem17 1.58 560949170047005 5 713432664 6.95318e-310 0.00
problem18 0.63 447239542809929 5 713432664 6.95318e-310 0.00
problem19 0.82 559572222222474 5 713432664 6.95318e-310 0.00
problem20 0.67 518673804938348 5 713432664 6.95318e-310 0.00
problem21 0.9 434909832824051 5 713432664 6.95318e-310 0.00
problem22 0.69 552407109380775 5 713432664 6.95318e-310 0.00
problem23 0.78 678089843129285 5 713432664 6.95318e-310 0.00
problem24 1.27 556248899067981 5 713432664 6.95318e-310 0.00
problem25 0.88 626096841970953 5 713432664 6.95318e-310 0.00
problem26 0.65 557834260610844 5 713432664 6.95318e-310 0.00
problem27 0.64 599044554449391 5 713432664 6.95318e-310 0.00
problem28 0.69 559915368742832 5 713432664 6.95318e-310 0.00
problem29 0.7 517443009307387 5 713432664 6.95318e-310 0.00
problem30 0.67 635998467132409 5 713432664 6.95318e-310 0.00
problem31 3 526085726868296 5 713432664 6.95318e-310 0.00
problem32 0.73 568455371038542 5 713432664 6.95318e-310 0.00
problem33 1.71 420377228883893 5 713432664 6.95318e-310 0.00
problem34 0.58 542048923765677 5 713432664 6.95318e-310 0.00
problem35 0.97 552448340983462 5 713432664 6.95318e-310 0.00
problem36 0.73 606970786059870 5 713432664 6.95318e-310 0.00
problem37 0.75 553686669328824 5 713432664 6.95318e-310 0.00
problem38 4.03 563018624805586 5 713432664 6.95318e-310 0.00
problem39 0.62 521348809544321 5 713432664 6.95318e-310 0.00
problem40 0.58 617503800608074 5 713432664 6.95318e-310 0.00
problem41 0.67 691916417970285 5 713432664 6.95318e-310 0.00
problem42 3.25 567797003923015 5 713432664 6.95318e-310 0.00
problem43 0.68 587329631423806 5 713432664 6.95318e-310 0.00
problem44 1.32 563480642828751 5 713432664 6.95318e-310 0.00
problem45 0.72 658080653310881 5 713432664 6.95318e-310 0.00
problem46 2.61 605831995625337 5 713432664 6.95318e-310 0.00
problem47 0.68 514237195845868 5 713432664 6.95318e-310 0.00
problem48 0.69 571305774754983 5 713432664 6.95318e-310 0.00
problem49 0.87 640044466306931 5 713432664 6.95318e-310 0.00
problem50 0.62 519738483399172 5 713432664 6.95318e-310 0.00
problem51 0.66 553605198867987 5 713432664 6.95318e-310 0.00
problem52 0.43 648463804110196 5 713432664 6.95318e-310 0.00
problem53 1.37 557269124685010 5 713432664 6.95318e-310 0.00
problem54 0.73 613907912304565 5 713432664 6.95318e-310 0.00
problem55 1.49 565357056443775 5 713432664 6.95318e-310 0.00
problem56 0.67 577961694233467 5 713432664 6.95318e-310 0.00
problem57 1.6 553231674758790 5 713432664 6.95318e-310 0.00
problem58 0.86 634015024237120 5 713432664 6.95318e-310 0.00
problem59 1.86 510806464889636 5 713432664 6.95318e-310 0.00
problem60 0.71 446420167830705 5 713432664 6.95318e-310 0.00
problem61 1.59 503637450823839 5 713432664 6.95318e-310 0.00
problem62 0.61 541260241152734 5 713432664 6.95318e-310 0.00
problem63 0.73 487368189284067 5 713432664 6.95318e-310 0.00
problem64 1.06 643719331297314 5 713432664 6.95318e-310 0.00
problem65 0.61 613731425894381 5 713432664 6.95318e-310 0.00
problem66 0.71 441681986511309 5 713432664 6.95318e-310 0.00
problem67 0.76 482375024379404 5 713432664 6.95318e-310 0.00
problem68 0.62 455806916997354 5 713432664 6.95318e-310 0.00
problem69 0.8 503427557033446 5 713432664 6.95318e-310 0.00
problem70 1.66 551519449621388 5 713432664 6.95318e-310 0.00
problem71 0.67 514338341132498 5 713432664 6.95318e-310 0.00
problem72 0.63 562655801627742 5 713432664 6.95318e-310 0.00
problem73 0.64 544916703040887 5 713432664 6.95318e-310 0.00
problem74 0.73 668738948238873 5 713432664 6.95318e-310 0.00
problem75 0.66 561265832862637 5 713432664 6.95318e-310 0.00
problem76 0.77 540464385791665 5 713432664 6.95318e-310 0.00
problem77 2.74 560686399039948 5 713432664 6.95318e-310 0.00
problem78 2.89 596293317571057 5 713432664 6.95318e-310 0.00
problem79 1.13 527274031938562 5 713432664 6.95318e-310 0.00
problem80 0.63 585303148938433 5 713432664 6.95318e-310 0.00
problem81 2.73 526943124135621 5 713432664 6.95318e-310 0.00
problem82 0.78 597955556638424 5 713432664 6.95318e-310 0.00
problem83 3.43 451972187031487 5 713432664 6.95318e-310 0.00
problem84 1.86 528072078671993 5 713432664 6.95318e-310 0.00
problem85 1.96 573646929602533 5 713432664 6.95318e-310 0.00
problem86 0.49 590799730566577 5 713432664 6.95318e-310 0.00
problem87 2.7 652611826040029 5 713432664 6.95318e-310 0.00
problem88 0.84 468083051259033 5 713432664 6.95318e-310 0.00
problem89 0.77 527320440492924 5 713432664 6.95318e-310 0.00
problem90 2.07 601296012853692 5 713432664 6.95318e-310 0.00
problem91 2.25 526567330405432 5 713432664 6.95318e-310 0.00
problem92 3.12 561817918984815 5 713432664 6.95318e-310 0.00
problem93 0.95 544231181459666 5 713432664 6.95318e-310 0.00
problem94 0.51 519654476920944 5 713432664 6.95318e-310 0.00
problem95 2.88 557993566036318 5 713432664 6.95318e-310 0.00
problem96 1.58 635429516794599 5 713432664 6.95318e-310 0.00
problem97 0.65 547858304674589 5 713432664 6.95318e-310 0.00
problem98 0.59 627657914264509 5 713432664 6.95318e-310 0.00
problem99 2.32 557760134721260 5 713432664 6.95318e-310 0.00
