problem0 0.520555 173099514336 1
problem1 0.165653 158114360934 1
problem2 6.31564 155438393373 1
problem3 0.527856 153794240159 1
problem4 1.38453 151585135522 1
problem5 0.310464 144013281408 1
problem6 1.6995 153078255023 1
problem7 0.090673 153395305545 1
problem8 2.41185 166638426500 1
problem9 0.484804 151464952890 1
problem10 1.13226 152273980513 1
problem11 0.601084 161573270675 1
problem12 1.18026 157436327302 1
problem13 0.563461 167483947924 1
problem14 16.6195 157529044531 1
problem15 1.44175 154007835005 1
problem16 0.498888 154337595816 1
problem17 1.90412 140889516174 1
problem18 0.162076 159675137317 1
problem19 0.522075 156099722503 1
problem20 1.44242 165900972010 1
problem21 2.06559 155884365096 1
problem22 0.542125 149655827255 1
problem23 0.141097 155153097009 1
problem24 10.4746 134020936268 1
problem25 0.011328 152004782946 1
problem26 0.572694 160649038441 1
problem27 4.19314 165476009979 1
problem28 0.515205 142971951822 1
problem29 0.701384 144361051452 1
problem30 3.58854 151999255739 1
problem31 0.113645 140013362021 1
problem32 0.555191 158155885424 1
problem33 0.020941 152719760566 1
problem34 2.96649 152410145837 1
problem35 0.854603 165693072751 1
problem36 1.173 153579619890 1
problem37 0.484565 163060521936 1
problem38 4.24225 150524734143 1
problem39 0.779026 151842377753 1
problem40 4.81683 156186881300 1
problem41 1.17311 151571188874 1
problem42 0.465589 151417567857 1
problem43 1.23883 147860874595 1
problem44 1.18569 150169518614 1
problem45 5.56534 147895470308 1
problem46 1.87902 160930170179 1
problem47 4.02344 159131078477 1
problem48 1.57339 152140048184 1
problem49 0.104675 151774939870 1
problem50 0.535307 158818188597 1
problem51 11.5661 160340187095 1
problem52 1.4874 167288725114 1
problem53 1.71031 157998460024 1
problem54 0.030897 152280282183 1
problem55 0.918306 161962551553 1
problem56 19.4984 155944585692 1
problem57 0.09536 147824437170 1
problem58 1.91605 144277625977 1
problem59 0.009373 141092064459 1
problem60 0.220121 153381677918 1
problem61 0.478478 152538814092 1
problem62 1.5729 165122394059 1
problem63 1.45269 159451655477 1
problem64 0.464143 155820107008 1
problem65 0.018793 158193644294 1
problem66 0.365644 151278233661 1
problem67 0.183004 145835398207 1
problem68 0.161593 137727670466 1
problem69 2.43536 164421326624 1
problem70 6.0065 151637315535 1
problem71 1.58237 156510432233 1
problem72 4.58686 155895351460 1
problem73 4.47511 152410701018 1
problem74 1.09984 160959410305 1
problem75 0.329777 162411216435 1
problem76 0.477019 150551942822 1
problem77 0.699532 162197192244 1
problem78 0.919616 149858147411 1
problem79 3.01919 166989640989 1
problem80 1.258 151684089032 1
problem81 0.639471 145232631086 1
problem82 0.6253 148291913029 1
problem83 2.86416 144861403815 1
problem84 0.757458 143270991114 1
problem85 0.2446 154237934536 1
problem86 3.59385 158449335639 1
problem87 0.131007 161656805585 1
problem88 0.746629 159382333804 1
problem89 0.766151 170158312450 1
problem90 3.61911 158787483273 1
problem91 0.031368 151257725339 1
problem92 1.9497 151537746926 1
problem93 0.815364 144330309596 1
problem94 3.48236 147985154779 1
problem95 0.185947 156431787781 1
problem96 0.725855 150810494608 1
problem97 0.169267 153754546518 1
problem98 0.295117 143750779981 1
problem99 0.491646 153636940559 1
