problem0 0 375256637136 1
problem1 0.04 338829985430 1
problem2 0 348115869453 1
problem3 0 322215821263 1
problem4 0.04 334431181458 1
problem5 0 349956475056 1
problem6 0.02 308034136735 1
problem7 0.13 337798427001 1
problem8 0.06 361970076276 1
problem9 0.01 350903272554 1
problem10 0.03 344027572049 1
problem11 0 298589984195 1
problem12 0.01 376097681526 1
problem13 0.05 319736599492 1
problem14 0.03 324859717411 1
problem15 0.07 371042277037 1
problem16 0.07 341849157272 1
problem17 0.03 362036441278 1
problem18 0.07 336615758869 1
problem19 0.03 386073427511 1
problem20 0.11 378876790490 1
problem21 0 354550183256 1
problem22 0.03 358861494311 1
problem23 0 317548459617 1
problem24 0.02 392852593468 1
problem25 0.03 321568086930 1
problem26 0.01 369512598873 1
problem27 0.23 358419155243 1
problem28 0.01 333233581502 1
problem29 0.01 328981069164 1
problem30 0 331107847595 1
problem31 0.07 348267225237 1
problem32 0.01 316677202016 1
problem33 0.01 320048141542 1
problem34 0.26 340645514013 1
problem35 0.01 387443345055 1
problem36 0.09 302607856930 1
problem37 0.01 366829861888 1
problem38 0.11 345210738607 1
problem39 0.15 343920420169 1
problem40 0.11 330822258180 1
problem41 0 349344656570 1
problem42 0.05 342281987425 1
problem43 0.11 376890181267 1
problem44 0.01 330103467270 1
problem45 0 349226926356 1
problem46 0.03 356348986931 1
problem47 0.07 351798940797 1
problem48 0.29 337006408744 1
problem49 0.01 328635904782 1
problem50 0.01 338709883941 1
problem51 0.08 353529731335 1
problem52 0.29 341016880490 1
problem53 0.07 326433348776 1
problem54 0 348305647927 1
problem55 0.01 332414189105 1
problem56 0.05 390162162380 1
problem57 0.05 349043161058 1
problem58 0.07 319719616361 1
problem59 0.04 339235868155 1
problem60 0 371917483598 1
problem61 0.02 368746012348 1
problem62 0.13 335619690683 1
problem63 0.01 325579928165 1
problem64 0.32 353668295152 1
problem65 0 376694950710 1
problem66 0.11 367247441709 1
problem67 0.06 335404430703 1
problem68 0.07 331710666674 1
problem69 0.01 350428026704 1
problem70 0.04 281046289599 1
problem71 0.03 327254933785 1
problem72 0.02 368612776340 1
problem73 0.03 346230668554 1
problem74 0.09 330237209457 1
problem75 0.01 346697178979 1
problem76 0 338360742294 1
problem77 0.01 306614638180 1
problem78 0.03 362117426499 1
problem79 0.07 319528073805 1
problem80 0.23 363264721336 1
problem81 0.01 339800890718 1
problem82 0.01 357556044853 1
problem83 0.05 302377622487 1
problem84 0.03 355668413434 1
problem85 0.04 345287371768 1
problem86 0.09 405686796871 1
problem87 0.01 363551501825 1
problem88 0.18 367986930268 1
problem89 0.02 383412943922 1
problem90 0.02 394883389817 1
problem91 0.01 360570026699 1
problem92 0.1 354168469214 1
problem93 0 307589933068 1
problem94 0.76 350179859403 1
problem95 0.01 390349745205 1
problem96 0.15 368573660032 1
problem97 0 328773167494 1
problem98 0.17 342085483325 1
problem99 0.07 337016179775 1
