problem0 0 131906 0
problem1 0 113248 0
problem2 0 130031 1
problem3 0 108396 0
problem4 0 120922 0
problem5 0 112184 0
problem6 0 111750 0
problem7 0 119492 0
problem8 0 109682 0
problem9 0 117008 0
problem10 0 117790 0
problem11 0 128284 0
problem12 0 114570 0
problem13 0 127720 0
problem14 0 135862 0
problem15 0 118388 0
problem16 0 123298 0
problem17 0 119744 0
problem18 0 108622 0
problem19 0 122573 1
problem20 0 111290 0
problem21 0 121752 0
problem22 0 117990 0
problem23 0 112164 0
problem24 0 115411 1
problem25 0 121456 0
problem26 0 127103 1
problem27 0 111740 0
problem28 0 115178 0
problem29 0 122952 0
problem30 0 111383 1
problem31 0 121301 1
problem32 0 114690 0
problem33 0 122144 0
problem34 0 119982 0
problem35 0 140844 0
problem36 0 118042 0
problem37 0 135416 0
problem38 0 111943 1
problem39 0 121220 0
problem40 0 112947 1
problem41 0 117712 0
problem42 0 128223 1
problem43 0 111580 0
problem44 0 111690 0
problem45 0 105896 0
problem46 0 119670 0
problem47 0 128308 0
problem48 0 118371 1
problem49 0 124544 0
problem50 0 131342 0
problem51 0 114060 0
problem52 0 108410 0
problem53 0 116312 0
problem54 0 109990 0
problem55 0 113892 0
problem56 0 110482 0
problem57 0 130352 0
problem58 0 112959 1
problem59 0 107324 0
problem60 0 120490 0
problem61 0 113416 0
problem62 0 115670 0
problem63 0 106644 0
problem64 0 117955 1
problem65 0 122848 0
problem66 0 118126 0
problem67 0 95468 0
problem68 0 115163 1
problem69 0 125881 1
problem70 0 108039 1
problem71 0 110660 0
problem72 0 116210 0
problem73 0 118416 0
problem74 0 118174 0
problem75 0 123548 0
problem76 0 117002 0
problem77 0 112745 1
problem78 0 128055 1
problem79 0 125940 0
problem80 0 129826 0
problem81 0 108864 0
problem82 0 125391 1
problem83 0 138316 0
problem84 0 126010 0
problem85 0 110873 1
problem86 0 114278 0
problem87 0 111524 0
problem88 0 126034 0
problem89 0 139248 0
problem90 0 119294 0
problem91 0 123388 0
problem92 0 117610 0
problem93 0 112072 0
problem94 0 119958 0
problem95 0 132948 0
problem96 0 113026 0
problem97 0 119456 0
problem98 0 124462 0
problem99 0 119724 0
