problem0 64.11 335568 20001 2 32.14 6919140.00
problem1 49.67 443703 60004 3 22.79 3439820.00
problem2 16.35 405968 60005 2 11.89 1439888.00
problem3 41.33 391881 60006 2 20.76 3635956.00
problem4 31.09 462973 60007 2 18.4 2792540.00
problem5 74.65 367672 180022 3 41.21 6587976.00
problem6 32.71 406005 180023 2 20.87 1349472.00
problem7 43.24 409890 180024 2 29.79 3020788.00
problem8 54.78 417882 180025 2 30.16 3870656.00
problem9 90.09 327721 540076 3 60.48 6244904.00
problem10 58.58 377034 540077 2 44.3 1862696.00
problem11 80.03 382699 540078 2 61.58 4033516.00
problem12 102.01 351079 540079 2 61.69 6409984.00
problem13 138.87 381450 1620238 3 113.06 5194768.00
problem14 156.3 402255 1620239 2 135.5 2274744.00
problem15 248.58 341284 1620240 2 209.97 6686692.00
problem16 209 425636 1620241 2 149.02 3816516.00
problem17 201.79 402138 1620504 2 118.41 1105272.00
problem18 214.84 429700 1620505 2 162.04 4508652.00
problem19 166.65 361677 1620506 2 142.67 4161516.00
problem20 281.82 423697 1620507 2 139.97 6575056.00
problem21 454.88 340892 4861522 3 344.83 13279444.00
problem22 163.27 370536 7609 1 142.37 8371912.00
problem23 110.29 417509 1 1 98.4 2759588.00
problem24 127.83 385453 1 1 97.07 4650952.00
problem25 116.39 406859 8546 1 116.24 655632.00
problem26 160.79 410365 134 1 104.89 1649120.00
problem27 112.07 445550 1 1 100.46 2671096.00
problem28 82.51 428922 1 1 65.31 3154080.00
problem29 123.08 395500 2668 1 119.63 2659196.00
problem30 146.09 370242 85 1 124.24 1995108.00
problem31 132.83 345703 16717 1 131.2 1082952.00
problem32 177.13 373111 69927 1 176.72 679392.00
problem33 627.79 311166 4861523 2 376.76 9755284.00
problem34 135.05 411191 65 1 95.59 5910776.00
problem35 141.05 357840 1 1 126.73 3206584.00
problem36 154.66 393380 1 1 129.22 3865624.00
problem37 123.67 367102 139014 1 123.07 658868.00
problem38 99.12 362460 9746 1 98.91 647412.00
problem39 126.32 357289 16389 1 126.17 656236.00
problem40 254.15 333313 2103957 1 156.99 1033216.00
problem41 121.04 379247 34512 1 120.1 885500.00
problem42 606.76 344114 4861524 2 451.88 14361048.00
problem43 186.73 379122 1 1 142.85 3411888.00
problem44 159.15 360078 67559 1 158.85 669028.00
problem45 88.78 388816 2308 1 88.6 641792.00
problem46 147.16 324662 1057939 1 135.89 720476.00
problem47 119.77 421547 1 1 105.29 2642444.00
problem48 98.44 358219 33376 1 98.22 646568.00
problem49 94.12 416545 2695 1 93.94 645240.00
problem50 131.25 383211 71 1 88.9 1492252.00
problem51 151.56 413140 1 1 133.57 3506520.00
problem52 146.9 372024 8338 1 143.17 2717460.00
problem53 145.35 380770 4395 1 145.14 1469688.00
problem54 144.27 398160 136 1 99.33 1897876.00
problem55 130.87 360301 33896 1 129.04 1082008.00
problem56 817.29 343382 4861525 2 349.48 15639128.00
problem57 160.06 392339 2522 1 137.1 12617580.00
problem58 131.16 358501 68423 1 130.86 660016.00
problem59 147.96 396406 798 1 147.78 664756.00
problem60 156.36 406690 1 1 136.23 4240900.00
problem61 110.25 377780 20041 1 105.51 3397196.00
problem62 127.39 429354 42 1 95.41 1463192.00
problem63 107.84 372207 12522 1 106.54 650340.00
problem64 136.37 413727 1 1 119.26 3629408.00
problem65 130.35 357829 34928 1 126.23 2182348.00
problem66 163.76 394911 89 1 137.46 1796416.00
problem67 126.5 363736 531016 1 120.1 1166472.00
problem68 141.31 425164 1 1 120.29 3563520.00
problem69 487.45 332743 4861526 2 290.2 11089872.00
problem70 132.64 330180 533699 1 110.63 5769196.00
problem71 1745.28 361010 4861527 2 450.16 14454056.00
problem72 166.17 366505 18233 1 144.47 3074756.00
problem73 114.26 413367 1581 1 114.11 653428.00
problem74 155.9 404377 115 1 116.77 1759788.00
problem75 93.43 366330 68791 1 93.08 643396.00
problem76 162.61 372150 8242 1 162.41 668380.00
problem77 105.95 395160 1405 1 105.82 650764.00
problem78 116.59 405790 42 1 103.55 1637652.00
problem79 113.98 345139 84811 1 112.27 849424.00
problem80 155.67 424947 1 1 132.88 4731528.00
problem81 114.61 397161 1733 1 108.99 2958084.00
problem82 1293.95 347988 4861528 2 363.09 11985692.00
problem83 148.35 373468 8610 1 132.13 2031388.00
problem84 161.71 421728 1 1 138.89 4435436.00
problem85 121.44 419626 1205 1 116.33 3466680.00
problem86 535.29 322361 4861529 2 440.67 13264300.00
problem87 122.9 359413 33584 1 102.75 9906704.00
problem88 88.25 369917 8338 1 88.09 640816.00
problem89 107.92 376795 5333 1 107.73 651776.00
problem90 132.17 399821 105 1 106.98 1647616.00
problem91 175.32 387198 1 1 157.72 3092904.00
problem92 84.31 403914 17581 1 84.15 638580.00
problem93 99.56 457340 568 1 99.19 1196496.00
problem94 160.16 417810 147 1 113.19 1732124.00
problem95 150.95 373111 1 1 131.92 3275476.00
problem96 118.53 424647 1 1 101.61 3568824.00
problem97 451.31 337934 4861530 2 299.73 8778244.00
problem98 179.47 406279 116 1 143.03 5578728.00
problem99 139.07 393184 11424 1 138.85 660992.00
