problem0 4.81 12028221 1 395584.00
problem1 4.86 13379339 1 395640.00
problem2 4.79 13737737 1 395640.00
problem3 0.00 10475703 1 395640.00
problem4 4.81 13854613 1 395640.00
problem5 4.78 12872483 1 395640.00
problem6 4.84 11562721 1 395640.00
problem7 4.73 10439247 1 395640.00
problem8 4.84 12779757 1 395640.00
problem9 4.78 12755515 1 395640.00
problem10 4.84 13117881 1 395640.00
problem11 4.77 12672743 1 395640.00
problem12 4.78 12825925 1 395640.00
problem13 4.76 12266579 1 395640.00
problem14 4.84 14430097 1 395640.00
problem15 4.84 14186111 1 395640.00
problem16 4.80 12510365 1 395640.00
problem17 4.75 11954539 1 395640.00
problem18 4.84 14934121 1 395640.00
problem19 4.76 12775703 1 395640.00
problem20 4.87 12185333 1 395640.00
problem21 0.00 11581827 1 395640.00
problem22 0.00 13278273 1 395640.00
problem23 4.84 13840047 1 395640.00
problem24 0.00 12465229 1 395640.00
problem25 4.78 13270171 1 395640.00
problem26 4.88 13091609 1 395640.00
problem27 4.81 13602631 1 395640.00
problem28 0.00 12129445 1 395640.00
problem29 4.82 13636275 1 395640.00
problem30 4.74 10925297 1 395640.00
problem31 4.80 13267679 1 395640.00
problem32 4.85 13889533 1 395640.00
problem33 4.87 14277579 1 395640.00
problem34 4.87 13554121 1 395640.00
problem35 4.84 13252983 1 395640.00
problem36 4.81 13379157 1 395640.00
problem37 0.00 12859363 1 395640.00
problem38 4.75 10713505 1 395640.00
problem39 4.79 15811343 1 395640.00
problem40 0.00 10688429 1 395640.00
problem41 4.74 12551931 1 395640.00
problem42 4.82 12848249 1 395640.00
problem43 4.87 12971943 1 395640.00
problem44 4.83 14033925 1 395640.00
problem45 4.74 14166291 1 395640.00
problem46 4.75 11790929 1 395640.00
problem47 4.75 11706175 1 395640.00
problem48 4.79 13019997 1 395640.00
problem49 4.85 13532715 1 395640.00
problem50 4.73 13267753 1 395640.00
problem51 4.77 15053271 1 395640.00
problem52 4.86 13766069 1 395640.00
problem53 0.00 13559363 1 395640.00
problem54 4.79 13305601 1 395640.00
problem55 0.00 13207407 1 395640.00
problem56 4.82 12167949 1 395640.00
problem57 4.89 13222235 1 395640.00
problem58 4.85 13960665 1 395640.00
problem59 4.87 13402119 1 395640.00
problem60 4.79 15393637 1 395640.00
problem61 4.82 12808051 1 395640.00
problem62 0.00 12832689 1 395640.00
problem63 4.75 11598751 1 395640.00
problem64 0.00 10950333 1 395640.00
problem65 0.00 11817099 1 395640.00
problem66 4.86 13026441 1 395640.00
problem67 0.00 12409399 1 395640.00
problem68 4.84 12821781 1 395640.00
problem69 4.86 14206115 1 395640.00
problem70 4.80 12665953 1 395640.00
problem71 4.79 11795407 1 395640.00
problem72 4.71 11660909 1 395640.00
problem73 4.80 13183931 1 395640.00
problem74 4.80 12758841 1 395640.00
problem75 4.83 12796007 1 395640.00
problem76 4.85 13587141 1 395640.00
problem77 4.84 12707283 1 395640.00
problem78 4.78 12477713 1 395640.00
problem79 4.84 12945407 1 395640.00
problem80 4.85 12923421 1 395640.00
problem81 0.00 14373611 1 395640.00
problem82 0.00 12305897 1 395640.00
problem83 4.81 12137111 1 395640.00
problem84 4.90 12643445 1 395640.00
problem85 4.81 12702467 1 395640.00
problem86 4.85 12464577 1 395640.00
problem87 0.00 14721071 1 395640.00
problem88 4.87 13361613 1 395640.00
problem89 0.00 14009883 1 395640.00
problem90 0.00 14485657 1 395640.00
problem91 4.82 13250759 1 395640.00
problem92 0.00 12284453 1 395640.00
problem93 4.86 13863987 1 395640.00
problem94 4.72 9677425 1 395640.00
problem95 0.00 14173279 1 395640.00
problem96 4.77 12647805 1 395640.00
problem97 4.81 13337931 1 395640.00
problem98 4.77 13727561 1 395640.00
problem99 4.81 12663543 1 395640.00
