problem0 0.55 177236 714 1 0.53 15076.00
problem1 0.05 222081 176 1 0.04 9608.00
problem2 0.33 139810 2209 3 0.3 10204.00
problem3 0.1 189599 189 1 0.1 10204.00
problem4 0.11 181540 284 1 0.11 10204.00
problem5 0.11 167084 372 1 0.09 10204.00
problem6 0.13 183939 908 1 0.11 10204.00
problem7 0.11 188180 371 1 0.1 10204.00
problem8 0.1 182991 282 1 0.09 10204.00
problem9 0.11 188230 470 1 0.1 10204.00
problem10 0.14 153830 1546 1 0.12 10204.00
problem11 0.12 191516 359 1 0.08 10204.00
problem12 0.13 151163 1504 1 0.12 10204.00
problem13 0.13 180192 1025 1 0.1 10204.00
problem14 0.13 187573 586 1 0.11 10204.00
problem15 0.15 169178 1801 1 0.12 10204.00
problem16 0.1 196060 129 1 0.1 10204.00
problem17 0.11 178076 507 1 0.1 10204.00
problem18 0.11 179845 383 1 0.1 10204.00
problem19 0.11 193723 328 1 0.1 10204.00
problem20 0.11 174912 496 1 0.1 10204.00
problem21 0.14 151459 1496 1 0.12 10204.00
problem22 0.14 156391 1165 1 0.13 10204.00
problem23 0.12 187916 726 1 0.09 10208.00
problem24 0.11 169632 388 1 0.11 10208.00
problem25 0.11 182259 373 1 0.1 10208.00
problem26 0.11 171045 266 1 0.1 10208.00
problem27 0.11 186862 494 1 0.1 10208.00
problem28 0.11 159162 793 1 0.11 10208.00
problem29 0.14 183876 1110 1 0.11 10208.00
problem30 0.13 174655 786 1 0.11 10208.00
problem31 0.13 160135 1916 1 0.11 10208.00
problem32 0.1 187969 238 1 0.09 10208.00
problem33 0.11 191416 344 1 0.1 10208.00
problem34 0.11 164878 453 1 0.09 10208.00
problem35 0.12 180292 693 1 0.11 10208.00
problem36 0.11 197539 151 1 0.1 10208.00
problem37 0.12 174453 614 1 0.11 10208.00
problem38 0.15 139376 1504 1 0.12 10208.00
problem39 0.11 188821 613 1 0.1 10208.00
problem40 0.11 176171 540 1 0.1 10208.00
problem41 0.1 186821 390 1 0.1 10208.00
problem42 0.12 189431 358 1 0.1 10208.00
problem43 0.13 155292 1513 1 0.11 10208.00
problem44 0.13 168333 563 1 0.11 10208.00
problem45 0.11 179368 369 1 0.1 10208.00
problem46 0.13 162906 827 1 0.1 10208.00
problem47 0.1 189711 184 1 0.1 10208.00
problem48 0.11 171686 373 1 0.11 10208.00
problem49 0.12 168476 700 1 0.1 10208.00
problem50 0.11 179168 489 1 0.1 10208.00
problem51 0.12 168032 409 1 0.1 10208.00
problem52 0.1 202614 232 1 0.1 10208.00
problem53 0.13 170531 782 1 0.11 10208.00
problem54 0.1 217156 486 1 0.09 10208.00
problem55 0.14 172172 983 1 0.12 10208.00
problem56 0.1 202603 387 1 0.09 10208.00
problem57 0.11 201917 360 1 0.09 10208.00
problem58 0.12 190263 459 1 0.11 10208.00
problem59 0.12 171703 679 1 0.1 10208.00
problem60 0.12 159949 458 1 0.11 10208.00
problem61 0.11 185393 403 1 0.1 10208.00
problem62 0.12 161690 1012 1 0.11 10208.00
problem63 0.1 173647 138 1 0.09 10208.00
problem64 0.1 194022 230 1 0.09 10208.00
problem65 0.12 184157 626 1 0.1 10208.00
problem66 0.13 166542 645 1 0.12 10208.00
problem67 0.13 185029 696 1 0.11 10208.00
problem68 0.12 199496 396 1 0.11 10208.00
problem69 0.11 195866 348 1 0.1 10208.00
problem70 0.14 155669 864 1 0.13 10208.00
problem71 0.12 175417 637 1 0.11 10208.00
problem72 0.12 174031 389 1 0.11 10208.00
problem73 0.09 199457 146 1 0.08 10208.00
problem74 0.11 182904 565 1 0.1 10208.00
problem75 0.11 161197 462 1 0.09 10208.00
problem76 0.12 171460 530 1 0.11 10208.00
problem77 0.13 192589 666 1 0.1 10208.00
problem78 0.12 189731 600 1 0.1 10208.00
problem79 0.14 168117 1305 1 0.12 10208.00
problem80 0.11 161354 531 1 0.1 10208.00
problem81 0.11 182281 254 1 0.11 10208.00
problem82 0.11 192536 543 1 0.1 10208.00
problem83 0.13 165746 997 1 0.12 10208.00
problem84 0.11 178824 318 1 0.09 10208.00
problem85 0.11 175560 346 1 0.1 10208.00
problem86 0.12 207701 272 1 0.1 10208.00
problem87 0.15 142384 1990 1 0.13 10208.00
problem88 0.11 174717 228 1 0.1 10208.00
problem89 0.13 179443 633 1 0.12 10208.00
problem90 0.12 176714 505 1 0.11 10208.00
problem91 0.13 189313 574 1 0.11 10208.00
problem92 0.12 165416 513 1 0.11 10208.00
problem93 0.11 200954 286 1 0.1 10208.00
problem94 0.13 181493 687 1 0.12 10208.00
problem95 0.11 191843 489 1 0.1 10208.00
problem96 0.13 148582 772 1 0.12 10208.00
problem97 0.11 190941 492 1 0.09 10208.00
problem98 0.14 154163 1371 1 0.12 10208.00
problem99 0.12 156996 662 1 0.11 10208.00
