problem0 0 40624730971 1
problem1 0.01 36863196672 1
problem2 0.02 37773868860 1
problem3 0.07 35950199141 1
problem4 0 37038635061 1
problem5 0.01 38760195650 1
problem6 0 34165069958 1
problem7 0 37673881559 1
problem8 0.02 38102716527 1
problem9 0 33764863844 1
problem10 0.01 35833484848 1
problem11 0.01 34563003433 1
problem12 0.02 34313418249 1
problem13 0.01 37614762854 1
problem14 0 41532924474 1
problem15 0.02 41623429211 1
problem16 0.01 35085419267 1
problem17 0.02 36671786056 1
problem18 0.01 38145115812 1
problem19 0.04 39918085741 1
problem20 0 39418376541 1
problem21 0.01 36945314826 1
problem22 0 37758004590 1
problem23 0.12 38746601567 1
problem24 0.01 39973395223 1
problem25 0 34277139628 1
problem26 0.01 38380462232 1
problem27 0.01 35179841585 1
problem28 0 36836244017 1
problem29 0.01 36181332014 1
problem30 0.03 38920800802 1
problem31 0.02 38755051491 1
problem32 0.01 34559977643 1
problem33 0.04 35514632336 1
problem34 0.01 36656165900 1
problem35 0 37616421237 1
problem36 0 41713655941 1
problem37 0.01 34258284498 1
problem38 0.03 37962221654 1
problem39 0.02 36325818087 1
problem40 0.01 40087370687 1
problem41 0.01 41209202676 1
problem42 0.01 33078776064 1
problem43 0.01 35186047545 1
problem44 0.01 35122066521 1
problem45 0.03 35560960758 1
problem46 0.03 36547721226 1
problem47 0 32983010667 1
problem48 0.01 41971475539 1
problem49 0.01 34920854232 1
problem50 0.02 42093463412 1
problem51 0 37879491197 1
problem52 0.02 36086531501 1
problem53 0.04 41773935002 1
problem54 0.01 36531890494 1
problem55 0 36296696687 1
problem56 0 41630904935 1
problem57 0.01 37005039932 1
problem58 0.03 39589652328 1
problem59 0.04 38734015041 1
problem60 0.01 36578190465 1
problem61 0.02 37155365822 1
problem62 0 38268152818 1
problem63 0 34251510003 1
problem64 0 38925432315 1
problem65 0 37206002464 1
problem66 0 38184583388 1
problem67 0.01 36990126469 1
problem68 0 38914875605 1
problem69 0 34879861090 1
problem70 0.01 36099887142 1
problem71 0.07 38200518135 1
problem72 0.01 37545672463 1
problem73 0 36637563012 1
problem74 0.02 39429219280 1
problem75 0.01 35344308297 1
problem76 0 38803540649 1
problem77 0.01 40569004678 1
problem78 0 38950266330 1
problem79 0.03 44080493179 1
problem80 0 41141738915 1
problem81 0 34868859240 1
problem82 0 36882669636 1
problem83 0.01 39215015565 1
problem84 0.01 38850114045 1
problem85 0.02 41457469226 1
problem86 0.01 34406432014 1
problem87 0 45032572543 1
problem88 0 38043394487 1
problem89 0 40498185676 1
problem90 0 35695396408 1
problem91 0.04 38694585425 1
problem92 0 36702201553 1
problem93 0.03 37300842318 1
problem94 0 40179410370 1
problem95 0.02 41741218307 1
problem96 0.01 42217429835 1
problem97 0.01 41864168880 1
problem98 0 33940366764 1
problem99 0 39759053205 1
