problem0 0 95701232042 1
problem1 0 96249352586 1
problem2 0.01 105427299690 1
problem3 0 92841803082 1
problem4 0 109826654506 1
problem5 0.02 93451270410 1
problem6 0.01 90362307818 1
problem7 0 99446932682 1
problem8 0 93810972842 1
problem9 0 88927969418 1
problem10 0 91602885738 1
problem11 0.01 88664263754 1
problem12 0.01 96859664426 1
problem13 0.02 84975831050 1
problem14 0.02 96748573674 1
problem15 0.01 89231070154 1
problem16 0 92210972586 1
problem17 0.01 91675864970 1
problem18 0 88298638186 1
problem19 0.01 90424613706 1
problem20 0.01 95247507242 1
problem21 0.08 92533970698 1
problem22 0 103781614314 1
problem23 0 104339169994 1
problem24 0 96924251818 1
problem25 0.01 93873061514 1
problem26 0 87578933866 1
problem27 0.01 88576617034 1
problem28 0 93833334314 1
problem29 0.01 99063260682 1
problem30 0 90640904682 1
problem31 0.01 105160225226 1
problem32 0 92498994602 1
problem33 0 89194548618 1
problem34 0 96540535146 1
problem35 0.01 90753907018 1
problem36 0 85755264298 1
problem37 0 93943723274 1
problem38 0 90193010922 1
problem39 0.01 92885418186 1
problem40 0.01 93548156074 1
problem41 0.01 97085119626 1
problem42 0.03 85772982378 1
problem43 0 102442633290 1
problem44 0.01 87773735978 1
problem45 0 103062602762 1
problem46 0 90207342570 1
problem47 0 96623218634 1
problem48 0.01 99652305834 1
problem49 0 96187378570 1
problem50 0 92437809002 1
problem51 0 88326756170 1
problem52 0.02 84436933418 1
problem53 0 96472568586 1
problem54 0 104223112938 1
problem55 0 85352554186 1
problem56 0 93212144298 1
problem57 0.01 105946118794 1
problem58 0.01 100009457258 1
problem59 0.02 96842098250 1
problem60 0.01 94652779050 1
problem61 0 97913381386 1
problem62 0.01 96387411434 1
problem63 0.04 105361763786 1
problem64 0.01 93135593898 1
problem65 0 83529107850 1
problem66 0 91962369386 1
problem67 0.02 90525136202 1
problem68 0 100821973290 1
problem69 0 83880161546 1
problem70 0.01 112451706090 1
problem71 0.03 95565003978 1
problem72 0.01 92560773290 1
problem73 0 89183328394 1
problem74 0 103310595178 1
problem75 0 85599437898 1
problem76 0 102525085738 1
problem77 0.01 90997571594 1
problem78 0.01 92940766186 1
problem79 0.01 85070744522 1
problem80 0 97510703018 1
problem81 0.01 107993835402 1
problem82 0.01 91758773098 1
problem83 0.02 98288571210 1
problem84 0 92900235050 1
problem85 0 93613248266 1
problem86 0.01 94343477994 1
problem87 0.01 98692487882 1
problem88 0.01 98976018090 1
problem89 0.01 99275880074 1
problem90 0 100910887530 1
problem91 0.03 95423980106 1
problem92 0.01 93002827306 1
problem93 0.05 89697148426 1
problem94 0.02 100134283754 1
problem95 0.01 96819227082 1
problem96 0 87947353514 1
problem97 0.03 93211673994 1
problem98 0 94914027882 1
problem99 0.01 91081748810 1
