problem0 0 32500905271430 0 2220.00
problem1 0.00 33673082373133 0 2280.00
problem2 0.00 28811034586323 0 2280.00
problem3 0.00 31143850056251 0 2280.00
problem4 0.00 29869484989865 0 2280.00
problem5 0.01 34986307821007 0 2280.00
problem6 0.00 34881650932062 0 2280.00
problem7 0.00 37585797099729 0 2280.00
problem8 0.00 36611047003561 0 2280.00
problem9 0.00 24975226798273 0 2280.00
problem10 0.01 34569941060206 0 2280.00
problem11 0.00 25238264490686 0 2280.00
problem12 0.00 30394999329364 0 2280.00
problem13 0.00 32505041355085 0 2280.00
problem14 0.00 38650992170575 0 2280.00
problem15 0.01 31373319855809 0 2280.00
problem16 0.00 28108104633930 0 2280.00
problem17 0.00 26080431162897 0 2280.00
problem18 0.00 34543599143309 0 2280.00
problem19 0.00 25480536835376 0 2280.00
problem20 0.00 31359398379250 0 2280.00
problem21 0.01 32188545233811 0 2280.00
problem22 0.00 24466217433143 0 2280.00
problem23 0.00 32025212844833 0 2280.00
problem24 0.00 26995048322640 0 2280.00
problem25 0.00 39821342613263 0 2280.00
problem26 0.00 29542414592083 0 2280.00
problem27 0.01 29490331324127 0 2280.00
problem28 0.00 29429014628954 0 2280.00
problem29 0.00 36423931073113 0 2280.00
problem30 0.00 33467542413439 0 2280.00
problem31 0.00 28123522562865 0 2280.00
problem32 0.01 32848117946295 0 2280.00
problem33 0.00 30133371444076 0 2280.00
problem34 0.00 35061420233999 0 2280.00
problem35 0.00 29520884846739 0 2280.00
problem36 0.00 33820209395926 0 2280.00
problem37 0.01 29720643263110 0 2280.00
problem38 0.00 33785167849307 0 2280.00
problem39 0.00 32974409042141 0 2280.00
problem40 0.00 23150376234202 0 2280.00
problem41 0.00 28415260891923 0 2280.00
problem42 0.01 29586050198440 0 2280.00
problem43 0.00 29209379463354 0 2280.00
problem44 0.00 28349041429220 0 2280.00
problem45 0.00 31194959333308 0 2280.00
problem46 0.00 32672285850388 0 2280.00
problem47 0.01 32089285661632 0 2280.00
problem48 0.00 30790097854441 0 2280.00
problem49 0.00 35380494580606 0 2280.00
problem50 0.00 30441262073292 0 2280.00
problem51 0.00 36138058693939 0 2280.00
problem52 0.00 28038936181202 0 2280.00
problem53 0.01 30506258068673 0 2280.00
problem54 0.00 30308411419298 0 2280.00
problem55 0.00 36219075148925 0 2280.00
problem56 0.00 28045113457743 0 2280.00
problem57 0.00 32859866732777 0 2280.00
problem58 0.01 26704147252967 0 2280.00
problem59 0.00 30206088771692 0 2280.00
problem60 0.00 32374261734366 0 2280.00
problem61 0.00 31545426456683 0 2280.00
problem62 0.00 37374389208311 0 2280.00
problem63 0.01 31034372930786 0 2280.00
problem64 0.00 30469477912693 0 2280.00
problem65 0.00 24191354284253 0 2280.00
problem66 0.00 30863799071449 0 2280.00
problem67 0.00 33156488957775 0 2280.00
problem68 0.01 26932416208764 0 2280.00
problem69 0.00 25754523116053 0 2280.00
problem70 0.00 31054747869967 0 2280.00
problem71 0.00 34557750192049 0 2280.00
problem72 0.00 33654373124845 0 2280.00
problem73 0.00 28430501335435 0 2280.00
problem74 0.01 31525130887435 0 2280.00
problem75 0.00 26370457000467 0 2280.00
problem76 0.00 37792473400761 0 2280.00
problem77 0.00 29218115213051 0 2280.00
problem78 0.00 25389264338820 0 2280.00
problem79 0.01 29251730189863 0 2280.00
problem80 0.00 22556775602336 0 2280.00
problem81 0.00 23983268145702 0 2280.00
problem82 0.00 38471674800446 0 2280.00
problem83 0.00 31389417737761 0 2280.00
problem84 0.01 29813177835561 0 2280.00
problem85 0.00 33992710427989 0 2280.00
problem86 0.00 31673366406432 0 2280.00
problem87 0.00 30446207844643 0 2280.00
problem88 0.00 27007614576612 0 2280.00
problem89 0.01 35175392304083 0 2280.00
problem90 0.00 24374284268768 0 2280.00
problem91 0.00 34306416788551 0 2280.00
problem92 0.00 33609356992775 0 2280.00
problem93 0.00 29804930370969 0 2280.00
problem94 0.00 32052672768361 0 2280.00
problem95 0.01 29421542899256 0 2280.00
problem96 0.00 29885370845397 0 2280.00
problem97 0.00 31904772395848 0 2280.00
problem98 0.00 35824629340956 0 2280.00
problem99 0.00 35501843028413 0 2280.00
