problem0 3.08 727307639314348 57 1 1.16 48920.00
problem1 4.42 616984286745708 41 1 1.26 74836.00
problem2 1.86 652226475854038 50 1 0.78 74836.00
problem3 3.06 616564647817127 52 1 1.00 69080.00
problem4 4.01 708448105121243 56 1 0.95 81652.00
problem5 7.55 712730531862238 58 1 0.96 68332.00
problem6 1.75 623629382836472 52 1 0.97 70792.00
problem7 4.61 737256378624738 70 1 1.11 77016.00
problem8 7.30 788476607652189 79 1 0.98 77396.00
problem9 2.32 561752137062624 56 1 1.06 81216.00
problem10 5.10 673203349200227 45 1 0.76 57264.00
problem11 2.07 631617485168252 45 1 1.54 81152.00
problem12 4.74 630256583929788 46 1 0.98 68296.00
problem13 1.95 683327973653276 63 1 0.92 68436.00
problem14 2.11 620542021444326 43 1 1.26 73620.00
problem15 3.09 679743429738721 43 1 0.76 57612.00
problem16 2.24 772115411596070 44 1 1.06 69908.00
problem17 6.72 620193639112890 62 1 1.10 70404.00
problem18 5.35 651271026983267 56 1 1.19 75116.00
problem19 10.96 617684129362709 73 1 1.00 67780.00
problem20 2.33 751555130999409 52 1 0.92 68760.00
problem21 2.91 600827172176526 46 1 0.94 65840.00
problem22 5.71 697306471591450 65 1 0.90 67844.00
problem23 2.93 632760359558026 63 1 1.38 81580.00
problem24 5.43 581619203997214 39 1 2.20 80244.00
problem25 1.92 641047986527114 39 1 1.21 80244.00
problem26 3.03 704499840468953 44 1 0.94 66436.00
problem27 2.08 698845104788939 44 1 0.99 69156.00
problem28 3.42 760866296327114 54 1 0.81 60604.00
problem29 1.82 813644880490754 55 1 0.73 58568.00
problem30 4.06 659414326051093 51 1 1.25 74740.00
problem31 3.43 616251186110969 56 1 1.10 71156.00
problem32 2.03 691626377069799 48 1 1.13 73728.00
problem33 1.77 709513853347464 37 1 0.96 88284.00
problem34 9.42 676397342282600 65 1 1.21 76188.00
problem35 4.06 675047239802532 38 1 0.88 65548.00
problem36 7.04 737040227303877 62 1 1.37 79576.00
problem37 4.35 633285568102853 52 1 1.00 68168.00
problem38 2.62 692808857299672 51 1 0.75 58044.00
problem39 5.43 635590821718077 51 1 0.92 65780.00
problem40 3.61 624725727523573 47 1 1.48 81680.00
problem41 3.69 624413685709850 50 1 0.67 56924.00
problem42 1.67 657631813342729 49 1 0.95 66008.00
problem43 3.00 647568881637772 42 1 1.05 67844.00
problem44 3.65 588773141534876 58 1 1.61 80264.00
problem45 3.02 626632350970058 46 1 1.15 69444.00
problem46 3.17 549372627091034 58 1 0.90 65432.00
problem47 2.55 685589115416958 36 1 1.82 84568.00
problem48 1.19 699643460087017 37 1 0.96 68224.00
problem49 8.35 674427581231137 62 1 1.42 92384.00
problem50 6.67 657476232546317 60 1 1.95 87700.00
problem51 1.71 633870163635159 30 1 0.78 89472.00
problem52 1.65 647576250686825 36 1 0.90 65592.00
problem53 2.04 635100479692668 44 1 1.00 68600.00
problem54 8.44 709838351307788 63 1 2.13 83920.00
problem55 3.75 735756096239325 51 1 0.81 58340.00
problem56 3.18 731688864157423 48 1 1.06 70368.00
problem57 3.18 603118329199607 51 1 1.22 71908.00
problem58 3.38 777359194027474 46 1 0.74 58424.00
problem59 4.70 726690046194334 77 1 0.97 67872.00
problem60 3.25 693393394450043 62 1 1.36 89820.00
problem61 3.18 661708681534535 42 1 1.51 80788.00
problem62 1.69 598489580304225 34 1 0.98 66668.00
problem63 5.85 730712604914912 55 1 1.14 71676.00
problem64 2.39 611198007897416 36 1 0.95 73972.00
problem65 6.17 757273337241399 59 1 0.91 66560.00
problem66 2.82 630561550419380 47 1 0.96 69304.00
problem67 3.55 687074385577255 69 1 1.07 67552.00
problem68 3.65 589497339242486 60 1 1.00 68496.00
problem69 2.06 677093265527655 60 1 0.82 58004.00
problem70 3.96 648566982856541 50 1 0.94 65980.00
problem71 3.06 701607254129894 40 1 1.37 89020.00
problem72 8.18 667612180558709 50 1 1.11 70480.00
problem73 2.32 656604292085414 53 1 0.72 57032.00
problem74 3.47 733030821237866 48 1 0.67 60168.00
problem75 5.25 733457577755530 55 1 1.01 67408.00
problem76 6.96 719785529696295 65 1 1.32 76012.00
problem77 6.24 673285657596983 67 1 0.85 58136.00
problem78 2.37 667624614716048 46 1 1.13 70464.00
problem79 3.05 606677342565820 56 1 0.88 65432.00
problem80 3.38 597018055223892 70 1 0.91 67472.00
problem81 2.95 739080580258655 65 1 1.02 72424.00
problem82 3.02 609668182270970 41 1 1.80 86096.00
problem83 5.15 648398069115238 59 1 1.06 69428.00
problem84 6.57 703751902004936 65 1 0.66 57104.00
problem85 2.88 731060252625702 67 1 0.87 66344.00
problem86 4.49 674405926610200 49 1 0.84 65840.00
problem87 1.44 702083406359477 38 1 1.04 69496.00
problem88 1.84 626089019294664 42 1 0.98 68128.00
problem89 1.90 602796674655840 45 1 1.08 69040.00
problem90 3.60 659452771363184 63 1 1.21 72300.00
problem91 2.92 723612047698768 50 1 1.02 69256.00
problem92 3.36 591449917040600 53 1 0.93 65856.00
problem93 2.48 650995679248167 55 1 1.09 69664.00
problem94 5.76 687739634333057 59 1 0.87 67164.00
problem95 3.00 714705075265298 44 1 0.81 67164.00
problem96 1.88 718714028487373 34 1 1.30 77700.00
problem97 2.91 762525142444664 67 1 0.58 81520.00
problem98 3.21 727932012052362 51 1 1.01 68884.00
problem99 1.58 629467730157747 28 1 1.30 75132.00
