problem0 0 10831 1 0.00
problem1 0.00 12100 1 0.00
problem2 0.00 10736 1 0.00
problem3 0.00 10153 1 0.00
problem4 0.00 11049 1 0.00
problem5 0.00 11782 1 0.00
problem6 0.00 11066 1 0.00
problem7 0.00 11931 1 0.00
problem8 0.00 10851 1 0.00
problem9 0.00 9640 1 0.00
problem10 0.00 11492 1 0.00
problem11 0.00 11373 1 0.00
problem12 0.00 11517 1 0.00
problem13 0.00 11818 1 0.00
problem14 0.00 10734 1 0.00
problem15 0.00 9759 1 0.00
problem16 0.00 11767 1 0.00
problem17 0.00 11148 1 0.00
problem18 0.00 11864 1 0.00
problem19 0.00 11185 1 0.00
problem20 0.00 11089 1 0.00
problem21 0.00 9422 1 0.00
problem22 0.00 12066 1 0.00
problem23 0.00 11043 1 0.00
problem24 0.00 12299 1 0.00
problem25 0.00 11248 1 0.00
problem26 0.00 10572 1 0.00
problem27 0.00 9589 1 0.00
problem28 0.00 11557 1 0.00
problem29 0.00 11250 1 0.00
problem30 0.00 12502 1 0.00
problem31 0.00 11431 1 0.00
problem32 0.00 10143 1 0.00
problem33 0.00 9940 1 0.00
problem34 0.00 11712 1 0.00
problem35 0.00 11193 1 0.00
problem36 0.00 12153 1 0.00
problem37 0.00 11414 1 0.00
problem38 0.00 9994 1 0.00
problem39 0.00 10667 1 0.00
problem40 0.00 11699 1 0.00
problem41 0.00 10808 1 0.00
problem42 0.00 11956 1 0.00
problem43 0.00 11389 1 0.00
problem44 0.00 9805 1 0.00
problem45 0.00 10426 1 0.00
problem46 0.00 12222 1 0.00
problem47 0.00 10799 1 0.00
problem48 0.00 12103 1 0.00
problem49 0.00 10780 1 0.00
problem50 0.00 10280 1 0.00
problem51 0.00 10689 1 0.00
problem52 0.00 11937 1 0.00
problem53 0.00 11102 1 0.00
problem54 0.00 11762 1 0.00
problem55 0.00 11059 1 0.00
problem56 0.00 9819 1 0.00
problem57 0.00 11136 1 0.00
problem58 0.00 11804 1 0.00
problem59 0.00 11141 1 0.00
problem60 0.00 11893 1 0.00
problem61 0.00 10882 1 0.00
problem62 0.00 9638 1 0.00
problem63 0.00 11703 1 0.00
problem64 0.00 11247 1 0.00
problem65 0.00 11364 1 0.00
problem66 0.00 11920 1 0.00
problem67 0.00 10953 1 0.00
problem68 0.00 9417 1 0.00
problem69 0.00 12070 1 0.00
problem70 0.00 10970 1 0.00
problem71 0.00 11963 1 0.00
problem72 0.00 11267 1 0.00
problem73 0.00 10952 1 0.00
problem74 0.00 9348 1 0.00
problem75 0.00 11917 1 0.00
problem76 0.00 10909 1 0.00
problem77 0.00 12618 1 0.00
problem78 0.00 11406 1 0.00
problem79 0.00 10303 1 0.00
problem80 0.00 9623 1 0.00
problem81 0.00 11692 1 0.00
problem82 0.00 11256 1 0.00
problem83 0.00 12497 1 0.00
problem84 0.00 11505 1 0.00
problem85 0.00 9966 1 0.00
problem86 0.00 9922 1 0.00
problem87 0.00 11843 1 0.00
problem88 0.00 10923 1 0.00
problem89 0.00 12048 1 0.00
problem90 0.00 11756 1 0.00
problem91 0.00 9621 1 0.00
problem92 0.00 10693 1 0.00
problem93 0.00 11794 1 0.00
problem94 0.00 10870 1 0.00
problem95 0.00 12231 1 0.00
problem96 0.00 11071 1 0.00
problem97 0.00 9716 1 0.00
problem98 0.00 10848 1 0.00
problem99 0.00 11993 1 0.00
