problem0 0 346001779 0
problem1 0.02 548909568 0
problem2 0 362335665 0
problem3 0.01 353567822 0
problem4 0.01 470038138 0
problem5 0.02 406444957 0
problem6 0.01 504641794 0
problem7 0.01 391910390 0
problem8 0 313463958 1
problem9 0 428323780 1
problem10 0.01 364227195 0
problem11 0.02 372603718 0
problem12 0 445304290 0
problem13 0.03 456914089 0
problem14 0 342823942 0
problem15 0.01 464323626 0
problem16 0.01 459613247 0
problem17 0 432142360 1
problem18 0.01 510822339 0
problem19 0.01 395974834 0
problem20 0.02 456194498 0
problem21 0.01 456112179 0
problem22 0.01 449066889 1
problem23 0 394773217 0
problem24 0.01 392712296 0
problem25 0.02 432000793 0
problem26 0.01 502035862 0
problem27 0.01 373206185 0
problem28 0.01 395201068 0
problem29 0.01 418084440 0
problem30 0.01 415871901 0
problem31 0 451878935 0
problem32 0.02 483469580 0
problem33 0.01 488933441 0
problem34 0 394429375 1
problem35 0.01 402327324 0
problem36 0.01 449597191 0
problem37 0.01 439320290 0
problem38 0.01 446142486 0
problem39 0.01 392162245 0
problem40 0.01 392838703 0
problem41 0.02 538801172 1
problem42 0 370524804 0
problem43 0.02 448854032 0
problem44 0 400988288 0
problem45 0.01 350626287 0
problem46 0.01 451409188 0
problem47 0 420541956 0
problem48 0.02 485498829 0
problem49 0.02 480371318 0
problem50 0 373899724 0
problem51 0.01 333205391 0
problem52 0 334149203 0
problem53 0.01 342077314 1
problem54 0.01 458676892 0
problem55 0.01 439553710 0
problem56 0 391208438 0
problem57 0.01 498279237 0
problem58 0.01 381817232 0
problem59 0.01 489872788 0
problem60 0.01 372783286 0
problem61 0.01 346453915 0
problem62 0 379738270 0
problem63 0.01 372311522 0
problem64 0.01 451840154 0
problem65 0.01 547128981 0
problem66 0.01 409420246 0
problem67 0.01 377778666 0
problem68 0.01 448835497 0
problem69 0 395758129 0
problem70 0.02 451575588 0
problem71 0 418360212 0
problem72 0 484061110 1
problem73 0.01 439573610 0
problem74 0.01 346153632 0
problem75 0 380296413 1
problem76 0.01 373795578 0
problem77 0.01 373749573 0
problem78 0.01 435248679 0
problem79 0.01 437112783 0
problem80 0 320398181 0
problem81 0.02 471266493 0
problem82 0.01 396166116 0
problem83 0.01 450489941 0
problem84 0 379763424 0
problem85 0.01 473124578 0
problem86 0.01 425395648 0
problem87 0 539247227 1
problem88 0.01 383857547 0
problem89 0 435199884 1
problem90 0.01 411415992 0
problem91 0.01 434075218 0
problem92 0.01 452554561 0
problem93 0.01 377626856 0
problem94 0.02 418219453 0
problem95 0.01 470143927 0
problem96 0.01 450605099 0
problem97 0.01 347319526 0
problem98 0 432736223 1
problem99 0 425936058 0
