problem0 0 3122221786 0 2204.00
problem1 0.00 2735508288 0 2260.00
problem2 0.00 2496026438 0 2260.00
problem3 0.00 2700601029 0 2260.00
problem4 0.00 2886353302 0 2260.00
problem5 0.00 2640475783 0 2260.00
problem6 0.00 3467579863 0 2260.00
problem7 0.00 3071351470 0 2260.00
problem8 0.00 3259845394 0 2260.00
problem9 0.00 2777939866 0 2260.00
problem10 0.00 3841392789 0 2260.00
problem11 0.00 2935882561 0 2260.00
problem12 0.00 2951273372 0 2260.00
problem13 0.00 2286476214 0 2260.00
problem14 0.00 2700486968 0 2260.00
problem15 0.00 2101978395 0 2260.00
problem16 0.00 3389196114 0 2260.00
problem17 0.00 1882837714 0 2260.00
problem18 0.00 2894150353 0 2260.00
problem19 0.00 1828258964 0 2260.00
problem20 0.00 2726528074 0 2260.00
problem21 0.00 2840252078 0 2260.00
problem22 0.00 2677764113 0 2260.00
problem23 0.00 2708827935 0 2260.00
problem24 0.00 2706744706 0 2260.00
problem25 0.00 2546259753 0 2260.00
problem26 0.00 2982719849 0 2260.00
problem27 0.00 2643868823 0 2260.00
problem28 0.00 2924106750 0 2260.00
problem29 0.00 2108693194 0 2260.00
problem30 0.00 2969530446 0 2260.00
problem31 0.00 3385515822 0 2260.00
problem32 0.00 3180996792 0 2260.00
problem33 0.00 3092110636 0 2260.00
problem34 0.00 2956647803 0 2260.00
problem35 0.00 2741304964 0 2260.00
problem36 0.00 3506918556 0 2260.00
problem37 0.00 3484585589 0 2260.00
problem38 0.00 2678896103 0 2260.00
problem39 0.00 2936158341 0 2260.00
problem40 0.00 3214912367 0 2260.00
problem41 0.00 2994713199 0 2260.00
problem42 0.00 3230619568 0 2260.00
problem43 0.00 2283177028 0 2260.00
problem44 0.00 3592333485 0 2260.00
problem45 0.00 2814246031 0 2260.00
problem46 0.00 2526530677 0 2260.00
problem47 0.00 3080048242 0 2260.00
problem48 0.00 3253678760 0 2260.00
problem49 0.00 2430020286 0 2260.00
problem50 0.00 2298983246 0 2260.00
problem51 0.00 2612937965 0 2260.00
problem52 0.00 2563650000 0 2260.00
problem53 0.00 2511350920 0 2260.00
problem54 0.00 2774486244 0 2260.00
problem55 0.00 2869032954 0 2260.00
problem56 0.00 2936789945 0 2260.00
problem57 0.00 2497908357 0 2260.00
problem58 0.00 2242872315 0 2260.00
problem59 0.00 2618383212 0 2260.00
problem60 0.00 2389584478 0 2260.00
problem61 0.00 3256417663 0 2260.00
problem62 0.00 2626407496 0 2260.00
problem63 0.00 2634347459 0 2260.00
problem64 0.01 2679285981 0 2260.00
problem65 0.00 2894346111 0 2260.00
problem66 0.00 2828815066 0 2260.00
problem67 0.00 3550955247 0 2260.00
problem68 0.00 2830143704 0 2260.00
problem69 0.00 2809803202 0 2260.00
problem70 0.00 3251618574 0 2260.00
problem71 0.00 3504283760 0 2260.00
problem72 0.00 2434446512 0 2260.00
problem73 0.00 3207426979 0 2260.00
problem74 0.00 2452462813 0 2260.00
problem75 0.00 2436450504 0 2260.00
problem76 0.00 2145484191 0 2260.00
problem77 0.00 2743573921 0 2260.00
problem78 0.00 3158825837 0 2260.00
problem79 0.00 2761082373 0 2260.00
problem80 0.00 2738161289 0 2260.00
problem81 0.00 2468578882 0 2260.00
problem82 0.00 3243053984 0 2260.00
problem83 0.00 3068308729 0 2260.00
problem84 0.00 2233924960 0 2260.00
problem85 0.00 2691109865 0 2260.00
problem86 0.00 2562363995 0 2260.00
problem87 0.00 3290709632 0 2260.00
problem88 0.00 2934749322 0 2260.00
problem89 0.00 2596098076 0 2260.00
problem90 0.00 3417192498 0 2260.00
problem91 0.00 2707474369 0 2260.00
problem92 0.00 2361467474 0 2260.00
problem93 0.00 2247123379 0 2260.00
problem94 0.00 3587737139 0 2260.00
problem95 0.00 3034172287 0 2260.00
problem96 0.00 2489765679 0 2260.00
problem97 0.00 3114506865 0 2260.00
problem98 0.00 2383322084 0 2260.00
problem99 0.00 2538791837 0 2260.00
