problem0 6.48 1260971197068102 68 1 1.05 704788.00
problem1 6.42 1396713445228457 164 1 0.99 703128.00
problem2 6.33 1463652813024525 88 1 0.90 703128.00
problem3 6.66 1246722177217728 150 1 1.18 703128.00
problem4 6.19 1521183332600326 104 1 0.84 703128.00
problem5 6.34 1568057210130075 155 1 0.98 703128.00
problem6 6.33 1429329346062825 92 1 0.97 703128.00
problem7 6.29 1115218659297639 104 1 0.96 703128.00
problem8 6.37 1224813809456109 103 1 1.04 703128.00
problem9 6.20 1300451003199339 134 1 0.85 703128.00
problem10 6.41 1114257028770475 132 1 1.07 703128.00
problem11 6.34 1294332203849085 60 1 1.01 703128.00
problem12 6.46 1226903989176810 67 1 1.13 703128.00
problem13 6.21 1429258442178770 103 1 0.83 703128.00
problem14 6.22 1488357898938784 139 1 0.86 703132.00
problem15 6.31 1293360615181527 59 1 0.98 703132.00
problem16 6.24 1153172014549135 114 1 0.90 703132.00
problem17 6.32 1365714802645118 73 1 0.98 703132.00
problem18 6.44 1299176519122042 121 1 1.11 703132.00
problem19 6.34 1220157405971568 88 1 0.92 703132.00
problem20 6.23 1420120400159098 134 1 0.88 703132.00
problem21 6.26 1394970066921740 58 1 0.86 703132.00
problem22 6.43 1227611908647099 83 1 0.89 703132.00
problem23 6.62 1225160523414462 123 1 1.28 703132.00
problem24 6.35 1147648669587665 61 1 1.00 703132.00
problem25 6.45 1209414050765157 86 1 1.00 703132.00
problem26 6.40 1372667364398724 169 1 0.99 703132.00
problem27 6.25 1361417027811416 95 1 0.91 703132.00
problem28 6.32 1354822655200112 84 1 0.99 703132.00
problem29 6.24 1245213332246122 157 1 0.91 703132.00
problem30 6.17 1296541872679600 119 1 0.84 703132.00
problem31 6.36 1224623831315567 164 1 1.04 703132.00
problem32 6.30 1328406342066209 95 1 0.96 703132.00
problem33 6.34 1323216985380251 92 1 0.97 703132.00
problem34 6.19 1466070127277894 142 1 0.85 703132.00
problem35 6.21 1313571260178650 94 1 0.87 703132.00
problem36 6.26 1334892487113625 98 1 0.91 703132.00
problem37 6.55 1283174137630464 136 1 1.13 703132.00
problem38 6.44 1430544237256640 87 1 1.02 703132.00
problem39 6.42 1261529529439435 160 1 0.88 703132.00
problem40 6.42 1467351112088018 121 1 0.97 703132.00
problem41 6.20 1438913225525998 107 1 0.78 703132.00
problem42 6.31 1436869608292993 110 1 0.91 703132.00
problem43 6.91 1116007991608651 59 1 1.46 703132.00
problem44 6.28 1342949560203642 58 1 0.85 703132.00
problem45 6.31 1391970724321678 74 1 0.91 703132.00
problem46 6.45 1356447219389893 171 1 1.05 703132.00
problem47 6.31 1492939286466624 113 1 0.85 703132.00
problem48 6.40 1273269317089253 177 1 0.95 703132.00
problem49 6.43 1185330084456762 69 1 1.02 703132.00
problem50 6.36 1311789679910462 84 1 1.01 703132.00
problem51 6.25 1289195637991752 81 1 0.91 703132.00
problem52 6.50 1245755060132764 89 1 1.14 703132.00
problem53 6.42 1259646350410129 77 1 1.06 703132.00
problem54 6.90 1027660938526352 111 1 1.55 703132.00
problem55 6.34 1274875195507078 143 1 1.01 703132.00
problem56 6.33 1285027927053551 119 1 0.97 703132.00
problem57 6.39 1364076322872179 136 1 1.03 703132.00
problem58 6.52 1226077836740931 152 1 1.08 703132.00
problem59 6.33 1370470307286997 107 1 0.98 703132.00
problem60 6.33 1306849884799975 87 1 0.99 703132.00
problem61 6.22 1194966428755040 143 1 0.89 703132.00
problem62 6.94 1133522366890684 113 1 1.60 703132.00
problem63 6.37 1523107798233739 147 1 1.00 703132.00
problem64 6.26 1493253610251293 99 1 0.93 703132.00
problem65 7.90 1130522364181789 132 1 1.04 703132.00
problem66 6.33 1289460649753967 80 1 0.98 703132.00
problem67 6.17 1367891198923325 47 1 0.84 703132.00
problem68 6.41 1249086647705562 82 1 0.98 703132.00
problem69 6.22 1380284774206284 63 1 0.87 703132.00
problem70 6.84 1152082741655861 121 1 1.08 703132.00
problem71 6.24 1340017910286262 106 1 0.90 703132.00
problem72 6.29 1216385524139154 116 1 0.96 703132.00
problem73 6.55 1440235918853715 124 1 1.01 703132.00
problem74 6.37 1361255269138118 123 1 1.02 703132.00
problem75 6.43 1280021031041289 84 1 1.07 703132.00
problem76 6.36 1400729498084831 67 1 1.03 703132.00
problem77 6.44 1364171218511726 60 1 1.11 703132.00
problem78 6.63 1285841514202055 137 1 1.29 703132.00
problem79 6.47 1227534399222607 100 1 1.02 703132.00
problem80 6.34 1164073477889581 98 1 1.02 703132.00
problem81 6.18 1395334857774599 74 1 0.84 703132.00
problem82 6.30 1277158259757563 63 1 0.96 703132.00
problem83 6.28 1476316925470301 93 1 0.93 703132.00
problem84 6.30 1332250376999410 107 1 0.97 703132.00
problem85 6.31 1346628740666330 67 1 0.98 703132.00
problem86 6.14 1476533715790187 106 1 0.79 703132.00
problem87 6.35 1237181159104727 127 1 0.99 703132.00
problem88 6.25 1476871419079017 135 1 0.91 703132.00
problem89 6.22 1277824146566243 116 1 0.88 703132.00
problem90 6.44 1330206994002602 151 1 1.09 703132.00
problem91 6.47 1180228467826418 75 1 1.13 703132.00
problem92 6.93 1146862022157271 119 1 1.52 703132.00
problem93 6.44 1452852871174022 147 1 0.97 703132.00
problem94 6.27 1443628637312100 148 1 0.92 703132.00
problem95 6.43 1168958727541762 115 1 1.09 703132.00
problem96 6.26 1367363664308800 123 1 0.92 703132.00
problem97 6.25 1349582691760572 116 1 0.92 703132.00
problem98 6.31 1500154514025624 155 1 0.95 703132.00
problem99 6.46 1354821468690108 167 1 1.11 703132.00
