problem0 0 942915 1
problem1 0 969313 1
problem2 0 941039 1
problem3 0 972652 0
problem4 0 972891 1
problem5 0 964152 0
problem6 0 1041542 0
problem7 0 1004229 1
problem8 0 969843 1
problem9 0 940305 1
problem10 0 1055775 1
problem11 0 931101 1
problem12 0 958346 0
problem13 0 922345 1
problem14 0 975543 1
problem15 0 1039989 1
problem16 0 864674 0
problem17 0 934849 1
problem18 0 989263 1
problem19 0 863949 1
problem20 0 942778 0
problem21 0 904089 1
problem22 0 1023207 1
problem23 0 984613 1
problem24 0 856787 1
problem25 0 821873 1
problem26 0 938110 0
problem27 0 935037 1
problem28 0 958955 1
problem29 0 909385 1
problem30 0 955159 1
problem31 0 903637 1
problem32 0 913410 0
problem33 0 961825 1
problem34 0 1000623 1
problem35 0 1144365 1
problem36 0 843035 1
problem37 0 1102073 1
problem38 0 1000774 0
problem39 0 1059205 1
problem40 0 969010 0
problem41 0 961489 1
problem42 0 980191 1
problem43 0 934877 1
problem44 0 889930 0
problem45 0 990633 1
problem46 0 832375 1
problem47 0 1025333 1
problem48 0 859747 1
problem49 0 1017473 1
problem50 0 1007887 1
problem51 0 994701 1
problem52 0 968571 1
problem53 0 902745 1
problem54 0 941479 1
problem55 0 965860 0
problem56 0 1011603 1
problem57 0 998704 0
problem58 0 1083711 1
problem59 0 1028925 1
problem60 0 1013419 1
problem61 0 772873 1
problem62 0 967638 0
problem63 0 848021 1
problem64 0 933059 1
problem65 0 905185 1
problem66 0 945519 1
problem67 0 873708 0
problem68 0 827866 0
problem69 0 928696 0
problem70 0 845319 1
problem71 0 966725 1
problem72 0 886259 1
problem73 0 867985 1
problem74 0 986527 1
problem75 0 922269 1
problem76 0 1034507 1
problem77 0 944232 0
problem78 0 967735 1
problem79 0 928757 1
problem80 0 903971 1
problem81 0 952640 0
problem82 0 879055 1
problem83 0 912461 1
problem84 0 977979 1
problem85 0 983321 1
problem86 0 1039975 1
problem87 0 897957 1
problem88 0 1018963 1
problem89 0 897009 1
problem90 0 918015 1
problem91 0 1040893 1
problem92 0 822122 0
problem93 0 816585 1
problem94 0 963735 1
problem95 0 939861 1
problem96 0 1001859 1
problem97 0 897697 1
problem98 0 972334 0
problem99 0 979885 1
