problem0 0 13642444786 1
problem1 0.04 15645231314 1
problem2 0.03 15292728754 1
problem3 0.1 15065048722 1
problem4 0.04 14868048754 1
problem5 0.12 14415696978 1
problem6 0.01 14001824050 1
problem7 0.09 15808746002 1
problem8 0.03 15552210674 1
problem9 0 14527438802 1
problem10 0.01 15549037746 1
problem11 0.02 13522206098 1
problem12 0.02 15004967538 1
problem13 0.05 13746989906 1
problem14 0.13 15620528178 1
problem15 0 15769856274 1
problem16 0 15489146354 1
problem17 0.06 16014898898 1
problem18 0.01 13928985522 1
problem19 0.05 14815302802 1
problem20 0.01 15777913202 1
problem21 0.1 17487086162 1
problem22 0.03 16361115442 1
problem23 0.05 16612360210 1
problem24 0.06 14912869618 1
problem25 0 13514165714 1
problem26 0.15 16187157170 1
problem27 0.26 16108989330 1
problem28 0 15962148978 1
problem29 0.05 14210701650 1
problem30 0.01 16072590898 1
problem31 0.16 16574650130 1
problem32 0.01 16356740082 1
problem33 0.08 14390437074 1
problem34 0.03 16803848626 1
problem35 0 15104787090 1
problem36 0 14332938098 1
problem37 0.02 16114872402 1
problem38 0 13530217778 1
problem39 0.01 14431989266 1
problem40 0.02 15374795506 1
problem41 0.09 13124008914 1
problem42 0.01 16164935858 1
problem43 0.06 14336055698 1
problem44 0.22 15034252914 1
problem45 0.01 13921797970 1
problem46 0 15025452082 1
problem47 0 14328349970 1
problem48 0.08 16647879154 1
problem49 0 15469466322 1
problem50 0.11 16266907570 1
problem51 0.02 13651800210 1
problem52 0.12 17378227570 1
problem53 0.13 14459805266 1
problem54 0.04 13964847922 1
problem55 0.06 14502124562 1
problem56 0.05 15193157874 1
problem57 0.02 14296492498 1
problem58 0.09 15348156082 1
problem59 0.04 15585380242 1
problem60 0.01 15845158002 1
problem61 0.08 14356673874 1
problem62 0.09 15029248562 1
problem63 0.01 16412930834 1
problem64 0.01 14617733106 1
problem65 0 15896543442 1
problem66 0.05 15942041010 1
problem67 0.01 16764575378 1
problem68 0.04 15652758386 1
problem69 0.04 13461408850 1
problem70 0.01 14309562674 1
problem71 0.08 15614806546 1
problem72 0.03 14233738994 1
problem73 0.08 13139302354 1
problem74 0.01 15750083762 1
problem75 0.01 15427777938 1
problem76 0.02 17186904690 1
problem77 0.02 14844240722 1
problem78 0.07 15412891698 1
problem79 0.03 14104240402 1
problem80 0.05 12279567858 1
problem81 0 14463708882 1
problem82 0.01 14084418482 1
problem83 0.09 16792702098 1
problem84 0.01 16001634674 1
problem85 0.02 14596078162 1
problem86 0.02 16040757042 1
problem87 0.12 16025204754 1
problem88 0.05 17194159346 1
problem89 0 14350058962 1
problem90 0.06 14552146610 1
problem91 0.01 15876514706 1
problem92 0.02 14630307954 1
problem93 0.15 14713409874 1
problem94 0 15505292850 1
problem95 0.08 14784253714 1
problem96 0.06 13794132978 1
problem97 0.01 15868583122 1
problem98 0.01 16465402290 1
problem99 0.01 13065091730 1
