problem0 0 7726759301372 0 2240.00
problem1 0.01 8944186867941 0 2296.00
problem2 0.01 8103281700390 0 2296.00
problem3 0.01 8124948718636 0 2296.00
problem4 0.00 8149447872040 0 2296.00
problem5 0.01 7797001713699 0 2296.00
problem6 0.01 8129868066069 0 2296.00
problem7 0.01 9865633616452 0 2296.00
problem8 0.01 9941240105824 0 2296.00
problem9 0.00 9072126734844 0 2296.00
problem10 0.01 8866012175447 0 2296.00
problem11 0.01 9486432342073 0 2296.00
problem12 0.01 9515301435808 0 2296.00
problem13 0.01 9114007890258 0 2296.00
problem14 0.00 8236707960539 0 2296.00
problem15 0.01 9241665848043 0 2296.00
problem16 0.01 9606989170325 0 2296.00
problem17 0.01 8940015558481 0 2296.00
problem18 0.01 9389629574347 0 2296.00
problem19 0.01 9461509750738 0 2296.00
problem20 0.00 8278736169170 0 2296.00
problem21 0.01 8742886398895 0 2296.00
problem22 0.01 8600503502152 0 2296.00
problem23 0.01 8551994307910 0 2296.00
problem24 0.01 9365411373545 0 2296.00
problem25 0.00 6791211717812 0 2296.00
problem26 0.01 8467248086741 0 2296.00
problem27 0.01 7942806761387 0 2296.00
problem28 0.01 9280180215488 0 2296.00
problem29 0.01 9325042126743 0 2296.00
problem30 0.00 7464613066252 0 2296.00
problem31 0.01 9888268068136 0 2296.00
problem32 0.01 7459865105254 0 2296.00
problem33 0.01 8565654979286 0 2296.00
problem34 0.00 6541249342889 0 2296.00
problem35 0.01 9220995701772 0 2296.00
problem36 0.01 7464457062858 0 2296.00
problem37 0.01 9103833446741 0 2296.00
problem38 0.01 9669464796449 0 2296.00
problem39 0.01 8745066435464 0 2296.00
problem40 0.00 8181022688775 0 2296.00
problem41 0.01 8658413026888 0 2296.00
problem42 0.01 8452061486250 0 2296.00
problem43 0.01 7141388438389 0 2296.00
problem44 0.01 9871018113481 0 2296.00
problem45 0.00 7971886180374 0 2296.00
problem46 0.01 9610126367438 0 2296.00
problem47 0.01 9413061740654 0 2296.00
problem48 0.01 9222486684919 0 2296.00
problem49 0.01 9161134923720 0 2296.00
problem50 0.00 7495240568523 0 2296.00
problem51 0.01 9293192182442 0 2296.00
problem52 0.01 9245663602808 0 2296.00
problem53 0.01 8570605213304 0 2296.00
problem54 0.01 8278735226370 0 2296.00
problem55 0.00 7936589103277 0 2296.00
problem56 0.01 9927127100708 0 2296.00
problem57 0.01 9416690684397 0 2296.00
problem58 0.01 7411703104850 0 2296.00
problem59 0.01 7872451358387 0 2296.00
problem60 0.00 7130286790772 0 2296.00
problem61 0.01 8593593108947 0 2296.00
problem62 0.01 8316696262002 0 2296.00
problem63 0.01 9156076660562 0 2296.00
problem64 0.01 9637813932604 0 2296.00
problem65 0.00 9317706121043 0 2296.00
problem66 0.01 8643830721821 0 2296.00
problem67 0.01 8269349919541 0 2296.00
problem68 0.01 9464827450394 0 2296.00
problem69 0.01 7933475685377 0 2296.00
problem70 0.00 9616635291198 0 2296.00
problem71 0.01 8566103725262 0 2296.00
problem72 0.01 9346684633670 0 2296.00
problem73 0.01 7657295426674 0 2296.00
problem74 0.01 8335470173717 0 2296.00
problem75 0.00 7077978802756 0 2296.00
problem76 0.01 9544841624053 0 2296.00
problem77 0.01 8132146194511 0 2296.00
problem78 0.01 8222887434510 0 2296.00
problem79 0.01 8808075183363 0 2296.00
problem80 0.00 9496120832333 0 2296.00
problem81 0.01 8726130926276 0 2296.00
problem82 0.01 10777293789214 0 2296.00
problem83 0.01 8589010336363 0 2296.00
problem84 0.01 7262955137312 0 2296.00
problem85 0.00 7432963020895 0 2296.00
problem86 0.01 8975880832897 0 2296.00
problem87 0.01 8675105223464 0 2296.00
problem88 0.01 8879236719343 0 2296.00
problem89 0.01 8568547741748 0 2296.00
problem90 0.00 8715101797635 0 2296.00
problem91 0.01 8846779641996 0 2296.00
problem92 0.01 10758131013736 0 2296.00
problem93 0.01 7927575235021 0 2296.00
problem94 0.01 7370194793850 0 2296.00
problem95 0.00 8609575478085 0 2296.00
problem96 0.01 9037925552451 0 2296.00
problem97 0.01 9825950760538 0 2296.00
problem98 0.01 8088833978898 0 2296.00
problem99 0.00 8843424162952 0 2296.00
