problem0 26.69 17759018675 6673 1 24.28 289092.00
problem1 76.35 14586033852 12934 2 75.23 522672.00
problem2 24.98 15195077383 6417 1 23.55 431312.00
problem3 25.90 17467595418 6034 1 23.84 431956.00
problem4 30.83 14015682933 12064 1 29.74 324868.00
problem5 35.37 14438338642 9860 1 34.83 548124.00
problem6 83.02 15587335734 18797 2 81.01 558360.00
problem7 20.01 15686620768 1886 1 19.84 362716.00
problem8 39.99 16205256765 16617 1 37.16 452224.00
problem9 91.07 14019205698 21673 2 89.40 889932.00
problem10 34.05 15563459448 12274 1 32.24 813272.00
problem11 33.96 15185227664 6014 1 33.66 424848.00
problem12 107.58 14217915118 29806 2 106.79 426924.00
problem13 33.08 16047138645 6314 1 32.71 381012.00
problem14 111.77 13783358438 43384 2 110.36 383100.00
problem15 44.43 15071902399 12330 1 43.43 730880.00
problem16 38.70 15619092357 10729 1 38.03 730908.00
problem17 21.86 17477604476 3065 1 20.82 276700.00
problem18 53.20 15101340239 19774 1 50.92 1411640.00
problem19 52.85 15355792962 18126 1 52.24 1359344.00
problem20 34.74 15154789466 7295 1 33.98 1154988.00
problem21 29.65 15700113157 7512 1 28.10 1112008.00
problem22 39.60 14264945077 9189 1 39.13 749448.00
problem23 23.73 17741530545 4997 1 22.44 749488.00
problem24 52.00 15192516847 18525 1 50.42 710572.00
problem25 49.99 15205066179 15395 1 48.97 782252.00
problem26 28.56 16053901213 5634 1 27.75 493972.00
problem27 34.67 16693261709 10088 1 33.43 518060.00
problem28 51.11 16030354608 20028 1 49.21 657052.00
problem29 44.91 15393012681 11861 1 43.60 834320.00
problem30 47.55 15086643029 11992 1 47.07 714664.00
problem31 24.06 17275123207 4094 1 23.48 714672.00
problem32 32.29 16339451763 8466 1 31.75 244968.00
problem33 42.16 15496663059 18783 1 39.58 313264.00
problem34 35.10 16361919438 6473 1 34.66 335744.00
problem35 31.42 16417382692 8383 1 30.48 346032.00
problem36 20.27 17297513411 3246 1 18.88 221056.00
problem37 127.76 12993345680 65784 2 124.72 892436.00
problem38 42.08 15467968024 13853 1 39.85 552880.00
problem39 43.97 14180240807 11702 1 42.91 500884.00
problem40 59.76 14307145131 35782 1 58.59 276064.00
problem41 44.56 16445869415 8711 1 44.05 698288.00
problem42 28.84 14694932423 4554 1 28.52 331032.00
problem43 30.09 16897463337 5814 1 29.45 334164.00
problem44 49.07 13880027457 34737 1 47.45 192988.00
problem45 63.36 15863475341 39837 1 59.64 618304.00
problem46 64.20 15457857866 37419 1 62.75 461168.00
problem47 47.39 14483098757 15863 1 46.47 782256.00
problem48 38.00 16094235144 6783 1 37.66 397196.00
problem49 30.55 16346441080 8417 1 29.40 442284.00
problem50 37.74 16021273846 9385 1 35.73 540592.00
problem51 36.07 16726888326 8379 1 34.72 546736.00
problem52 21.65 18459293324 4119 1 20.31 491860.00
problem53 41.18 14218401299 21815 1 38.59 346032.00
problem54 23.51 17746614882 3054 1 23.06 348076.00
problem55 46.38 13823767269 16182 1 45.20 303024.00
problem56 55.21 14345404030 20244 1 54.55 306304.00
problem57 29.86 17651831423 3963 1 29.35 256268.00
problem58 54.12 13018916028 14306 1 53.63 1103788.00
problem59 45.49 14145671109 14528 1 44.81 1103788.00
problem60 31.24 16578511251 5673 1 29.83 457136.00
problem61 47.44 15149954611 11991 1 46.75 1038252.00
problem62 25.29 17129813385 5811 1 23.43 145324.00
problem63 48.01 15911108651 16193 1 46.91 604080.00
problem64 23.36 16006861563 3598 1 22.40 492260.00
problem65 48.11 14291621612 16376 1 47.34 442476.00
problem66 62.74 13120347754 35681 1 61.57 292344.00
problem67 32.16 15831718216 6137 1 30.46 806832.00
problem68 29.54 16773008534 6671 1 28.35 393064.00
problem69 29.53 15447707656 7744 1 27.22 493156.00
problem70 33.37 16278879616 6927 1 32.52 581464.00
problem71 60.31 15007363932 35933 1 59.17 529664.00
problem72 25.84 17831609658 3632 1 25.22 464764.00
problem73 51.87 15495164905 22377 1 50.14 466860.00
problem74 30.68 16702187017 3094 1 30.28 631756.00
problem75 33.48 17237928106 7939 1 32.40 830956.00
problem76 30.59 16411825665 5023 1 29.63 710516.00
problem77 43.45 14685199559 10024 1 42.92 664816.00
problem78 55.81 13594391943 30441 1 54.26 949520.00
problem79 61.17 15456833065 20932 1 60.22 593312.00
problem80 29.08 17855059455 4802 1 28.65 250316.00
problem81 29.24 14854399580 6306 1 27.50 440524.00
problem82 53.47 12991544790 26277 1 51.98 244348.00
problem83 31.12 16215293324 4719 1 30.70 343300.00
problem84 47.69 15857688473 14185 1 45.83 675744.00
problem85 43.20 15958140183 14072 1 41.54 624072.00
problem86 35.42 15218563820 5998 1 34.73 692116.00
problem87 43.66 15781072872 11956 1 43.16 792492.00
problem88 24.19 17743841074 3860 1 23.46 239596.00
problem89 34.18 16831852476 6041 1 33.29 677808.00
problem90 39.46 14627087205 9136 1 39.08 279820.00
problem91 43.57 15898582012 12954 1 42.76 552880.00
problem92 39.87 16520849248 6902 1 38.45 1562540.00
problem93 34.40 15885181342 7190 1 32.63 1562540.00
problem94 22.90 18056704429 3797 1 21.28 159288.00
problem95 46.10 14248933813 12617 1 44.54 428216.00
problem96 28.76 16554677815 6409 1 27.61 209840.00
problem97 21.01 17097740150 2835 1 20.52 159480.00
problem98 51.10 15447562478 11901 1 49.96 712612.00
problem99 42.76 14170243263 15835 1 41.57 759724.00
