problem0 0 706302137 0 2208.00
problem1 0.00 655133647 0 2264.00
problem2 0.00 616978017 0 2264.00
problem3 0.00 687335109 0 2264.00
problem4 0.00 805978231 0 2264.00
problem5 0.00 627209036 0 2264.00
problem6 0.00 649005445 0 2264.00
problem7 0.00 588323230 0 2264.00
problem8 0.00 776816361 0 2264.00
problem9 0.00 630456218 0 2264.00
problem10 0.00 754383170 0 2264.00
problem11 0.00 788398833 0 2264.00
problem12 0.00 535353424 0 2264.00
problem13 0.00 742972389 0 2264.00
problem14 0.00 687221048 0 2264.00
problem15 0.00 625581731 0 2264.00
problem16 0.00 704841554 0 2264.00
problem17 0.00 674878162 0 2264.00
problem18 0.00 746666705 0 2264.00
problem19 0.00 687408252 0 2264.00
problem20 0.00 713262154 0 2264.00
problem21 0.00 625660516 0 2264.00
problem22 0.00 530280445 0 2264.00
problem23 0.00 628453302 0 2264.00
problem24 0.00 626369297 0 2264.00
problem25 0.00 667211697 0 2264.00
problem26 0.00 835234896 0 2264.00
problem27 0.00 563493218 0 2264.00
problem28 0.00 642405374 0 2264.00
problem29 0.00 632297704 0 2264.00
problem30 0.00 822046050 0 2264.00
problem31 0.00 835378350 0 2264.00
problem32 0.00 832186674 0 2264.00
problem33 0.00 676191532 0 2264.00
problem34 0.00 674946279 0 2264.00
problem35 0.00 593818567 0 2264.00
problem36 0.00 688345977 0 2264.00
problem37 0.00 733121764 0 2264.00
problem38 0.00 531411328 0 2264.00
problem39 0.00 654456458 0 2264.00
problem40 0.00 731883533 0 2264.00
problem41 0.00 645902745 0 2264.00
problem42 0.00 747591786 0 2264.00
problem43 0.00 873890024 0 2264.00
problem44 0.00 773756788 0 2264.00
problem45 0.00 733870370 0 2264.00
problem46 0.00 647482377 0 2264.00
problem47 0.00 798346674 0 2264.00
problem48 0.00 636433441 0 2264.00
problem49 0.00 685189074 0 2264.00
problem50 0.00 688370308 0 2264.00
problem51 0.00 666776551 0 2264.00
problem52 0.00 617492015 0 2264.00
problem53 0.00 632302635 0 2264.00
problem54 0.00 492784868 0 2264.00
problem55 0.00 721547195 0 2264.00
problem56 0.00 789306297 0 2264.00
problem57 0.00 820186773 0 2264.00
problem58 0.00 766475925 0 2264.00
problem59 0.00 605117292 0 2264.00
problem60 0.00 577643992 0 2264.00
problem61 0.00 706280143 0 2264.00
problem62 0.00 680248460 0 2264.00
problem63 0.00 822407487 0 2264.00
problem64 0.00 800237985 0 2264.00
problem65 0.01 881079820 0 2264.00
problem66 0.00 815547871 0 2264.00
problem67 0.00 799491702 0 2264.00
problem68 0.00 615551585 0 2264.00
problem69 0.00 863645631 0 2264.00
problem70 0.00 701481765 0 2264.00
problem71 0.00 618601695 0 2264.00
problem72 0.00 689615288 0 2264.00
problem73 0.00 858615281 0 2264.00
problem74 0.00 640523507 0 2264.00
problem75 0.00 825837233 0 2264.00
problem76 0.00 669089623 0 2264.00
problem77 0.00 663200129 0 2264.00
problem78 0.00 675796989 0 2264.00
problem79 0.00 680707106 0 2264.00
problem80 0.00 859113059 0 2264.00
problem81 0.00 589530565 0 2264.00
problem82 0.00 692917135 0 2264.00
problem83 0.00 719498686 0 2264.00
problem84 0.00 623312249 0 2264.00
problem85 0.00 879170122 0 2264.00
problem86 0.00 750424566 0 2264.00
problem87 0.00 740571253 0 2264.00
problem88 0.00 921483797 0 2264.00
problem89 0.00 717049245 0 2264.00
problem90 0.00 665728939 0 2264.00
problem91 0.00 761316495 0 2264.00
problem92 0.00 750854129 0 2264.00
problem93 0.00 636510525 0 2264.00
problem94 0.00 769164222 0 2264.00
problem95 0.00 618253174 0 2264.00
problem96 0.00 744935215 0 2264.00
problem97 0.00 698587761 0 2264.00
problem98 0.00 705599980 0 2264.00
problem99 0.00 726852137 0 2264.00
