problem0 0.16 90837 5 -1652408584 6.95327e-310 0.00
problem1 0.21 98039 5 -1652408584 6.95327e-310 0.00
problem2 0.19 121959 5 -1652408584 6.95327e-310 0.00
problem3 0.28 106561 5 -1652408584 6.95327e-310 0.00
problem4 0.3 107135 5 -1652408584 6.95327e-310 0.00
problem5 0.18 133067 5 -1652408584 6.95327e-310 0.00
problem6 0.19 108564 5 -1652408584 6.95327e-310 0.00
problem7 0.15 121723 5 -1652408584 6.95327e-310 0.00
problem8 0.14 122987 5 -1652408584 6.95327e-310 0.00
problem9 0.15 102144 5 -1652408584 6.95327e-310 0.00
problem10 0.15 120922 5 -1652408584 6.95327e-310 0.00
problem11 0.12 103679 5 -1652408584 6.95327e-310 0.00
problem12 0.24 105675 5 -1652408584 6.95327e-310 0.00
problem13 0.17 116689 5 -1652408584 6.95327e-310 0.00
problem14 0.14 106680 5 -1652408584 6.95327e-310 0.00
problem15 0.17 124628 5 -1652408584 6.95327e-310 0.00
problem16 0.24 107645 5 -1652408584 6.95327e-310 0.00
problem17 0.17 130761 5 -1652408584 6.95327e-310 0.00
problem18 0.15 98599 5 -1652408584 6.95327e-310 0.00
problem19 0.21 125385 5 -1652408584 6.95327e-310 0.00
problem20 0.22 128796 5 -1652408584 6.95327e-310 0.00
problem21 0.16 118264 5 -1652408584 6.95327e-310 0.00
problem22 0.21 109758 5 -1652408584 6.95327e-310 0.00
problem23 0.16 125825 5 -1652408584 6.95327e-310 0.00
problem24 0.17 116798 5 -1652408584 6.95327e-310 0.00
problem25 0.35 111950 5 -1652408584 6.95327e-310 0.00
problem26 0.18 120485 5 -1652408584 6.95327e-310 0.00
problem27 0.16 125765 5 -1652408584 6.95327e-310 0.00
problem28 0.18 117525 5 -1652408584 6.95327e-310 0.00
problem29 0.18 131336 5 -1652408584 6.95327e-310 0.00
problem30 0.16 104676 5 -1652408584 6.95327e-310 0.00
problem31 0.12 131925 5 -1652408584 6.95327e-310 0.00
problem32 0.17 104740 5 -1652408584 6.95327e-310 0.00
problem33 0.28 117639 5 -1652408584 6.95327e-310 0.00
problem34 0.24 114542 5 -1652408584 6.95327e-310 0.00
problem35 0.12 131093 5 -1652408584 6.95327e-310 0.00
problem36 0.16 104596 5 -1652408584 6.95327e-310 0.00
problem37 0.18 129705 5 -1652408584 6.95327e-310 0.00
problem38 0.24 143712 5 -1652408584 6.95327e-310 0.00
problem39 0.16 123311 5 -1652408584 6.95327e-310 0.00
problem40 0.28 117215 5 -1652408584 6.95327e-310 0.00
problem41 0.35 128255 5 -1652408584 6.95327e-310 0.00
problem42 0.22 126634 5 -1652408584 6.95327e-310 0.00
problem43 0.12 134850 5 -1652408584 6.95327e-310 0.00
problem44 0.22 122834 5 -1652408584 6.95327e-310 0.00
problem45 0.18 119851 5 -1652408584 6.95327e-310 0.00
problem46 0.16 109104 5 -1652408584 6.95327e-310 0.00
problem47 0.14 99964 5 -1652408584 6.95327e-310 0.00
problem48 0.19 108433 5 -1652408584 6.95327e-310 0.00
problem49 0.17 117580 5 -1652408584 6.95327e-310 0.00
problem50 0.14 104297 5 -1652408584 6.95327e-310 0.00
problem51 0.12 156469 5 -1652408584 6.95327e-310 0.00
problem52 0.38 113188 5 -1652408584 6.95327e-310 0.00
problem53 0.31 121496 5 -1652408584 6.95327e-310 0.00
problem54 0.16 118720 5 -1652408584 6.95327e-310 0.00
problem55 0.17 114268 5 -1652408584 6.95327e-310 0.00
problem56 0.13 143791 5 -1652408584 6.95327e-310 0.00
problem57 0.17 124994 5 -1652408584 6.95327e-310 0.00
problem58 0.19 106510 5 -1652408584 6.95327e-310 0.00
problem59 0.22 110976 5 -1652408584 6.95327e-310 0.00
problem60 0.22 115010 5 -1652408584 6.95327e-310 0.00
problem61 0.32 101828 5 -1652408584 6.95327e-310 0.00
problem62 0.13 120162 5 -1652408584 6.95327e-310 0.00
problem63 0.18 126975 5 -1652408584 6.95327e-310 0.00
problem64 0.19 118565 5 -1652408584 6.95327e-310 0.00
problem65 0.15 124133 5 -1652408584 6.95327e-310 0.00
problem66 0.17 133332 5 -1652408584 6.95327e-310 0.00
problem67 0.17 122848 5 -1652408584 6.95327e-310 0.00
problem68 0.16 89001 5 -1652408584 6.95327e-310 0.00
problem69 0.13 106720 5 -1652408584 6.95327e-310 0.00
problem70 0.32 113348 5 -1652408584 6.95327e-310 0.00
problem71 0.15 138021 5 -1652408584 6.95327e-310 0.00
problem72 0.16 111409 5 -1652408584 6.95327e-310 0.00
problem73 0.19 95432 5 -1652408584 6.95327e-310 0.00
problem74 0.19 119178 5 -1652408584 6.95327e-310 0.00
problem75 0.16 80634 5 -1652408584 6.95327e-310 0.00
problem76 0.16 107198 5 -1652408584 6.95327e-310 0.00
problem77 0.28 116530 5 -1652408584 6.95327e-310 0.00
problem78 0.19 118031 5 -1652408584 6.95327e-310 0.00
problem79 0.29 114651 5 -1652408584 6.95327e-310 0.00
problem80 0.14 122249 5 -1652408584 6.95327e-310 0.00
problem81 0.29 97890 5 -1652408584 6.95327e-310 0.00
problem82 0.17 129615 5 -1652408584 6.95327e-310 0.00
problem83 0.19 128549 5 -1652408584 6.95327e-310 0.00
problem84 0.32 117227 5 -1652408584 6.95327e-310 0.00
problem85 0.14 105055 5 -1652408584 6.95327e-310 0.00
problem86 0.15 108068 5 -1652408584 6.95327e-310 0.00
problem87 0.15 109310 5 -1652408584 6.95327e-310 0.00
problem88 0.32 124916 5 -1652408584 6.95327e-310 0.00
problem89 0.14 131462 5 -1652408584 6.95327e-310 0.00
problem90 0.71 118743 5 -1652408584 6.95327e-310 0.00
problem91 0.33 102735 5 -1652408584 6.95327e-310 0.00
problem92 0.34 112542 5 -1652408584 6.95327e-310 0.00
problem93 0.15 105044 5 -1652408584 6.95327e-310 0.00
problem94 0.15 129088 5 -1652408584 6.95327e-310 0.00
problem95 0.64 121998 5 -1652408584 6.95327e-310 0.00
problem96 0.22 106260 5 -1652408584 6.95327e-310 0.00
problem97 0.28 104420 5 -1652408584 6.95327e-310 0.00
problem98 0.17 99695 5 -1652408584 6.95327e-310 0.00
problem99 0.15 121155 5 -1652408584 6.95327e-310 0.00
