problem0 0 1298936667 1
problem1 0 1161281024 1
problem2 0.05 1199537980 1
problem3 0.07 1154253157 1
problem4 0.01 1236056117 1
problem5 0.01 1279895106 1
problem6 0.02 1147508870 1
problem7 0.01 1065996247 1
problem8 0.01 1192841327 1
problem9 0 1116401508 1
problem10 0.03 1205311024 1
problem11 0.01 1109234729 1
problem12 0.01 1128085001 1
problem13 0.05 1342421862 1
problem14 0 1099833914 1
problem15 0.01 1257447515 1
problem16 0.04 1329660675 1
problem17 0.01 1204751432 1
problem18 0.01 1134577316 1
problem19 0.03 1095607917 1
problem20 0 1132769629 1
problem21 0.01 1176290314 1
problem22 0 1250782574 1
problem23 0.03 1064974431 1
problem24 0.01 1083808535 1
problem25 0.05 1259578540 1
problem26 0.03 1101488280 1
problem27 0 1289865265 1
problem28 0.04 1100773937 1
problem29 0.04 1251168302 1
problem30 0 1104955938 1
problem31 0.05 1106978787 1
problem32 0.02 1139763371 1
problem33 0.05 1222002832 1
problem34 0.01 1155576844 1
problem35 0.02 1176308085 1
problem36 0 1112793221 1
problem37 0.02 1072951250 1
problem38 0.03 1287227478 1
problem39 0.04 1060110055 1
problem40 0.01 1130675135 1
problem41 0.03 1245874164 1
problem42 0.02 1034293504 1
problem43 0.02 1161853497 1
problem44 0 1265644633 1
problem45 0.1 1402548982 1
problem46 0 1147795466 1
problem47 0 1139854699 1
problem48 0.01 1169286227 1
problem49 0.02 1232204504 1
problem50 0.01 1157056372 1
problem51 0.01 1204497021 1
problem52 0.07 1223476653 1
problem53 0.04 1105963418 1
problem54 0.03 1131964734 1
problem55 0.07 1299424111 1
problem56 0.04 1197814375 1
problem57 0.05 1068243260 1
problem58 0.01 1136273256 1
problem59 0.13 1253714497 1
problem60 0.02 1245373569 1
problem61 0.03 1117905854 1
problem62 0.03 1257614322 1
problem63 0.02 1166840051 1
problem64 0 1210250747 1
problem65 0.03 1134988064 1
problem66 0.01 1006272732 1
problem67 0.01 1086884229 1
problem68 0.04 1333911765 1
problem69 0.02 1090548066 1
problem70 0.03 1203277862 1
problem71 0.01 1122870775 1
problem72 0.01 1239777039 1
problem73 0.01 1237637252 1
problem74 0.03 1210721232 1
problem75 0.02 1152342089 1
problem76 0.01 1155467945 1
problem77 0.08 1209655942 1
problem78 0.07 1302193626 1
problem79 0.03 1197929083 1
problem80 0.01 1111301539 1
problem81 0 1247318376 1
problem82 0.03 1247862852 1
problem83 0.02 1231398541 1
problem84 0.02 1235595773 1
problem85 0 1125041962 1
problem86 0.04 1288207630 1
problem87 0.16 1176929919 1
problem88 0.01 1066410423 1
problem89 0.07 1239500236 1
problem90 0.05 1167885880 1
problem91 0.1 1214284881 1
problem92 0.03 1168058065 1
problem93 0.01 1095610190 1
problem94 0 1189160386 1
problem95 0 1173910019 1
problem96 0.05 1113250635 1
problem97 0.02 1162642864 1
problem98 0.01 1291904428 1
problem99 0.03 1104347541 1
