problem0 0.08 120860 171 1 0.08 8376.00
problem1 0.02 131289 179 2 0.02 5784.00
problem2 0.02 109187 355 2 0.02 5784.00
problem3 0.02 122095 190 1 0.02 5784.00
problem4 0.02 137729 161 1 0.01 5784.00
problem5 0.04 114769 691 2 0.04 5784.00
problem6 0.03 127057 288 1 0.02 5788.00
problem7 0.03 116932 475 1 0.03 5788.00
problem8 0.03 108657 446 1 0.02 5788.00
problem9 0.02 121749 141 1 0.01 5788.00
problem10 0.07 111366 1038 2 0.07 5976.00
problem11 0.04 113100 401 1 0.03 5976.00
problem12 0.03 129533 508 1 0.03 5976.00
problem13 0.12 111478 1454 2 0.11 6764.00
problem14 0.04 148744 156 1 0.03 6764.00
problem15 0.03 105579 231 1 0.03 6764.00
problem16 0.05 113937 548 1 0.04 6764.00
problem17 0.03 131127 205 1 0.03 6764.00
problem18 0.05 110799 409 1 0.04 6764.00
problem19 0.04 120197 392 1 0.04 6764.00
problem20 0.04 137325 319 1 0.03 6764.00
problem21 0.04 119409 320 1 0.04 6764.00
problem22 0.05 121072 287 1 0.05 6764.00
problem23 0.03 139549 171 1 0.02 6764.00
problem24 0.04 133671 292 1 0.03 6764.00
problem25 0.04 119510 385 1 0.03 6764.00
problem26 0.04 145430 181 1 0.03 6764.00
problem27 0.04 127997 369 1 0.04 6764.00
problem28 0.05 125205 410 1 0.04 6764.00
problem29 0.03 123225 190 1 0.03 6764.00
problem30 0.05 122978 264 1 0.04 6764.00
problem31 0.04 129695 252 1 0.03 6764.00
problem32 0.04 115573 262 1 0.04 6764.00
problem33 0.04 128755 123 1 0.04 6764.00
problem34 0.04 122015 254 1 0.04 6764.00
problem35 0.05 113024 566 1 0.04 6764.00
problem36 0.03 139294 234 1 0.03 6764.00
problem37 0.04 115776 638 1 0.04 6764.00
problem38 0.04 118566 138 1 0.04 6764.00
problem39 0.04 134398 327 1 0.04 6764.00
problem40 0.04 138572 175 1 0.03 6764.00
problem41 0.04 119108 441 1 0.03 6764.00
problem42 0.05 127643 280 1 0.05 6764.00
problem43 0.03 149969 107 1 0.03 6764.00
problem44 0.04 119168 396 1 0.04 6764.00
problem45 0.04 130763 159 1 0.04 6764.00
problem46 0.03 129410 359 1 0.02 6764.00
problem47 0.03 130093 114 1 0.03 6764.00
problem48 0.05 117629 516 1 0.04 6764.00
problem49 0.04 124288 491 1 0.03 6764.00
problem50 0.05 126484 539 1 0.04 6764.00
problem51 0.04 125182 457 1 0.03 6764.00
problem52 0.03 151903 170 1 0.02 6764.00
problem53 0.04 128341 213 1 0.04 6764.00
problem54 0.08 94961 1097 1 0.07 6764.00
problem55 0.03 109663 330 1 0.03 6764.00
problem56 0.05 106976 476 1 0.05 6764.00
problem57 0.05 120720 1443 1 0.04 6764.00
problem58 0.05 131788 370 1 0.03 6764.00
problem59 0.04 121604 311 1 0.04 6764.00
problem60 0.03 136084 169 1 0.03 6764.00
problem61 0.03 134085 238 1 0.03 6764.00
problem62 0.04 118746 368 1 0.03 6764.00
problem63 0.04 123229 320 1 0.04 6764.00
problem64 0.03 136392 152 1 0.03 6764.00
problem65 0.04 117561 374 1 0.04 6764.00
problem66 0.04 132313 178 1 0.03 6764.00
problem67 0.04 132079 230 1 0.04 6764.00
problem68 0.04 125978 224 1 0.03 6764.00
problem69 0.04 108042 372 1 0.04 6764.00
problem70 0.05 140388 593 1 0.04 6764.00
problem71 0.03 147243 59 1 0.03 6764.00
problem72 0.04 120864 329 1 0.04 6764.00
problem73 0.05 124125 360 1 0.05 6764.00
problem74 0.05 116821 461 1 0.05 6764.00
problem75 0.05 116713 781 1 0.04 6764.00
problem76 0.03 134945 216 1 0.03 6764.00
problem77 0.05 141422 534 1 0.04 6764.00
problem78 0.04 148448 141 1 0.03 6764.00
problem79 0.05 92673 1029 1 0.05 6764.00
problem80 0.05 122803 337 1 0.04 6764.00
problem81 0.04 116858 285 1 0.03 6764.00
problem82 0.05 115012 532 1 0.04 6764.00
problem83 0.03 125570 384 1 0.03 6764.00
problem84 0.04 127083 223 1 0.04 6764.00
problem85 0.04 120389 293 1 0.04 6764.00
problem86 0.03 140003 92 1 0.03 6764.00
problem87 0.03 132513 213 1 0.03 6764.00
problem88 0.04 122821 352 1 0.03 6764.00
problem89 0.03 145924 294 1 0.03 6764.00
problem90 0.04 148335 106 1 0.03 6764.00
problem91 0.02 135174 124 1 0.02 6764.00
problem92 0.04 140316 213 1 0.03 6764.00
problem93 0.04 128021 100 1 0.04 6764.00
problem94 0.04 111951 235 1 0.03 6764.00
problem95 0.03 153162 195 1 0.03 6764.00
problem96 0.04 109592 308 1 0.04 6764.00
problem97 0.04 130391 355 1 0.04 6764.00
problem98 0.06 131894 516 1 0.04 6764.00
problem99 0.04 130173 307 1 0.03 6764.00
