problem0 0 1337940 1 2372.00
problem1 0.00 1329285 1 2372.00
problem2 0.00 1328565 1 2372.00
problem3 0.00 1500218 1 2372.00
problem4 0.01 1406798 1 2428.00
problem5 0.00 1285255 1 2428.00
problem6 0.00 1594207 1 2428.00
problem7 0.00 1280684 1 2428.00
problem8 0.02 1301544 1 2428.00
problem9 0.00 1281513 1 2428.00
problem10 0.01 1495529 1 2428.00
problem11 0.01 1416062 1 2428.00
problem12 0.01 1327842 1 2428.00
problem13 0.01 1412779 1 2428.00
problem14 0.00 1416019 1 2428.00
problem15 0.00 1407152 1 2428.00
problem16 0.01 1521020 1 2428.00
problem17 0.00 1142989 1 2428.00
problem18 0.01 1534365 1 2428.00
problem19 0.00 1434690 1 2428.00
problem20 0.00 1449462 1 2428.00
problem21 0.00 1402447 1 2428.00
problem22 0.01 1365703 1 2428.00
problem23 0.01 1507380 1 2428.00
problem24 0.01 1394256 1 2428.00
problem25 0.01 1376561 1 2428.00
problem26 0.00 1531089 1 2428.00
problem27 0.01 1330822 1 2428.00
problem28 0.00 1431690 1 2428.00
problem29 0.00 1520499 1 2428.00
problem30 0.00 1398203 1 2428.00
problem31 0.01 1290552 1 2428.00
problem32 0.01 1302180 1 2428.00
problem33 0.01 1265429 1 2428.00
problem34 0.00 1309573 1 2428.00
problem35 0.00 1403466 1 2428.00
problem36 0.01 1393310 1 2428.00
problem37 0.00 1443351 1 2428.00
problem38 0.00 1206319 1 2428.00
problem39 0.00 1383356 1 2428.00
problem40 0.01 1363576 1 2428.00
problem41 0.01 1403513 1 2428.00
problem42 0.00 1414585 1 2428.00
problem43 0.01 1492878 1 2428.00
problem44 0.00 1256498 1 2428.00
problem45 0.02 1240635 1 2428.00
problem46 0.00 1334819 1 2428.00
problem47 0.01 1494976 1 2428.00
problem48 0.01 1566156 1 2428.00
problem49 0.00 1205085 1 2428.00
problem50 0.01 1342317 1 2428.00
problem51 0.01 1308242 1 2428.00
problem52 0.01 1336646 1 2428.00
problem53 0.00 1506271 1 2428.00
problem54 0.00 1673111 1 2428.00
problem55 0.02 1137988 1 2428.00
problem56 0.01 1373344 1 2428.00
problem57 0.01 1591745 1 2428.00
problem58 0.01 1506465 1 2428.00
problem59 0.00 1345174 1 2428.00
problem60 0.00 1752538 1 2428.00
problem61 0.00 1457923 1 2428.00
problem62 0.01 1586315 1 2428.00
problem63 0.00 1397832 1 2428.00
problem64 0.00 1624820 1 2428.00
problem65 0.01 1453477 1 2428.00
problem66 0.00 1403221 1 2428.00
problem67 0.01 1509466 1 2428.00
problem68 0.01 1443310 1 2428.00
problem69 0.00 1427367 1 2428.00
problem70 0.01 1488127 1 2428.00
problem71 0.00 1393868 1 2428.00
problem72 0.00 1325256 1 2428.00
problem73 0.01 1580809 1 2428.00
problem74 0.00 1446281 1 2428.00
problem75 0.00 1444766 1 2428.00
problem76 0.01 1641858 1 2428.00
problem77 0.01 1484235 1 2428.00
problem78 0.00 1267955 1 2428.00
problem79 0.00 1359568 1 2428.00
problem80 0.00 1576476 1 2428.00
problem81 0.01 1322477 1 2428.00
problem82 0.00 1590589 1 2428.00
problem83 0.00 1384546 1 2428.00
problem84 0.01 1287318 1 2428.00
problem85 0.01 1436015 1 2428.00
problem86 0.01 1405031 1 2428.00
problem87 0.01 1331796 1 2428.00
problem88 0.00 1383152 1 2428.00
problem89 0.02 1206865 1 2428.00
problem90 0.00 1463409 1 2428.00
problem91 0.01 1431206 1 2428.00
problem92 0.00 1219370 1 2428.00
problem93 0.01 1286803 1 2428.00
problem94 0.00 1461083 1 2428.00
problem95 0.01 1478488 1 2428.00
problem96 0.00 1453892 1 2428.00
problem97 0.00 1500213 1 2428.00
problem98 0.01 1347365 1 2428.00
problem99 0.01 1425002 1 2428.00
