problem0 0.11 882219059147 0
problem1 0.11 1042373123725 0
problem2 0.12 1019174442386 0
problem3 0.04 881520978468 0
problem4 0.09 1035430172403 0
problem5 0.11 1069336734823 0
problem6 0.12 1065922043527 0
problem7 0.14 1059506383081 0
problem8 0.07 1064796177665 0
problem9 0.17 934623556569 0
problem10 0.18 1140992137448 0
problem11 0.1 947867951767 0
problem12 0.1 1218990574229 0
problem13 0.13 1058665988285 0
problem14 0.1 848477384499 0
problem15 0.18 1075375568376 0
problem16 0.04 826151852850 0
problem17 0.19 1149213933009 0
problem18 0.13 1013500728456 0
problem19 0.07 1119434643775 0
problem20 0.13 1131625986214 0
problem21 0.18 1147978332295 0
problem22 0.09 1017896121373 0
problem23 0.04 944388827098 0
problem24 0.14 1085916472028 0
problem25 0.11 891689061221 0
problem26 0.02 839358665301 0
problem27 0.11 1020242223985 0
problem28 0.07 1121435001008 0
problem29 0.13 1089948290896 0
problem30 0.1 971542200557 0
problem31 0.16 1284323835363 0
problem32 0.12 1097150031871 0
problem33 0.08 1153281062221 0
problem34 0.13 1020243728387 0
problem35 0.14 1129611306322 0
problem36 0.1 1004054171227 0
problem37 0.04 1070452927078 0
problem38 0.07 999018789497 0
problem39 0.07 1163858287302 0
problem40 0.13 1018327104740 0
problem41 0.03 885255320769 0
problem42 0.08 833336215012 0
problem43 0.18 1195158987229 0
problem44 0.06 1022218292666 0
problem45 0.09 944222834975 0
problem46 0.04 950933914397 0
problem47 0.11 1102122192755 0
problem48 0.19 986668281938 0
problem49 0.1 976272519442 0
problem50 0.08 881601963988 0
problem51 0.1 952327460166 0
problem52 0.07 975261973665 0
problem53 0.03 893335297465 0
problem54 0.09 862547367202 0
problem55 0.06 980995644658 0
problem56 0.12 957720629417 0
problem57 0.11 1107755330889 0
problem58 0.17 1110192754039 0
problem59 0.13 904176456753 0
problem60 0.08 1027550748152 0
problem61 0.09 953044009887 0
problem62 0.17 959613333616 0
problem63 0.06 931805666038 0
problem64 0.13 971884736976 0
problem65 0.13 1019247035017 0
problem66 0.11 1024688521889 0
problem67 0.1 915171518362 0
problem68 0.09 901601852148 0
problem69 0.07 1041327976507 0
problem70 0.06 1085073582243 0
problem71 0.08 888569911671 0
problem72 0.16 1096269077965 0
problem73 0.02 948196866804 0
problem74 0.17 1050324492229 0
problem75 0.05 901050542496 0
problem76 0.06 964882924229 0
problem77 0.17 1135677205624 0
problem78 0.2 1234523276675 0
problem79 0.06 959565867909 0
problem80 0.04 977447185948 0
problem81 0.13 887689848695 0
problem82 0.22 1222567208364 0
problem83 0.08 1024903291321 0
problem84 0.05 1091414955971 0
problem85 0.12 1171913523623 0
problem86 0.13 1246239334676 0
problem87 0.16 1058152406973 0
problem88 0.1 1002277414831 0
problem89 0.09 985698394290 0
problem90 0.04 821106996925 0
problem91 0.14 1146060823599 0
problem92 0.1 944606835296 0
problem93 0.08 1064478425204 0
problem94 0.11 1058815542417 0
problem95 0.14 982549642537 0
problem96 0.08 1016631157166 0
problem97 0.05 1011386474886 0
problem98 0.06 772627911259 0
problem99 0.09 917659203266 0
