problem0 0 2607566 1
problem1 0 2712540 1
problem2 0 2572602 1
problem3 0 2449768 1
problem4 0 2504678 1
problem5 0 2460724 1
problem6 0 2578898 1
problem7 0 2338880 1
problem8 0 2462462 1
problem9 0 2283916 1
problem10 0 2363242 1
problem11 0 2446360 1
problem12 0 2636566 1
problem13 0 2665444 1
problem14 0 2671106 1
problem15 0 2534640 1
problem16 0 2461742 1
problem17 0 2581308 1
problem18 0 2675098 1
problem19 0 2562760 1
problem20 0 2486854 1
problem21 0 2383764 1
problem22 0 2793010 1
problem23 0 2555296 1
problem24 0 2474334 1
problem25 0 2752748 1
problem26 0 2459594 1
problem27 0 2536824 1
problem28 0 2514294 1
problem29 0 2271044 1
problem30 0 2027106 1
problem31 0 2466384 1
problem32 0 2893454 1
problem33 0 2732700 1
problem34 0 2634234 1
problem35 0 2565160 1
problem36 0 2260134 1
problem37 0 2720500 1
problem38 0 2536082 1
problem39 0 2333440 1
problem40 0 2736062 1
problem41 0 2324556 1
problem42 0 2609194 1
problem43 0 2582232 1
problem44 0 2314198 1
problem45 0 2618020 1
problem46 0 2812610 1
problem47 0 2615216 1
problem48 0 2591982 1
problem49 0 2380284 1
problem50 0 2777690 1
problem51 0 2719112 1
problem52 0 2479878 1
problem53 0 2618964 1
problem54 0 2791154 1
problem55 0 2590816 1
problem56 0 2788894 1
problem57 0 2703276 1
problem58 0 2484362 1
problem59 0 2648120 1
problem60 0 2495030 1
problem61 0 2723332 1
problem62 0 2799394 1
problem63 0 2718992 1
problem64 0 2540366 1
problem65 0 2638172 1
problem66 0 2712250 1
problem67 0 2500328 1
problem68 0 2556262 1
problem69 0 2800052 1
problem70 0 2771794 1
problem71 0 2540992 1
problem72 0 2370686 1
problem73 0 2512652 1
problem74 0 2543850 1
problem75 0 2603416 1
problem76 0 2466966 1
problem77 0 2521444 1
problem78 0 2708354 1
problem79 0 2515568 1
problem80 0 2345390 1
problem81 0 2719932 1
problem82 0 2700058 1
problem83 0 2826312 1
problem84 0 2685894 1
problem85 0 2477332 1
problem86 0 2805682 1
problem87 0 2380576 1
problem88 0 2595550 1
problem89 0 2866796 1
problem90 0 2591050 1
problem91 0 2448120 1
problem92 0 2492150 1
problem93 0 2340036 1
problem94 0 2539490 1
problem95 0 2332624 1
problem96 0 2334734 1
problem97 0 2363420 1
problem98 0 2675578 1
problem99 0 2320808 1
