problem0 0 199279159 1
problem1 0 210452185 1
problem2 0 209747620 1
problem3 0 194970674 1
problem4 0 182858425 1
problem5 0 193953683 1
problem6 0 198872502 1
problem7 0 189254460 1
problem8 0 203016411 1
problem9 0 185836397 1
problem10 0 196376424 1
problem11 0 208074342 1
problem12 0 209376925 1
problem13 0 206959719 1
problem14 0 199663034 1
problem15 0 182558640 1
problem16 0 198659583 1
problem17 0 203218049 1
problem18 0 181732012 1
problem19 0 181272858 1
problem20 0 187547905 1
problem21 0 210822587 1
problem22 0 195119166 1
problem23 0 211645604 1
problem24 0 187654563 1
problem25 0 213301781 1
problem26 0 192721008 1
problem27 0 199652430 1
problem28 0 178389477 1
problem29 0 185148303 1
problem30 0 190455106 1
problem31 0 193894936 1
problem32 0 186782663 1
problem33 0 217254953 1
problem34 0 205525172 1
problem35 0 194289666 1
problem36 0 193243465 1
problem37 0 191462883 1
problem38 0 196783302 1
problem39 0 196763660 1
problem40 0 186217579 1
problem41 0 195404477 1
problem42 0 204321656 1
problem43 0 189715510 1
problem44 0 185386797 1
problem45 0 184468663 1
problem46 0 180782794 1
problem47 0 173545088 1
problem48 0 199857039 1
problem49 0 216288721 1
problem50 0 202254524 1
problem51 0 220029162 1
problem52 0 175860625 1
problem53 0 209176587 1
problem54 0 198916942 1
problem55 0 202444148 1
problem56 0 189825331 1
problem57 0 193387877 1
problem58 0 186908800 1
problem59 0 198874654 1
problem60 0 194750069 1
problem61 0 207968223 1
problem62 0 179329618 1
problem63 0 192976104 1
problem64 0 209079639 1
problem65 0 199696761 1
problem66 0 195807940 1
problem67 0 208847826 1
problem68 0 184715225 1
problem69 0 217728051 1
problem70 0 190280662 1
problem71 0 200539356 1
problem72 0 208472059 1
problem73 0 203483661 1
problem74 0 194779016 1
problem75 0 191117830 1
problem76 0 177151933 1
problem77 0 189488391 1
problem78 0 192681946 1
problem79 0 204117328 1
problem80 0 179355935 1
problem81 0 210896673 1
problem82 0 191198924 1
problem83 0 192891066 1
problem84 0 204111393 1
problem85 0 189755995 1
problem86 0 170120798 1
problem87 0 202747460 1
problem88 0 199723203 1
problem89 0 207243445 1
problem90 0 204634256 1
problem91 0 199639022 1
problem92 0 197636869 1
problem93 0 199185455 1
problem94 0 191774562 1
problem95 0 194549688 1
problem96 0 203517671 1
problem97 0 198934217 1
problem98 0 195538132 1
problem99 0 193818530 1
