problem0 1.75 863407587413517 1683 1 1.49
problem1 3.5 733934401541670 4992 2 2.95
problem2 8.76 690668747362243 17337 3 7.77
problem3 1.5 940236621653186 2071 1 1.22
problem4 2.97 775664860886893 4666 1 2.38
problem5 1.63 790031022255301 2547 1 1.35
problem6 1.88 804266593136873 2771 1 1.42
problem7 2.01 884695925782106 2544 1 1.57
problem8 1.85 812638613398117 2240 1 1.65
problem9 2.05 802501500256507 2699 1 1.43
problem10 2.57 786953651502253 6903 1 2
problem11 1.48 916415347348121 1402 1 1.4
problem12 2.82 773043746750912 6498 1 2.47
problem13 2.06 721810289523098 3766 1 1.66
problem14 1.64 818026998151423 2344 1 1.36
problem15 2.92 773380518775674 5149 1 1.84
problem16 3.48 761777291606286 7090 1 2.25
problem17 2.52 709417342062361 5706 1 2.35
problem18 1.24 862993454718086 741 1 1.05
problem19 2.37 636607860592670 5863 1 1.99
problem20 1.7 737044016714144 2178 1 1.45
problem21 1.68 865662410025989 2024 1 1.23
problem22 3 686323261139034 6428 1 2.1
problem23 1.88 803219799336766 2591 1 1.73
problem24 1.65 884721498325620 1929 1 1.5
problem25 2.07 758660143767734 3802 1 1.82
problem26 1.8 780620234813257 2957 1 1.71
problem27 1.53 809905913608808 1503 1 1.31
problem28 2.42 697330828054341 5370 1 2.11
problem29 2.93 840922585858969 5718 1 2.24
problem30 1.6 928656948767495 1687 1 1.37
problem31 1.93 820479353626874 2438 1 1.81
problem32 2.73 801819050023423 4151 1 1.87
problem33 3.76 640453948221186 14486 1 2.35
problem34 3.31 769874620909161 11045 1 3
problem35 1.1 964605076902000 714 1 0.99
problem36 2.18 754884320411987 5371 1 1.86
problem37 2.5 747058607260151 6820 1 2.21
problem38 1.71 846427138535670 1937 1 1.52
problem39 3.39 673551704744239 12590 1 2.61
problem40 1.66 866308852029838 1512 1 1.06
problem41 2.76 795246227292014 10683 1 2.08
problem42 2.35 856946251584747 2500 1 1.47
problem43 3.27 762712918949470 8283 1 1.8
problem44 2.52 824706558668328 3233 1 1.63
problem45 1.97 824451168127946 2556 1 1.82
problem46 3.14 754425847856117 5359 1 2.51
problem47 2.54 648993655387078 5347 1 2.26
problem48 2.08 783232988089018 2122 1 1.97
problem49 1.22 935403557769929 890 1 0.96
problem50 1.7 864627351773456 1986 1 1.38
problem51 2.94 820419358262157 4804 1 1.99
problem52 2.29 886719564077481 3471 1 1.94
problem53 1.25 908169469380703 1045 1 0.97
problem54 2.09 804501417586960 4061 1 1.73
problem55 1.59 848995096913890 1925 1 1.34
problem56 2.41 798125746724443 4442 1 2.13
problem57 2.14 725437022742860 2563 1 1.72
problem58 1.96 792517030012554 2574 1 1.69
problem59 1.61 791295453409973 2234 1 1.49
problem60 2.14 750678137482772 3921 1 1.59
problem61 2 789647884855468 3616 1 1.58
problem62 1.53 829492945878305 1355 1 1.01
problem63 2.44 761990902603124 5773 1 1.95
problem64 2 794276929682093 3441 1 1.6
problem65 2.37 756724637792941 4715 1 1.78
problem66 3.14 774308416322697 5607 1 2.16
problem67 2.35 803736851531375 3142 1 1.43
problem68 1.21 983589365674694 711 1 0.94
problem69 2.03 834140575369503 2344 1 1.31
problem70 1.87 772262244195191 2288 1 1.57
problem71 2.38 794218696615433 4737 1 1.86
problem72 1.41 847092156574146 1507 1 1.14
problem73 1.39 842428830777922 1410 1 1.04
problem74 2.11 857246649802477 2562 1 1.37
problem75 2.4 756808355916564 4980 1 2.04
problem76 1.43 877980413992013 1667 1 1.28
problem77 1.54 841340675716065 1670 1 1.27
problem78 1.69 842463524441917 2606 1 1.34
problem79 3.38 758933228495344 5199 1 2.5
problem80 1.7 888675602011834 2173 1 1.38
problem81 1.73 899279224564125 1832 1 1.48
problem82 1.44 895738451516510 1681 1 1.31
problem83 2.56 813852967950227 4063 1 2.07
problem84 2.26 832846572172986 3667 1 1.46
problem85 1.8 781728818635715 3528 1 1.43
problem86 2.97 746943668511964 6756 1 2.22
problem87 2.09 812773794659390 3233 1 1.93
problem88 2.59 748059462338201 7177 1 2.23
problem89 2.02 691300958705779 2907 1 1.61
problem90 1.4 804172784381275 1411 1 1.09
problem91 2.63 788033469556050 5495 1 2.3
problem92 1.73 803452078460338 2151 1 1.49
problem93 2.07 833080395866503 3597 1 1.47
problem94 2.95 670499045164430 7795 1 2.55
problem95 1.73 836831570953414 2188 1 1.28
problem96 2 816060053009032 2992 1 1.66
problem97 2.89 856144347775005 5817 1 1.63
problem98 2.28 835438369433025 5770 1 1.75
problem99 2.49 789641931045408 3269 1 2.33
