problem0 0.09 19292135160565 0 2288.00
problem1 0.09 20179625239548 0 2344.00
problem2 0.07 18457118779787 0 2344.00
problem3 0.09 17542923779431 0 2344.00
problem4 0.08 19828732649447 0 2344.00
problem5 0.09 20614344401732 0 2344.00
problem6 0.09 20210319575224 0 2344.00
problem7 0.09 21660256520402 0 2344.00
problem8 0.09 21827518809097 0 2344.00
problem9 0.10 21082428829600 0 2344.00
problem10 0.09 22271196625008 0 2344.00
problem11 0.09 18863097706026 0 2344.00
problem12 0.09 21739779121592 0 2344.00
problem13 0.10 24276227402344 0 2344.00
problem14 0.09 18714778657371 0 2344.00
problem15 0.09 23819800106846 0 2344.00
problem16 0.10 20994282476216 0 2344.00
problem17 0.08 21627955025480 0 2344.00
problem18 0.10 19667609981137 0 2344.00
problem19 0.08 21043415293581 0 2344.00
problem20 0.09 17474062881019 0 2344.00
problem21 0.10 21552625947921 0 2344.00
problem22 0.09 25762845945247 0 2344.00
problem23 0.09 25109822758236 0 2344.00
problem24 0.10 22660519229144 0 2344.00
problem25 0.09 24062966360245 0 2344.00
problem26 0.10 22653187506867 0 2344.00
problem27 0.08 17459803915819 0 2344.00
problem28 0.09 20853931458000 0 2344.00
problem29 0.10 23491178083114 0 2344.00
problem30 0.09 21432693963333 0 2344.00
problem31 0.09 19465528142561 0 2344.00
problem32 0.08 21648309420116 0 2344.00
problem33 0.10 22830281193105 0 2344.00
problem34 0.09 23099018337831 0 2344.00
problem35 0.09 15877455330672 0 2344.00
problem36 0.09 20247809374288 0 2344.00
problem37 0.10 22784657069264 0 2344.00
problem38 0.09 19866233575555 0 2344.00
problem39 0.09 20843950804961 0 2344.00
problem40 0.10 23918321483630 0 2344.00
problem41 0.09 21251068415988 0 2344.00
problem42 0.09 23656150971173 0 2344.00
problem43 0.10 21878631453752 0 2344.00
problem44 0.09 21063753125917 0 2344.00
problem45 0.09 19991247604213 0 2344.00
problem46 0.05 22092308207650 1 2344.00
problem47 0.09 19036665732198 0 2344.00
problem48 0.08 17001533211649 0 2344.00
problem49 0.09 22006633694425 0 2344.00
problem50 0.10 25165823578518 0 2344.00
problem51 0.10 24545193745086 0 2344.00
problem52 0.09 20850003236182 0 2344.00
problem53 0.08 19845609317069 0 2344.00
problem54 0.09 18676206324056 0 2344.00
problem55 0.07 23690254540903 1 2344.00
problem56 0.10 19953748909609 0 2344.00
problem57 0.09 21626202236232 0 2344.00
problem58 0.08 20991436769666 0 2344.00
problem59 0.09 20477876461630 0 2344.00
problem60 0.09 22096088143924 0 2344.00
problem61 0.09 22300954914506 0 2344.00
problem62 0.09 18611826736151 0 2344.00
problem63 0.09 24190375603214 0 2344.00
problem64 0.10 22363997756832 0 2344.00
problem65 0.08 21457578082589 0 2344.00
problem66 0.10 23823029250849 0 2344.00
problem67 0.09 20837419972000 0 2344.00
problem68 0.08 16716537620623 0 2344.00
problem69 0.10 21809815125616 0 2344.00
problem70 0.08 19712497025090 0 2344.00
problem71 0.10 22781334802164 0 2344.00
problem72 0.09 22582448067324 0 2344.00
problem73 0.09 20181120968883 0 2344.00
problem74 0.09 21174961604125 0 2344.00
problem75 0.09 21139613461137 0 2344.00
problem76 0.10 22846626764363 0 2344.00
problem77 0.09 19417630613907 0 2344.00
problem78 0.09 23085738944017 0 2344.00
problem79 0.09 18879661201790 0 2344.00
problem80 0.09 22802556489072 0 2344.00
problem81 0.10 24258298653547 0 2344.00
problem82 0.09 21192132569702 0 2344.00
problem83 0.09 22250508553898 0 2344.00
problem84 0.09 20795911762384 0 2344.00
problem85 0.10 23518569752657 0 2344.00
problem86 0.10 20966754336041 0 2344.00
problem87 0.06 21414357588855 1 2344.00
problem88 0.09 20463906626916 0 2344.00
problem89 0.09 19110145300946 0 2344.00
problem90 0.09 20938880739413 0 2344.00
problem91 0.09 18267300868689 0 2344.00
problem92 0.09 18047681940105 0 2344.00
problem93 0.10 23781625225811 0 2344.00
problem94 0.09 23937163810285 0 2344.00
problem95 0.10 19654010397954 0 2344.00
problem96 0.09 23759880524521 0 2344.00
problem97 0.10 24003424502723 0 2344.00
problem98 0.09 22227134418891 0 2344.00
problem99 0.09 21864077075858 0 2344.00
