problem0 0.33 6578921270 1
problem1 0.05 5719663876 1
problem2 0.01 5701378338 1
problem3 1.19 6158938896 1
problem4 0.11 5957021262 1
problem5 2.32 6326057564 1
problem6 0.08 6678409914 1
problem7 0.15 6685394664 1
problem8 0.61 6171499110 1
problem9 0.78 5610284212 1
problem10 0.31 7510856018 1
problem11 0.9 5448769472 1
problem12 0.17 6135792510 1
problem13 0.18 6530728972 1
problem14 0.3 5888072938 1
problem15 0.06 5423832472 1
problem16 0.63 5978900886 1
problem17 0.15 6229588068 1
problem18 0.63 5525845378 1
problem19 0 6466101360 1
problem20 0.07 6265244846 1
problem21 0.3 6594126268 1
problem22 0 6662093594 1
problem23 0.03 6612076616 1
problem24 0.22 5603912902 1
problem25 1.22 7101194260 1
problem26 0.32 7558434226 1
problem27 0.28 6063830304 1
problem28 0.73 6310971870 1
problem29 0.17 5714809708 1
problem30 0.59 6270176586 1
problem31 0.42 5804885752 1
problem32 0.34 7186875382 1
problem33 0.02 5689318340 1
problem34 1.04 6174415330 1
problem35 0.33 7289839056 1
problem36 0.36 7031290638 1
problem37 0.44 5997992220 1
problem38 0.19 5928866682 1
problem39 0.05 5959965096 1
problem40 2.18 6815747878 1
problem41 0.99 5988707188 1
problem42 0.02 6073702930 1
problem43 0.99 7575837312 1
problem44 0.28 5413838910 1
problem45 0.28 6549959372 1
problem46 0.5 6238145962 1
problem47 0.19 5895241816 1
problem48 0.09 5800398422 1
problem49 0.7 6176608036 1
problem50 0.38 6910463554 1
problem51 0.04 6521989936 1
problem52 2.68 6755170670 1
problem53 0.05 6967730300 1
