problem0 70.41 46039348928208 1
problem1 10.83 39723680089750 1
problem2 17.13 44517559541517 1
problem3 0.43 42765082640335 1
problem4 0.28 45036450798226 1
problem5 3.77 39820705925296 1
problem6 51.84 44984283949727 1
problem7 70.23 49300425601401 1
problem8 66.52 40485554555508 1
problem9 6.11 43042878194794 1
problem10 2.72 45896450713425 1
problem11 17.47 42054262035907 1
problem12 114.92 42475367116918 1
problem13 1.06 45829210067908 1
problem14 45.16 48145025591075 1
problem15 43.62 48156848412333 1
problem16 1.37 40199145664152 1
problem17 2.97 45768430694590 1
problem18 27.99 44531829234709 1
problem19 31.28 42528292535863 1
problem20 7.91 40502461269722 1
problem21 8.76 39052205520216 1
problem22 8.34 46323601496103 1
problem23 3.16 43748257756769 1
problem24 9.26 44854354041660 1
problem25 0.33 43812406926226 1
problem26 30.56 42786609614169 1
problem27 52.25 45232237463851 1
problem28 3.65 48204939062718 1
problem29 0.26 41500537568620 1
problem30 34.98 43237831134635 1
problem31 4.84 46708144218261 1
problem32 29.18 44254192640096 1
problem33 8.13 44893218739430 1
problem34 14.46 42465684753181 1
problem35 6.47 41979906639519 1
problem36 47.09 44497821332770 1
problem37 12.73 50386018991104 1
problem38 3.85 51446731626415 1
problem39 3.4 45106069579081 1
problem40 6.7 42172393655812 1
problem41 19.59 47430776155322 1
problem42 2.06 47784490739041 1
problem43 1.49 43567081309843 1
problem44 43.06 42068595649798 1
problem45 9.33 41331804864788 1
problem46 74.99 43718338807347 1
problem47 44.76 43937127060605 1
problem48 26.69 44961716614184 1
problem49 9.29 44455129903886 1
problem50 46.96 42154511477797 1
problem51 49.3 48379854035207 1
problem52 197.32 39296370255210 1
problem53 6.81 46480151911592 1
problem54 0.97 45187764218167 1
problem55 46.92 42818230681137 1
problem56 14.51 42248913429196 1
problem57 8.04 44441177421794 1
problem58 466.19 44892890214249 1
problem59 2.22 40651798908411 1
problem60 12.62 42015920385614 1
problem61 24.03 49065085214396 1
problem62 42.49 42572328079547 1
problem63 1.35 49734883701349 1
problem64 0.28 44557471705584 1
problem65 15.72 42295575759670 1
problem66 3.89 48436521418541 1
problem67 56.93 41240672957807 1
problem68 50.85 50161921234866 1
problem69 11.72 41436085180240 1
problem70 33.72 44356000681151 1
problem71 45.73 42452294172953 1
problem72 20.31 46024115132820 1
problem73 1.9 48132036803850 1
problem74 42.13 43597737749361 1
problem75 0.15 44267032747875 1
problem76 5.36 44104077488534 1
problem77 18.81 46649311762020 1
problem78 12.45 47649707355459 1
problem79 13.36 49376644528717 1
problem80 63.63 45494781067704 1
problem81 5.81 41365328502110 1
problem82 37.07 46966541141045 1
problem83 14.93 44179763518423 1
problem84 15.52 43004693662714 1
problem85 10.94 38570496306168 1
problem86 51.64 43604467860039 1
problem87 0.33 39653912325633 1
problem88 7.82 41719932056156 1
problem89 5.58 43796942371890 1
problem90 33.86 42502742759801 1
problem91 11.92 42940875799243 1
problem92 10.25 42685366138590 1
problem93 3.92 45765523793932 1
problem94 0.55 46057221823435 1
problem95 3.44 43056554863669 1
problem96 3.47 39452776053632 1
problem97 12.39 40959163787654 1
problem98 69.74 47466466655037 1
problem99 3.58 44257351748671 1
