problem0 2.21 455716 5 -2130175272 6.95325e-310 0.00
problem1 0.93 371159 5 -2130175272 6.95325e-310 0.00
problem2 2.23 421571 5 -2130175272 6.95325e-310 0.00
problem3 3.16 403124 5 -2130175272 6.95325e-310 0.00
problem4 3.75 386181 5 -2130175272 6.95325e-310 0.00
problem5 2.36 401636 5 -2130175272 6.95325e-310 0.00
problem6 2 432652 5 -2130175272 6.95325e-310 0.00
problem7 2.11 370825 5 -2130175272 6.95325e-310 0.00
problem8 2.27 451830 5 -2130175272 6.95325e-310 0.00
problem9 2.89 412353 5 -2130175272 6.95325e-310 0.00
problem10 0.86 431077 5 -2130175272 6.95325e-310 0.00
problem11 3 383406 5 -2130175272 6.95325e-310 0.00
problem12 3.81 366199 5 -2130175272 6.95325e-310 0.00
problem13 6.01 423022 5 -2130175272 6.95325e-310 0.00
problem14 1.58 402766 5 -2130175272 6.95325e-310 0.00
problem15 1.94 397091 5 -2130175272 6.95325e-310 0.00
problem16 2.32 387592 5 -2130175272 6.95325e-310 0.00
problem17 3.34 375531 5 -2130175272 6.95325e-310 0.00
problem18 1.74 354119 5 -2130175272 6.95325e-310 0.00
problem19 1.63 372200 5 -2130175272 6.95325e-310 0.00
problem20 1.9 450729 5 -2130175272 6.95325e-310 0.00
problem21 4.22 314168 5 -2130175272 6.95325e-310 0.00
problem22 1.87 475856 5 -2130175272 6.95325e-310 0.00
problem23 1.67 469757 5 -2130175272 6.95325e-310 0.00
problem24 1.95 428890 5 -2130175272 6.95325e-310 0.00
problem25 1.1 451157 5 -2130175272 6.95325e-310 0.00
problem26 3.72 372969 5 -2130175272 6.95325e-310 0.00
problem27 3.27 379746 5 -2130175272 6.95325e-310 0.00
problem28 2.16 412443 5 -2130175272 6.95325e-310 0.00
problem29 2 363842 5 -2130175272 6.95325e-310 0.00
problem30 2.23 424594 5 -2130175272 6.95325e-310 0.00
problem31 1.3 386071 5 -2130175272 6.95325e-310 0.00
problem32 2.2 381164 5 -2130175272 6.95325e-310 0.00
problem33 2.16 370943 5 -2130175272 6.95325e-310 0.00
problem34 3.03 374987 5 -2130175272 6.95325e-310 0.00
problem35 1.93 399900 5 -2130175272 6.95325e-310 0.00
problem36 3.63 417229 5 -2130175272 6.95325e-310 0.00
problem37 2.32 418444 5 -2130175272 6.95325e-310 0.00
problem38 3.49 398484 5 -2130175272 6.95325e-310 0.00
problem39 1.61 402033 5 -2130175272 6.95325e-310 0.00
problem40 2.45 410302 5 -2130175272 6.95325e-310 0.00
problem41 3.34 374505 5 -2130175272 6.95325e-310 0.00
problem42 2.1 394989 5 -2130175272 6.95325e-310 0.00
problem43 2.74 410134 5 -2130175272 6.95325e-310 0.00
problem44 3.63 417983 5 -2130175272 6.95325e-310 0.00
problem45 2.61 389910 5 -2130175272 6.95325e-310 0.00
problem46 2.46 415958 5 -2130175272 6.95325e-310 0.00
problem47 2.06 396811 5 -2130175272 6.95325e-310 0.00
problem48 1.61 436432 5 -2130175272 6.95325e-310 0.00
problem49 3.01 422931 5 -2130175272 6.95325e-310 0.00
problem50 4.13 402255 5 -2130175272 6.95325e-310 0.00
problem51 2.97 387920 5 -2130175272 6.95325e-310 0.00
problem52 3.31 400369 5 -2130175272 6.95325e-310 0.00
problem53 2.44 354016 5 -2130175272 6.95325e-310 0.00
problem54 6.35 413528 5 -2130175272 6.95325e-310 0.00
problem55 2.13 347877 5 -2130175272 6.95325e-310 0.00
problem56 3.09 379682 5 -2130175272 6.95325e-310 0.00
problem57 1.88 395389 5 -2130175272 6.95325e-310 0.00
problem58 2.05 480753 5 -2130175272 6.95325e-310 0.00
problem59 2.14 409034 5 -2130175272 6.95325e-310 0.00
problem60 3.44 448355 5 -2130175272 6.95325e-310 0.00
problem61 3.53 402922 5 -2130175272 6.95325e-310 0.00
problem62 1.82 393242 5 -2130175272 6.95325e-310 0.00
problem63 2.82 396543 5 -2130175272 6.95325e-310 0.00
problem64 2.1 356788 5 -2130175272 6.95325e-310 0.00
problem65 1.63 416807 5 -2130175272 6.95325e-310 0.00
problem66 1.37 435923 5 -2130175272 6.95325e-310 0.00
problem67 1.99 401796 5 -2130175272 6.95325e-310 0.00
problem68 2.19 432917 5 -2130175272 6.95325e-310 0.00
problem69 3.87 350260 5 -2130175272 6.95325e-310 0.00
problem70 2.37 373532 5 -2130175272 6.95325e-310 0.00
problem71 2.32 389209 5 -2130175272 6.95325e-310 0.00
problem72 2.41 386182 5 -2130175272 6.95325e-310 0.00
problem73 1.98 415505 5 -2130175272 6.95325e-310 0.00
problem74 1.89 384501 5 -2130175272 6.95325e-310 0.00
problem75 2.83 409214 5 -2130175272 6.95325e-310 0.00
problem76 4.7 421639 5 -2130175272 6.95325e-310 0.00
problem77 1.53 419262 5 -2130175272 6.95325e-310 0.00
problem78 1.84 438366 5 -2130175272 6.95325e-310 0.00
problem79 1.27 450803 5 -2130175272 6.95325e-310 0.00
problem80 2.51 371608 5 -2130175272 6.95325e-310 0.00
problem81 1.67 450875 5 -2130175272 6.95325e-310 0.00
problem82 2.3 377687 5 -2130175272 6.95325e-310 0.00
problem83 1.84 392376 5 -2130175272 6.95325e-310 0.00
problem84 2.6 367417 5 -2130175272 6.95325e-310 0.00
problem85 2.12 390792 5 -2130175272 6.95325e-310 0.00
problem86 1.71 409568 5 -2130175272 6.95325e-310 0.00
problem87 1.86 476877 5 -2130175272 6.95325e-310 0.00
problem88 2.61 397034 5 -2130175272 6.95325e-310 0.00
problem89 3.12 402085 5 -2130175272 6.95325e-310 0.00
problem90 1.3 466681 5 -2130175272 6.95325e-310 0.00
problem91 1.55 394290 5 -2130175272 6.95325e-310 0.00
problem92 3.62 403371 5 -2130175272 6.95325e-310 0.00
problem93 4.53 373394 5 -2130175272 6.95325e-310 0.00
problem94 1.9 420258 5 -2130175272 6.95325e-310 0.00
problem95 2.07 444903 5 -2130175272 6.95325e-310 0.00
problem96 3.71 317052 5 -2130175272 6.95325e-310 0.00
problem97 2.56 410447 5 -2130175272 6.95325e-310 0.00
problem98 1.29 407771 5 -2130175272 6.95325e-310 0.00
problem99 1.89 425196 5 -2130175272 6.95325e-310 0.00
