problem0 0 45575471862 1
problem1 0 39944886767 1
problem2 0 44162095799 1
problem3 0 43424525732 1
problem4 0.01 47892180720 1
problem5 0 41434849329 1
problem6 0 43861460961 1
problem7 0.01 45479810774 1
problem8 0.01 40169065418 1
problem9 0.01 47983996115 1
problem10 0 44929748715 1
problem11 0 40382088040 1
problem12 0.01 39135667076 1
problem13 0 40805781973 1
problem14 0 46640114133 1
problem15 0 46095070554 1
problem16 0 48286130206 1
problem17 0 49544069431 1
problem18 0 46871949983 1
problem19 0.01 43466182316 1
problem20 0 42169043864 1
problem21 0.01 47153515769 1
problem22 0 42308674377 1
problem23 0.01 40522223966 1
problem24 0 49442656242 1
problem25 0 45240428315 1
problem26 0.01 44605330899 1
problem27 0.01 43238350704 1
problem28 0.01 44416071468 1
problem29 0.01 48179306909 1
problem30 0 44242732093 1
problem31 0.01 40724970210 1
problem32 0.01 41307450182 1
problem33 0 44548206207 1
problem34 0 44374050951 1
problem35 0 41373337012 1
problem36 0.01 45105247808 1
problem37 0.07 39943004097 1
problem38 0 46988467377 1
problem39 0.02 46713635302 1
problem40 0 46031340058 1
problem41 0 39130769251 1
problem42 0 41757072059 1
problem43 0 45697225080 1
problem44 0 47573260500 1
problem45 0.01 46026823525 1
problem46 0 46315617445 1
problem47 0 41784637034 1
problem48 0.01 41280234606 1
problem49 0 40995299783 1
problem50 0 42190888047 1
problem51 0 42005910204 1
problem52 0 43918028520 1
problem53 0 43686238345 1
problem54 0 41956357145 1
problem55 0.02 47218403438 1
problem56 0 47900271170 1
problem57 0 42667879851 1
problem58 0 43777072547 1
problem59 0.01 44669376896 1
problem60 0 45688424572 1
problem61 0 49317311277 1
problem62 0 47726154509 1
problem63 0.01 44235958258 1
problem64 0 44576312214 1
problem65 0 43269479183 1
problem66 0.01 47872896599 1
problem67 0.04 43485672900 1
problem68 0 48941528464 1
problem69 0 43265406801 1
problem70 0.01 51044542849 1
problem71 0 46682014966 1
problem72 0 42343755882 1
problem73 0 48151050739 1
problem74 0.01 44851666571 1
problem75 0.01 46500558728 1
problem76 0.01 43189077540 1
problem77 0.02 49655379189 1
problem78 0 43188635509 1
problem79 0 44187963258 1
problem80 0 45149495486 1
problem81 0.01 47456442967 1
problem82 0 43752259135 1
problem83 0.02 42699173580 1
problem84 0 43832019512 1
problem85 0 45899463705 1
problem86 0.01 47264939241 1
problem87 0 53111691134 1
problem88 0.01 41417174162 1
problem89 0.04 48775056443 1
problem90 0.01 45959863667 1
problem91 0.01 45630991248 1
problem92 0.01 43930210764 1
problem93 0 44406512829 1
problem94 0 42967734749 1
problem95 0 47620975874 1
problem96 0 47017829350 1
problem97 0.01 41477676959 1
problem98 0 47743536167 1
problem99 0 40800665044 1
