problem0 0 400675663907 0
problem1 0 411831176734 0
problem2 0 412128874873 0
problem3 0 312743785973 0
problem4 0 301118187316 0
problem5 0 345164246164 0
problem6 0 355118034710 0
problem7 0 303182232261 0
problem8 0 368063831025 0
problem9 0 335101233878 0
problem10 0 377235389846 0
problem11 0 424648124955 0
problem12 0.01 390303763896 0
problem13 0 352058029735 0
problem14 0 319991213331 0
problem15 0 344625693302 0
problem16 0 337054584420 0
problem17 0 335548144193 0
problem18 0 330922751069 0
problem19 0 378174800412 0
problem20 0 304179719634 0
problem21 0 430726439976 0
problem22 0 359965380028 0
problem23 0 433010890400 0
problem24 0 314629093188 0
problem25 0.01 403588850861 0
problem26 0 364028471267 0
problem27 0 310807849306 0
problem28 0 313772486525 0
problem29 0 421136569016 0
problem30 0 291537796491 0
problem31 0 313965402459 0
problem32 0 415229625892 0
problem33 0 328167491928 0
problem34 0 373129171827 0
problem35 0 317347726996 0
problem36 0 351667889617 0
problem37 0 295273946099 0
problem38 0.01 374731149753 0
problem39 0 387067463091 0
problem40 0 390567294263 0
problem41 0 331559823063 0
problem42 0 380382590952 0
problem43 0 411110397497 0
problem44 0 424231223662 0
problem45 0 369497292807 0
problem46 0 383436761462 0
problem47 0 356072893572 0
problem48 0.01 392753576267 0
problem49 0 289119200977 0
problem50 0 339722372581 0
problem51 0 325272364728 0
problem52 0 352335303098 0
problem53 0 284368763992 0
problem54 0 363283372864 0
problem55 0 324186613526 0
problem56 0 363714110240 0
problem57 0 407298934145 0
problem58 0 395769309042 0
problem59 0 447147632624 0
problem60 0 322364904888 0
problem61 0.01 243774627444 0
problem62 0 401253266800 0
problem63 0 370122539084 0
problem64 0 391642544454 0
problem65 0 392126079315 0
problem66 0 294081389574 0
problem67 0 333458147904 0
problem68 0 465076000115 0
problem69 0 308557996847 0
problem70 0 373424253180 0
problem71 0 344417358082 0
problem72 0 320798912148 0
problem73 0.01 359421526514 0
problem74 0 352223961067 0
problem75 0 325633158739 0
problem76 0 394330435829 0
problem77 0 308760433946 0
problem78 0 327965770304 0
problem79 0 354143183678 0
problem80 0 371300347357 0
problem81 0 312779966165 0
problem82 0 353819848842 0
problem83 0 273651265678 0
problem84 0 496692165580 0
problem85 0 292870023143 0
problem86 0 236369732426 0
problem87 0.01 376952997838 0
problem88 0 368007106637 0
problem89 0 409812795979 0
problem90 0 286885116128 0
problem91 0 337715466237 0
problem92 0 234558414942 0
problem93 0 332959613112 0
problem94 0 388524246418 0
problem95 0 400318737347 0
problem96 0 297231956333 0
problem97 0 354496797004 0
problem98 0 422484859803 0
problem99 0.01 350162893809 0
