problem0 0 10277 1 0.00
problem1 0.00 11951 1 2264.00
problem2 0.00 8530 1 2264.00
problem3 0.00 9896 1 2264.00
problem4 0.00 9959 1 2264.00
problem5 0.00 11625 1 2264.00
problem6 0.00 11300 1 2264.00
problem7 0.00 9522 1 2264.00
problem8 0.00 9801 1 2264.00
problem9 0.00 8771 1 2264.00
problem10 0.00 11414 1 2264.00
problem11 0.00 9948 1 2264.00
problem12 0.00 9291 1 2264.00
problem13 0.00 12093 1 2264.00
problem14 0.00 10408 1 2264.00
problem15 0.00 9638 1 2264.00
problem16 0.00 10989 1 2264.00
problem17 0.00 8791 1 2264.00
problem18 0.00 11866 1 2264.00
problem19 0.00 10128 1 2264.00
problem20 0.00 12335 1 2264.00
problem21 0.00 11665 1 2264.00
problem22 0.00 10156 1 2264.00
problem23 0.00 8858 1 2264.00
problem24 0.00 10769 1 2264.00
problem25 0.00 12011 1 2264.00
problem26 0.00 9886 1 2264.00
problem27 0.00 8388 1 2264.00
problem28 0.00 10899 1 2264.00
problem29 0.00 10341 1 2264.00
problem30 0.00 10544 1 2264.00
problem31 0.00 12302 1 2264.00
problem32 0.00 11189 1 2264.00
problem33 0.00 11263 1 2264.00
problem34 0.00 10594 1 2264.00
problem35 0.00 9848 1 2264.00
problem36 0.00 9079 1 2264.00
problem37 0.00 8121 1 2264.00
problem38 0.00 9524 1 2264.00
problem39 0.00 10754 1 2264.00
problem40 0.00 13273 1 2264.00
problem41 0.00 12691 1 2264.00
problem42 0.00 13990 1 2264.00
problem43 0.00 8364 1 2264.00
problem44 0.00 9947 1 2264.00
problem45 0.00 9101 1 2264.00
problem46 0.00 10168 1 2264.00
problem47 0.00 12406 1 2264.00
problem48 0.00 9853 1 2264.00
problem49 0.00 12199 1 2264.00
problem50 0.00 8810 1 2264.00
problem51 0.00 12128 1 2264.00
problem52 0.00 10431 1 2264.00
problem53 0.00 10209 1 2264.00
problem54 0.00 12476 1 2264.00
problem55 0.00 11114 1 2264.00
problem56 0.00 10145 1 2264.00
problem57 0.00 11835 1 2264.00
problem58 0.00 11438 1 2264.00
problem59 0.00 9876 1 2264.00
problem60 0.00 12579 1 2264.00
problem61 0.00 9397 1 2264.00
problem62 0.00 11328 1 2264.00
problem63 0.00 11998 1 2264.00
problem64 0.00 8005 1 2264.00
problem65 0.00 11599 1 2264.00
problem66 0.00 14706 1 2264.00
problem67 0.00 9800 1 2264.00
problem68 0.00 11271 1 2264.00
problem69 0.00 9737 1 2264.00
problem70 0.00 11844 1 2264.00
problem71 0.00 13010 1 2264.00
problem72 0.00 10601 1 2264.00
problem73 0.00 11491 1 2264.00
problem74 0.00 10422 1 2264.00
problem75 0.00 11900 1 2264.00
problem76 0.00 10603 1 2264.00
problem77 0.00 9181 1 2264.00
problem78 0.00 10952 1 2264.00
problem79 0.00 8006 1 2264.00
problem80 0.00 10765 1 2264.00
problem81 0.00 12535 1 2264.00
problem82 0.00 12922 1 2264.00
problem83 0.00 10032 1 2264.00
problem84 0.00 14671 1 2264.00
problem85 0.00 12849 1 2264.00
problem86 0.00 11724 1 2264.00
problem87 0.00 11322 1 2264.00
problem88 0.00 10545 1 2264.00
problem89 0.00 10635 1 2264.00
problem90 0.00 9918 1 2264.00
problem91 0.00 9316 1 2264.00
problem92 0.00 11187 1 2264.00
problem93 0.00 11525 1 2264.00
problem94 0.00 11088 1 2264.00
problem95 0.00 10670 1 2264.00
problem96 0.00 8917 1 2264.00
problem97 0.00 8863 1 2264.00
problem98 0.00 10626 1 2264.00
problem99 0.00 10776 1 2264.00
