problem0 22368 1128355047672698 5 1173174200 6.9532e-310 0.00
problem1 19526.4 1249099742997915 5 1173174200 6.9532e-310 0.00
problem2 9710.4 1196816717037404 5 1173174200 6.9532e-310 0.00
problem3 18498.8 1005343078262520 5 1173174200 6.9532e-310 0.00
problem4 17836.8 931473040605009 5 -709338472 6.95332e-310 0.00
problem5 17812.2 1115235077421207 5 -709338472 6.95332e-310 0.00
problem6 13972.8 1341723133656892 5 -709338472 6.95332e-310 0.00
problem7 15651.4 1085681810220484 5 -220070856 6.95334e-310 0.00
problem8 18388.1 1120370665010772 5 -220070856 6.95334e-310 0.00
problem9 15984.9 1102531545836103 5 -220070856 6.95334e-310 0.00
problem10 10965.4 1143152956571767 5 -220070856 6.95334e-310 0.00
problem11 18121.9 1177080756119533 5 -220070856 6.95334e-310 0.00
problem12 18535 1037347995702565 5 -220070856 6.95334e-310 0.00
problem13 17568.8 1035756127001096 5 -220070856 6.95334e-310 0.00
problem14 13690.9 877821356318351 5 -220070856 6.95334e-310 0.00
problem15 13377.9 1222535456951536 5 -220070856 6.95334e-310 0.00
problem16 21902.5 1111304101483548 5 -220070856 6.95334e-310 0.00
problem17 15365.3 1015543108901128 5 -220070856 6.95334e-310 0.00
problem18 21426.1 1003067986681347 5 -220070856 6.95334e-310 0.00
problem19 23984.4 998448123149907 5 -220070856 6.95334e-310 0.00
problem20 14618.8 1074903362299884 5 -220070856 6.95334e-310 0.00
problem21 15913.6 963456005254288 5 -220070856 6.95334e-310 0.00
problem22 15996.5 1203187127576388 5 -220070856 6.95334e-310 0.00
problem23 16527.7 1064596241053677 5 -220070856 6.95334e-310 0.00
problem24 21747.3 952743015878048 5 -220070856 6.95334e-310 0.00
problem25 12741.9 1013703797299375 5 -220070856 6.95334e-310 0.00
problem26 22387.6 908044726599089 5 -220070856 6.95334e-310 0.00
problem27 16809.4 1105177766252592 5 -637139240 6.95332e-310 0.00
