problem0 0 111084 1 0.00
problem1 0.00 105002 1 0.00
problem2 0.00 118520 1 0.00
problem3 0.00 112598 1 0.00
problem4 0.00 114756 1 0.00
problem5 0.00 124866 1 0.00
problem6 0.00 119248 1 0.00
problem7 0.00 108014 1 0.00
problem8 0.00 114588 1 0.00
problem9 0.00 110170 1 0.00
problem10 0.00 120232 1 0.00
problem11 0.00 97542 1 0.00
problem12 0.00 114676 1 0.00
problem13 0.00 110066 1 0.00
problem14 0.00 100992 1 0.00
problem15 0.00 109854 1 0.00
problem16 0.00 102732 1 0.00
problem17 0.00 120458 1 0.00
problem18 0.00 94296 1 0.00
problem19 0.00 120374 1 0.00
problem20 0.00 103332 1 0.00
problem21 0.00 116770 1 0.00
problem22 0.00 128816 1 0.00
problem23 0.00 120910 1 0.00
problem24 0.00 104188 1 0.00
problem25 0.00 115386 1 0.00
problem26 0.00 106248 1 0.00
problem27 0.00 107366 1 0.00
problem28 0.00 117588 1 0.00
problem29 0.00 95826 1 0.00
problem30 0.00 120800 1 0.00
problem31 0.00 104318 1 0.00
problem32 0.00 118956 1 0.00
problem33 0.00 103146 1 0.00
problem34 0.00 102840 1 0.00
problem35 0.00 111766 1 0.00
problem36 0.00 112388 1 0.00
problem37 0.00 104578 1 0.00
problem38 0.00 109712 1 0.00
problem39 0.00 117422 1 0.00
problem40 0.00 101980 1 0.00
problem41 0.00 112410 1 0.00
problem42 0.00 112744 1 0.00
problem43 0.00 108998 1 0.00
problem44 0.00 112308 1 0.00
problem45 0.00 122546 1 0.00
problem46 0.00 124224 1 0.00
problem47 0.00 111070 1 0.00
problem48 0.00 118796 1 0.00
problem49 0.00 102218 1 0.00
problem50 0.00 115480 1 0.00
problem51 0.00 103158 1 0.00
problem52 0.00 113252 1 0.00
problem53 0.00 121058 1 0.00
problem54 0.00 102896 1 0.00
problem55 0.00 105742 1 0.00
problem56 0.00 95676 1 0.00
problem57 0.00 101242 1 0.00
problem58 0.00 127432 1 0.00
problem59 0.00 110630 1 0.00
problem60 0.00 102932 1 0.00
problem61 0.00 128786 1 0.00
problem62 0.00 115360 1 0.00
problem63 0.00 101438 1 0.00
problem64 0.00 110444 1 0.00
problem65 0.00 105386 1 0.00
problem66 0.00 99448 1 0.00
problem67 0.00 110934 1 0.00
problem68 0.00 101828 1 0.00
problem69 0.00 121154 1 0.00
problem70 0.00 104272 1 0.00
problem71 0.00 102254 1 0.00
problem72 0.00 105756 1 0.00
problem73 0.00 110554 1 0.00
problem74 0.00 109352 1 0.00
problem75 0.00 99974 1 0.00
problem76 0.00 105844 1 0.00
problem77 0.00 114546 1 0.00
problem78 0.00 106496 1 0.00
problem79 0.00 116382 1 0.00
problem80 0.00 81612 1 0.00
problem81 0.00 112650 1 0.00
problem82 0.00 116184 1 0.00
problem83 0.00 98230 1 0.00
problem84 0.00 102692 1 0.00
problem85 0.00 104866 1 0.00
problem86 0.00 101552 1 0.00
problem87 0.00 123342 1 0.00
problem88 0.00 107644 1 0.00
problem89 0.00 111674 1 0.00
problem90 0.00 107656 1 0.00
problem91 0.00 117990 1 0.00
problem92 0.00 112852 1 0.00
problem93 0.00 120786 1 0.00
problem94 0.00 122208 1 0.00
problem95 0.00 94462 1 0.00
problem96 0.00 122412 1 0.00
problem97 0.00 128106 1 0.00
problem98 0.00 112440 1 0.00
problem99 0.00 114198 1 0.00
