problem0 0.54 876937742921106 768 1 0.53
problem1 0.23 963578520118831 740 1 0.2
problem2 0.26 947237354241986 485 1 0.24
problem3 0.69 821389323036894 1571 2 0.67
problem4 0.73 891503156387274 1779 2 0.66
problem5 0.27 998708604830402 507 1 0.24
problem6 0.25 935016876684106 513 1 0.24
problem7 0.38 827322945680324 1575 1 0.36
problem8 0.88 820274103234001 3290 2 0.83
problem9 0.47 826788865132644 2573 1 0.41
problem10 0.45 854363129456512 1853 1 0.42
problem11 0.34 943578147932004 655 1 0.28
problem12 0.35 875681558810756 893 1 0.33
problem13 0.35 825440904718732 1206 1 0.32
problem14 0.31 1010635295248630 732 1 0.29
problem15 1.19 606255487827519 6757 2 1.1
problem16 0.54 867684110803043 1730 1 0.51
problem17 0.51 889806848752683 1481 1 0.47
problem18 0.56 902748765453918 2247 1 0.51
problem19 0.45 989893448042784 801 1 0.39
problem20 0.52 888387573148627 635 1 0.51
problem21 0.43 919916594453374 788 1 0.38
problem22 0.54 953932558139721 1705 1 0.49
problem23 0.43 920808541860181 890 1 0.39
problem24 0.51 887002208715902 858 1 0.49
problem25 0.73 792596341581054 5512 1 0.64
problem26 0.65 694724073426015 2984 1 0.61
problem27 0.7 759134582881771 4523 1 0.61
problem28 0.5 863548379623395 1184 1 0.48
problem29 0.55 832604350503576 1781 1 0.52
problem30 0.49 977292347992017 874 1 0.47
problem31 0.54 888892159948767 1321 1 0.49
problem32 0.56 836279363700630 2245 1 0.51
problem33 0.62 862302136935755 2073 1 0.59
problem34 0.58 911683101650615 1677 1 0.53
problem35 0.46 917455594465380 847 1 0.43
problem36 0.45 903860325407893 939 1 0.41
problem37 0.45 855090864220354 947 1 0.42
problem38 0.42 1003518988863661 545 1 0.39
problem39 0.49 940894707405994 1256 1 0.46
problem40 0.46 1039792801252497 358 1 0.44
problem41 0.56 990451031350310 1887 1 0.5
problem42 0.45 1052572315084441 571 1 0.41
problem43 0.58 883644087619541 1145 1 0.56
problem44 0.51 940134360316543 986 1 0.43
problem45 0.52 878737490687467 1104 1 0.51
problem46 0.52 954257078514050 1139 1 0.43
problem47 0.53 877427081271965 932 1 0.51
problem48 0.53 808513857297741 1203 1 0.51
problem49 0.55 900553732283842 1436 1 0.51
problem50 0.41 965390451011174 563 1 0.4
problem51 0.68 859249494468364 3175 1 0.6
problem52 0.45 906463463690120 230 1 0.45
problem53 0.46 1045866934703483 864 1 0.4
problem54 0.62 850551420165498 1872 1 0.6
problem55 0.53 905807631397855 1343 1 0.49
problem56 0.49 913879372166672 809 1 0.47
problem57 0.48 921497942031847 1043 1 0.45
problem58 0.69 863875849067141 3901 1 0.58
problem59 0.7 765619538368097 2839 1 0.64
problem60 0.58 787858146547502 1199 1 0.56
problem61 0.62 896178078569816 2340 1 0.55
problem62 0.61 805976165674099 2384 1 0.54
problem63 0.67 870197207804428 3568 1 0.62
problem64 0.47 988113114471041 495 1 0.47
problem65 0.46 1014898512313709 408 1 0.45
problem66 0.57 915058718657850 1456 1 0.54
problem67 0.54 832731997745481 1817 1 0.49
problem68 0.49 902215654662232 888 1 0.46
problem69 0.61 949060899395901 2354 1 0.53
problem70 0.6 912312100910511 1995 1 0.53
problem71 0.54 972682784877003 908 1 0.51
problem72 0.52 818070767622740 527 1 0.51
problem73 0.44 871189043178480 530 1 0.42
problem74 0.46 880236986550421 736 1 0.42
problem75 0.49 904407807390432 1222 1 0.44
problem76 0.42 928864707833519 522 1 0.39
problem77 0.52 891240788091728 1716 1 0.46
problem78 0.51 856955315961865 1230 1 0.49
problem79 0.68 848856141957113 3182 1 0.6
problem80 0.51 827960332102607 1020 1 0.49
problem81 0.65 792951566114415 3613 1 0.58
problem82 0.61 895027807347801 2129 1 0.54
problem83 0.47 953000736082864 728 1 0.46
problem84 0.37 980936319964508 445 1 0.34
problem85 0.45 1044739791374981 608 1 0.41
problem86 0.43 960891180590273 400 1 0.41
problem87 0.51 978755509157469 1135 1 0.45
problem88 0.5 946720313642287 1252 1 0.46
problem89 0.53 872439225772678 1514 1 0.49
problem90 0.52 855246362719136 1046 1 0.51
problem91 0.53 913639680936302 1689 1 0.49
problem92 0.49 941763674738828 1016 1 0.47
problem93 0.48 962913641484905 812 1 0.46
problem94 0.58 897639156175717 2017 1 0.53
problem95 0.55 843886282795704 2348 1 0.5
problem96 0.4 996495763437533 309 1 0.39
problem97 0.55 835718090715305 2183 1 0.52
problem98 0.69 781042865329223 3421 1 0.64
problem99 0.45 923718467603212 494 1 0.44
