problem0 0 52922685 1
problem1 0 58468107 1
problem2 0 47816457 1
problem3 0 51894455 1
problem4 0 54749077 1
problem5 0 57436963 1
problem6 0 52981473 1
problem7 0 50285135 1
problem8 0 56295661 1
problem9 0 51552827 1
problem10 0 57158073 1
problem11 0 49372903 1
problem12 0 56866117 1
problem13 0 43723859 1
problem14 0 49557393 1
problem15 0 61896319 1
problem16 0 54453405 1
problem17 0 46033259 1
problem18 0 57925737 1
problem19 0 53145879 1
problem20 0 52031221 1
problem21 0 48281987 1
problem22 0 52075585 1
problem23 0 52113071 1
problem24 0 51262541 1
problem25 0 59931803 1
problem26 0 50840345 1
problem27 0 52924231 1
problem28 0 50402469 1
problem29 0 51385011 1
problem30 0 48674033 1
problem31 0 56783583 1
problem32 0 56881149 1
problem33 0 58842059 1
problem34 0 55497161 1
problem35 0 53098871 1
problem36 0 49555029 1
problem37 0 45889507 1
problem38 0 52656545 1
problem39 0 55132943 1
problem40 0 60495789 1
problem41 0 56592123 1
problem42 0 53742713 1
problem43 0 49672103 1
problem44 0 55452677 1
problem45 0 47720723 1
problem46 0 47966801 1
problem47 0 53649215 1
problem48 0 57584477 1
problem49 0 48135723 1
problem50 0 48395049 1
problem51 0 53326295 1
problem52 0 57281973 1
problem53 0 56026691 1
problem54 0 52102913 1
problem55 0 54626159 1
problem56 0 52013837 1
problem57 0 55689563 1
problem58 0 54855129 1
problem59 0 62160903 1
problem60 0 56812389 1
problem61 0 46886771 1
problem62 0 49008561 1
problem63 0 47774623 1
problem64 0 51844797 1
problem65 0 55333003 1
problem66 0 59163785 1
problem67 0 47012407 1
problem68 0 53716245 1
problem69 0 50906275 1
problem70 0 45696097 1
problem71 0 54262735 1
problem72 0 50458221 1
problem73 0 52505531 1
problem74 0 49459001 1
problem75 0 52117607 1
problem76 0 56054469 1
problem77 0 50456019 1
problem78 0 55469329 1
problem79 0 53315583 1
problem80 0 51720733 1
problem81 0 50549483 1
problem82 0 53724649 1
problem83 0 50410135 1
problem84 0 55110773 1
problem85 0 55169795 1
problem86 0 51786177 1
problem87 0 59809839 1
problem88 0 51110349 1
problem89 0 57001499 1
problem90 0 58001561 1
problem91 0 46280903 1
problem92 0 46363173 1
problem93 0 49515571 1
problem94 0 50047601 1
problem95 0 44581983 1
problem96 0 46202237 1
problem97 0 56329547 1
problem98 0 58816329 1
problem99 0 56703735 1
