problem0 0.41 742886716875136 1303 1 0.38
problem1 0.1 788684054024201 592 1 0.09
problem2 0.11 833079249731087 829 1 0.1
problem3 0.11 773759649850555 720 1 0.09
problem4 0.67 572436792575685 4651 3 0.62
problem5 0.3 694105960719529 2262 1 0.28
problem6 0.2 902893018621533 694 1 0.19
problem7 0.25 738127257785011 1303 1 0.23
problem8 0.21 795912507182570 861 1 0.19
problem9 0.19 858557049612157 553 1 0.18
problem10 0.19 890099503933952 415 1 0.18
problem11 0.22 776365112931223 516 1 0.21
problem12 0.25 743201261042131 1012 1 0.23
problem13 0.26 781073410234875 1562 1 0.25
problem14 0.29 704945212455018 2278 1 0.26
problem15 0.16 823110333435114 447 1 0.15
problem16 0.26 759375447734299 1090 1 0.23
problem17 0.21 782088369018609 999 1 0.19
problem18 0.24 708323391705268 1088 1 0.23
problem19 0.21 813978609881512 509 1 0.2
problem20 0.25 639268411089988 1271 1 0.23
problem21 0.21 800845900641880 663 1 0.2
problem22 0.24 781580093175933 968 1 0.23
problem23 0.23 821906255107746 752 1 0.2
problem24 0.2 780095690053433 368 1 0.2
problem25 0.27 784953530912492 1470 1 0.25
problem26 0.22 666724255366027 749 1 0.22
problem27 0.22 734817738913220 1234 1 0.2
problem28 0.2 864835297686043 483 1 0.2
problem29 0.22 822296946727797 911 1 0.2
problem30 0.29 611991991115121 1744 1 0.27
problem31 0.22 761395832221044 681 1 0.21
problem32 0.2 781106551985182 525 1 0.18
problem33 0.24 774119819246119 1244 1 0.22
problem34 0.19 754536506247268 983 1 0.18
problem35 0.19 875038367053795 492 1 0.18
problem36 0.19 759694188352545 625 1 0.17
problem37 0.23 736173666880972 1365 1 0.21
problem38 0.22 728041526728865 994 1 0.21
problem39 0.23 723985827249195 1153 1 0.2
problem40 0.24 652319053039528 1385 1 0.22
problem41 0.18 920587192502998 421 1 0.17
problem42 0.24 782034118784698 1615 1 0.22
problem43 0.17 852103740001792 359 1 0.16
problem44 0.24 801501765770043 1241 1 0.22
problem45 0.22 797619099709811 732 1 0.2
problem46 0.23 793862376805134 869 1 0.22
problem47 0.15 887491396712397 294 1 0.14
problem48 0.21 803122917369737 672 1 0.19
problem49 0.22 754334580871433 1522 1 0.19
problem50 0.28 752179825958601 1878 1 0.24
problem51 0.15 931635958124489 434 1 0.15
problem52 0.18 866363309251588 322 1 0.17
problem53 0.21 801559832344828 493 1 0.19
problem54 0.31 661098447835637 2876 1 0.26
problem55 0.19 881466260550237 674 1 0.18
problem56 0.18 784854937760378 380 1 0.16
problem57 0.26 752327199011376 843 1 0.25
problem58 0.22 830150641991639 988 1 0.19
problem59 0.22 780562808739510 795 1 0.21
problem60 0.28 700992934059347 1938 1 0.25
problem61 0.22 745845822695267 742 1 0.21
problem62 0.23 780729193831923 1450 1 0.2
problem63 0.2 671504216390220 767 1 0.18
problem64 0.17 888850064656191 361 1 0.16
problem65 0.21 830309321043084 601 1 0.19
problem66 0.19 870533914899959 349 1 0.18
problem67 0.21 874184451042296 501 1 0.19
problem68 0.19 877390072494639 393 1 0.18
problem69 0.27 690209583463290 1878 1 0.24
problem70 0.2 845661038069914 543 1 0.18
problem71 0.18 800215332451033 554 1 0.17
problem72 0.2 849345019880200 759 1 0.19
problem73 0.2 764683199128735 445 1 0.19
problem74 0.2 869410452313883 583 1 0.19
problem75 0.21 807008831993716 703 1 0.2
problem76 0.25 731747927023312 1622 1 0.23
problem77 0.15 856473300772470 269 1 0.15
problem78 0.2 845935161026504 387 1 0.18
problem79 0.22 858879084518236 862 1 0.2
problem80 0.2 717728884965464 555 1 0.2
problem81 0.16 855693906064445 280 1 0.15
problem82 0.18 933851806771834 298 1 0.18
problem83 0.16 820439352361583 323 1 0.14
problem84 0.2 847125090671440 503 1 0.18
problem85 0.21 723503823355398 952 1 0.19
problem86 0.19 796995337733220 803 1 0.18
problem87 0.19 974941548554403 431 1 0.17
problem88 0.21 771784587672812 733 1 0.18
problem89 0.24 821304517268265 927 1 0.22
problem90 0.2 768942992929091 609 1 0.19
problem91 0.19 917833802105302 410 1 0.17
problem92 0.23 791305548672725 1019 1 0.21
problem93 0.23 776051957127694 943 1 0.22
problem94 0.22 749418230707680 554 1 0.21
problem95 0.22 766220293337768 739 1 0.21
problem96 0.21 821697909751519 769 1 0.19
problem97 0.19 822263320718483 490 1 0.19
problem98 0.2 773197020378032 891 1 0.19
problem99 0.26 743547989805794 847 1 0.24
