problem0 0.01 2820754555593 1 2280.00
problem1 0.04 2610293643213 0 2336.00
problem2 0.05 2302774097666 0 2336.00
problem3 0.00 2670960465660 1 2336.00
problem4 0.05 2814747473430 0 2336.00
problem5 0.05 2562653336454 0 2336.00
problem6 0.04 2627840435019 0 2336.00
problem7 0.05 2712056722315 0 2336.00
problem8 0.04 2346758921208 0 2336.00
problem9 0.05 2493450678114 0 2336.00
problem10 0.04 2469292148555 0 2336.00
problem11 0.04 2361270083900 0 2336.00
problem12 0.05 2835642263168 0 2336.00
problem13 0.05 2747340600661 0 2336.00
problem14 0.04 2581762696404 0 2336.00
problem15 0.05 2238625323521 0 2336.00
problem16 0.04 2755074402201 0 2336.00
problem17 0.05 2754285211508 0 2336.00
problem18 0.05 2630665330203 0 2336.00
problem19 0.04 2477624211445 0 2336.00
problem20 0.05 2496224350553 0 2336.00
problem21 0.04 2044048582574 0 2336.00
problem22 0.04 2713847919846 0 2336.00
problem23 0.05 2661029278961 0 2336.00
problem24 0.05 2818314548675 0 2336.00
problem25 0.04 2843489748997 0 2336.00
problem26 0.05 2492119108430 0 2336.00
problem27 0.04 2622739901208 1 2336.00
problem28 0.04 2760744699586 0 2336.00
problem29 0.05 2758120495752 0 2336.00
problem30 0.04 2237068419937 0 2336.00
problem31 0.05 2999505409125 0 2336.00
problem32 0.04 2459340543609 0 2336.00
problem33 0.05 2620167842072 0 2336.00
problem34 0.04 2170187734794 0 2336.00
problem35 0.05 2346582575832 0 2336.00
problem36 0.04 2417755149989 0 2336.00
problem37 0.04 2217381764569 0 2336.00
problem38 0.05 2903846912091 0 2336.00
problem39 0.05 2234870499443 0 2336.00
problem40 0.04 1915994921364 0 2336.00
problem41 0.04 2491911258799 0 2336.00
problem42 0.05 2564635765068 0 2336.00
problem43 0.05 2412966143752 0 2336.00
problem44 0.04 2406117757187 0 2336.00
problem45 0.01 2094387511713 1 2336.00
problem46 0.05 2528914480107 0 2336.00
problem47 0.04 2598118121676 0 2336.00
problem48 0.05 2381827641130 0 2336.00
problem49 0.05 2623003468991 0 2336.00
problem50 0.02 2435737008654 1 2336.00
problem51 0.05 2609912401848 0 2336.00
problem52 0.04 2805881079274 0 2336.00
problem53 0.05 2548242355703 0 2336.00
problem54 0.04 2399542642165 0 2336.00
problem55 0.04 2525384617416 0 2336.00
problem56 0.05 2079795529552 0 2336.00
problem57 0.04 2297376169825 0 2336.00
problem58 0.05 2396048171349 0 2336.00
problem59 0.04 2584875373804 0 2336.00
problem60 0.05 2600081458522 0 2336.00
problem61 0.04 2407425927910 0 2336.00
problem62 0.05 3116878352014 0 2336.00
problem63 0.04 2183344832311 0 2336.00
problem64 0.05 2341759128059 0 2336.00
problem65 0.04 2721968833125 0 2336.00
problem66 0.02 2111436549910 1 2336.00
problem67 0.03 2565209491100 1 2336.00
problem68 0.04 2967678508851 0 2336.00
problem69 0.03 2838118567965 1 2336.00
problem70 0.04 3131968325007 0 2336.00
problem71 0.05 2963534243127 0 2336.00
problem72 0.04 2257595170579 0 2336.00
problem73 0.05 2537368002054 0 2336.00
problem74 0.05 2294888575839 0 2336.00
problem75 0.04 2610966918367 0 2336.00
problem76 0.05 2635767161746 0 2336.00
problem77 0.04 2734111774204 0 2336.00
problem78 0.03 2557748034284 1 2336.00
problem79 0.05 2685059231644 0 2336.00
problem80 0.04 2514062679746 0 2336.00
problem81 0.02 2515515851275 1 2336.00
problem82 0.04 2460782984741 0 2336.00
problem83 0.05 2620522114976 0 2336.00
problem84 0.05 2543949898361 0 2336.00
problem85 0.04 2789129260128 0 2336.00
problem86 0.05 2331325955831 0 2336.00
problem87 0.04 2951125282490 0 2336.00
problem88 0.05 2347360092382 0 2336.00
problem89 0.04 2526611832487 0 2336.00
problem90 0.05 2312303665002 0 2336.00
problem91 0.04 2010986841788 0 2336.00
problem92 0.01 2439136521175 1 2336.00
problem93 0.05 2501913543461 0 2336.00
problem94 0.04 2407350034808 0 2336.00
problem95 0.05 2498737304076 0 2336.00
problem96 0.03 2395491054969 1 2336.00
problem97 0.04 2582072501175 0 2336.00
problem98 0.05 2677478287172 0 2336.00
problem99 0.04 2530864286338 0 2336.00
