problem0 0 276945 1
problem1 0 288622 1
problem2 0 239250 1
problem3 0 249747 1
problem4 0 269611 1
problem5 0 268784 1
problem6 0 283612 1
problem7 0 241093 1
problem8 0 272101 1
problem9 0 258130 1
problem10 0 280710 1
problem11 0 259287 1
problem12 0 233727 1
problem13 0 273556 1
problem14 0 241296 1
problem15 0 267977 1
problem16 0 251257 1
problem17 0 258230 1
problem18 0 290810 1
problem19 0 230811 1
problem20 0 274003 1
problem21 0 270008 1
problem22 0 235204 1
problem23 0 242509 1
problem24 0 226701 1
problem25 0 227482 1
problem26 0 257262 1
problem27 0 258527 1
problem28 0 296231 1
problem29 0 270428 1
problem30 0 220280 1
problem31 0 242513 1
problem32 0 292641 1
problem33 0 260094 1
problem34 0 274274 1
problem35 0 223651 1
problem36 0 279931 1
problem37 0 270720 1
problem38 0 249772 1
problem39 0 280277 1
problem40 0 272949 1
problem41 0 270050 1
problem42 0 264022 1
problem43 0 244967 1
problem44 0 261967 1
problem45 0 274980 1
problem46 0 262240 1
problem47 0 261593 1
problem48 0 237257 1
problem49 0 220486 1
problem50 0 279754 1
problem51 0 269227 1
problem52 0 262819 1
problem53 0 246344 1
problem54 0 286356 1
problem55 0 256093 1
problem56 0 255197 1
problem57 0 238378 1
problem58 0 251838 1
problem59 0 259567 1
problem60 0 286583 1
problem61 0 270828 1
problem62 0 236104 1
problem63 0 251489 1
problem64 0 265329 1
problem65 0 245902 1
problem66 0 249906 1
problem67 0 261043 1
problem68 0 239051 1
problem69 0 246032 1
problem70 0 222076 1
problem71 0 251877 1
problem72 0 263557 1
problem73 0 222578 1
problem74 0 245286 1
problem75 0 228599 1
problem76 0 271775 1
problem77 0 266164 1
problem78 0 272944 1
problem79 0 253161 1
problem80 0 270361 1
problem81 0 270806 1
problem82 0 291226 1
problem83 0 248251 1
problem84 0 274163 1
problem85 0 277976 1
problem86 0 278116 1
problem87 0 251245 1
problem88 0 240685 1
problem89 0 288186 1
problem90 0 293518 1
problem91 0 233983 1
problem92 0 266695 1
problem93 0 252796 1
problem94 0 258072 1
problem95 0 250225 1
problem96 0 293313 1
problem97 0 254238 1
problem98 0 305410 1
problem99 0 271811 1
