problem0 0.14 265060955880 1
problem1 0.05 234500494377 1
problem2 0.13 246153996425 1
problem3 1.27 260745271902 1
problem4 0.02 262416101090 1
problem5 2.96 232614785963 1
problem6 0.27 290272618035 1
problem7 1.92 276021490000 1
problem8 0.08 247173347516 1
problem9 2.77 206177143437 1
problem10 0.23 269945695933 1
problem11 1.58 245745036450 1
problem12 0.27 254790647414 1
problem13 0.01 286161636047 1
problem14 1 252358876199 1
problem15 0.03 259806375508 1
problem16 0.24 221465578000 1
problem17 1.84 246683108977 1
problem18 0.34 262615296113 1
problem19 3.03 262854391910 1
problem20 0.06 232259487114 1
problem21 1.12 260783632243 1
problem22 0.08 265616846235 1
problem23 0.58 243020279000 1
problem24 0.31 220067707620 1
problem25 0.35 249371793365 1
problem26 0.05 237282010533 1
problem27 1.24 250157649322 1
problem28 1.04 239811302430 1
problem29 0.15 252420829591 1
problem30 0.42 243395242639 1
problem31 0.05 237189971164 1
problem32 0.01 272730446648 1
problem33 0.09 250232688313 1
problem34 0.17 289227142745 1
problem35 0.65 256637959278 1
problem36 0 245994502706 1
problem37 3.27 217827795259 1
problem38 0.6 217923904259 1
problem39 0.98 270404873824 1
problem40 0.3 252227304204 1
problem41 2.88 269417986845 1
problem42 0.23 278725012109 1
problem43 1.46 262732403890 1
problem44 0.17 287289362374 1
problem45 0.51 236134600287 1
problem46 0.14 271111972599 1
problem47 0.43 252633764196 1
problem48 0.39 262935882336 1
problem49 4.49 229407517953 1
problem50 0.1 264285196865 1
problem51 1.47 271872681590 1
problem52 0.25 221503917274 1
problem53 1.11 282257934595 1
problem54 0.21 255832196715 1
problem55 0.02 243023574504 1
problem56 1.98 271223224628 1
problem57 1.34 271934551141 1
problem58 0.22 290441723253 1
problem59 1.35 230629753274 1
problem60 0.36 219770018158 1
problem61 0.18 263781622055 1
problem62 0.35 256879137119 1
problem63 2.3 273071729644 1
problem64 0.54 244650571656 1
problem65 2.15 258196726089 1
problem66 0.03 273118542889 1
problem67 1.51 254203819646 1
problem68 0.75 249087851906 1
problem69 0.38 239702157003 1
problem70 0.12 275477813203 1
problem71 1.43 228183196528 1
problem72 0.18 237356807516 1
problem73 0.73 251943404461 1
problem74 0.07 253154238045 1
problem75 0.3 251021530306 1
problem76 0.03 267700816150 1
problem77 0.47 266988481007 1
problem78 0.26 266919193031 1
problem79 0.33 281533484148 1
problem80 0.23 254116872880 1
problem81 1.94 254567623569 1
problem82 0.91 274956612625 1
problem83 0.99 239225580678 1
problem84 0.34 261422386218 1
problem85 0.48 240028220051 1
problem86 0.11 269329520443 1
problem87 0.41 269624858360 1
problem88 0.49 223787626372 1
problem89 0.66 261649508597 1
problem90 0.23 246769454405 1
problem91 0.43 242660167114 1
problem92 0.13 279828764350 1
problem93 0.65 225471555767 1
problem94 0.23 267091193903 1
problem95 4.09 281573470972 1
problem96 0.12 258234813400 1
problem97 0.55 241519184857 1
problem98 0.04 242112969209 1
problem99 0.09 243093670030 1
