problem0 0 5138382159 1
problem1 0 5231725380 1
problem2 0 5969667824 1
problem3 0 6164608681 1
problem4 0 5509404713 1
problem5 0 5452723718 1
problem6 0 5739664186 1
problem7 0 6102295707 1
problem8 0 5722583139 1
problem9 0 5683874728 1
problem10 0 6189657572 1
problem11 0 6007239277 1
problem12 0 6204948477 1
problem13 0 6131772970 1
problem14 0 6236496110 1
problem15 0 6175830559 1
problem16 0 6122840311 1
problem17 0 6050963340 1
problem18 0 5553862232 1
problem19 0 5222929841 1
problem20 0 5380099409 1
problem21 0 6025773518 1
problem22 0 6024157218 1
problem23 0 6007500579 1
problem24 0 6370893579 1
problem25 0 5669869296 1
problem26 0 6385127500 1
problem27 0 5382910069 1
problem28 0 5722837029 1
problem29 0 6038110450 1
problem30 0 6210914518 1
problem31 0.01 5520632743 1
problem32 0 5860293279 1
problem33 0 6717931988 1
problem34 0 5302438848 1
problem35 0 5904503481 1
problem36 0 6021879929 1
problem37 0 5821086614 1
problem38 0 6439518986 1
problem39 0 5154322347 1
problem40 0 6051726259 1
problem41 0 5459439672 1
problem42 0 6093240500 1
problem43 0 5867261053 1
problem44 0 5549733453 1
problem45 0 5961155002 1
problem46 0 6015473342 1
problem47 0 6001845039 1
problem48 0 5662149191 1
problem49 0 6040695324 1
problem50 0 5876426536 1
problem51 0 6231748033 1
problem52 0 5895600545 1
problem53 0 5466530654 1
problem54 0 6243259378 1
problem55 0 5654101555 1
problem56 0 6054469211 1
problem57 0 5696706432 1
problem58 0 5961393948 1
problem59 0 5481662085 1
problem60 0 5684753013 1
problem61 0 5563035778 1
problem62 0 6588549798 1
problem63 0 5451569335 1
problem64 0 6024024047 1
problem65 0 6130331748 1
problem66 0 6064097424 1
problem67 0 6003369673 1
problem68 0 6169538761 1
problem69 0 6510623014 1
problem70 0 6343346906 1
problem71 0 5790876347 1
problem72 0.01 5443432195 1
problem73 0 5966728392 1
problem74 0 6173514628 1
problem75 0 5969927821 1
problem76 0 6351406237 1
problem77 0 6164729162 1
problem78 0 5888468110 1
problem79 0 5994777663 1
problem80 0 5820435351 1
problem81 0 6226918572 1
problem82 0 5733756920 1
problem83 0 5854838225 1
problem84 0 6021774833 1
problem85 0 5919603950 1
problem86 0 5540112322 1
problem87 0 5926962499 1
problem88 0 5755467179 1
problem89 0 6137679888 1
problem90 0 5913187820 1
problem91 0 5953213589 1
problem92 0 5984332997 1
problem93 0 5645785106 1
problem94 0 6007039094 1
problem95 0 6533119431 1
problem96 0 6062898495 1
problem97 0 6054975220 1
problem98 0 5833743712 1
problem99 0 5781992153 1
