problem0 0 428912116723704 140733405843448 4 1.16637e-312 0.00
problem1 0 326555146452231 140733405843448 4 1.16637e-312 0.00
problem2 0 301523572209353 140733405843448 4 1.16637e-312 0.00
problem3 0 304478011854949 140733405843448 4 1.16637e-312 0.00
problem4 0.01 304599588258129 140733405843448 4 1.16637e-312 0.00
problem5 0 425013931165436 140733405843448 4 1.16637e-312 0.00
problem6 0 303732584073476 140733405843448 4 1.16637e-312 0.00
problem7 0 341509231350473 140733405843448 4 1.16637e-312 0.00
problem8 0 430674975413827 140733405843448 4 1.16637e-312 0.00
problem9 0.01 370834676207748 140733405843448 4 1.16637e-312 0.00
problem10 0.01 338954604698549 140733405843448 4 1.16637e-312 0.00
problem11 0 280530381104307 140733405843448 4 1.16637e-312 0.00
problem12 0 375730595355197 140733405843448 4 1.16637e-312 0.00
problem13 0.01 389873371838821 140733405843448 4 1.16637e-312 0.00
problem14 0 339956892606931 140733405843448 4 1.16637e-312 0.00
problem15 0 397373142446681 140733405843448 4 1.16637e-312 0.00
problem16 0.01 369630903623977 140733405843448 4 1.16637e-312 0.00
problem17 0 416640329942385 140733405843448 4 1.16637e-312 0.00
problem18 0 332813112264720 140733405843448 4 1.16637e-312 0.00
problem19 0 389786817025310 140733405843448 4 1.16637e-312 0.00
problem20 0.01 404028624497664 140733405843448 4 1.16637e-312 0.00
problem21 0 409194926810938 140733405843448 4 1.16637e-312 0.00
problem22 0 466032166552788 140733405843448 4 1.16637e-312 0.00
problem23 0 366410759570851 140733405843448 4 1.16637e-312 0.00
problem24 0.01 380920032970742 140733405843448 4 1.16637e-312 0.00
problem25 0 329835905878811 140733405843448 4 1.16637e-312 0.00
problem26 0 322586865716793 140733405843448 4 1.16637e-312 0.00
problem27 0.02 353918384442646 140733405843448 4 1.16637e-312 0.00
problem28 0 372146478858118 140733405843448 4 1.16637e-312 0.00
problem29 0 351016639470835 140733405843448 4 1.16637e-312 0.00
problem30 0.01 388429211755974 140733405843448 4 1.16637e-312 0.00
problem31 0 367812447231166 140733405843448 4 1.16637e-312 0.00
problem32 0.02 406095754378162 140733405843448 4 1.16637e-312 0.00
problem33 0 390183667726741 140733405843448 4 1.16637e-312 0.00
problem34 0 436068754106182 140733405843448 4 1.16637e-312 0.00
problem35 0 324535100667432 140733405843448 4 1.16637e-312 0.00
problem36 0.01 330123452351827 140733405843448 4 1.16637e-312 0.00
problem37 0 309046622401716 140733405843448 4 1.16637e-312 0.00
problem38 0 315437784994472 140733405843448 4 1.16637e-312 0.00
problem39 0 361306459292820 140733405843448 4 1.16637e-312 0.00
problem40 0.02 380073807478655 140733405843448 4 1.16637e-312 0.00
problem41 0 382230453361947 140733405843448 4 1.16637e-312 0.00
problem42 0.01 411844244514097 140733405843448 4 1.16637e-312 0.00
problem43 0 398203411733518 140733405843448 4 1.16637e-312 0.00
problem44 0.01 340802325473955 140733405843448 4 1.16637e-312 0.00
problem45 0 338296049822334 140733405843448 4 1.16637e-312 0.00
problem46 0 322044053582267 140733405843448 4 1.16637e-312 0.00
problem47 0 396943924309760 140733405843448 4 1.16637e-312 0.00
problem48 0 347724881459761 140733405843448 4 1.16637e-312 0.00
problem49 0 440510402808922 140733405843448 4 1.16637e-312 0.00
problem50 0 348660655679698 140733405843448 4 1.16637e-312 0.00
problem51 0.01 471031431527626 140733405843448 4 1.16637e-312 0.00
problem52 0.01 452401844719279 140733405843448 4 1.16637e-312 0.00
problem53 0 390403312149978 140733405843448 4 1.16637e-312 0.00
problem54 0 440352573349363 140733405843448 4 1.16637e-312 0.00
problem55 0.01 294262993495024 140733405843448 4 1.16637e-312 0.00
problem56 0 297225120140093 140733405843448 4 1.16637e-312 0.00
problem57 0 464222975370238 140733405843448 4 1.16637e-312 0.00
problem58 0 304365925613925 140733405843448 4 1.16637e-312 0.00
problem59 0 368381735948523 140733405843448 4 1.16637e-312 0.00
problem60 0.01 349273584101501 140733405843448 4 1.16637e-312 0.00
problem61 0 321841729311929 140733405843448 4 1.16637e-312 0.00
problem62 0 441367420671727 140733405843448 4 1.16637e-312 0.00
problem63 0.01 431369751284221 140733405843448 4 1.16637e-312 0.00
problem64 0 382445840537042 140733405843448 4 1.16637e-312 0.00
problem65 0.01 404654691231068 140733405843448 4 1.16637e-312 0.00
problem66 0 382610669979054 140733405843448 4 1.16637e-312 0.00
problem67 0.01 366925043655543 140733405843448 4 1.16637e-312 0.00
problem68 0 376636944629806 140733405843448 4 1.16637e-312 0.00
problem69 0 397223134267617 140733405843448 4 1.16637e-312 0.00
problem70 0 377024733572930 140733405843448 4 1.16637e-312 0.00
problem71 0.01 370422641605788 140733405843448 4 1.16637e-312 0.00
problem72 0 376203526778524 140733405843448 4 1.16637e-312 0.00
problem73 0 396299841403500 140733405843448 4 1.16637e-312 0.00
problem74 0 331243331704289 140733405843448 4 1.16637e-312 0.00
problem75 0.01 377097530846475 140733405843448 4 1.16637e-312 0.00
problem76 0 452740656391795 140733405843448 4 1.16637e-312 0.00
problem77 0 342088769967256 140733405843448 4 1.16637e-312 0.00
problem78 0 381860730717325 140733405843448 4 1.16637e-312 0.00
problem79 0 407653111365081 140733405843448 4 1.16637e-312 0.00
problem80 0 380592422504679 140733405843448 4 1.16637e-312 0.00
problem81 0.01 339349703284968 140733405843448 4 1.16637e-312 0.00
problem82 0 403329905535787 140733405843448 4 1.16637e-312 0.00
problem83 0 452145591770548 140733405843448 4 1.16637e-312 0.00
problem84 0 402051292742393 140733405843448 4 1.16637e-312 0.00
problem85 0 351874448658151 140733405843448 4 1.16637e-312 0.00
problem86 0.01 403126690530536 140733405843448 4 1.16637e-312 0.00
problem87 0 413693688598340 140733405843448 4 1.16637e-312 0.00
problem88 0 370947435197259 140733405843448 4 1.16637e-312 0.00
problem89 0.01 313170903781796 140733405843448 4 1.16637e-312 0.00
problem90 0 317258795427762 140733405843448 4 1.16637e-312 0.00
problem91 0 421478793064741 140733405843448 4 1.16637e-312 0.00
problem92 0.01 422982985690234 140733405843448 4 1.16637e-312 0.00
problem93 0 395065735652666 140733405843448 4 1.16637e-312 0.00
problem94 0 442497084035242 140733405843448 4 1.16637e-312 0.00
problem95 0.01 347128673472562 140733405843448 4 1.16637e-312 0.00
problem96 0 421109243664754 140733405843448 4 1.16637e-312 0.00
problem97 0 411681486593857 140733405843448 4 1.16637e-312 0.00
problem98 0 385077492313417 140733405843448 4 1.16637e-312 0.00
problem99 0 339807635971417 140733405843448 4 1.16637e-312 0.00
