problem0 0.02 138105 5 365733432 6.95316e-310 0.00
problem1 0.02 150023 5 365733432 6.95316e-310 0.00
problem2 0.02 124734 5 365733432 6.95316e-310 0.00
problem3 0.01 139500 5 365733432 6.95316e-310 0.00
problem4 0.04 157369 5 365733432 6.95316e-310 0.00
problem5 0.03 131121 5 365733432 6.95316e-310 0.00
problem6 0.04 145172 5 365733432 6.95316e-310 0.00
problem7 0.01 133586 5 365733432 6.95316e-310 0.00
problem8 0.01 124138 5 365733432 6.95316e-310 0.00
problem9 0.01 139117 5 365733432 6.95316e-310 0.00
problem10 0.05 127230 5 365733432 6.95316e-310 0.00
problem11 0.01 129208 5 365733432 6.95316e-310 0.00
problem12 0.01 147986 5 365733432 6.95316e-310 0.00
problem13 0.02 127354 5 365733432 6.95316e-310 0.00
problem14 0.02 169939 5 365733432 6.95316e-310 0.00
problem15 0.01 120640 5 365733432 6.95316e-310 0.00
problem16 0.01 130172 5 365733432 6.95316e-310 0.00
problem17 0.02 149827 5 365733432 6.95316e-310 0.00
problem18 0.02 126592 5 365733432 6.95316e-310 0.00
problem19 0.05 137320 5 365733432 6.95316e-310 0.00
problem20 0.04 156873 5 365733432 6.95316e-310 0.00
problem21 0.06 136446 5 365733432 6.95316e-310 0.00
problem22 0.05 138367 5 365733432 6.95316e-310 0.00
problem23 0.02 159461 5 365733432 6.95316e-310 0.00
problem24 0.02 152712 5 365733432 6.95316e-310 0.00
problem25 0.02 136506 5 365733432 6.95316e-310 0.00
problem26 0.02 166158 5 365733432 6.95316e-310 0.00
problem27 0.05 146258 5 365733432 6.95316e-310 0.00
problem28 0.02 143028 5 365733432 6.95316e-310 0.00
problem29 0.03 140809 5 365733432 6.95316e-310 0.00
problem30 0.03 140532 5 365733432 6.95316e-310 0.00
problem31 0.04 148189 5 365733432 6.95316e-310 0.00
problem32 0.01 132050 5 365733432 6.95316e-310 0.00
problem33 0.01 147132 5 365733432 6.95316e-310 0.00
problem34 0.02 139430 5 365733432 6.95316e-310 0.00
problem35 0.05 129135 5 365733432 6.95316e-310 0.00
problem36 0.04 159149 5 365733432 6.95316e-310 0.00
problem37 0.01 132248 5 365733432 6.95316e-310 0.00
problem38 0.02 135498 5 365733432 6.95316e-310 0.00
problem39 0.07 153574 5 365733432 6.95316e-310 0.00
problem40 0.03 158326 5 365733432 6.95316e-310 0.00
problem41 0.02 136087 5 365733432 6.95316e-310 0.00
problem42 0.04 145870 5 365733432 6.95316e-310 0.00
problem43 0.02 171346 5 365733432 6.95316e-310 0.00
problem44 0.02 136161 5 365733432 6.95316e-310 0.00
problem45 0.02 149420 5 365733432 6.95316e-310 0.00
problem46 0.06 147842 5 365733432 6.95316e-310 0.00
problem47 0.02 148669 5 365733432 6.95316e-310 0.00
problem48 0.07 134387 5 365733432 6.95316e-310 0.00
problem49 0.04 141967 5 365733432 6.95316e-310 0.00
problem50 0.03 144500 5 365733432 6.95316e-310 0.00
problem51 0.02 143025 5 365733432 6.95316e-310 0.00
problem52 0.02 173566 5 365733432 6.95316e-310 0.00
problem53 0.11 146664 5 365733432 6.95316e-310 0.00
problem54 0.07 108505 5 365733432 6.95316e-310 0.00
problem55 0.01 125292 5 365733432 6.95316e-310 0.00
problem56 0.02 122240 5 365733432 6.95316e-310 0.00
problem57 0.06 137871 5 365733432 6.95316e-310 0.00
problem58 0.02 150571 5 365733432 6.95316e-310 0.00
problem59 0.11 138952 5 365733432 6.95316e-310 0.00
problem60 0.04 155492 5 365733432 6.95316e-310 0.00
problem61 0.01 153201 5 365733432 6.95316e-310 0.00
problem62 0.02 135681 5 365733432 6.95316e-310 0.00
problem63 0.02 140801 5 365733432 6.95316e-310 0.00
problem64 0.02 155852 5 365733432 6.95316e-310 0.00
problem65 0 134304 5 365733432 6.95316e-310 0.00
problem66 0.02 151180 5 365733432 6.95316e-310 0.00
problem67 0.01 150924 5 365733432 6.95316e-310 0.00
problem68 0.01 143945 5 365733432 6.95316e-310 0.00
problem69 0.01 123446 5 365733432 6.95316e-310 0.00
problem70 0.08 160369 5 365733432 6.95316e-310 0.00
problem71 0.04 168277 5 365733432 6.95316e-310 0.00
problem72 0.03 138100 5 365733432 6.95316e-310 0.00
problem73 0.1 141848 5 365733432 6.95316e-310 0.00
problem74 0.03 133489 5 365733432 6.95316e-310 0.00
problem75 0.03 133315 5 365733432 6.95316e-310 0.00
problem76 0 154174 5 365733432 6.95316e-310 0.00
problem77 0.05 161534 5 365733432 6.95316e-310 0.00
problem78 0.02 169618 5 365733432 6.95316e-310 0.00
problem79 0.04 105887 5 365733432 6.95316e-310 0.00
problem80 0.07 140329 5 365733432 6.95316e-310 0.00
problem81 0.05 133533 5 365733432 6.95316e-310 0.00
problem82 0.02 131396 5 365733432 6.95316e-310 0.00
problem83 0.01 143462 5 365733432 6.95316e-310 0.00
problem84 0.08 145214 5 365733432 6.95316e-310 0.00
problem85 0.02 137550 5 365733432 6.95316e-310 0.00
problem86 0.04 159987 5 365733432 6.95316e-310 0.00
problem87 0.04 151418 5 365733432 6.95316e-310 0.00
problem88 0.03 140323 5 365733432 6.95316e-310 0.00
problem89 0.01 166719 5 365733432 6.95316e-310 0.00
problem90 0.02 169502 5 365733432 6.95316e-310 0.00
problem91 0.02 154451 5 365733432 6.95316e-310 0.00
problem92 0.02 160332 5 365733432 6.95316e-310 0.00
problem93 0.01 146293 5 365733432 6.95316e-310 0.00
problem94 0.01 127923 5 365733432 6.95316e-310 0.00
problem95 0 174957 5 365733432 6.95316e-310 0.00
problem96 0.03 125230 5 365733432 6.95316e-310 0.00
problem97 0.06 148993 5 365733432 6.95316e-310 0.00
problem98 0.1 150669 5 365733432 6.95316e-310 0.00
problem99 0.02 148737 5 365733432 6.95316e-310 0.00
