problem0 0.67 793216736400251 297 1 0.67 12380.00
problem1 0.11 1000830726656113 403 2 0.11 8668.00
problem2 0.05 894494357802002 153 1 0.05 8668.00
problem3 0.06 1083757829459070 184 1 0.05 8668.00
problem4 0.12 1018779453268676 411 2 0.12 8668.00
problem5 0.05 1153753779791709 316 1 0.05 8668.00
problem6 0.05 1186434972522761 141 1 0.05 8668.00
problem7 0.05 1089656724399834 220 1 0.05 8668.00
problem8 0.12 954106090280388 439 2 0.11 8668.00
problem9 0.06 975220166931102 324 1 0.06 8668.00
problem10 0.05 1193133847859939 206 1 0.05 8668.00
problem11 0.05 1205405038701309 187 1 0.05 8668.00
problem12 0.06 1089321196272728 170 1 0.05 8668.00
problem13 0.06 992089317807169 427 1 0.05 8668.00
problem14 0.05 1151782181902319 283 1 0.05 8668.00
problem15 0.06 1037515622754021 342 1 0.05 8668.00
problem16 0.05 1012762942082653 220 1 0.05 8668.00
problem17 0.05 1164495772156453 274 1 0.05 8668.00
problem18 0.06 1073571493420983 253 1 0.05 8668.00
problem19 0.13 860644848435540 524 2 0.12 8668.00
problem20 0.06 1135090404710604 448 1 0.06 8668.00
problem21 0.06 1134579564713175 224 1 0.06 8668.00
problem22 0.06 1021707508356739 187 1 0.06 8668.00
problem23 0.05 1215365449611285 162 1 0.05 8668.00
problem24 0.06 1065675049850340 287 1 0.06 8668.00
problem25 0.06 1049907036515611 291 1 0.05 8668.00
problem26 0.13 867852292522313 555 2 0.13 8668.00
problem27 0.06 1006938000971563 540 1 0.06 8668.00
problem28 0.05 1222387129593839 114 1 0.05 8668.00
problem29 0.06 1015403030835399 158 1 0.06 8668.00
problem30 0.06 1189962310535842 253 1 0.06 8668.00
problem31 0.05 1245022763616402 157 1 0.05 8668.00
problem32 0.06 1047993934896933 173 1 0.06 8668.00
problem33 0.06 1008970804510964 347 1 0.06 8668.00
problem34 0.06 1028691911497732 264 1 0.06 8668.00
problem35 0.06 1112215458582655 190 1 0.06 8668.00
problem36 0.06 876728643841646 531 1 0.06 8668.00
problem37 0.05 1258123856120673 87 1 0.05 8668.00
problem38 0.06 1080222573910136 142 1 0.06 8668.00
problem39 0.06 1189576706938981 307 1 0.06 8668.00
problem40 0.06 1062675183038872 272 1 0.06 8668.00
problem41 0.06 1027611015190518 199 1 0.06 8668.00
problem42 0.06 1083385874919603 403 1 0.06 8668.00
problem43 0.05 1126370976757320 318 1 0.05 8668.00
problem44 0.07 1043630012669877 413 1 0.06 8668.00
problem45 0.06 1048782715041700 174 1 0.06 8668.00
problem46 0.05 1146813017821589 113 1 0.05 8668.00
problem47 0.06 903738441651558 101 1 0.06 8668.00
problem48 0.05 1165611129606723 266 1 0.05 8668.00
problem49 0.06 974832061237344 289 1 0.06 8668.00
problem50 0.06 852711380953743 288 1 0.06 8668.00
problem51 0.06 1039752833374990 98 1 0.06 8668.00
problem52 0.13 970342542310113 644 2 0.12 8668.00
problem53 0.07 1010811292402643 451 1 0.07 8668.00
problem54 0.06 1073808656257279 146 1 0.06 8668.00
problem55 0.06 1002885978251994 428 1 0.06 8668.00
problem56 0.07 1011118605651897 300 1 0.07 8668.00
problem57 0.06 1104939067742424 269 1 0.06 8668.00
problem58 0.07 994257484395713 193 1 0.06 8668.00
problem59 0.06 813078685486106 291 1 0.05 8668.00
problem60 0.06 1069050871464619 119 1 0.06 8668.00
problem61 0.05 1090084491302403 144 1 0.05 8668.00
problem62 0.07 988498589673181 340 1 0.06 8668.00
problem63 0.14 918856138743036 646 2 0.14 8668.00
problem64 0.06 1072575969322391 141 1 0.06 8668.00
problem65 0.07 1120337295124480 287 1 0.05 8668.00
problem66 0.06 936144479377626 197 1 0.06 8668.00
problem67 0.06 805923897130761 395 1 0.06 8668.00
problem68 0.06 1052430593437987 263 1 0.06 8668.00
problem69 0.06 1032257779992694 287 1 0.06 8668.00
problem70 0.07 965854922023217 342 1 0.06 8668.00
problem71 0.05 1184810243614297 184 1 0.05 8668.00
problem72 0.07 879468215386793 503 1 0.07 8668.00
problem73 0.07 814983887717049 585 1 0.06 8668.00
problem74 0.06 1128577725593344 265 1 0.06 8668.00
problem75 0.06 1153608171425327 380 1 0.06 8668.00
problem76 0.06 988856185068223 354 1 0.06 8668.00
problem77 0.06 1054096234764863 243 1 0.06 8668.00
problem78 0.07 971562292442235 197 1 0.07 8668.00
problem79 0.06 950667718213839 405 1 0.06 8668.00
problem80 0.06 1243619527601584 267 1 0.06 8668.00
problem81 0.06 1007225020439787 433 1 0.06 8668.00
problem82 0.07 943705841090140 215 1 0.06 8668.00
problem83 0.06 941021315386722 531 1 0.06 8668.00
problem84 0.06 1094537436658285 220 1 0.06 8668.00
problem85 0.06 1006784652631313 550 1 0.06 8668.00
problem86 0.07 1087745228580447 261 1 0.05 8668.00
problem87 0.06 1163035015063567 242 1 0.06 8668.00
problem88 0.06 1016118588157415 318 1 0.06 8668.00
problem89 0.07 913330808132180 442 1 0.07 8668.00
problem90 0.07 1032377409412763 497 1 0.06 8668.00
problem91 0.06 1006527999730718 223 1 0.06 8668.00
problem92 0.06 1125996455153781 257 1 0.06 8668.00
problem93 0.06 1228221724704868 306 1 0.06 8668.00
problem94 0.06 971227269353469 339 1 0.06 8668.00
problem95 0.06 936794505736840 535 1 0.06 8668.00
problem96 0.07 1063086827521666 177 1 0.07 8668.00
problem97 0.06 989274324114933 350 1 0.06 8668.00
problem98 0.06 1044837486417404 63 1 0.06 8668.00
problem99 0.07 1116138046410228 440 1 0.06 8668.00
