problem0 0 97693 1
problem1 0 105066 1
problem2 0 99230 1
problem3 0 87439 1
problem4 0 102647 1
problem5 0 92268 1
problem6 0 91112 1
problem7 0 107073 1
problem8 0 98481 1
problem9 0 94286 1
problem10 0 82322 1
problem11 0 85459 1
problem12 0 91851 1
problem13 0 103440 1
problem14 0 108188 1
problem15 0 92741 1
problem16 0 101701 1
problem17 0 99762 1
problem18 0 97542 1
problem19 0 92567 1
problem20 0 93727 1
problem21 0 91956 1
problem22 0 85712 1
problem23 0 93641 1
problem24 0 86873 1
problem25 0 101014 1
problem26 0 103930 1
problem27 0 88283 1
problem28 0 91891 1
problem29 0 90584 1
problem30 0 101508 1
problem31 0 89293 1
problem32 0 94957 1
problem33 0 81658 1
problem34 0 93294 1
problem35 0 101279 1
problem36 0 94535 1
problem37 0 99324 1
problem38 0 77752 1
problem39 0 91985 1
problem40 0 97281 1
problem41 0 99038 1
problem42 0 82018 1
problem43 0 90595 1
problem44 0 97563 1
problem45 0 77216 1
problem46 0 112748 1
problem47 0 93525 1
problem48 0 97941 1
problem49 0 91714 1
problem50 0 94678 1
problem51 0 101287 1
problem52 0 100975 1
problem53 0 102084 1
problem54 0 104096 1
problem55 0 102105 1
problem56 0 80553 1
problem57 0 112934 1
problem58 0 110794 1
problem59 0 100587 1
problem60 0 88387 1
problem61 0 96104 1
problem62 0 88660 1
problem63 0 93149 1
problem64 0 102461 1
problem65 0 109450 1
problem66 0 97598 1
problem67 0 96687 1
problem68 0 113047 1
problem69 0 87948 1
problem70 0 91016 1
problem71 0 107617 1
problem72 0 94033 1
problem73 0 105838 1
problem74 0 91954 1
problem75 0 93683 1
problem76 0 93035 1
problem77 0 106288 1
problem78 0 94780 1
problem79 0 96357 1
problem80 0 96229 1
problem81 0 93906 1
problem82 0 97958 1
problem83 0 99767 1
problem84 0 89791 1
problem85 0 81492 1
problem86 0 87664 1
problem87 0 96233 1
problem88 0 92665 1
problem89 0 98230 1
problem90 0 103322 1
problem91 0 94459 1
problem92 0 107411 1
problem93 0 107768 1
problem94 0 94244 1
problem95 0 94957 1
problem96 0 99725 1
problem97 0 110618 1
problem98 0 108046 1
problem99 0 106431 1
