problem0 0.02 3367929876 1
problem1 0 2781855636 1
problem2 0.06 2986317588 1
problem3 0.01 3389394580 1
problem4 0.01 3432719892 1
problem5 0.03 3262569876 1
problem6 0.01 3327210772 1
problem7 0 2900503700 1
problem8 0.02 3705783316 1
problem9 0 3070753684 1
problem10 0.02 2920076052 1
problem11 0.08 3467135636 1
problem12 0.05 2811388436 1
problem13 0.04 3649247636 1
problem14 0 3073536276 1
problem15 0.01 2774034580 1
problem16 0.01 2997682196 1
problem17 0.05 3085449108 1
problem18 0.01 2948730644 1
problem19 0 3337782932 1
problem20 0.01 3291586068 1
problem21 0.01 3627505044 1
problem22 0.11 3048975636 1
problem23 0.01 3648431252 1
problem24 0.01 3122674708 1
problem25 0.02 3362812820 1
problem26 0.01 3474934548 1
problem27 0 3135554196 1
problem28 0.01 3262700052 1
problem29 0.03 3063124372 1
problem30 0 2850875668 1
problem31 0.01 3376210068 1
problem32 0.03 3409672212 1
problem33 0.07 3500191636 1
problem34 0.06 3156510484 1
problem35 0.02 3263102612 1
problem36 0.1 3127383572 1
problem37 0.01 3700936084 1
problem38 0.06 2747671828 1
problem39 0.03 3567983764 1
problem40 0 2650715156 1
problem41 0.05 3229150100 1
problem42 0.06 3067200276 1
problem43 0.11 3317774996 1
problem44 0.01 3422507540 1
problem45 0.01 3661891988 1
problem46 0.02 3544670484 1
problem47 0.22 3284228244 1
problem48 0.01 2993287188 1
problem49 0.05 2549688212 1
problem50 0 3341221652 1
problem51 0.01 3299571348 1
problem52 0.01 2805894676 1
problem53 0.17 3348645268 1
problem54 0.03 3631258900 1
problem55 0.02 3330249876 1
problem56 0.08 3229428756 1
problem57 0 3340854164 1
problem58 0.03 2636397332 1
problem59 0 3476927124 1
problem60 0.01 2888157716 1
problem61 0.01 3298066836 1
problem62 0.03 3007437076 1
problem63 0.01 3169177748 1
problem64 0.01 3224922132 1
problem65 0.06 3052511124 1
problem66 0.02 3100210964 1
problem67 0 3312971412 1
problem68 0.01 3266643476 1
problem69 0.02 3375938964 1
problem70 0.07 3418035476 1
problem71 0.01 3337882772 1
problem72 0.04 3516638228 1
problem73 0 3026836372 1
problem74 0.06 3390485268 1
problem75 0 3344575124 1
problem76 0.03 3270263316 1
problem77 0.01 2911173012 1
problem78 0.04 3118223636 1
problem79 0.07 2896840852 1
problem80 0.01 3299270676 1
problem81 0.04 3129612180 1
problem82 0 3373002516 1
problem83 0.02 3437520532 1
problem84 0.01 3167452692 1
problem85 0.01 3245946260 1
problem86 0.03 3584396564 1
problem87 0.01 3322446996 1
problem88 0.03 3243908116 1
problem89 0.09 3226620820 1
problem90 0.01 3316198164 1
problem91 0.04 3189154452 1
problem92 0.01 2958211604 1
problem93 0.02 2769645972 1
problem94 0.01 3071723796 1
problem95 0.1 3138306196 1
problem96 0 3216332820 1
problem97 0.01 3854733204 1
problem98 0.12 3085854484 1
problem99 0.11 3539000980 1
