problem0 0 158158 1 0.00
problem1 0.00 160732 1 0.00
problem2 0.00 143674 1 0.00
problem3 0.00 151912 1 0.00
problem4 0.00 165862 1 0.00
problem5 0.00 142388 1 0.00
problem6 0.00 149970 1 0.00
problem7 0.00 172096 1 0.00
problem8 0.00 156414 1 0.00
problem9 0.00 162188 1 0.00
problem10 0.00 159594 1 0.00
problem11 0.00 164888 1 0.00
problem12 0.00 174870 1 0.00
problem13 0.00 150500 1 0.00
problem14 0.00 184834 1 0.00
problem15 0.00 163056 1 0.00
problem16 0.00 151598 1 0.00
problem17 0.00 152380 1 0.00
problem18 0.00 176538 1 0.00
problem19 0.00 166600 1 0.00
problem20 0.00 168518 1 0.00
problem21 0.00 155540 1 0.00
problem22 0.00 163378 1 0.00
problem23 0.00 171424 1 0.00
problem24 0.00 147806 1 0.00
problem25 0.00 168172 1 0.00
problem26 0.00 157642 1 0.00
problem27 0.00 165240 1 0.00
problem28 0.00 154998 1 0.00
problem29 0.00 161604 1 0.00
problem30 0.00 151138 1 0.00
problem31 0.00 143952 1 0.00
problem32 0.00 157326 1 0.00
problem33 0.00 160412 1 0.00
problem34 0.00 164346 1 0.00
problem35 0.00 173096 1 0.00
problem36 0.00 167078 1 0.00
problem37 0.00 160500 1 0.00
problem38 0.00 189074 1 0.00
problem39 0.00 158464 1 0.00
problem40 0.00 122814 1 0.00
problem41 0.00 161868 1 0.00
problem42 0.00 155690 1 0.00
problem43 0.00 161496 1 0.00
problem44 0.00 167894 1 0.00
problem45 0.00 131748 1 0.00
problem46 0.00 174786 1 0.00
problem47 0.00 133040 1 0.00
problem48 0.00 158958 1 0.00
problem49 0.00 164348 1 0.00
problem50 0.00 164442 1 0.00
problem51 0.00 171400 1 0.00
problem52 0.00 153350 1 0.00
problem53 0.00 161364 1 0.00
problem54 0.00 161522 1 0.00
problem55 0.00 170080 1 0.00
problem56 0.00 175646 1 0.00
problem57 0.00 159660 1 0.00
problem58 0.00 157834 1 0.00
problem59 0.00 174136 1 0.00
problem60 0.00 152118 1 0.00
problem61 0.00 155140 1 0.00
problem62 0.00 153378 1 0.00
problem63 0.00 150800 1 0.00
problem64 0.00 152398 1 0.00
problem65 0.00 168284 1 0.00
problem66 0.00 152250 1 0.00
problem67 0.00 173800 1 0.00
problem68 0.00 184678 1 0.00
problem69 0.00 158132 1 0.00
problem70 0.00 158546 1 0.00
problem71 0.00 153024 1 0.00
problem72 0.00 150654 1 0.00
problem73 0.00 165644 1 0.00
problem74 0.00 164074 1 0.00
problem75 0.00 149912 1 0.00
problem76 0.00 156822 1 0.00
problem77 0.00 158052 1 0.00
problem78 0.00 156546 1 0.00
problem79 0.00 164464 1 0.00
problem80 0.00 158126 1 0.00
problem81 0.00 155836 1 0.00
problem82 0.00 160538 1 0.00
problem83 0.00 168008 1 0.00
problem84 0.00 175046 1 0.00
problem85 0.00 171284 1 0.00
problem86 0.00 151474 1 0.00
problem87 0.00 164640 1 0.00
problem88 0.00 154334 1 0.00
problem89 0.00 167532 1 0.00
problem90 0.00 149834 1 0.00
problem91 0.00 146168 1 0.00
problem92 0.00 165622 1 0.00
problem93 0.00 165060 1 0.00
problem94 0.00 172002 1 0.00
problem95 0.00 157648 1 0.00
problem96 0.00 151566 1 0.00
problem97 0.00 151580 1 0.00
problem98 0.00 148346 1 0.00
problem99 0.00 158120 1 0.00
