problem0 0.85 66223938 1 5216.00
problem1 0.88 70798256 1 6772.00
problem2 6.61 59173102 1 6772.00
problem3 2.76 72181372 1 5216.00
problem4 0.00 60614618 1 5216.00
problem5 4.24 63014024 1 6772.00
problem6 0.00 64497670 1 6772.00
problem7 0.00 62484948 1 6772.00
problem8 0.00 66164082 1 6772.00
problem9 0.00 71121504 1 6772.00
problem10 1.45 73620510 1 6772.00
problem11 0.82 69478956 1 6772.00
problem12 4.05 57993226 1 5220.00
problem13 1.05 71355704 1 6776.00
problem14 0.00 67560758 1 6776.00
problem15 4.34 63762308 1 6776.00
