problem0 1.33 17056600347539 0
problem1 2.21 22738650806270 0
problem2 0.94 20672730191069 0
problem3 1.39 16163903564908 0
problem4 2.09 18769294040817 0
problem5 1.16 16705142481541 0
problem6 1.21 18963369789367 0
problem7 1.71 19207160071603 0
problem8 0.94 19448451189829 0
problem9 1.2 18586066051479 0
problem10 0.74 19150633637708 0
problem11 0.91 17688703723593 0
problem12 1.32 18337591296339 0
problem13 1.15 18814449718966 0
problem14 2.87 22411355506573 0
problem15 1.03 15618039988148 0
problem16 1.56 18732637865279 0
problem17 0.98 19104492618580 0
problem18 1.23 19043788952065 0
problem19 0.96 17576499019274 0
problem20 1.87 19225650457196 0
problem21 0.83 19810747955609 0
problem22 1.77 20418180580557 0
problem23 0.89 19033983012123 0
problem24 1.02 16427899084987 0
