problem0 0 78718862 1
problem1 0 69651566 1
problem2 0 78908750 1
problem3 0 76311086 1
problem4 0 72573710 1
problem5 0 81557486 1
problem6 0 72034510 1
problem7 0 70448558 1
problem8 0 74931854 1
problem9 0 69985134 1
problem10 0 76809294 1
problem11 0 77807918 1
problem12 0 71113230 1
problem13 0 66391790 1
problem14 0 70164430 1
problem15 0 75320494 1
problem16 0 84186510 1
problem17 0 81263214 1
problem18 0 79362894 1
problem19 0 65083438 1
problem20 0 76402958 1
problem21 0 64267758 1
problem22 0 70850254 1
problem23 0 72262574 1
problem24 0 68734094 1
problem25 0 67834222 1
problem26 0 80278094 1
problem27 0 67497774 1
problem28 0 77957134 1
problem29 0 75185390 1
problem30 0 78286286 1
problem31 0 71760558 1
problem32 0 76809102 1
problem33 0 73738350 1
problem34 0 77457742 1
problem35 0 78759470 1
problem36 0 67387150 1
problem37 0 78173166 1
problem38 0 73598158 1
problem39 0 82203054 1
problem40 0 83245710 1
problem41 0 84295534 1
problem42 0 77193294 1
problem43 0 75799854 1
problem44 0 76150286 1
problem45 0 62745326 1
problem46 0 77757390 1
problem47 0 76327086 1
problem48 0 79655310 1
problem49 0 76437102 1
problem50 0 66901838 1
problem51 0 75396142 1
problem52 0 74886414 1
problem53 0 83427822 1
problem54 0 71889614 1
problem55 0 75104174 1
problem56 0 72329358 1
problem57 0 73231726 1
problem58 0 75943502 1
problem59 0 85936942 1
problem60 0 76178446 1
problem61 0 79403246 1
problem62 0 74869198 1
problem63 0 74340014 1
problem64 0 73850766 1
problem65 0 72582254 1
problem66 0 62375246 1
problem67 0 73867822 1
problem68 0 82123534 1
problem69 0 80031726 1
problem70 0 76210382 1
problem71 0 71937454 1
problem72 0 80025230 1
problem73 0 80780142 1
problem74 0 74431566 1
problem75 0 76937518 1
problem76 0 84333070 1
problem77 0 74827502 1
problem78 0 82204622 1
problem79 0 78382254 1
problem80 0 74075534 1
problem81 0 68465262 1
problem82 0 68072270 1
problem83 0 82563118 1
problem84 0 78612750 1
problem85 0 72179182 1
problem86 0 73977550 1
problem87 0 66411438 1
problem88 0 76973198 1
problem89 0 73386350 1
problem90 0 70560334 1
problem91 0 80258862 1
problem92 0 75448334 1
problem93 0 78378222 1
problem94 0 70403534 1
problem95 0 86356654 1
problem96 0 74038158 1
problem97 0 76669038 1
problem98 0 75604302 1
problem99 0 65830446 1
