problem0 56.13 288207359300779 1 12144.00
problem1 35.22 320318723149411 1 18544.00
problem2 66.71 283646765540251 1 18544.00
problem3 82.16 266667282304083 1 18544.00
problem4 57.74 307868511191179 1 18544.00
problem5 31.99 318000575707203 1 18544.00
problem6 35.51 309826795105147 1 18544.00
problem7 72.37 278082447528499 1 18544.00
problem8 44.34 315187702195307 1 18544.00
problem9 33.65 286105839688227 1 18544.00
problem10 72.71 287117753871195 1 18544.00
problem11 71.01 265563645399059 1 18544.00
problem12 113.19 263087994880075 1 18544.00
problem13 21.49 323745612297219 1 18544.00
problem14 22.95 314677646041915 1 18544.00
problem15 80.85 293972121322995 1 18544.00
problem16 61.33 285829922083883 1 18544.00
problem17 37.62 319679120557539 1 18544.00
problem18 64.11 289207695053595 1 18544.00
problem19 78.71 266745249526739 1 18544.00
problem20 96.77 287724881780747 1 18544.00
problem21 146.35 249104014528451 1 18544.00
problem22 20.01 337936049748731 1 18544.00
problem23 62.07 308019236510131 1 18544.00
problem24 27.87 313841817461739 1 18544.00
problem25 85.49 288718004294051 1 18544.00
problem26 61.45 282072753019611 1 18544.00
problem27 49.60 319808866023315 1 18544.00
problem28 69.74 301929370247115 1 18544.00
problem29 45.93 316844259380099 1 18544.00
problem30 78.12 274783647085243 1 18544.00
problem31 50.67 321730285374835 1 18544.00
problem32 35.86 295273921205163 1 18544.00
problem33 20.55 335737826229603 1 18544.00
problem34 34.51 271723448238747 1 18544.00
problem35 87.29 269246042528595 1 18544.00
problem36 69.70 278665663512459 1 18544.00
problem37 28.00 300946040661827 1 18544.00
problem38 53.72 302253804784251 1 18544.00
problem39 71.27 280619211088179 1 18544.00
problem40 73.12 259796285776747 1 18544.00
problem41 93.35 279113679391011 1 18544.00
problem42 26.14 316490384820827 1 18544.00
problem43 26.21 302807347470099 1 18544.00
problem44 66.02 268433801445195 1 18544.00
problem45 64.51 272326850683651 1 18544.00
problem46 83.65 265686947283515 1 18544.00
problem47 59.85 296016698742003 1 18544.00
problem48 64.90 306359873131307 1 18544.00
problem49 79.62 260950461297891 1 18544.00
problem50 60.04 325796442763803 1 18544.00
problem51 29.86 301398940271315 1 18544.00
problem52 65.73 298647166738187 1 18544.00
problem53 34.12 322022748094147 1 18544.00
problem54 27.83 329624260499963 1 18544.00
problem55 27.55 310526582728883 1 18544.00
problem56 52.64 290368316744427 1 18544.00
problem57 79.60 275650083684515 1 18544.00
problem58 86.54 287738505034203 1 18544.00
problem59 51.76 321476118169235 1 18544.00
problem60 102.34 270810967842507 1 18544.00
problem61 106.19 290966195485315 1 11636.00
problem62 51.45 289496232972731 1 18208.00
problem63 68.15 280252719176819 1 18208.00
problem64 28.05 317891218428587 1 18208.00
problem65 73.37 285617891454051 1 18208.00
problem66 21.61 300956114903451 1 18208.00
problem67 16.92 292385560799827 1 18208.00
problem68 26.01 339286814867083 1 18208.00
problem69 60.59 280417152718403 1 18208.00
problem70 60.55 288487057303931 1 18208.00
problem71 55.46 302050276995123 1 18208.00
problem72 49.20 287700375495275 1 18208.00
problem73 63.04 281993500244003 1 18208.00
problem74 27.46 296437854251355 1 18208.00
problem75 58.79 300846784015891 1 18208.00
problem76 53.22 302695853735499 1 18208.00
problem77 28.02 315770216862211 1 18208.00
problem78 38.95 274358706168123 1 18208.00
problem79 33.85 298773354554355 1 18208.00
problem80 29.59 319512379904555 1 18208.00
problem81 73.15 299202145625059 1 18208.00
problem82 23.50 302486465990939 1 18208.00
problem83 76.92 301488524005843 1 18208.00
problem84 30.84 294944644374027 1 18208.00
problem85 51.60 263249436519875 1 18208.00
problem86 60.90 307297008220411 1 18208.00
problem87 30.87 335642270709683 1 18208.00
problem88 97.42 256442426827243 1 18208.00
problem89 61.38 260181241622435 1 18208.00
problem90 53.31 276476395149531 1 18208.00
problem91 27.99 317767307400595 1 18208.00
problem92 58.79 295375550668235 1 18208.00
problem93 68.47 280965777254787 1 18208.00
problem94 71.78 285016561283259 1 18208.00
problem95 61.86 301093134969715 1 18208.00
problem96 53.31 317547285860779 1 18208.00
problem97 100.16 268008660114275 1 18208.00
problem98 56.89 295052120604827 1 18208.00
problem99 21.66 288843277236563 1 18208.00
