problem0 0 1622188682574 0 2228.00
problem1 0.00 2659404543335 0 2284.00
problem2 0.01 2080643230634 0 2284.00
problem3 0.00 1989600956030 0 2284.00
problem4 0.00 2318873808905 0 2284.00
problem5 0.01 2090307120601 0 2284.00
problem6 0.00 2410925586977 0 2284.00
problem7 0.01 2354822920334 0 2284.00
problem8 0.00 1937063617368 0 2284.00
problem9 0.00 2082564446404 0 2284.00
problem10 0.01 1546321719710 0 2284.00
problem11 0.00 1827923621090 0 2284.00
problem12 0.00 2169456808281 0 2284.00
problem13 0.01 2375608881320 0 2284.00
problem14 0.00 2151482289280 0 2284.00
problem15 0.01 1831220869811 0 2284.00
problem16 0.00 2027250953763 0 2284.00
problem17 0.00 2342071728309 0 2284.00
problem18 0.01 1947094731975 0 2284.00
problem19 0.00 1899490023316 0 2284.00
problem20 0.01 2122384286711 0 2284.00
problem21 0.00 1921091365611 0 2284.00
problem22 0.00 1943092293515 0 2284.00
problem23 0.01 1848746325241 0 2284.00
problem24 0.00 1980387725379 0 2284.00
problem25 0.00 2263053272628 0 2284.00
problem26 0.01 2046001397127 0 2284.00
problem27 0.00 2020076563786 0 2284.00
problem28 0.01 2091928014463 0 2284.00
problem29 0.00 1919643660859 0 2284.00
problem30 0.00 2070700033221 0 2284.00
problem31 0.01 1555570419744 0 2284.00
problem32 0.00 1795279799164 0 2284.00
problem33 0.00 2280162380524 0 2284.00
problem34 0.01 1585287247604 0 2284.00
problem35 0.00 1810227378690 0 2284.00
problem36 0.00 1674150497298 0 2284.00
problem37 0.01 2419936146598 0 2284.00
problem38 0.00 1775929405184 0 2284.00
problem39 0.01 2487383754518 0 2284.00
problem40 0.00 2112851627507 0 2284.00
problem41 0.00 2009580062258 0 2284.00
problem42 0.01 1660871691371 0 2284.00
problem43 0.00 2274460120667 0 2284.00
problem44 0.01 1882877075473 0 2284.00
problem45 0.00 2346553140194 0 2284.00
problem46 0.00 1873524159672 0 2284.00
problem47 0.01 2011934139729 0 2284.00
problem48 0.00 2146777312622 0 2284.00
problem49 0.01 2030084289311 0 2284.00
problem50 0.00 1884179921592 0 2284.00
problem51 0.00 2106251914222 0 2284.00
problem52 0.01 1886326081216 0 2284.00
problem53 0.00 2079926078377 0 2284.00
problem54 0.01 2231007396835 0 2284.00
problem55 0.00 2802382254444 0 2284.00
problem56 0.00 1960618581186 0 2284.00
problem57 0.01 2726361619295 0 2284.00
problem58 0.00 1890481748997 0 2284.00
problem59 0.00 2600139755272 0 2284.00
problem60 0.01 2426708115814 0 2284.00
problem61 0.00 2548753230606 0 2284.00
problem62 0.01 2083019502309 0 2284.00
problem63 0.00 2055591570373 0 2284.00
problem64 0.00 1944644082712 0 2284.00
problem65 0.01 2118706522057 0 2284.00
problem66 0.00 1971057101897 0 2284.00
problem67 0.01 1929481907363 0 2284.00
problem68 0.00 2178899086532 0 2284.00
problem69 0.00 1796978653442 0 2284.00
problem70 0.01 2080822830780 0 2284.00
problem71 0.00 1687038532996 0 2284.00
problem72 0.00 1966231172915 0 2284.00
problem73 0.01 2299835200026 0 2284.00
problem74 0.00 1867115522585 0 2284.00
problem75 0.01 1742185477527 0 2284.00
problem76 0.00 1891593990645 0 2284.00
problem77 0.00 2219469911731 0 2284.00
problem78 0.01 2029659273732 0 2284.00
problem79 0.00 2393825577487 0 2284.00
problem80 0.01 2392873427028 0 2284.00
problem81 0.00 2213703365480 0 2284.00
problem82 0.00 1986077221577 0 2284.00
problem83 0.01 2022583368238 0 2284.00
problem84 0.00 2292168173236 0 2284.00
problem85 0.00 2215554444582 0 2284.00
problem86 0.01 2010542004519 0 2284.00
problem87 0.00 2476517911674 0 2284.00
problem88 0.01 2177430546637 0 2284.00
problem89 0.00 2339973390273 0 2284.00
problem90 0.00 2092413351194 0 2284.00
problem91 0.01 1949085542964 0 2284.00
problem92 0.00 2077437948427 0 2284.00
problem93 0.01 1809789572995 0 2284.00
problem94 0.00 2213557081966 0 2284.00
problem95 0.00 2381876738402 0 2284.00
problem96 0.01 1564763045070 0 2284.00
problem97 0.00 1905238360912 0 2284.00
problem98 0.01 2283408888021 0 2284.00
problem99 0.00 1662363391637 0 2284.00
