problem0 0 50617 1 0.00
problem1 0.00 46582 1 0.00
problem2 0.00 44538 1 0.00
problem3 0.00 50715 1 0.00
problem4 0.00 42259 1 0.00
problem5 0.00 54648 1 0.00
problem6 0.00 46404 1 0.00
problem7 0.00 48973 1 0.00
problem8 0.00 50893 1 0.00
problem9 0.00 49370 1 0.00
problem10 0.00 52206 1 0.00
problem11 0.00 49503 1 0.00
problem12 0.00 51431 1 0.00
problem13 0.00 45596 1 0.00
problem14 0.00 54264 1 0.00
problem15 0.00 52817 1 0.00
problem16 0.00 46433 1 0.00
problem17 0.00 44862 1 0.00
problem18 0.00 45922 1 0.00
problem19 0.00 46115 1 0.00
problem20 0.00 48699 1 0.00
problem21 0.00 45632 1 0.00
problem22 0.00 49196 1 0.00
problem23 0.00 46293 1 0.00
problem24 0.00 49525 1 0.00
problem25 0.00 45346 1 0.00
problem26 0.00 50262 1 0.00
problem27 0.00 46695 1 0.00
problem28 0.00 49423 1 0.00
problem29 0.00 49636 1 0.00
problem30 0.00 50656 1 0.00
problem31 0.00 49881 1 0.00
problem32 0.00 50953 1 0.00
problem33 0.00 51846 1 0.00
problem34 0.00 47818 1 0.00
problem35 0.00 49195 1 0.00
problem36 0.00 55651 1 0.00
problem37 0.00 46344 1 0.00
problem38 0.00 49428 1 0.00
problem39 0.00 44125 1 0.00
problem40 0.00 46621 1 0.00
problem41 0.00 45930 1 0.00
problem42 0.00 46782 1 0.00
problem43 0.00 50543 1 0.00
problem44 0.00 46903 1 0.00
problem45 0.00 44972 1 0.00
problem46 0.00 50632 1 0.00
problem47 0.00 42337 1 0.00
problem48 0.00 54961 1 0.00
problem49 0.00 47054 1 0.00
problem50 0.00 48178 1 0.00
problem51 0.00 49715 1 0.00
problem52 0.00 49803 1 0.00
problem53 0.00 50640 1 0.00
problem54 0.00 50172 1 0.00
problem55 0.00 52709 1 0.00
problem56 0.00 44229 1 0.00
problem57 0.00 54194 1 0.00
problem58 0.00 54054 1 0.00
problem59 0.00 45687 1 0.00
problem60 0.00 46943 1 0.00
problem61 0.00 44916 1 0.00
problem62 0.00 47024 1 0.00
problem63 0.00 46569 1 0.00
problem64 0.00 48217 1 0.00
problem65 0.00 48918 1 0.00
problem66 0.00 44954 1 0.00
problem67 0.00 48699 1 0.00
problem68 0.00 47539 1 0.00
problem69 0.00 48280 1 0.00
problem70 0.00 47332 1 0.00
problem71 0.00 50541 1 0.00
problem72 0.00 49517 1 0.00
problem73 0.00 48634 1 0.00
problem74 0.00 51598 1 0.00
problem75 0.00 50559 1 0.00
problem76 0.00 50567 1 0.00
problem77 0.00 49468 1 0.00
problem78 0.00 47000 1 0.00
problem79 0.00 57457 1 0.00
problem80 0.00 47105 1 0.00
problem81 0.00 50270 1 0.00
problem82 0.00 43266 1 0.00
problem83 0.00 47171 1 0.00
problem84 0.00 44763 1 0.00
problem85 0.00 47456 1 0.00
problem86 0.00 48076 1 0.00
problem87 0.00 47861 1 0.00
problem88 0.00 46101 1 0.00
problem89 0.00 50754 1 0.00
problem90 0.00 43510 1 0.00
problem91 0.00 53895 1 0.00
problem92 0.00 46511 1 0.00
problem93 0.00 48388 1 0.00
problem94 0.00 49536 1 0.00
problem95 0.00 50425 1 0.00
problem96 0.00 47529 1 0.00
problem97 0.00 51110 1 0.00
problem98 0.00 52330 1 0.00
problem99 0.00 47179 1 0.00
