problem0 2.09 1026663463641483 5 119810200 6.95315e-310 0.00
problem1 2.83 810183924053191 5 119810200 6.95315e-310 0.00
problem2 2.64 706539449787149 5 119810200 6.95315e-310 0.00
problem3 2.2 725781623060368 5 119810200 6.95315e-310 0.00
problem4 8.53 754660741856797 5 119810200 6.95315e-310 0.00
problem5 2.23 984705269121405 5 119810200 6.95315e-310 0.00
problem6 1.88 754550734934083 5 119810200 6.95315e-310 0.00
problem7 10.44 848775752322043 5 119810200 6.95315e-310 0.00
problem8 2.54 1003651123682044 5 119810200 6.95315e-310 0.00
problem9 2.9 920193764911142 5 119810200 6.95315e-310 0.00
problem10 1.87 839427142955086 5 119810200 6.95315e-310 0.00
problem11 2.73 685182356326291 5 119810200 6.95315e-310 0.00
problem12 5.36 928602747141753 5 119810200 6.95315e-310 0.00
problem13 1.99 963393646234826 5 119810200 6.95315e-310 0.00
problem14 3.4 839998814272234 5 119810200 6.95315e-310 0.00
problem15 2.43 951094391325751 5 119810200 6.95315e-310 0.00
problem16 1.64 854864450294188 5 119810200 6.95315e-310 0.00
problem17 6.22 1029139759976592 5 119810200 6.95315e-310 0.00
problem18 2.95 772158989267181 5 119810200 6.95315e-310 0.00
problem19 2.44 963329223439412 5 119810200 6.95315e-310 0.00
problem20 3.31 1003838191146870 5 119810200 6.95315e-310 0.00
problem21 2.75 969547642032381 5 119810200 6.95315e-310 0.00
problem22 3.21 1096834262936329 5 119810200 6.95315e-310 0.00
problem23 1.67 895017766115367 5 119810200 6.95315e-310 0.00
problem24 3.13 942235891187995 5 119810200 6.95315e-310 0.00
problem25 2.41 820104741950852 5 119810200 6.95315e-310 0.00
problem26 4.15 779975678898760 5 119810200 6.95315e-310 0.00
problem27 2.55 877727924442843 5 119810200 6.95315e-310 0.00
problem28 2.68 923129015257270 5 119810200 6.95315e-310 0.00
problem29 3.31 873722216738863 5 119810200 6.95315e-310 0.00
problem30 6.41 963145940490086 5 119810200 6.95315e-310 0.00
problem31 2.32 912804428457996 5 119810200 6.95315e-310 0.00
problem32 3.74 1005727883111772 5 119810200 6.95315e-310 0.00
problem33 1.65 913324845755217 5 119810200 6.95315e-310 0.00
problem34 2.13 1013335787271365 5 119810200 6.95315e-310 0.00
problem35 2.86 788880606037866 5 119810200 6.95315e-310 0.00
problem36 3.02 817084416830398 5 119810200 6.95315e-310 0.00
problem37 3.18 739798246709991 5 119810200 6.95315e-310 0.00
problem38 2.27 776217365841624 5 119810200 6.95315e-310 0.00
problem39 2.31 889269434795610 5 119810200 6.95315e-310 0.00
problem40 1.86 942115393308757 5 119810200 6.95315e-310 0.00
problem41 1.88 934090494103902 5 119810200 6.95315e-310 0.00
problem42 3.88 1019554316004049 5 119810200 6.95315e-310 0.00
problem43 2.52 948525755434385 5 119810200 6.95315e-310 0.00
problem44 3.91 841977831217681 5 119810200 6.95315e-310 0.00
problem45 2.68 839946503608850 5 119810200 6.95315e-310 0.00
problem46 1.85 798705434950747 5 119810200 6.95315e-310 0.00
problem47 6.47 948924771531440 5 119810200 6.95315e-310 0.00
problem48 2.06 846790954188187 5 119810200 6.95315e-310 0.00
problem49 2.77 1092738751575341 5 119810200 6.95315e-310 0.00
problem50 3.26 823709100355649 5 119810200 6.95315e-310 0.00
problem51 3.34 1171905226898605 5 119810200 6.95315e-310 0.00
problem52 2.23 1123547183104747 5 119810200 6.95315e-310 0.00
problem53 2.63 964927159813660 5 119810200 6.95315e-310 0.00
problem54 4.05 1094582814128202 5 119810200 6.95315e-310 0.00
problem55 2.85 721882559141017 5 119810200 6.95315e-310 0.00
problem56 2.21 729286057864638 5 119810200 6.95315e-310 0.00
problem57 3.82 1156251677508108 5 119810200 6.95315e-310 0.00
problem58 2.27 733669359649770 5 119810200 6.95315e-310 0.00
problem59 2.83 905009072575430 5 119810200 6.95315e-310 0.00
problem60 3.24 863150013243651 5 119810200 6.95315e-310 0.00
problem61 1.99 772621678370050 5 119810200 6.95315e-310 0.00
problem62 4.81 1091062214337564 5 119810200 6.95315e-310 0.00
problem63 7.35 1063707639074911 5 119810200 6.95315e-310 0.00
problem64 2.35 911301692215925 5 119810200 6.95315e-310 0.00
problem65 3.02 999919078251090 5 119810200 6.95315e-310 0.00
problem66 2.63 939662758937648 5 119810200 6.95315e-310 0.00
problem67 2.42 910675824425508 5 119810200 6.95315e-310 0.00
problem68 1.63 904395421900431 5 119810200 6.95315e-310 0.00
problem69 2.7 983220097750915 5 119810200 6.95315e-310 0.00
problem70 2.62 934769744339910 5 119810200 6.95315e-310 0.00
problem71 2.48 921091087662550 5 119810200 6.95315e-310 0.00
problem72 3.08 914257346557366 5 119810200 6.95315e-310 0.00
problem73 6.22 981910434069070 5 119810200 6.95315e-310 0.00
problem74 2.33 817634537998626 5 119810200 6.95315e-310 0.00
problem75 2.33 937348684875743 5 119810200 6.95315e-310 0.00
problem76 2.24 1076188233073330 5 119810200 6.95315e-310 0.00
problem77 1.93 830975476340416 5 119810200 6.95315e-310 0.00
problem78 2.23 945067213661131 5 119810200 6.95315e-310 0.00
problem79 2.08 1000225907664169 5 119810200 6.95315e-310 0.00
problem80 2.55 941458672500271 5 119810200 6.95315e-310 0.00
problem81 3.35 839945304413189 5 119810200 6.95315e-310 0.00
problem82 3.01 977162920254970 5 119810200 6.95315e-310 0.00
problem83 1.97 1068395278135443 5 119810200 6.95315e-310 0.00
problem84 4.58 973231360525584 5 119810200 6.95315e-310 0.00
problem85 2.06 869460817385384 5 119810200 6.95315e-310 0.00
problem86 3.53 991306053186702 5 119810200 6.95315e-310 0.00
problem87 4.26 1018586392214254 5 119810200 6.95315e-310 0.00
problem88 3.22 876691862786023 5 119810200 6.95315e-310 0.00
problem89 2.5 771537939205830 5 119810200 6.95315e-310 0.00
problem90 3.16 785498398272496 5 119810200 6.95315e-310 0.00
problem91 2.14 1045096295762714 5 119810200 6.95315e-310 0.00
problem92 3.18 1048910342649892 5 119810200 6.95315e-310 0.00
problem93 2.87 981194715279556 5 119810200 6.95315e-310 0.00
problem94 1.65 1022843719451292 5 119810200 6.95315e-310 0.00
problem95 2.45 859789149841335 5 119810200 6.95315e-310 0.00
problem96 2.13 974658723914974 5 119810200 6.95315e-310 0.00
problem97 4.18 1004657763480175 5 119810200 6.95315e-310 0.00
problem98 2.88 952826055503917 5 119810200 6.95315e-310 0.00
problem99 1.38 828302596584196 5 119810200 6.95315e-310 0.00
