problem0 73.45 16486503874537 1 8568.00
problem1 23.64 17900786702871 1 12584.00
problem2 26.10 19224829702389 1 12584.00
problem3 16.18 19229518380035 1 12584.00
problem4 7.39 21236496809665 1 12584.00
problem5 16.02 19391929313455 1 12584.00
problem6 14.95 18218029135181 1 12584.00
problem7 17.78 18156104076315 1 12584.00
problem8 6.53 19493541372057 1 12584.00
problem9 20.22 17330192847431 1 12584.00
problem10 10.52 16861932670117 1 12584.00
problem11 31.90 17506103469875 1 12584.00
problem12 16.27 18137239143793 1 12584.00
problem13 49.33 16005696272095 1 12584.00
problem14 30.03 15852575315709 1 12584.00
problem15 7.86 20419434032459 1 12584.00
problem16 47.21 14918486969673 1 12584.00
problem17 23.23 18540691043959 1 12584.00
problem18 30.36 16461644313685 1 12584.00
problem19 18.13 19216393715299 1 12584.00
problem20 13.32 19707711969313 1 12584.00
problem21 15.79 16584751771919 1 12584.00
problem22 31.30 17773028394157 1 12584.00
problem23 12.22 19440107731579 1 12584.00
problem24 30.12 17194917676537 1 12584.00
problem25 21.30 16722005149351 1 12584.00
problem26 18.97 16063361017861 1 12584.00
problem27 28.05 18607203025299 1 12584.00
problem28 19.96 16821321266897 1 12584.00
problem29 22.20 17854259992383 1 12584.00
problem30 11.47 20027503279709 1 12584.00
problem31 13.46 19819390104491 1 12584.00
problem32 10.05 19337890941609 1 12584.00
problem33 31.71 16276744225495 1 12584.00
problem34 18.77 16659952854965 1 12584.00
problem35 23.23 18826509840579 1 12584.00
problem36 39.01 18282772734337 1 12584.00
problem37 47.04 15932230248815 1 12584.00
problem38 16.63 18591113020429 1 12584.00
problem39 2.94 19954713286875 1 12584.00
problem40 20.25 16955764628313 1 12584.00
problem41 28.43 16656405703431 1 12584.00
problem42 20.79 18288001168229 1 12584.00
problem43 3.28 20589843745779 1 12584.00
problem44 39.13 17553617967153 1 12584.00
problem45 25.63 17273898968991 1 12584.00
problem46 7.50 21699772700093 1 12584.00
problem47 8.21 17980421696011 1 12584.00
problem48 14.96 19669172877321 1 12584.00
problem49 9.56 21201223384887 1 12584.00
problem50 20.25 18093721111317 1 12584.00
problem51 15.97 18732232037155 1 12584.00
problem52 21.12 17253700704993 1 12584.00
problem53 12.54 19293642559951 1 12584.00
problem54 35.74 17430444110701 1 12584.00
problem55 8.50 20646274737979 1 12584.00
problem56 12.04 20250343907513 1 12584.00
problem57 18.93 18406325403495 1 12584.00
problem58 19.55 18071150538437 1 12584.00
problem59 27.77 16541310895699 1 12584.00
problem60 13.97 17980014782865 1 12584.00
problem61 16.33 17289269995519 1 12584.00
problem62 17.53 17474100256029 1 12584.00
problem63 21.20 18300067614827 1 12584.00
problem64 4.63 20988562068841 1 12584.00
problem65 18.05 16978062601111 1 12584.00
problem66 14.63 19932616875637 1 12584.00
problem67 28.69 16639915124099 1 12584.00
problem68 9.29 18172217967681 1 12584.00
problem69 22.54 19526753266223 1 12584.00
problem70 24.87 15473200403149 1 12584.00
problem71 24.74 18883102778779 1 12584.00
problem72 17.15 19425239275033 1 12584.00
problem73 23.16 18132274774983 1 12584.00
problem74 17.46 18656354064933 1 12584.00
problem75 10.25 19204472025267 1 12584.00
problem76 52.70 16778464471793 1 12584.00
problem77 42.54 17159081744479 1 12584.00
problem78 39.89 17153838453885 1 12584.00
problem79 17.59 18892721350347 1 12584.00
problem80 10.12 19979049296585 1 12584.00
problem81 18.55 18592983156727 1 12584.00
problem82 24.66 17251257950677 1 12584.00
problem83 14.40 17623594772451 1 12584.00
problem84 19.22 17622044515745 1 12584.00
problem85 34.64 17281135800975 1 12584.00
problem86 21.36 18007750697517 1 12584.00
problem87 13.76 19613789836283 1 12584.00
problem88 21.77 20333834222457 1 12584.00
problem89 14.81 20102253312039 1 12584.00
problem90 27.87 16559291741573 1 12584.00
problem91 15.15 18534910151443 1 12584.00
problem92 19.71 18426400709713 1 12584.00
problem93 12.04 19273812244671 1 12584.00
problem94 34.91 17034868980701 1 12584.00
problem95 18.83 18800153783595 1 12584.00
problem96 28.14 17669259829289 1 9356.00
problem97 32.83 17953437766743 1 11820.00
problem98 23.11 18578448520501 1 11820.00
problem99 15.03 18070399752771 1 11820.00
