problem0 4.2 122031 6337 1 1.52 87076.00
problem1 2.29 161355 2023 1 0.34 86552.00
problem2 0.94 147631 1734 1 0.35 21460.00
problem3 3.01 142510 5486 1 0.59 45888.00
problem4 2.23 168362 1129 1 0.27 18340.00
problem5 2.25 133705 5956 1 0.85 75500.00
problem6 1 147644 1426 1 0.44 75500.00
problem7 3.33 149059 3149 1 0.39 75500.00
problem8 3.73 151966 2524 1 0.53 43664.00
problem9 2.24 119178 4092 1 0.56 46688.00
problem10 2.07 137110 2912 1 0.43 29552.00
problem11 11.05 139175 8041 2 2.29 113540.00
problem12 4.22 127673 5563 1 0.66 88516.00
problem13 1.63 138715 2259 1 0.53 41524.00
problem14 2.58 146282 1683 1 0.37 41776.00
problem15 5.28 124112 19808 2 2.65 123796.00
problem16 1.92 154783 1155 1 0.81 123796.00
problem17 6.58 146243 2020 1 0.73 101236.00
problem18 4.88 156264 1244 1 0.69 46528.00
problem19 3 131526 3537 1 0.94 54580.00
problem20 1.26 154076 968 1 0.75 52152.00
problem21 2.05 123966 4970 1 1.07 68248.00
problem22 1.83 134746 2591 1 1.03 66768.00
problem23 5.55 151831 2044 1 0.78 49008.00
problem24 2.71 140172 2186 1 0.8 51268.00
problem25 4.8 147960 6816 1 1.25 85772.00
problem26 2.78 149231 1670 1 0.96 85772.00
problem27 1.27 162023 1234 1 0.81 45472.00
problem28 1.3 155977 760 1 0.77 52864.00
problem29 2.92 143826 1782 1 0.8 47164.00
problem30 4 134642 2626 1 0.89 56232.00
problem31 2.47 125716 4764 1 1.1 70412.00
problem32 2.91 135686 7245 1 1.16 77108.00
problem33 3.71 113157 6490 1 1.01 52156.00
problem34 1.67 149531 1451 1 0.79 45452.00
problem35 1.45 130129 1386 1 0.86 50260.00
problem36 6.21 143056 1601 1 0.72 49016.00
problem37 5.37 133502 11633 1 1.1 56628.00
problem38 1.3 131808 2059 1 0.97 61900.00
problem39 6.53 129931 3520 1 1.02 66736.00
problem40 4.89 121213 7911 1 1.18 74580.00
problem41 1.91 137916 5587 1 0.94 75060.00
problem42 2.98 125137 17694 1 1.92 135792.00
problem43 1.57 137867 1470 1 1.09 135816.00
problem44 2.87 130946 5458 1 1.15 135816.00
problem45 1.48 141393 1817 1 0.85 46068.00
problem46 2.69 118065 4698 1 1.23 84876.00
problem47 2.14 153297 1391 1 0.83 59316.00
problem48 5.94 130271 7913 1 1.31 89940.00
problem49 3.38 151479 2278 1 0.81 89940.00
problem50 1.88 139356 916 1 0.73 52252.00
problem51 2.11 150240 3565 1 0.86 51184.00
problem52 3.36 135288 3110 1 0.96 56628.00
problem53 2.12 138468 2702 1 0.94 58676.00
problem54 6.74 144798 4200 1 0.93 57932.00
problem55 1.54 131024 2156 1 1.07 77108.00
problem56 18.1 124878 11484 1 1.11 64188.00
problem57 6.05 142680 3901 1 0.92 67356.00
problem58 2.62 130371 4897 1 1.21 87348.00
problem59 1.69 144154 3082 1 0.95 56376.00
problem60 4.12 147896 2544 1 0.79 47356.00
problem61 5.65 137386 11550 1 1.19 70460.00
problem62 1 156133 697 1 0.74 70464.00
problem63 2.68 135355 3654 1 0.84 49020.00
problem64 3.02 150454 1475 1 0.75 52768.00
problem65 2.3 130126 4181 1 1.07 70304.00
problem66 4.95 143614 2840 1 0.89 54580.00
problem67 7.23 132278 14084 1 1.42 94328.00
problem68 1.99 154612 1228 1 0.73 95784.00
problem69 3.87 121004 15624 1 1.64 105708.00
problem70 4.93 120073 4988 1 1.09 106916.00
problem71 1.9 131280 7811 1 1.63 119288.00
problem72 2.36 133281 3465 1 1.16 78700.00
problem73 3.01 150322 1036 1 0.7 79156.00
problem74 1.41 147052 1649 1 0.71 43128.00
problem75 1.77 133216 5631 1 1.31 86904.00
problem76 2.93 135334 3148 1 0.97 60024.00
problem77 2.6 143703 3153 1 0.78 60444.00
problem78 1.75 147566 1440 1 0.77 50764.00
problem79 1.37 125510 4579 1 1.03 60592.00
problem80 1.49 154533 3524 1 0.89 44340.00
problem81 2.09 144428 1006 1 0.83 54952.00
problem82 6.91 126551 14799 1 1.3 81204.00
problem83 2.7 135813 5134 1 0.99 56636.00
problem84 3.23 153365 3128 1 0.88 50272.00
problem85 4.78 152601 2109 1 0.94 54216.00
problem86 5.29 117231 16387 1 1.58 116908.00
problem87 3.07 130702 4170 1 1.09 70400.00
problem88 1.83 134521 2791 1 0.88 55604.00
problem89 2.92 137023 2781 1 0.97 64016.00
problem90 2.06 145397 1590 1 0.77 47412.00
problem91 1.23 140805 1318 1 0.73 44416.00
problem92 8.26 146890 10407 1 1.17 70452.00
problem93 4.12 166315 619 1 0.64 43984.00
problem94 1.43 151938 1955 1 0.82 52712.00
problem95 3.61 135684 2150 1 0.8 49404.00
problem96 2.92 154427 1823 1 0.8 46700.00
problem97 8.52 122895 9009 1 1.24 84876.00
problem98 1.78 147744 2787 1 1.01 71856.00
problem99 2.19 142984 4604 1 0.98 54368.00
