problem0 0.22 386695354341840 346 1 0.01 2956.00
problem1 0.03 384258232262248 214 1 0 2652.00
problem2 0.56 404057413920895 916 2 0.01 3040.00
problem3 279586 381455129299522 6972 4 0.04 4320.00
problem4 0.59 395818923888942 614 1 0.03 3984.00
problem5 0.1 320782893545197 1054 1 0.02 4792.00
problem6 1987.65 371111945414811 3370 1 0.01 4396.00
problem7 0.71 280622202270645 1747 1 0.04 6792.00
problem8 0.06 444303527523178 172 1 0.01 3636.00
problem9 3.19 430619822107969 597 1 0.01 3636.00
problem10 0.03 402227190908769 220 1 0.01 3636.00
problem11 0.01 365043822012243 88 1 0.01 3636.00
problem12 0.02 405804423569535 141 1 0.01 3636.00
problem13 0.17 366487003330599 436 1 0.01 3636.00
problem14 0.05 341044931496716 803 1 0.02 4224.00
problem15 3.98 371517029184052 1443 1 0.02 4360.00
problem16 7.39 374690500911290 647 1 0 4360.00
problem17 1.72 309123090527441 1506 1 0.02 4460.00
problem18 0.66 376951610332212 530 1 0.02 4460.00
problem19 0.02 426094139638380 129 1 0.01 4460.00
problem20 28469.8 435362958280694 1966 1 0.01 4460.00
problem21 0.02 432103261926557 109 1 0.01 4460.00
problem22 0.51 280017417528304 2439 1 0.06 7736.00
problem23 9694.26 387146896103461 5408 1 0.03 6820.00
problem24 0.04 338277867860832 494 1 0.02 6820.00
problem25 0.63 380484170255230 885 1 0.03 6820.00
problem26 1355.18 446497840295751 1639 1 0.01 6820.00
problem27 0.37 400701176269888 749 1 0.01 6820.00
problem28 0.02 396696632916916 153 1 0.01 6820.00
problem29 0.03 410585015000546 147 1 0.02 6820.00
problem30 64673.1 406063106589397 3414 1 0.02 6820.00
problem31 0.02 353032886687078 215 1 0.01 6820.00
problem32 0.04 383510045141220 235 1 0.01 6820.00
problem33 0.11 381906014217051 368 1 0.01 6820.00
problem34 0.03 372954409682820 293 1 0.01 6820.00
problem35 11.7 397342721489038 1877 1 0.02 6820.00
problem36 0.03 339666828084999 350 1 0.01 6820.00
problem37 60.39 279943044192602 3583 1 0.04 6908.00
problem38 29617.5 425498355713011 2397 1 0.02 6908.00
problem39 0.06 364386688786472 643 1 0.02 6908.00
problem40 16.06 365609016941579 1755 1 0.02 6908.00
problem41 0.02 363264632692408 239 1 0.01 6908.00
problem42 0.01 332054329239938 286 1 0 6908.00
problem43 201333 324292965851062 10404 2 0.06 7340.00
problem44 0.14 378629722728003 350 1 0.01 7340.00
problem45 0.06 460823216487415 188 1 0 7340.00
problem46 0.06 364217792835731 284 1 0.02 7340.00
problem47 0.05 402679760565968 174 1 0.01 7340.00
problem48 0.06 420960230595910 205 1 0.01 7340.00
problem49 0.02 412169002391270 115 1 0 7340.00
problem50 372.55 343311728859879 5894 1 0.05 7340.00
problem51 0.06 409643689564989 481 1 0.01 7340.00
problem52 0.01 336543837841935 139 1 0.01 7340.00
problem53 1377.44 402002312751646 1955 1 0.02 7340.00
problem54 14.87 298210456841998 1706 1 0.03 7340.00
problem55 4.29 420982886021660 660 1 0.01 7340.00
problem56 0.08 376790533133744 534 1 0.02 7340.00
problem57 0.03 345644461509725 242 1 0.01 7340.00
problem58 0.01 452835870532378 78 1 0 7340.00
problem59 0.05 375105131142228 374 1 0.01 7340.00
problem60 0.16 304619885636752 861 1 0.02 7340.00
problem61 0.01 439724847269732 171 1 0 7340.00
problem62 0.47 457267156263298 281 1 0.01 7340.00
problem63 16.85 387388030088228 730 1 0.01 7340.00
problem64 247.23 403092298756700 2105 1 0.02 7340.00
problem65 0.02 446512847558501 149 1 0.01 7340.00
problem66 0.01 434097843571199 110 1 0 7340.00
problem67 1.24371e+06 398260755695468 8049 1 0.03 4880.00
problem68 0.05 447198011867019 228 1 0.01 4256.00
problem69 0.34 418390817444454 400 1 0.01 2936.00
problem70 0.07 437967226434062 213 1 0 3020.00
problem71 0.37 373770798106559 329 1 0.02 3800.00
problem72 0.02 406168450869979 249 1 0.01 3232.00
problem73 0.02 398690355330731 144 1 0.01 3088.00
problem74 1.64 395043987852781 661 1 0.02 3928.00
problem75 0.03 350316840066338 141 1 0 2848.00
problem76 4.13 402955679443348 794 1 0.01 3104.00
problem77 0.02 426447248406208 119 1 0.01 3104.00
problem78 0.03 354990707366818 713 1 0.01 4096.00
problem79 0.04 335532027388440 436 1 0.02 4304.00
problem80 356.84 420745404103824 2778 1 0.01 4028.00
problem81 0.03 389463890500289 212 1 0.01 4248.00
problem82 2.3 326743700750259 1593 1 0.02 4792.00
problem83 0.01 383601752455243 205 1 0.01 3988.00
problem84 1.38 403628613623122 664 1 0.01 3988.00
problem85 4.92 350377093920856 1740 1 0.02 4416.00
problem86 0.31 383948979010422 531 1 0.02 4416.00
problem87 0.37 326397132370772 849 1 0.02 4416.00
problem88 2.09 362875610126792 1148 1 0.02 4416.00
problem89 0.23 362828537191897 629 1 0.02 4416.00
problem90 1224.08 404977305929329 1715 1 0.01 4416.00
problem91 0.36 435705978716730 336 1 0.01 4416.00
problem92 0.05 426769697694698 172 1 0 4416.00
problem93 0 425082018600718 59 1 0 4416.00
problem94 18866.9 435105452755804 3227 1 0.02 4416.00
problem95 0.02 453142357977880 164 1 0 4416.00
problem96 896.99 396679857343962 3117 1 0.02 4416.00
problem97 0.1 339224109342535 612 1 0.02 4416.00
problem98 0.09 298733666994900 425 1 0.01 4416.00
problem99 3.44 371965088485665 941 1 0.01 4416.00
