problem0 0 689206987589988 140733905314360 4 1.16637e-312 0.00
problem1 0.01 834730191479745 140733905314360 4 1.16637e-312 0.00
problem2 0 741919138208480 140733905314360 4 1.16637e-312 0.00
problem3 0.01 750512526522068 140733905314360 4 1.16637e-312 0.00
problem4 0 733143159806319 140733905314360 4 1.16637e-312 0.00
problem5 0 669718042980730 140733905314360 4 1.16637e-312 0.00
problem6 0.01 598906978223258 140733905314360 4 1.16637e-312 0.00
problem7 0 632247954302659 140733905314360 4 1.16637e-312 0.00
problem8 0.01 782073565326114 140733905314360 4 1.16637e-312 0.00
problem9 0 704884602521129 140733905314360 4 1.16637e-312 0.00
problem10 0 700901487547655 140733905314360 4 1.16637e-312 0.00
problem11 0.01 585506921180044 140733905314360 4 1.16637e-312 0.00
problem12 0 748411199736451 140733905314360 4 1.16637e-312 0.00
problem13 0 663129977737240 140733905314360 4 1.16637e-312 0.00
problem14 0.01 719488474291497 140733905314360 4 1.16637e-312 0.00
problem15 0.01 721192199184737 140733905314360 4 1.16637e-312 0.00
problem16 0 635823280750214 140733905314360 4 1.16637e-312 0.00
problem17 0 764060282731829 140733905314360 4 1.16637e-312 0.00
problem18 0.01 779757209468496 140733905314360 4 1.16637e-312 0.00
problem19 0.01 756452080101987 140733905314360 4 1.16637e-312 0.00
problem20 0 742570482499041 140733905314360 4 1.16637e-312 0.00
problem21 0 674409102824810 140733905314360 4 1.16637e-312 0.00
problem22 0.01 786192195485454 140733905314360 4 1.16637e-312 0.00
problem23 0 758653097614864 140733905314360 4 1.16637e-312 0.00
problem24 0.01 809195870997190 140733905314360 4 1.16637e-312 0.00
problem25 0 608679341946474 140733905314360 4 1.16637e-312 0.00
problem26 0.01 753769269535408 140733905314360 4 1.16637e-312 0.00
problem27 0 773176101818540 140733905314360 4 1.16637e-312 0.00
problem28 0 593210410228639 140733905314360 4 1.16637e-312 0.00
problem29 0.01 849878369562892 140733905314360 4 1.16637e-312 0.00
problem30 0 644147629618602 140733905314360 4 1.16637e-312 0.00
problem31 0 710196521772815 140733905314360 4 1.16637e-312 0.00
problem32 0.01 901474096291601 140733905314360 4 1.16637e-312 0.00
problem33 0.01 602056289707507 140733905314360 4 1.16637e-312 0.00
problem34 0.01 819883926618322 140733905314360 4 1.16637e-312 0.00
problem35 0 732642975808652 140733905314360 4 1.16637e-312 0.00
problem36 0.01 731188008084518 140733905314360 4 1.16637e-312 0.00
problem37 0 538038528361680 140733905314360 4 1.16637e-312 0.00
problem38 0 769584039546210 140733905314360 4 1.16637e-312 0.00
problem39 0 421980873468612 140733905314360 4 1.16637e-312 0.00
problem40 0.01 672746843401817 140733905314360 4 1.16637e-312 0.00
problem41 0 597740808809956 140733905314360 4 1.16637e-312 0.00
problem42 0.01 735401772659644 140733905314360 4 1.16637e-312 0.00
problem43 0 696097548862878 140733905314360 4 1.16637e-312 0.00
problem44 0.01 908870239664496 140733905314360 4 1.16637e-312 0.00
problem45 0 703552542511503 140733905314360 4 1.16637e-312 0.00
problem46 0 589278118021532 140733905314360 4 1.16637e-312 0.00
problem47 0.01 842613935247357 140733905314360 4 1.16637e-312 0.00
problem48 0 507863627204977 140733905314360 4 1.16637e-312 0.00
problem49 0.01 523179955545845 140733905314360 4 1.16637e-312 0.00
problem50 0 659037988371585 140733905314360 4 1.16637e-312 0.00
problem51 0.01 835460635432738 140733905314360 4 1.16637e-312 0.00
problem52 0 777384502010110 140733905314360 4 1.16637e-312 0.00
problem53 0 602103968651301 140733905314360 4 1.16637e-312 0.00
problem54 0.01 611189989288609 140733905314360 4 1.16637e-312 0.00
problem55 0 735907345877487 140733905314360 4 1.16637e-312 0.00
problem56 0.01 729856599044246 140733905314360 4 1.16637e-312 0.00
problem57 0 639226101785025 140733905314360 4 1.16637e-312 0.00
problem58 0 736962639745962 140733905314360 4 1.16637e-312 0.00
problem59 0.01 799191313717411 140733905314360 4 1.16637e-312 0.00
problem60 0 577367369871961 140733905314360 4 1.16637e-312 0.00
problem61 0 748085817125870 140733905314360 4 1.16637e-312 0.00
problem62 0.01 697011823395945 140733905314360 4 1.16637e-312 0.00
problem63 0 494912761793663 140733905314360 4 1.16637e-312 0.00
problem64 0 681650559734940 140733905314360 4 1.16637e-312 0.00
problem65 0.01 564649915755329 140733905314360 4 1.16637e-312 0.00
problem66 0 770618823320541 140733905314360 4 1.16637e-312 0.00
problem67 0 621859967284926 140733905314360 4 1.16637e-312 0.00
problem68 0.01 754666385090155 140733905314360 4 1.16637e-312 0.00
problem69 0 492448982001012 140733905314360 4 1.16637e-312 0.00
problem70 0 738986836209239 140733905314360 4 1.16637e-312 0.00
problem71 0.01 463645936178433 140733905314360 4 1.16637e-312 0.00
problem72 0 879501413207333 140733905314360 4 1.16637e-312 0.00
problem73 0 721838463891458 140733905314360 4 1.16637e-312 0.00
problem74 0.01 742289313614720 140733905314360 4 1.16637e-312 0.00
problem75 0 712960513416731 140733905314360 4 1.16637e-312 0.00
problem76 0.01 846946998513712 140733905314360 4 1.16637e-312 0.00
problem77 0 767378383773835 140733905314360 4 1.16637e-312 0.00
problem78 0 717215464107918 140733905314360 4 1.16637e-312 0.00
problem79 0.01 587257459508571 140733905314360 4 1.16637e-312 0.00
problem80 0 709440504872249 140733905314360 4 1.16637e-312 0.00
problem81 0 856744751091452 140733905314360 4 1.16637e-312 0.00
problem82 0.01 648149537881731 140733905314360 4 1.16637e-312 0.00
problem83 0 713415947030357 140733905314360 4 1.16637e-312 0.00
problem84 0 740781763576202 140733905314360 4 1.16637e-312 0.00
problem85 0.01 739831887806764 140733905314360 4 1.16637e-312 0.00
problem86 0 555068006963756 140733905314360 4 1.16637e-312 0.00
problem87 0 481376040063843 140733905314360 4 1.16637e-312 0.00
problem88 0.01 605540663594401 140733905314360 4 1.16637e-312 0.00
problem89 0 840874912135000 140733905314360 4 1.16637e-312 0.00
problem90 0.01 695534983529460 140733905314360 4 1.16637e-312 0.00
problem91 0 601098725478012 140733905314360 4 1.16637e-312 0.00
problem92 0 710160052853160 140733905314360 4 1.16637e-312 0.00
problem93 0.01 755824817285248 140733905314360 4 1.16637e-312 0.00
problem94 0 692812112480075 140733905314360 4 1.16637e-312 0.00
problem95 0.01 620954367051224 140733905314360 4 1.16637e-312 0.00
problem96 0 616483761423394 140733905314360 4 1.16637e-312 0.00
problem97 0.01 727567354258822 140733905314360 4 1.16637e-312 0.00
problem98 0 879306570269647 140733905314360 4 1.16637e-312 0.00
problem99 0 872051876707859 140733905314360 4 1.16637e-312 0.00
