problem0 8.99 1958674195267 1
problem1 2.62 2044766505569 1
problem2 2.89 2092299836399 1
problem3 7.3 2189436737389 1
problem4 2.47 2023157749851 1
problem5 1.93 1915326707257 1
problem6 3.65 2076688999559 1
problem7 2.33 1941794673349 1
problem8 7.1 2122110356595 1
problem9 0.77 2063974029585 1
problem10 10.02 1928417123359 1
problem11 4.4 2021393478941 1
problem12 0.03 2002491842443 1
problem13 6.16 1865927332585 1
problem14 0.77 1908411818679 1
problem15 0.73 1995170373237 1
problem16 5.35 1956556943779 1
problem17 0.89 1796487267265 1
problem18 0.46 2132727076943 1
problem19 2.86 1893226720973 1
problem20 0.48 1885980254907 1
problem21 0.74 2253233769369 1
problem22 4.45 2099316727015 1
problem23 5.99 1922097022501 1
problem24 5.26 1795936850643 1
problem25 2.49 2173944171121 1
problem26 0.09 1863806898303 1
problem27 16.3 1608666301565 1
problem28 0.93 1889482514923 1
problem29 1.79 1942767722569 1
problem30 4.12 1935099794199 1
problem31 44.13 1767760054741 1
problem32 2.92 2013125472259 1
problem33 15.49 1539455397153 1
problem34 7.29 1916578579631 1
problem35 2.69 2172350985773 1
problem36 6.9 2128626867483 1
problem37 1.55 1997593563385 1
problem38 8.13 1904412837191 1
problem39 0.75 2098977909125 1
problem40 5.98 2118812879155 1
problem41 12.56 2019993594833 1
problem42 2.28 1927090500831 1
problem43 0.85 1918720754653 1
problem44 9.87 1846521467979 1
problem45 0.39 1871635127721 1
problem46 8.64 1788408279927 1
problem47 4.95 1911210779957 1
problem48 5.71 1904770424419 1
problem49 8.21 2000268527233 1
problem50 0.48 1820726714639 1
problem51 0.55 1969578061197 1
problem52 5.5 2128979019643 1
problem53 2.02 1976723981913 1
problem54 1.76 1825480596903 1
problem55 8.52 1809789205733 1
problem56 3.2 2157620621203 1
problem57 2.45 1567403425073 1
problem58 10.74 1937566304575 1
problem59 0.45 2122461950781 1
problem60 14.81 2211650205355 1
problem61 4.2 1765701831433 1
problem62 1.39 1659804632023 1
problem63 1.15 2020002033813 1
problem64 4.16 2125611744451 1
problem65 6.12 2234714902497 1
problem66 4.52 2384648629615 1
problem67 1.82 2219400451309 1
problem68 0.72 2023449633243 1
problem69 2.96 1990231141305 1
problem70 0.73 1746595210759 1
problem71 1.12 1891833004101 1
problem72 10.36 2259612272115 1
problem73 10.14 2044108062353 1
problem74 0.24 2027461315999 1
problem75 8.84 2055374082717 1
problem76 1.01 1895303366923 1
problem77 11.79 2268501469289 1
problem78 1.43 2266285720631 1
problem79 0.86 2205016009717 1
problem80 3.96 2264001039139 1
problem81 11.63 1715127486785 1
problem82 0.27 1931014367695 1
problem83 5.99 1750635834445 1
problem84 6.33 2251716586555 1
