problem0 8480.79 970872233040802 5 774240728 6.95318e-310 0.00
problem1 9120.78 982532392891665 5 774240728 6.95318e-310 0.00
problem2 12381.2 1137654742866264 5 774240728 6.95318e-310 0.00
problem3 12712.7 912622590849131 5 774240728 6.95318e-310 0.00
problem4 1351.05 915365052451972 5 774240728 6.95318e-310 0.00
problem5 7967.47 1007922398955991 5 -309707256 6.95334e-310 0.00
problem6 4398.53 908027433562167 5 -309707256 6.95334e-310 0.00
problem7 6179.19 857148436195591 5 -309707256 6.95334e-310 0.00
problem8 4435.15 981768848959683 5 -309707256 6.95334e-310 0.00
problem9 15075 990739230133299 5 -309707256 6.95334e-310 0.00
problem10 11878.7 952846718033011 5 -309707256 6.95334e-310 0.00
problem11 10895 1068077257548856 5 -309707256 6.95334e-310 0.00
problem12 6277.98 1017994031758646 5 -309707256 6.95334e-310 0.00
problem13 12597.2 1024002700626535 5 -309707256 6.95334e-310 0.00
problem14 3621.9 1010861629910571 5 -309707256 6.95334e-310 0.00
problem15 17763.2 1060576975199708 5 -309707256 6.95334e-310 0.00
problem16 17649.9 1031881244852670 5 -309707256 6.95334e-310 0.00
problem17 7945.58 960580950230184 5 -309707256 6.95334e-310 0.00
problem18 6450.66 938790032645060 5 -309707256 6.95334e-310 0.00
problem19 8958.99 968006675745835 5 -309707256 6.95334e-310 0.00
problem20 13792 1050342003082140 5 162089944 6.95315e-310 0.00
problem21 12924.5 1020742590078686 5 162089944 6.95315e-310 0.00
problem22 13586 1121874113371623 5 162089944 6.95315e-310 0.00
problem23 15832.8 1089305926953189 5 -698703400 6.95332e-310 0.00
problem24 10320.2 904592835123912 5 -698703400 6.95332e-310 0.00
problem25 10599.5 1063249983356793 5 -698703400 6.95332e-310 0.00
problem26 6785.92 929019676176591 5 -698703400 6.95332e-310 0.00
problem27 6786.5 941079322042185 5 -698703400 6.95332e-310 0.00
problem28 5249.82 933335310697946 5 -698703400 6.95332e-310 0.00
problem29 12608.8 1084984575580726 5 -698703400 6.95332e-310 0.00
problem30 7736.86 954982208193992 5 -698703400 6.95332e-310 0.00
problem31 4755.56 1046279743893026 5 -698703400 6.95332e-310 0.00
problem32 15018.3 1001405154280589 5 -698703400 6.95332e-310 0.00
problem33 9883.66 1010245204750887 5 -698703400 6.95332e-310 0.00
problem34 16629.6 1148409564465217 5 -698703400 6.95332e-310 0.00
problem35 7978.28 982422602597983 5 -698703400 6.95332e-310 0.00
problem36 8340.52 963221356015554 5 -698703400 6.95332e-310 0.00
problem37 4474.28 839300538751801 5 -698703400 6.95332e-310 0.00
problem38 9121.9 996424945545312 5 -698703400 6.95332e-310 0.00
problem39 5933.2 1053400222164878 5 -698703400 6.95332e-310 0.00
problem40 5419.21 935878237883730 5 -698703400 6.95332e-310 0.00
problem41 5126.38 989258822734598 5 -698703400 6.95332e-310 0.00
problem42 5211.54 926056723945926 5 -698703400 6.95332e-310 0.00
problem43 10850.5 1062580224752752 5 -698703400 6.95332e-310 0.00
problem44 6112.21 869102014556881 5 -698703400 6.95332e-310 0.00
problem45 5853.87 994382762261473 5 -698703400 6.95332e-310 0.00
problem46 4863.19 1097968472669553 5 -698703400 6.95332e-310 0.00
problem47 14656.7 1016411687291276 5 -698703400 6.95332e-310 0.00
problem48 14194.4 994205225770372 5 -698703400 6.95332e-310 0.00
problem49 2560.08 1013207924905988 5 -698703400 6.95332e-310 0.00
problem50 10669.4 946860105589092 5 -698703400 6.95332e-310 0.00
problem51 11323.1 955568318340106 5 -698703400 6.95332e-310 0.00
problem52 5652.38 976136445879744 5 -698703400 6.95332e-310 0.00
problem53 10151.8 984176726420614 5 -698703400 6.95332e-310 0.00
problem54 10116 919074633867367 5 -698703400 6.95332e-310 0.00
problem55 12851.7 984681618465358 5 -698703400 6.95332e-310 0.00
problem56 3131.79 713516978893174 5 -698703400 6.95332e-310 0.00
problem57 5145.86 964704860788538 5 -698703400 6.95332e-310 0.00
problem58 9060.48 993807424203265 5 -698703400 6.95332e-310 0.00
problem59 4132.96 1005500646832342 5 -698703400 6.95332e-310 0.00
problem60 9391.72 862453668590538 5 -698703400 6.95332e-310 0.00
problem61 4056.96 888315992447577 5 -800139560 6.95332e-310 0.00
problem62 14252.6 1092766721243685 5 -28722024 6.95335e-310 0.00
problem63 7815.4 994753381377561 5 -1976756392 6.95326e-310 0.00
problem64 12908.3 1069245074894693 5 -1976756392 6.95326e-310 0.00
problem65 5846.64 863118868147948 5 -1976756392 6.95326e-310 0.00
problem66 2289.05 913947802653491 5 -1976756392 6.95326e-310 0.00
problem67 12100.9 1097889648305541 5 1268391352 6.95321e-310 0.00
problem68 10736.7 933838805883760 5 1268391352 6.95321e-310 0.00
problem69 4258.27 903553740021280 5 1268391352 6.95321e-310 0.00
problem70 5630.34 989055553732102 5 1268391352 6.95321e-310 0.00
problem71 12612.9 1106455614100134 5 1268391352 6.95321e-310 0.00
problem72 13976.2 1056344524402634 5 1268391352 6.95321e-310 0.00
problem73 13612.9 971763263263085 5 1268391352 6.95321e-310 0.00
problem74 13710.4 1043860115344788 5 1268391352 6.95321e-310 0.00
problem75 8017.09 983237141601373 5 1268391352 6.95321e-310 0.00
problem76 6151.03 973918966187697 5 1268391352 6.95321e-310 0.00
problem77 874.58 850288752599928 5 1268391352 6.95321e-310 0.00
problem78 12098.6 1009264334248170 5 1268391352 6.95321e-310 0.00
problem79 2975.28 895467530603861 5 1268391352 6.95321e-310 0.00
problem80 16464.4 1145189644473615 5 1268391352 6.95321e-310 0.00
problem81 11875.9 920972471087081 5 1268391352 6.95321e-310 0.00
problem82 3788.78 1025716535444777 5 1268391352 6.95321e-310 0.00
problem83 2265.96 703834799359061 5 1268391352 6.95321e-310 0.00
problem84 10387.9 822056490102287 5 1268391352 6.95321e-310 0.00
problem85 7571.34 970522222263192 5 1268391352 6.95321e-310 0.00
