problem0 0.24 2861925954929305 0 34700.00
problem1 0.24 2812096815886469 0 34764.00
problem2 0.24 3012509966746536 0 34764.00
problem3 0.25 3083180273723439 0 34764.00
problem4 0.24 3216243640307317 0 34764.00
problem5 0.24 2983290851539182 0 34764.00
problem6 0.24 2905970746830463 0 34764.00
problem7 0.24 3011349011024584 0 34764.00
problem8 0.25 3157256885400543 0 34764.00
problem9 0.24 2781073015000871 0 34764.00
problem10 0.24 3342102241762799 0 34764.00
problem11 0.24 2883731125088120 0 34764.00
problem12 0.24 2680058145949352 0 34764.00
problem13 0.24 3189675960570693 0 34764.00
problem14 0.23 2759338266506806 0 34764.00
problem15 0.25 3022400976481767 0 34764.00
problem16 0.24 2645052571515079 0 34764.00
problem17 0.23 2411524733167782 0 34764.00
problem18 0.25 2586229180732870 0 34764.00
problem19 0.23 2727936063075104 0 34764.00
problem20 0.26 2914067851959509 0 34764.00
problem21 0.24 2704832446245661 0 34764.00
problem22 0.23 2643484942129932 0 34764.00
problem23 0.24 2853884934032771 0 34764.00
problem24 0.25 3136598203587550 0 34764.00
problem25 0.25 2636843963727479 0 34764.00
problem26 0.23 3063972212861005 0 34764.00
problem27 0.24 2805022960430499 0 34764.00
problem28 0.25 2881557347946718 0 34764.00
problem29 0.23 3199455628525201 0 34764.00
problem30 0.24 2627622538714127 0 34764.00
problem31 0.24 3024906754172803 0 34764.00
problem32 0.25 3078500178762624 0 34764.00
problem33 0.23 2953529743560592 0 34764.00
problem34 0.25 2869289554237220 0 34764.00
problem35 0.24 2929538919064285 0 34764.00
problem36 0.24 2797922028494284 0 34764.00
problem37 0.24 2841549534827824 0 34764.00
problem38 0.25 2894966013065564 0 34764.00
problem39 0.24 2779246960918201 0 34764.00
problem40 0.25 3106504821815094 0 34764.00
problem41 0.24 3280276289887397 0 34764.00
problem42 0.23 2866427816633809 0 34764.00
problem43 0.25 2976669633125014 0 34764.00
problem44 0.24 2570569272838039 0 34764.00
problem45 0.24 3093825484085841 0 34764.00
problem46 0.24 2426172224041580 0 34764.00
problem47 0.24 2592976045396104 0 34764.00
problem48 0.24 3065577866047736 0 34764.00
problem49 0.25 3256831131920127 0 34764.00
problem50 0.24 3419588684745218 0 34764.00
problem51 0.24 3113307287341352 0 34764.00
problem52 0.24 2521526022885248 0 34764.00
problem53 0.24 2916177794785697 0 34764.00
problem54 0.24 2657914139674648 0 34764.00
problem55 0.23 2486041350069988 0 34764.00
problem56 0.25 3808031971771485 0 34764.00
problem57 0.25 2821018329934844 0 34764.00
problem58 0.24 3588095799906074 0 34764.00
problem59 0.23 2719857804735906 0 34764.00
problem60 0.25 3203069527404698 0 34764.00
problem61 0.25 3176008265377618 0 34764.00
problem62 0.23 2494740984641912 0 34764.00
problem63 0.25 3019668801842328 0 34764.00
problem64 0.24 2804272818566238 0 34764.00
problem65 0.23 2765403549363655 0 34764.00
problem66 0.24 2500089315405280 0 34764.00
problem67 0.25 3019859001220485 0 34764.00
problem68 0.24 2735179136298738 0 34764.00
problem69 0.24 2762718243268223 0 34764.00
problem70 0.24 2929415884048034 0 34764.00
problem71 0.25 2561730122707149 0 34764.00
problem72 0.24 3070400536428566 0 34764.00
problem73 0.24 2778809106476284 0 34764.00
problem74 0.24 2688144332761035 0 34764.00
problem75 0.25 3023726229734021 0 34764.00
problem76 0.23 2548874748299316 0 34764.00
problem77 0.24 3016690443182262 0 34764.00
problem78 0.25 3005544331276301 0 34764.00
problem79 0.25 2909205865362469 0 34764.00
problem80 0.23 3055138781997094 0 34764.00
problem81 0.25 3133242636084881 0 34764.00
problem82 0.25 2855679197167363 0 34764.00
problem83 0.24 2810896326190042 0 34764.00
problem84 0.24 2512791239950207 0 34764.00
problem85 0.24 2813504261183840 0 34764.00
problem86 0.24 2844410245478192 0 34764.00
problem87 0.25 2916883555250926 0 34764.00
problem88 0.24 3034401897475146 0 34764.00
problem89 0.24 2173422940347393 0 34764.00
problem90 0.24 2657022975013792 0 34764.00
problem91 0.24 2771524021387176 0 34764.00
problem92 0.24 2800978943562518 0 34764.00
problem93 0.25 3165506558857053 0 34764.00
problem94 0.23 2788182340933078 0 34764.00
problem95 0.24 3058207889812571 0 34764.00
problem96 0.25 2833584364556007 0 34764.00
problem97 0.24 3228553551925301 0 34764.00
problem98 0.24 3019358417764502 0 34764.00
problem99 0.24 2980377446292206 0 34764.00
