problem0 0 184379988 1
problem1 0 199116933 1
problem2 0.01 183256501 1
problem3 0 173663290 1
problem4 0 181434190 1
problem5 0.02 171351175 1
problem6 0 168907615 1
problem7 0.05 174230188 1
problem8 0.02 203611176 1
problem9 0.02 158371305 1
problem10 0.02 168415721 1
problem11 0 154770302 1
problem12 0 181617378 1
problem13 0.01 169316011 1
problem14 0 155425619 1
problem15 0 147683504 1
problem16 0 174142844 1
problem17 0.05 177303757 1
problem18 0 173959581 1
problem19 0.07 202105922 1
problem20 0.01 164044278 1
problem21 0.03 201352783 1
problem22 0 179689159 1
problem23 0 187957300 1
problem24 0.01 204752464 1
problem25 0.04 151322929 1
problem26 0 189488337 1
problem27 0.01 176705158 1
problem28 0.01 170317962 1
problem29 0.03 199242611 1
problem30 0.01 160454075 1
problem31 0.01 190886200 1
problem32 0.03 199614116 1
problem33 0.04 209014549 1
problem34 0 168819589 1
problem35 0.09 178022986 1
problem36 0 165364382 1
problem37 0.02 179045911 1
problem38 0.01 200894511 1
problem39 0.02 175381436 1
problem40 0 198037112 1
problem41 0.02 187853433 1
problem42 0 185177529 1
problem43 0.06 162252686 1
problem44 0 159067186 1
problem45 0.04 194965051 1
problem46 0.01 164978211 1
problem47 0 161796032 1
problem48 0 202499532 1
problem49 0.01 166880093 1
problem50 0 200506221 1
problem51 0.02 181401170 1
problem52 0 143353158 1
problem53 0.02 158989279 1
problem54 0 184977303 1
problem55 0.01 201284932 1
problem56 0 182842528 1
problem57 0 177293761 1
problem58 0.02 170327201 1
problem59 0.04 186156694 1
problem60 0 180272602 1
problem61 0.05 172244739 1
problem62 0 153957515 1
problem63 0.01 178672712 1
problem64 0.05 206293748 1
problem65 0.08 189869477 1
problem66 0 165374293 1
problem67 0.05 197855322 1
problem68 0.01 188089838 1
problem69 0 185255847 1
problem70 0.01 166180095 1
problem71 0.03 177358028 1
problem72 0.01 164837576 1
problem73 0 177872649 1
problem74 0 191238537 1
problem75 0 186846110 1
problem76 0.01 205524354 1
problem77 0.08 178300363 1
problem78 0.01 168974579 1
problem79 0.01 156352208 1
problem80 0.03 207228444 1
problem81 0.04 205139437 1
problem82 0 159008061 1
problem83 0.15 185737314 1
problem84 0 186229910 1
problem85 0.02 165603695 1
problem86 0.01 176648295 1
problem87 0.13 189354580 1
problem88 0.01 189537008 1
problem89 0.02 203778641 1
problem90 0.01 216618097 1
problem91 0.02 184538790 1
problem92 0.01 179149610 1
problem93 0.02 191144595 1
problem94 0 182405979 1
problem95 0.03 200511320 1
problem96 0.01 182660932 1
problem97 0 179692597 1
problem98 0.01 165842725 1
problem99 0.01 185187946 1
