problem0 0 43844330292 0
problem1 0 45970840316 0
problem2 0 38872322678 0
problem3 0 44102606581 0
problem4 0 46272869457 0
problem5 0 50806439085 0
problem6 0 39109503022 0
problem7 0 47583329005 0
problem8 0 32113325634 0
problem9 0 40816291627 0
problem10 0 34556116139 0
problem11 0 49808746371 0
problem12 0 43388298996 0
problem13 0 49187717291 0
problem14 0 37987833054 0
problem15 0 37472737701 0
problem16 0 49533812959 0
problem17 0 34239732569 0
problem18 0 38717395166 0
problem19 0 48832978090 0
problem20 0 45646473690 0
problem21 0 50684700461 0
problem22 0 36417627681 0
problem23 0 48621897952 0
problem24 0 43357020548 0
problem25 0.01 38638433934 0
problem26 0 40584105077 0
problem27 0 39177641298 0
problem28 0 44523424041 0
problem29 0 46421200585 0
problem30 0 31344250314 0
problem31 0 38432787805 0
problem32 0 40694034379 0
problem33 0 41042570195 0
problem34 0 40524249494 0
problem35 0 36427829816 0
problem36 0 46930349473 0
problem37 0 49398488067 0
problem38 0 35148364092 0
problem39 0 42018916471 0
problem40 0 45435965646 0
problem41 0 37474895031 0
problem42 0 41456125921 0
problem43 0 43686220078 0
problem44 0 45148725128 0
problem45 0 51545544902 0
problem46 0 41285796281 0
problem47 0 47651923089 0
problem48 0 46844482725 0
problem49 0 50130639831 0
problem50 0 35962916159 0
problem51 0 47278419433 0
problem52 0 42600034197 0
problem53 0 36604347260 0
problem54 0 41467576835 0
problem55 0 48301154473 0
problem56 0.01 45321177012 0
problem57 0 45773016231 0
problem58 0 40653280992 0
problem59 0 38227413073 0
problem60 0 36665953425 0
problem61 0 48848901479 0
problem62 0 47134618740 0
problem63 0 50223484405 0
problem64 0 43817712092 0
problem65 0 38812672510 0
problem66 0 40325864886 0
problem67 0 42318888485 0
problem68 0 27278366554 0
problem69 0 38466574892 0
problem70 0 42213397396 0
problem71 0 42898447683 0
problem72 0 47835992690 0
problem73 0 44062845392 0
problem74 0 48099474960 0
problem75 0 38496288983 0
problem76 0 34099108619 0
problem77 0 37651883674 0
problem78 0 43245165922 0
problem79 0 46273277196 0
problem80 0 43953196797 0
problem81 0 46674643370 0
problem82 0 49578151100 0
problem83 0 40465641716 0
problem84 0.01 49275353486 0
problem85 0 40347105475 0
problem86 0 39256538753 0
problem87 0 42042787822 0
problem88 0 51361486989 0
problem89 0 45086687069 0
problem90 0 32916174717 0
problem91 0 49450509045 0
problem92 0 46029667077 0
problem93 0 36602234503 0
problem94 0 43299211675 0
problem95 0 46664420941 0
problem96 0 40263587025 0
problem97 0 42435312429 0
problem98 0 48947478895 0
problem99 0 45602494488 0
