problem0 0.2 172011 5 -1045179864 6.9533e-310 0.00
problem1 0.02 179083 5 -1045179864 6.9533e-310 0.00
problem2 0.53 218072 5 -1045179864 6.9533e-310 0.00
problem3 0.01 184210 5 -1045179864 6.9533e-310 0.00
problem4 0.01 136501 5 -1045179864 6.9533e-310 0.00
problem5 0.01 169399 5 -1045179864 6.9533e-310 0.00
problem6 0.58 190997 5 -1045179864 6.9533e-310 0.00
problem7 0.08 208688 5 -1045179864 6.9533e-310 0.00
problem8 0.25 199524 5 -1045179864 6.9533e-310 0.00
problem9 0.47 180241 5 -1045179864 6.9533e-310 0.00
problem10 0.04 186165 5 -1045179864 6.9533e-310 0.00
problem11 0.03 207539 5 -1045179864 6.9533e-310 0.00
problem12 0.04 199725 5 -1045179864 6.9533e-310 0.00
problem13 0.09 192444 5 -1045179864 6.9533e-310 0.00
problem14 0.05 179148 5 -1045179864 6.9533e-310 0.00
problem15 0.28 162769 5 -1045179864 6.9533e-310 0.00
problem16 0.2 184064 5 -1045179864 6.9533e-310 0.00
problem17 0.78 198550 5 -1045179864 6.9533e-310 0.00
problem18 0.02 194669 5 -1045179864 6.9533e-310 0.00
problem19 0.18 199161 5 -1045179864 6.9533e-310 0.00
problem20 0.06 183114 5 -1045179864 6.9533e-310 0.00
problem21 1.26 212163 5 -1045179864 6.9533e-310 0.00
problem22 0.02 175529 5 -1045179864 6.9533e-310 0.00
problem23 0.02 191054 5 -1045179864 6.9533e-310 0.00
problem24 0.14 145528 5 -1045179864 6.9533e-310 0.00
problem25 0.3 211777 5 -1045179864 6.9533e-310 0.00
problem26 0.02 216668 5 -1045179864 6.9533e-310 0.00
problem27 0.03 183651 5 -1045179864 6.9533e-310 0.00
problem28 0.55 218909 5 -1045179864 6.9533e-310 0.00
problem29 0.07 206316 5 -1045179864 6.9533e-310 0.00
problem30 0.23 218758 5 -1045179864 6.9533e-310 0.00
problem31 0.25 177684 5 -1045179864 6.9533e-310 0.00
problem32 0.03 188071 5 -1045179864 6.9533e-310 0.00
problem33 0.09 225771 5 -1045179864 6.9533e-310 0.00
problem34 0.15 197158 5 -1045179864 6.9533e-310 0.00
problem35 0.26 194948 5 -1045179864 6.9533e-310 0.00
problem36 0.04 214659 5 -1045179864 6.9533e-310 0.00
problem37 0.54 171397 5 -1045179864 6.9533e-310 0.00
problem38 1.96 207020 5 -1045179864 6.9533e-310 0.00
problem39 0.16 194046 5 -1045179864 6.9533e-310 0.00
problem40 0.01 181791 5 -1045179864 6.9533e-310 0.00
problem41 0.02 143399 5 -1045179864 6.9533e-310 0.00
problem42 0.02 174759 5 -1045179864 6.9533e-310 0.00
problem43 0.05 220179 5 -1045179864 6.9533e-310 0.00
problem44 0.42 180896 5 -1045179864 6.9533e-310 0.00
problem45 0.02 197514 5 -1045179864 6.9533e-310 0.00
problem46 0.01 188296 5 -1045179864 6.9533e-310 0.00
problem47 0.05 199181 5 -1045179864 6.9533e-310 0.00
problem48 0.22 202757 5 -1045179864 6.9533e-310 0.00
problem49 0.3 195209 5 -1045179864 6.9533e-310 0.00
problem50 0.01 169366 5 -1045179864 6.9533e-310 0.00
problem51 0.11 190297 5 -1045179864 6.9533e-310 0.00
problem52 0.01 174963 5 -1045179864 6.9533e-310 0.00
problem53 0.07 196898 5 -1045179864 6.9533e-310 0.00
problem54 0.06 191844 5 -1045179864 6.9533e-310 0.00
problem55 0.11 180215 5 -1045179864 6.9533e-310 0.00
problem56 0.6 224052 5 -1045179864 6.9533e-310 0.00
problem57 0.12 190442 5 -1045179864 6.9533e-310 0.00
problem58 1.15 191512 5 -1045179864 6.9533e-310 0.00
problem59 0.01 148602 5 -1045179864 6.9533e-310 0.00
problem60 0.52 198032 5 -1045179864 6.9533e-310 0.00
problem61 0.45 194125 5 -1045179864 6.9533e-310 0.00
problem62 0.04 209473 5 -1045179864 6.9533e-310 0.00
problem63 0.03 171087 5 -1045179864 6.9533e-310 0.00
problem64 0.02 218759 5 -1045179864 6.9533e-310 0.00
problem65 0.01 219211 5 -1045179864 6.9533e-310 0.00
problem66 0.1 176829 5 -1045179864 6.9533e-310 0.00
problem67 1 175845 5 -1045179864 6.9533e-310 0.00
problem68 0.01 204460 5 -1045179864 6.9533e-310 0.00
problem69 0.14 157595 5 -1045179864 6.9533e-310 0.00
problem70 0.02 186178 5 -1045179864 6.9533e-310 0.00
problem71 0.44 187011 5 -1045179864 6.9533e-310 0.00
problem72 0.05 178687 5 -1045179864 6.9533e-310 0.00
problem73 0.17 165658 5 -1045179864 6.9533e-310 0.00
problem74 0.02 192025 5 -1045179864 6.9533e-310 0.00
problem75 0.03 174890 5 -1045179864 6.9533e-310 0.00
problem76 0.02 195419 5 -1045179864 6.9533e-310 0.00
problem77 0.11 177423 5 -1045179864 6.9533e-310 0.00
problem78 0.02 160579 5 -1045179864 6.9533e-310 0.00
problem79 0.52 187026 5 -1045179864 6.9533e-310 0.00
problem80 0.02 179904 5 -1045179864 6.9533e-310 0.00
problem81 1.27 185431 5 -1045179864 6.9533e-310 0.00
problem82 0.04 200822 5 -1045179864 6.9533e-310 0.00
problem83 0.17 198402 5 -1045179864 6.9533e-310 0.00
problem84 0.09 181441 5 -1045179864 6.9533e-310 0.00
problem85 0.02 193922 5 -1045179864 6.9533e-310 0.00
problem86 0.04 190020 5 -1045179864 6.9533e-310 0.00
problem87 0.05 214432 5 -1045179864 6.9533e-310 0.00
problem88 0.78 214219 5 -1045179864 6.9533e-310 0.00
problem89 0.17 172033 5 -1045179864 6.9533e-310 0.00
problem90 1.13 185665 5 -1045179864 6.9533e-310 0.00
problem91 0.3 242869 5 -1045179864 6.9533e-310 0.00
problem92 0.28 210507 5 -1045179864 6.9533e-310 0.00
problem93 0.04 166133 5 -1045179864 6.9533e-310 0.00
problem94 0.38 200774 5 -1045179864 6.9533e-310 0.00
problem95 0.01 200184 5 -1045179864 6.9533e-310 0.00
problem96 0.22 189177 5 -1045179864 6.9533e-310 0.00
problem97 0.64 178128 5 -1045179864 6.9533e-310 0.00
problem98 0.02 194534 5 -1045179864 6.9533e-310 0.00
problem99 0.01 220521 5 -1045179864 6.9533e-310 0.00
