problem0 2.74 5769735560912 1
problem1 0.2 4951624861334 1
problem2 0.03 5759774662413 1
problem3 0.66 5519126249423 1
problem4 3.82 5591471151762 1
problem5 1 5873284417712 1
problem6 11.17 4989548489375 1
problem7 0.14 5319960490361 1
problem8 0.72 5576060373620 1
problem9 0.19 5522043896938 1
problem10 0.06 5626837346129 1
problem11 0.32 4945744598467 1
problem12 3.41 5504288632950 1
problem13 4.44 5559596700612 1
problem14 1.19 5126633154339 1
problem15 0.72 6100528649901 1
problem16 0.61 5839407296152 1
problem17 0.06 6323451048126 1
problem18 0.29 5361727495189 1
problem19 0.16 5832091958839 1
problem20 0.71 6005283948250 1
problem21 0.33 5929417733464 1
problem22 4.77 5641671268391 1
problem23 1.58 5127911831137 1
problem24 2.45 6096569162556 1
problem25 0.84 5879255767954 1
problem26 2.44 6227847990617 1
problem27 0.53 5100063050027 1
problem28 0.27 6011180346814 1
problem29 0.44 6041287572844 1
problem30 0.3 5579557883307 1
problem31 0.1 5751336083605 1
problem32 5.12 5221529854048 1
problem33 1.38 5585678046438 1
problem34 0.2 5357167315741 1
problem35 1.06 6108339783327 1
problem36 1.43 5327719593250 1
problem37 0.03 6268114926592 1
problem38 3.5 5816999073711 1
problem39 0.02 5523650979145 1
problem40 0.08 5613632032260 1
problem41 0.38 5099578485946 1
problem42 0.06 5590732023137 1
problem43 0.08 5496491198099 1
problem44 1.23 5784711933190 1
problem45 0.01 5597676962068 1
problem46 8.09 6197504509491 1
problem47 0 6003975902333 1
problem48 2.05 6066492781608 1
problem49 0.03 5697345024782 1
problem50 1.39 6145505668133 1
problem51 0.07 5086583691527 1
problem52 4.51 5761265608042 1
problem53 3.65 6073099590824 1
problem54 0.21 5605345618231 1
problem55 0.24 5434835336753 1
problem56 0.85 4865518084812 1
problem57 0.69 5271075682274 1
problem58 0.36 5585349521257 1
problem59 0.83 5467426819579 1
problem60 0.21 5594597715534 1
problem61 0.63 5496936963772 1
problem62 0.02 5738688549051 1
problem63 0.96 5479540683365 1
problem64 18.03 5524808919536 1
problem65 0.94 5736814136118 1
problem66 0.16 5555567935277 1
problem67 2.42 5094228194671 1
problem68 0.56 5356822402994 1
problem69 1.84 5564518324048 1
problem70 8.02 5323337895103 1
problem71 0.12 5343776735513 1
problem72 0.02 5891940718996 1
problem73 0.13 5663400181002 1
problem74 11.46 5802025544561 1
problem75 0.03 5509247868771 1
problem76 7.75 5896048423318 1
problem77 2.46 5967381534308 1
problem78 0.03 5318509686083 1
problem79 0.12 5396179417677 1
problem80 0.83 5774923514296 1
problem81 0.08 5218883738974 1
problem82 17.67 5047660332085 1
problem83 0.2 5696856546263 1
problem84 4.82 5896176225274 1
problem85 1.72 5172830612472 1
problem86 0.13 5533877748295 1
problem87 2.8 5431612911105 1
problem88 0.07 5710926246492 1
problem89 1.27 5314035399730 1
problem90 0.18 6081420089721 1
problem91 0.05 5694919408331 1
problem92 2.85 5027092887262 1
problem93 2.47 5495910426636 1
problem94 0.47 4825535781835 1
problem95 0.58 5673159519285 1
problem96 0.04 5367915592576 1
problem97 0.35 5912230652294 1
problem98 2.94 5272707939133 1
problem99 0.19 5499566869567 1
