problem0 0.22 21953151734 1
problem1 0.18 20080663023 1
problem2 0.41 22687259319 1
problem3 0.53 19802205604 1
problem4 0.09 23732989680 1
problem5 0.08 21570625585 1
problem6 0.07 22923495393 1
problem7 0.04 19710006998 1
problem8 0.08 22452325322 1
problem9 0.52 22751063251 1
problem10 0.05 23454912235 1
problem11 1.81 19444122472 1
problem12 0 19271443332 1
problem13 0.71 23089041877 1
problem14 0.1 22480923093 1
problem15 0.59 22472750426 1
problem16 0.86 21442584606 1
problem17 0.58 25921749303 1
problem18 0.02 20565275295 1
problem19 0.48 21454474924 1
problem20 0.33 22304820120 1
problem21 0.38 21383711993 1
problem22 0.44 21370708809 1
problem23 1.98 21194871134 1
