problem0 0 3023890858 1
problem1 0 2766705034 1
problem2 0 3019173226 1
problem3 0 2915925322 1
problem4 0 2922234154 1
problem5 0 2720086282 1
problem6 0 2785240298 1
problem7 0 2944386250 1
problem8 0 2811353258 1
problem9 0 3028623498 1
problem10 0 2817858666 1
problem11 0 2899135562 1
problem12 0 2705928234 1
problem13 0 3035908106 1
problem14 0 2930381802 1
problem15 0 2727744458 1
problem16 0 3023292330 1
problem17 0 2957946762 1
problem18 0 2936163178 1
problem19 0 2914655050 1
problem20 0 2704383786 1
problem21 0 3144963850 1
problem22 0 2916991722 1
problem23 0 2937676490 1
problem24 0 2703406762 1
problem25 0 3007659658 1
problem26 0 2686220906 1
problem27 0 2945706570 1
problem28 0 3236367914 1
problem29 0 3030476298 1
problem30 0 2996728298 1
problem31 0 3020534218 1
problem32 0 3109987754 1
problem33 0 3026767242 1
problem34 0 2655234410 1
problem35 0 2841295178 1
problem36 0 3077143850 1
problem37 0 3078321418 1
problem38 0 2884378858 1
problem39 0 2825322698 1
problem40 0 2884080810 1
problem41 0 3065601162 1
problem42 0 3094861930 1
problem43 0 2651752522 1
problem44 0 2948131882 1
problem45 0 2936177674 1
problem46 0 2965819370 1
problem47 0 2939244490 1
problem48 0 3015541674 1
problem49 0 2771839882 1
problem50 0 3384346474 1
problem51 0 2762954570 1
problem52 0 3033881386 1
problem53 0 2855703306 1
problem54 0 2955837162 1
problem55 0 2808651466 1
problem56 0 3017831082 1
problem57 0.01 2934012554 1
problem58 0 2902931050 1
problem59 0 2621253194 1
problem60 0 2780744234 1
problem61 0 3021447690 1
problem62 0 2971872746 1
problem63 0 3087855050 1
problem64 0 3008389546 1
problem65 0 2797144458 1
problem66 0 3177342314 1
problem67 0 2948068682 1
problem68 0 2910140714 1
problem69 0 3148198154 1
problem70 0 2930040042 1
problem71 0 3088989386 1
problem72 0 2903330986 1
problem73 0 2948438154 1
problem74 0 2714408042 1
problem75 0 2988426314 1
problem76 0 3069749290 1
problem77 0 3017850890 1
problem78 0 2947779562 1
problem79 0 2795277258 1
problem80 0 3155640234 1
problem81 0 3035572106 1
problem82 0 3175072618 1
problem83 0 3128202058 1
problem84 0 2840139562 1
problem85 0 2814955274 1
problem86 0 3142531818 1
problem87 0 3129465546 1
problem88 0 3278778026 1
problem89 0 3108877962 1
problem90 0 2999054954 1
problem91 0 2880856650 1
problem92 0 2674296362 1
problem93 0 2992496138 1
problem94 0 2759322090 1
problem95 0 3269470666 1
problem96 0 3054640554 1
problem97 0 2816034186 1
problem98 0 2840666474 1
problem99 0 2967810378 1
