problem0 0.05 3571977704 0
problem1 0.05 4028353825 0
problem2 0.03 3615147235 0
problem3 0.05 3994856722 0
problem4 0.06 3624517063 0
problem5 0.06 3262295810 0
problem6 0.07 3832068289 0
problem7 0.05 4296381171 0
problem8 0.06 3430118823 0
problem9 0.05 4018477283 0
problem10 0.04 3775771800 0
problem11 0.09 4526244049 0
problem12 0.06 3542300042 0
problem13 0.08 3681618645 0
problem14 0.04 4071078009 0
problem15 0.05 4220843712 0
problem16 0.09 3717660006 0
problem17 0.08 3537142951 0
problem18 0.08 4009018454 0
problem19 0.06 3327620252 0
problem20 0.04 3721186632 0
problem21 0.05 3939337882 0
problem22 0.03 2889013308 0
problem23 0.02 3547232895 0
problem24 0.12 3594691878 0
problem25 0.09 4042920086 0
problem26 0.04 3240096794 0
problem27 0.09 4038592591 0
problem28 0.04 3119940871 0
problem29 0.03 3682083394 0
problem30 0.06 4646901753 0
problem31 0.07 3566345779 0
problem32 0.08 4234570989 0
problem33 0.04 4175805482 0
problem34 0.07 4286530544 0
problem35 0.07 3453664279 0
problem36 0.06 4052769993 0
problem37 0.07 3496009219 0
problem38 0.08 4444747712 0
problem39 0.08 4092584431 0
problem40 0.08 4528952496 0
problem41 0.06 3783755754 0
problem42 0.03 3657610134 0
problem43 0.03 2796523472 0
problem44 0.05 3330954375 0
problem45 0.06 3833051597 0
problem46 0.04 3690788737 0
problem47 0.07 4269262261 0
problem48 0.03 3772144752 0
problem49 0.04 3922686896 0
problem50 0.05 3365552988 0
problem51 0.04 3693511574 0
problem52 0.04 3805572185 0
problem53 0.04 3668751753 0
problem54 0.07 3390609209 0
problem55 0.06 4179216751 0
problem56 0.05 3271722022 0
problem57 0.05 3903684445 1
problem58 0.07 3677745946 0
problem59 0.06 4147091287 0
problem60 0.04 3630081041 0
problem61 0.03 4528787798 0
problem62 0.05 3878704887 0
problem63 0.05 3502632238 0
problem64 0.06 3127299069 0
problem65 0.04 3977358122 0
problem66 0.03 3116745433 0
problem67 0.1 3904555791 0
problem68 0.03 3776510931 0
problem69 0.05 4046523647 0
problem70 0.08 3744741050 0
problem71 0.09 4469829881 0
problem72 0.08 4914885548 0
problem73 0.04 4260099811 0
problem74 0.05 3560551067 0
problem75 0.07 3921157844 0
problem76 0.05 3472061319 0
problem77 0.03 2942331080 0
problem78 0.06 3860084344 0
problem79 0.05 3808203961 0
problem80 0.05 4707564402 0
problem81 0.03 3928777385 0
problem82 0.04 3800154723 0
problem83 0.06 3675755151 0
problem84 0.06 4762504007 0
problem85 0.07 3681412222 0
problem86 0.02 3619706445 0
problem87 0.06 4553382003 0
problem88 0.03 3544474423 0
problem89 0.05 4173524581 0
problem90 0.03 3566072344 0
problem91 0.04 3318294101 0
problem92 0.06 3922248454 0
problem93 0.05 4299784269 0
problem94 0.05 4163409404 0
problem95 0.09 3432758318 0
problem96 0.1 3941149429 0
problem97 0.06 4708080164 0
problem98 0.07 3259908569 0
problem99 0.05 3669809679 0
