problem0 0.06 3626469693 1 2792.00
problem1 0.07 3256624907 1 2848.00
problem2 0.10 2893651721 1 2848.00
problem3 0.07 3505903799 1 2848.00
problem4 0.03 3315820437 1 2848.00
problem5 0.05 3245108003 1 2848.00
problem6 0.07 3492310753 1 2848.00
problem7 0.07 3305065039 1 2848.00
problem8 0.04 3640328429 1 2848.00
problem9 0.02 4029850171 1 2848.00
problem10 0.14 2865244601 1 2848.00
problem11 0.04 3484507879 1 2848.00
problem12 0.08 3053696325 1 2848.00
problem13 0.08 3057331283 1 2848.00
problem14 0.08 3350474641 1 2848.00
problem15 0.08 3478156927 1 2848.00
problem16 0.05 3271484573 1 2848.00
problem17 0.08 2996726123 1 2848.00
problem18 0.09 3514032233 1 2848.00
problem19 0.07 3291148567 1 2848.00
problem20 0.04 3323588341 1 2848.00
problem21 0.13 3175135619 1 2848.00
problem22 0.05 3074071617 1 2848.00
problem23 0.05 3256561327 1 2848.00
problem24 0.17 3001955405 1 2848.00
problem25 0.08 3763502235 1 2848.00
problem26 0.08 2858926873 1 2848.00
problem27 0.06 3255275335 1 2848.00
problem28 0.04 3758167205 1 2848.00
problem29 0.05 3385856691 1 2848.00
problem30 0.07 3288773873 1 2848.00
problem31 0.04 3546444511 1 2848.00
problem32 0.01 3561222141 1 2848.00
problem33 0.03 3842104267 1 2848.00
problem34 0.03 3796816329 1 2848.00
problem35 0.07 3450485111 1 2848.00
problem36 0.04 3700696661 1 2848.00
problem37 0.07 3288086499 1 2848.00
problem38 0.07 3055778209 1 2848.00
problem39 0.16 3119072015 1 2848.00
problem40 0.08 3241875373 1 2848.00
problem41 0.08 3642722043 1 2848.00
problem42 0.09 2828274809 1 2848.00
problem43 0.05 3426086823 1 2848.00
problem44 0.11 3278775301 1 2848.00
problem45 0.06 3633850643 1 2848.00
problem46 0.02 3764120145 1 2848.00
problem47 0.08 2905775935 1 2848.00
problem48 0.09 3134106461 1 2848.00
problem49 0.06 2984148523 1 2848.00
problem50 0.03 3479335721 1 2848.00
problem51 0.08 3415060951 1 2848.00
problem52 0.07 3538554293 1 2848.00
problem53 0.08 3107382851 1 2848.00
problem54 0.08 2822440705 1 2848.00
problem55 0.05 3984689007 1 2848.00
problem56 0.08 3233393421 1 2848.00
problem57 0.04 3509698907 1 2848.00
problem58 0.05 3282372057 1 2848.00
problem59 0.09 2991882247 1 2848.00
problem60 0.04 3357729637 1 2848.00
problem61 0.05 3962269555 1 2848.00
problem62 0.10 3322662833 1 2848.00
problem63 0.03 3419995039 1 2848.00
problem64 0.06 3514242749 1 2848.00
problem65 0.08 2915848331 1 2848.00
problem66 0.15 3171337353 1 2848.00
problem67 0.05 3354221111 1 2848.00
problem68 0.07 3069420821 1 2848.00
problem69 0.03 3699950755 1 2848.00
problem70 0.05 3571008609 1 2848.00
problem71 0.08 2986081231 1 2848.00
problem72 0.11 3393318509 1 2848.00
problem73 0.07 3542166459 1 2848.00
problem74 0.08 3186798393 1 2848.00
problem75 0.14 3296411751 1 2848.00
problem76 0.03 3388428997 1 2848.00
problem77 0.06 3525436883 1 2848.00
problem78 0.10 3127797009 1 2848.00
problem79 0.06 3261958143 1 2848.00
problem80 0.07 3474272797 1 2848.00
problem81 0.13 2976076523 1 2848.00
problem82 0.06 3683894761 1 2848.00
problem83 0.04 3772854935 1 2848.00
problem84 0.05 3532188789 1 2848.00
problem85 0.09 3247035139 1 2848.00
problem86 0.07 3612750273 1 2848.00
problem87 0.03 3899695151 1 2848.00
problem88 0.07 3131826637 1 2848.00
problem89 0.04 2911225371 1 2848.00
problem90 0.06 3050637465 1 2848.00
problem91 0.08 3200397511 1 2848.00
problem92 0.07 3099816485 1 2848.00
problem93 0.03 3558050867 1 2848.00
problem94 0.03 4007373425 1 2848.00
problem95 0.05 3490202719 1 2848.00
problem96 0.03 2927689085 1 2848.00
problem97 0.09 3241903435 1 2848.00
problem98 0.09 3076618057 1 2848.00
problem99 0.08 3498130167 1 2848.00
