problem0 1.65 413548 20001 2 1.04 156648.00
problem1 1.22 518186 28371 2 1.03 71820.00
problem2 1.95 326217 28372 2 1.54 119080.00
problem3 1.68 442397 28373 2 1.29 81620.00
problem4 1.64 423590 46287 2 1.55 30572.00
problem5 2.29 389861 46288 2 1.9 96032.00
problem6 3.56 429188 46289 2 2.82 161328.00
problem7 2.24 439085 46290 2 1.82 86628.00
problem8 3.22 426977 46291 2 2.84 86636.00
problem9 0.76 439199 17763 1 0.68 26068.00
problem10 3.32 358932 46292 2 2.55 197372.00
problem11 0.59 446865 10280 1 0.42 197376.00
problem12 4.67 352711 138877 3 3.68 232432.00
problem13 2.41 420441 347 1 2.23 74096.00
problem14 2.01 437667 323 1 2.01 24940.00
problem15 1.76 394743 4531 1 1.75 24784.00
problem16 1.62 457472 170 1 1.61 24584.00
problem17 1.85 415508 326 1 1.85 24772.00
problem18 2.62 419635 630 1 2.62 23584.00
problem19 1.53 452017 299 1 1.52 24488.00
problem20 2.36 408123 606 1 2.35 25092.00
problem21 1.08 353401 1461 1 1.08 46928.00
problem22 1.05 364909 1109 1 1.03 47140.00
problem23 2.76 438465 383 1 2.74 54632.00
problem24 1.94 395808 1189 1 1.93 24884.00
problem25 1.99 425268 1045 1 1.99 24904.00
problem26 2.04 399101 160 1 2.04 24992.00
problem27 2.84 436007 558 1 2.84 54640.00
problem28 1.71 371376 2021 1 1.7 24708.00
problem29 2.92 429039 580 1 2.91 54644.00
problem30 1.71 407523 742 1 1.71 24748.00
problem31 2.47 373644 2080 1 2.46 54648.00
problem32 1.88 438592 144 1 1.87 24836.00
problem33 2.39 446633 271 1 2.39 25056.00
problem34 0.64 384712 1168 1 0.63 45720.00
problem35 2 420679 1185 1 1.99 24896.00
problem36 2.25 460923 522 1 2.25 25052.00
problem37 2.61 407055 722 1 2.61 55800.00
problem38 2.5 325208 5351 1 2.48 54644.00
problem39 1.72 440577 485 1 1.7 24708.00
problem40 1.4 411061 1037 1 1.39 47460.00
problem41 2.18 435913 1019 1 2.18 25012.00
problem42 3.26 442003 423 1 3.26 54600.00
problem43 1.2 362343 2540 1 1.19 23968.00
problem44 1.67 392773 1187 1 1.67 24720.00
problem45 1.69 418521 610 1 1.69 24696.00
problem46 1.79 380109 570 1 1.78 24744.00
problem47 1.7 442657 407 1 1.7 24700.00
problem48 2.23 400597 263 1 2.22 25080.00
problem49 1.9 393108 1257 1 1.89 24868.00
problem50 2.17 418056 203 1 2.17 25028.00
problem51 2.57 392071 217 1 2.57 23600.00
problem52 2.38 472763 542 1 2.38 25084.00
problem53 2.71 397903 1509 1 2.69 54632.00
problem54 2.06 506691 162 1 2.06 25020.00
problem55 1.24 401729 1517 1 1.24 47296.00
problem56 1.72 472736 299 1 1.72 24716.00
problem57 1.6 471135 327 1 1.58 24636.00
problem58 1.92 443944 546 1 1.92 24896.00
problem59 1.88 400636 265 1 1.88 24892.00
problem60 1.93 373211 1101 1 1.93 24932.00
problem61 1.9 432580 423 1 1.9 24868.00
problem62 2.94 377272 1409 1 2.93 54608.00
problem63 2.3 405175 364 1 2.3 25048.00
problem64 2.64 452715 455 1 2.64 23604.00
problem65 2.16 429695 363 1 2.16 25032.00
problem66 1.75 388595 581 1 1.74 24748.00
problem67 1.87 431729 1012 1 1.86 24860.00
problem68 2.01 465488 401 1 2 24932.00
problem69 2.08 457017 343 1 2.08 24980.00
problem70 2.1 363224 1205 1 2.08 24980.00
problem71 1.92 409303 1604 1 1.92 24924.00
problem72 2.31 406069 1585 1 2.31 25124.00
problem73 2.07 465396 489 1 2.06 24996.00
problem74 1.67 426771 407 1 1.67 24716.00
problem75 1.9 376124 1253 1 1.9 24888.00
problem76 1.56 400069 554 1 1.56 24544.00
problem77 1.59 449369 441 1 1.58 24588.00
problem78 2.15 442701 846 1 2.15 25004.00
problem79 2.18 392268 1329 1 2.17 24968.00
problem80 3.06 376491 598 1 3.06 54592.00
problem81 1.06 425321 1077 1 1.05 49516.00
problem82 1.79 449245 1037 1 1.78 24824.00
problem83 1.69 386737 1294 1 1.68 24696.00
problem84 1.35 417253 305 1 1.34 47396.00
problem85 2.81 409636 1149 1 2.81 54624.00
problem86 2.23 484632 192 1 2.22 24960.00
problem87 2.2 332225 8394 1 2.18 59036.00
problem88 1.47 407669 728 1 1.46 24432.00
problem89 1.79 418697 582 1 1.78 24872.00
problem90 1.37 412328 291 1 1.36 24268.00
problem91 1.61 441724 152 1 1.6 24656.00
problem92 2.08 385968 303 1 2.07 24948.00
problem93 2.25 468889 255 1 2.25 25056.00
problem94 1.23 423480 550 1 1.23 24032.00
problem95 1.31 447628 351 1 1.3 24120.00
problem96 1.7 346688 5471 1 1.69 24772.00
problem97 2.18 445524 430 1 2.18 25012.00
problem98 1.76 359709 2148 1 1.75 24772.00
problem99 1.88 366321 1241 1 1.88 24852.00
