problem0 0.01 1395638549 1
problem1 0.01 1378795171 1
problem2 0 1343587169 1
problem3 0 1368725199 1
problem4 0.01 1382018157 1
problem5 0.03 1527563195 1
problem6 0 1442613305 1
problem7 0.02 1379610983 1
problem8 0 1242800837 1
problem9 0.02 1439599571 1
problem10 0 1339312145 1
problem11 0.03 1479130879 1
problem12 0.02 1342194717 1
problem13 0.04 1355839211 1
problem14 0.02 1463296745 1
problem15 0 1284710295 1
problem16 0.01 1325871221 1
problem17 0.02 1350231299 1
problem18 0.07 1336899777 1
problem19 0 1433776943 1
problem20 0.05 1555417037 1
problem21 0.03 1388459547 1
problem22 0.09 1311615385 1
problem23 0.02 1360779719 1
problem24 0.04 1522887205 1
problem25 0.02 1386662451 1
problem26 0.03 1385305457 1
problem27 0.03 1402729311 1
problem28 0.02 1285257085 1
problem29 0.05 1337262411 1
problem30 0.01 1495800905 1
problem31 0.04 1482186743 1
problem32 0 1254707157 1
problem33 0.01 1300577123 1
problem34 0 1210523169 1
problem35 0.02 1367310223 1
problem36 0.03 1552700205 1
problem37 0.01 1429985403 1
problem38 0.01 1328708345 1
problem39 0.01 1233891879 1
problem40 0.04 1397612933 1
problem41 0.02 1359558803 1
problem42 0.03 1255772881 1
problem43 0 1388533695 1
problem44 0.04 1445157597 1
problem45 0 1437186987 1
problem46 0.01 1477952937 1
problem47 0.02 1320734807 1
problem48 0.02 1330519861 1
problem49 0 1374011843 1
problem50 0 1339323265 1
problem51 0.03 1372224495 1
problem52 0.03 1404800653 1
problem53 0.09 1511107291 1
problem54 0 1248001113 1
problem55 0.04 1352841863 1
problem56 0.03 1451559141 1
problem57 0.06 1435358963 1
problem58 0.04 1426243633 1
problem59 0.01 1371008031 1
problem60 0 1282403901 1
problem61 0.05 1179035147 1
problem62 0.02 1331633929 1
problem63 0 1422684343 1
problem64 0.05 1466801813 1
problem65 0 1446279203 1
problem66 0.04 1494186209 1
problem67 0.05 1349429327 1
problem68 0.05 1411086829 1
problem69 0.03 1255910715 1
problem70 0.01 1494691257 1
problem71 0.01 1266217703 1
problem72 0.04 1329782853 1
problem73 0.02 1355588947 1
problem74 0.02 1466277265 1
problem75 0 1284616319 1
problem76 0 1331245469 1
problem77 0.01 1461960811 1
problem78 0.03 1448487017 1
problem79 0.02 1571504407 1
problem80 0.01 1241501173 1
problem81 0 1460231811 1
problem82 0.02 1445998145 1
problem83 0 1434715311 1
problem84 0.04 1468273997 1
problem85 0.02 1395777435 1
problem86 0 1185353497 1
problem87 0 1395022663 1
problem88 0.07 1348429733 1
problem89 0.05 1365091251 1
problem90 0.05 1448749809 1
problem91 0.04 1399366879 1
problem92 0.01 1354179837 1
problem93 0.1 1406733003 1
problem94 0 1347740105 1
problem95 0 1282228599 1
problem96 0.06 1339862357 1
problem97 0.04 1560048867 1
problem98 0.03 1368298401 1
problem99 0.04 1260556559 1
