problem0 3.68 405244221 1 51356.00
problem1 1.16 421275403 1 53344.00
problem2 2.10 444178185 1 55944.00
problem3 6.72 452450487 1 57164.00
problem4 2.07 413362069 1 52328.00
problem5 2.06 409758499 1 51912.00
problem6 6.41 388525793 1 49328.00
problem7 5.98 352275023 1 44952.00
problem8 1.96 385548525 1 48972.00
problem9 10.32 422748731 1 53532.00
problem10 6.62 449325497 1 56748.00
problem11 1.89 330391271 1 42284.00
problem12 10.89 453227845 1 57232.00
problem13 6.35 372976723 1 47460.00
problem14 3.83 464793489 1 58604.00
problem15 15.58 441480831 1 55856.00
problem16 1.10 402580637 1 51092.00
problem17 3.71 396257643 1 50336.00
problem18 10.94 460578921 1 57896.00
problem19 6.36 422244631 1 53336.00
problem20 6.42 404352757 1 51044.00
problem21 3.59 373340547 1 47500.00
problem22 1.96 372939841 1 47200.00
problem23 9.52 387657391 1 49260.00
problem24 5.93 351155277 1 44800.00
problem25 5.88 391281819 1 49684.00
problem26 6.35 409453337 1 51848.00
problem27 6.21 386371399 1 48996.00
problem28 9.95 402724005 1 50932.00
problem29 6.45 416289459 1 52752.00
problem30 6.60 436647153 1 55268.00
problem31 2.04 358773471 1 45652.00
problem32 3.86 457437181 1 57696.00
problem33 2.06 369220555 1 46864.00
problem34 6.67 424595913 1 53604.00
problem35 6.69 413809015 1 52476.00
problem36 6.55 412362325 1 52140.00
problem37 3.87 419182563 1 53136.00
problem38 11.11 455309729 1 57440.00
problem39 6.65 434717455 1 55032.00
problem40 10.52 406525869 1 51520.00
problem41 6.81 455051003 1 57316.00
problem42 10.57 395578489 1 50076.00
problem43 10.39 406187943 1 51416.00
problem44 2.10 393094149 1 49940.00
problem45 6.71 429402387 1 54224.00
problem46 6.63 425454161 1 53840.00
problem47 3.87 456302399 1 57596.00
problem48 1.20 449751901 1 56680.00
problem49 0.67 383680043 1 48728.00
problem50 14.97 409105193 1 51860.00
problem51 6.68 428716503 1 54184.00
problem52 6.61 434769333 1 55008.00
problem53 10.61 423028291 1 53468.00
problem54 3.67 372967169 1 47436.00
problem55 6.53 411141999 1 51988.00
problem56 11.23 465152781 1 58620.00
problem57 2.10 439468379 1 55584.00
problem58 3.68 396690905 1 50392.00
problem59 11.15 441745415 1 55820.00
problem60 10.26 438494053 1 55484.00
problem61 6.40 388722547 1 49388.00
problem62 5.94 369872817 1 47060.00
problem63 6.26 383318943 1 48712.00
problem64 1.16 393680573 1 49964.00
problem65 1.17 416043147 1 52688.00
problem66 2.13 453428361 1 57208.00
problem67 6.13 384653879 1 48884.00
problem68 6.58 418620693 1 52892.00
problem69 6.84 461948067 1 58256.00
problem70 2.09 400114785 1 50720.00
problem71 6.47 419167183 1 53068.00
problem72 6.26 390196845 1 49584.00
problem73 1.14 388049851 1 49272.00
problem74 10.82 452112185 1 57116.00
problem75 11.15 461062247 1 58208.00
problem76 6.23 402084549 1 51028.00
problem77 2.13 421651923 1 53408.00
problem78 6.23 376333585 1 47904.00
problem79 10.01 409831423 1 51968.00
problem80 3.61 370487837 1 47060.00
problem81 1.19 425939691 1 53900.00
problem82 3.89 445892073 1 56388.00
problem83 6.96 484520599 1 60904.00
problem84 6.57 428403829 1 54052.00
problem85 3.59 378131203 1 47972.00
problem86 3.85 441856449 1 55784.00
problem87 1.17 426811439 1 53792.00
problem88 3.60 380363213 1 48356.00
problem89 6.41 394642971 1 49860.00
problem90 3.84 433391769 1 54852.00
problem91 11.37 465711303 1 58776.00
problem92 10.60 415461925 1 52656.00
problem93 3.79 420711475 1 53300.00
problem94 6.58 450603633 1 56944.00
problem95 3.82 403194975 1 50996.00
problem96 3.65 394329469 1 50104.00
problem97 0.37 372999499 1 47328.00
problem98 2.11 425817929 1 53772.00
problem99 3.75 411122423 1 52064.00
