problem0 40.35 1220593219654827 1 12168.00
problem1 47.90 1191131932348003 1 17452.00
problem2 97.40 1172052160783259 1 17452.00
problem3 44.49 1102296119413843 1 17452.00
problem4 38.96 1143497348300939 1 17452.00
problem5 94.35 1180017691883587 1 17452.00
problem6 26.90 1286193120570235 1 17452.00
problem7 56.33 1236856586949171 1 17452.00
problem8 43.64 1177204818371691 1 17452.00
problem9 68.32 1192103420975651 1 17452.00
problem10 54.26 1254687986314075 1 17452.00
problem11 50.15 1224337784819731 1 17452.00
problem12 35.07 1239454320345163 1 17452.00
problem13 64.76 1264927565673475 1 17452.00
problem14 46.80 1211879134307131 1 17452.00
problem15 74.11 1138397051454963 1 17452.00
problem16 88.27 1156643131282475 1 17452.00
problem17 55.51 1234472794867171 1 17452.00
problem18 46.23 1168816997274395 1 17452.00
problem19 81.43 1067189714547667 1 17452.00
problem20 38.29 1202518556090379 1 17452.00
problem21 108.35 1225470339993539 1 17452.00
problem22 61.23 1191157072902907 1 17452.00
problem23 56.25 1240405096864179 1 17452.00
problem24 33.90 1167062840615915 1 17452.00
problem25 43.18 1291472608825763 1 17452.00
problem26 71.43 1161682055240411 1 17452.00
problem27 77.71 1217010354288531 1 17452.00
problem28 42.74 1260703509667787 1 17452.00
problem29 62.42 1152473096489859 1 17452.00
problem30 42.51 1215965600461499 1 17452.00
problem31 83.17 1192543494573427 1 17452.00
problem32 37.09 1227659781559211 1 17452.00
problem33 60.21 1188958849383779 1 17452.00
problem34 107.44 1054575727215259 1 17452.00
problem35 59.83 1131263158704979 1 17452.00
problem36 78.13 1184663244799883 1 17452.00
problem37 92.08 1101390505682755 1 17452.00
problem38 65.76 1225843572116091 1 17452.00
problem39 58.22 1204208978420019 1 17452.00
problem40 71.41 1016260285686635 1 17452.00
problem41 102.82 1088354237434147 1 17452.00
problem42 77.46 1204895780063835 1 17452.00
problem43 33.75 1279173672935187 1 17452.00
problem44 73.27 1139247010643787 1 17452.00
problem45 69.66 1037586943615747 1 17452.00
problem46 64.89 1057335319282235 1 17452.00
problem47 60.87 1289975210251507 1 17452.00
problem48 40.56 1010047314907947 1 17452.00
problem49 43.81 1281297251874019 1 17452.00
problem50 49.07 1231794024051227 1 17452.00
problem51 26.84 1356930102936275 1 17452.00
problem52 100.13 1107887724781323 1 17452.00
problem53 36.62 1254408608448195 1 17452.00
problem54 57.59 1147660911565307 1 17452.00
problem55 87.80 1163747605883059 1 17452.00
problem56 24.29 1213958084076267 1 17452.00
problem57 111.20 1190443757994147 1 17452.00
problem58 25.03 1220124365388251 1 17452.00
problem59 49.04 1227473699456659 1 10824.00
problem60 131.96 1071255432863435 1 17776.00
problem61 62.49 1223352055839363 1 17776.00
problem62 65.43 1142717256126907 1 17776.00
problem63 62.26 1274211230686323 1 17776.00
problem64 88.36 1065559125316267 1 17776.00
problem65 68.22 1305964682030179 1 17776.00
problem66 57.27 1215749789213083 1 17776.00
problem67 65.51 1242363607198291 1 17776.00
problem68 53.23 1166119558954635 1 17776.00
problem69 93.03 1098453803783747 1 17776.00
problem70 26.19 1264853382769019 1 17776.00
problem71 27.60 1252028323393587 1 17776.00
problem72 118.52 1114533119582827 1 17776.00
problem73 72.11 1091234058287139 1 17776.00
problem74 31.86 1299192458783067 1 17776.00
problem75 55.51 1136475621125651 1 17776.00
problem76 79.38 1155916876889675 1 17776.00
problem77 112.27 1089826402816515 1 17776.00
problem78 33.03 1162764101411131 1 17776.00
problem79 39.51 1116810005619699 1 17776.00
problem80 83.44 1058384193770027 1 17776.00
problem81 66.80 1231588005979107 1 17776.00
problem82 46.67 1217280140300571 1 17776.00
problem83 87.96 1084340802982355 1 17776.00
problem84 68.70 1218534411705867 1 17776.00
problem85 55.66 1134062645718467 1 17776.00
problem86 30.67 1204498496485627 1 17776.00
problem87 11.73 1338396875241395 1 17776.00
problem88 79.67 1136051729048043 1 17776.00
problem89 32.76 1218955381043107 1 17776.00
problem90 82.69 1156085697370331 1 17776.00
problem91 38.40 1223764888688019 1 17776.00
problem92 35.38 1306926248222155 1 17776.00
problem93 39.36 1248536009697667 1 17776.00
problem94 77.35 1111849305370811 1 17776.00
problem95 66.16 1083945413946227 1 17776.00
problem96 77.34 1144380029948331 1 17776.00
problem97 124.55 1103637497224035 1 17776.00
problem98 35.56 1262622353047707 1 17776.00
problem99 133.75 1054103370168659 1 17776.00
