problem0 0 25234939993 0
problem1 0 22141931618 0
problem2 0.01 28293628200 0
problem3 0 27497631309 0
problem4 0.01 24932561590 0
problem5 0 25639676360 0
problem6 0.01 29120606682 0
problem7 0 25008835972 0
problem8 0.01 24174657396 0
problem9 0 24331881077 0
problem10 0.01 26110402507 0
problem11 0.01 26580209281 0
problem12 0 20291555030 0
problem13 0.01 25011218334 0
problem14 0.01 24780624535 0
problem15 0 21421903541 0
problem16 0.01 22693174961 0
problem17 0 27222607384 0
problem18 0.01 25548604513 0
problem19 0.01 23708568742 0
problem20 0 29246715202 0
problem21 0.01 27558177287 0
problem22 0 23731401849 0
problem23 0 23187230241 0
problem24 0.01 24129158588 0
problem25 0 21804746634 0
problem26 0.01 22430702923 0
problem27 0 23831989416 0
problem28 0 25071933628 0
problem29 0 17828734300 0
problem30 0.01 28237863005 0
problem31 0.01 26664160736 0
problem32 0 23231339668 0
problem33 0.01 26986218291 0
problem34 0 19021626440 0
problem35 0.01 29752265693 0
problem36 0 23990775313 0
problem37 0 25468233294 0
problem38 0.02 29827510429 0
problem39 0.01 26064554779 0
problem40 0 27633352209 0
problem41 0.01 18725275079 0
problem42 0 19733781345 0
problem43 0 24943839829 0
problem44 0.01 22899460852 0
problem45 0 26434921114 0
problem46 0.01 22175337611 0
problem47 0 24190209583 0
problem48 0.01 25641476438 0
problem49 0 26667256313 0
problem50 0 26832092252 0
problem51 0.01 27240893966 0
problem52 0.01 25136655668 0
problem53 0.01 20309368838 0
problem54 0 26873621100 0
problem55 0.01 28137883552 0
problem56 0 22741860266 0
problem57 0.01 28917891988 0
problem58 0 23254131005 0
problem59 0.01 28707801446 0
problem60 0.01 21156120990 0
problem61 0 28146983896 0
problem62 0.01 20417481027 0
problem63 0 25676991934 0
problem64 0.01 28715621689 0
problem65 0 27205238340 0
problem66 0.01 26297204272 0
problem67 0 19261458568 0
problem68 0.01 22886460431 0
problem69 0 25906012629 0
problem70 0.01 26546679771 0
problem71 0 21756807778 0
problem72 0 27574073577 0
problem73 0.01 18962383381 0
problem74 0 23193852827 0
problem75 0 23178495610 0
problem76 0.01 29371369863 0
problem77 0.01 21756960355 0
problem78 0 23903818910 0
problem79 0.01 29916549420 0
problem80 0 24803368486 0
problem81 0.01 27392212790 0
problem82 0.01 29093904637 0
problem83 0 30375806055 0
problem84 0.01 22474680232 0
problem85 0 26017815980 0
problem86 0.01 23343753672 0
problem87 0.01 25040716802 0
problem88 0 25889650198 0
problem89 0.01 24158010500 0
problem90 0 24787442617 0
problem91 0.01 24327833891 0
problem92 0.01 27009893746 0
problem93 0.01 31826696865 0
problem94 0 22836447352 0
problem95 0.01 27110982604 0
problem96 0 29876623685 0
problem97 0.01 26020217071 0
problem98 0 27571779562 0
problem99 0.01 31458690661 0
