problem0 0 1308263126 1 2336.00
problem1 0.00 1555367606 1 2392.00
problem2 0.01 1551210134 1 2392.00
problem3 0.01 1210561142 1 2392.00
problem4 0.00 1281808982 1 2392.00
problem5 0.00 1300139574 1 2392.00
problem6 0.01 1365921302 1 2392.00
problem7 0.00 1372953078 1 2392.00
problem8 0.00 974909910 1 2392.00
problem9 0.01 1497945526 1 2392.00
problem10 0.00 1209517462 1 2392.00
problem11 0.00 1391739254 1 2392.00
problem12 0.01 1341770070 1 2392.00
problem13 0.00 1358159158 1 2392.00
problem14 0.01 1298005270 1 2392.00
problem15 0.00 1415817462 1 2392.00
problem16 0.00 1323327702 1 2392.00
problem17 0.01 1365222582 1 2392.00
problem18 0.00 1310520470 1 2392.00
problem19 0.01 1325650038 1 2392.00
problem20 0.00 1269807190 1 2392.00
problem21 0.01 1533815862 1 2392.00
problem22 0.00 1664396310 1 2392.00
problem23 0.01 1404352502 1 2392.00
problem24 0.00 1262997462 1 2392.00
problem25 0.01 1408857014 1 2392.00
problem26 0.00 1367679894 1 2392.00
problem27 0.00 1532387190 1 2392.00
problem28 0.01 1384687446 1 2392.00
problem29 0.01 1273461558 1 2392.00
problem30 0.00 1374575382 1 2392.00
problem31 0.00 1523107574 1 2392.00
problem32 0.01 1515339478 1 2392.00
problem33 0.00 1343636150 1 2392.00
problem34 0.00 1297109654 1 2392.00
problem35 0.01 1256975990 1 2392.00
problem36 0.01 1132762710 1 2392.00
problem37 0.00 1499843126 1 2392.00
problem38 0.01 1485507094 1 2392.00
problem39 0.00 1151325686 1 2392.00
problem40 0.00 1325379030 1 2392.00
problem41 0.01 1085673910 1 2392.00
problem42 0.00 1417576854 1 2392.00
problem43 0.01 1287945590 1 2392.00
problem44 0.00 1436779862 1 2392.00
problem45 0.00 1390876982 1 2392.00
problem46 0.01 1443543318 1 2392.00
problem47 0.00 1413080310 1 2392.00
problem48 0.01 1213209814 1 2392.00
problem49 0.00 1423499446 1 2392.00
problem50 0.01 1376759958 1 2392.00
problem51 0.00 1340083318 1 2392.00
problem52 0.00 1273328726 1 2392.00
problem53 0.01 1265330230 1 2392.00
problem54 0.00 1299015702 1 2392.00
problem55 0.01 1284961270 1 2392.00
problem56 0.00 1497598934 1 2392.00
problem57 0.01 1400811446 1 2392.00
problem58 0.00 1224990614 1 2392.00
problem59 0.01 1128176502 1 2392.00
problem60 0.00 1229611862 1 2392.00
problem61 0.01 1576187702 1 2392.00
problem62 0.01 1236473622 1 2392.00
problem63 0.00 1354171126 1 2392.00
problem64 0.00 1557789398 1 2392.00
problem65 0.01 1403485878 1 2392.00
problem66 0.00 1616580246 1 2392.00
problem67 0.01 1373645430 1 2392.00
problem68 0.00 1557287510 1 2392.00
problem69 0.01 1165821494 1 2392.00
problem70 0.00 1507575318 1 2392.00
problem71 0.00 1469714934 1 2392.00
problem72 0.01 1377003990 1 2392.00
problem73 0.00 1616072118 1 2392.00
problem74 0.00 1259683222 1 2392.00
problem75 0.01 1455733110 1 2392.00
problem76 0.00 1165836630 1 2392.00
problem77 0.01 1225413942 1 2392.00
problem78 0.00 1424454934 1 2392.00
problem79 0.01 1145053430 1 2392.00
problem80 0.01 1341118678 1 2392.00
problem81 0.01 1283595446 1 2392.00
problem82 0.00 1412590742 1 2392.00
problem83 0.00 1491880054 1 2392.00
problem84 0.01 1380659286 1 2392.00
problem85 0.00 1268425782 1 2392.00
problem86 0.01 1305879574 1 2392.00
problem87 0.00 1504260086 1 2392.00
problem88 0.01 1366247382 1 2392.00
problem89 0.00 1463020470 1 2392.00
problem90 0.01 1387436950 1 2392.00
problem91 0.00 1196873590 1 2392.00
problem92 0.01 1245454166 1 2392.00
problem93 0.00 1278079798 1 2392.00
problem94 0.01 1403507478 1 2392.00
problem95 0.00 1389706998 1 2392.00
problem96 0.01 1435612886 1 2392.00
problem97 0.00 1265154742 1 2392.00
problem98 0.01 1234553494 1 2392.00
problem99 0.01 1292134006 1 2392.00
