problem0 0.16 9159475010 1
problem1 0.04 9549925296 1
problem2 0.55 8542152942 1
problem3 0.55 8964105852 1
problem4 0.25 8409376730 1
problem5 0.01 7168165000 1
problem6 0.01 8327276550 1
problem7 0.04 8318972372 1
problem8 0.35 8901465458 1
problem9 0 8191294048 1
problem10 0.25 7979883550 1
problem11 0.63 8384686636 1
problem12 0.91 9291753482 1
problem13 0.2 8304774456 1
problem14 0.02 8290493750 1
problem15 0.02 7600926596 1
problem16 0.01 9357442978 1
problem17 0.26 8792677648 1
problem18 0.26 8532599630 1
problem19 0.28 7938187740 1
problem20 0.1 8277261370 1
problem21 0.21 8174242280 1
problem22 0.07 7830009446 1
problem23 0.17 7205429556 1
problem24 0.48 7743634898 1
problem25 0.14 7530640320 1
problem26 0.04 8134803070 1
problem27 0.12 8806026636 1
problem28 0.15 8363975786 1
problem29 0.34 8315550360 1
problem30 0.49 7541611414 1
problem31 0.41 8945141476 1
problem32 0 8209453058 1
problem33 0.03 8018247280 1
problem34 0.37 8634281390 1
problem35 0.02 8533159228 1
problem36 0.03 8611520666 1
problem37 0.43 10053771080 1
problem38 0.08 8310494406 1
problem39 0.05 8177688724 1
problem40 0.17 9221027378 1
problem41 0.1 8151727392 1
problem42 0.1 8007479518 1
problem43 0.27 8812708076 1
problem44 0.15 7630729418 1
problem45 0.18 7520745464 1
problem46 0.24 7284728310 1
problem47 0.01 9374920260 1
problem48 0 7050866786 1
problem49 0.22 7626665936 1
problem50 0.02 8144128014 1
problem51 0.1 8775075996 1
problem52 0.22 7610176762 1
problem53 0.02 8056177832 1
problem54 0.08 8075805478 1
problem55 0.02 8137732084 1
problem56 0.14 8125890194 1
problem57 0.02 9280181888 1
problem58 0.07 8673227582 1
problem59 0.06 8209171532 1
problem60 0.15 8142163242 1
problem61 0.02 8316880216 1
problem62 0.39 9215916118 1
problem63 0.22 8107500964 1
problem64 0.12 8894767298 1
problem65 0.25 8085074224 1
problem66 0.87 8842097262 1
problem67 0.24 8099279868 1
problem68 0.34 8370198874 1
problem69 0.08 8772286984 1
problem70 0.1 9258221958 1
problem71 0.04 8349618004 1
problem72 0.02 7907514098 1
problem73 0.07 8598126560 1
problem74 0.08 9126987166 1
problem75 0.58 7940708268 1
problem76 0.41 9136486794 1
problem77 0.06 8067310264 1
problem78 0.2 7582162614 1
problem79 0.26 7380020484 1
problem80 0.06 8768282914 1
problem81 0.07 8048673424 1
problem82 0.31 8280288462 1
problem83 0.89 8692576092 1
problem84 0.29 8955391418 1
problem85 0.14 8659484520 1
problem86 0.09 9225293798 1
problem87 0.03 7728594612 1
problem88 0.23 9129508690 1
problem89 0.04 7612889408 1
problem90 0.13 8430807038 1
problem91 0.08 7677541132 1
problem92 0.09 8308405738 1
problem93 0.24 8765902872 1
problem94 0.05 7703418134 1
problem95 0.2 8959853668 1
problem96 0.11 7402795394 1
problem97 0.14 7850386416 1
problem98 0.28 9178183470 1
problem99 0.01 7440169660 1
