problem0 0.01 205682 5 1866631640 6.95324e-310 0.00
problem1 0.03 246487 5 1866631640 6.95324e-310 0.00
problem2 0.01 202557 5 1866631640 6.95324e-310 0.00
problem3 0.02 248852 5 1866631640 6.95324e-310 0.00
problem4 0.02 261402 5 1866631640 6.95324e-310 0.00
problem5 0.03 242733 5 1866631640 6.95324e-310 0.00
problem6 0.01 258336 5 1866631640 6.95324e-310 0.00
problem7 0.02 197519 5 1866631640 6.95324e-310 0.00
problem8 0.02 204472 5 1866631640 6.95324e-310 0.00
problem9 0.02 230563 5 1866631640 6.95324e-310 0.00
problem10 0.02 225443 5 1866631640 6.95324e-310 0.00
problem11 0.02 242645 5 1866631640 6.95324e-310 0.00
problem12 0.01 235084 5 1866631640 6.95324e-310 0.00
problem13 0.01 230628 5 1866631640 6.95324e-310 0.00
problem14 0.01 242631 5 1866631640 6.95324e-310 0.00
problem15 0.03 239675 5 1866631640 6.95324e-310 0.00
problem16 0.01 255786 5 1866631640 6.95324e-310 0.00
problem17 0.05 228079 5 1866631640 6.95324e-310 0.00
problem18 0.01 271157 5 1866631640 6.95324e-310 0.00
problem19 0.02 259777 5 1866631640 6.95324e-310 0.00
problem20 0.01 210088 5 1866631640 6.95324e-310 0.00
problem21 0.02 259952 5 1866631640 6.95324e-310 0.00
problem22 0.02 236781 5 1866631640 6.95324e-310 0.00
problem23 0.01 240316 5 1866631640 6.95324e-310 0.00
problem24 0.01 224454 5 1866631640 6.95324e-310 0.00
problem25 0.01 196710 5 1866631640 6.95324e-310 0.00
problem26 0.01 237297 5 1866631640 6.95324e-310 0.00
problem27 0.02 247000 5 1866631640 6.95324e-310 0.00
problem28 0.01 269700 5 1866631640 6.95324e-310 0.00
problem29 0.02 233767 5 1866631640 6.95324e-310 0.00
problem30 0.01 236692 5 1866631640 6.95324e-310 0.00
problem31 0.04 266344 5 1866631640 6.95324e-310 0.00
problem32 0.01 248375 5 1866631640 6.95324e-310 0.00
problem33 0.02 236125 5 1866631640 6.95324e-310 0.00
problem34 0.01 228994 5 1866631640 6.95324e-310 0.00
problem35 0.03 205678 5 1866631640 6.95324e-310 0.00
problem36 0.01 256906 5 1866631640 6.95324e-310 0.00
problem37 0.02 262664 5 1866631640 6.95324e-310 0.00
problem38 0.02 194576 5 1866631640 6.95324e-310 0.00
problem39 0.01 231743 5 1866631640 6.95324e-310 0.00
problem40 0.01 236072 5 1866631640 6.95324e-310 0.00
problem41 0.02 249385 5 1866631640 6.95324e-310 0.00
problem42 0.01 242153 5 1866631640 6.95324e-310 0.00
problem43 0.03 246405 5 1866631640 6.95324e-310 0.00
problem44 0.01 222225 5 1866631640 6.95324e-310 0.00
problem45 0.01 227860 5 1866631640 6.95324e-310 0.00
problem46 0.01 226487 5 1866631640 6.95324e-310 0.00
problem47 0.02 236182 5 1866631640 6.95324e-310 0.00
problem48 0.01 248986 5 1866631640 6.95324e-310 0.00
problem49 0.02 226933 5 1866631640 6.95324e-310 0.00
problem50 0.02 239909 5 1866631640 6.95324e-310 0.00
problem51 0.02 195782 5 1866631640 6.95324e-310 0.00
problem52 0.01 216173 5 1866631640 6.95324e-310 0.00
problem53 0.02 261792 5 1866631640 6.95324e-310 0.00
problem54 0.03 251869 5 1866631640 6.95324e-310 0.00
problem55 0.01 237335 5 1866631640 6.95324e-310 0.00
problem56 0.01 228406 5 1866631640 6.95324e-310 0.00
problem57 0.02 268438 5 1866631640 6.95324e-310 0.00
problem58 0.01 250934 5 1866631640 6.95324e-310 0.00
problem59 0.02 262706 5 1866631640 6.95324e-310 0.00
problem60 0.01 245577 5 1866631640 6.95324e-310 0.00
problem61 0.03 267521 5 1866631640 6.95324e-310 0.00
problem62 0.02 255705 5 1866631640 6.95324e-310 0.00
problem63 0.03 236568 5 1866631640 6.95324e-310 0.00
problem64 0.02 290386 5 1866631640 6.95324e-310 0.00
problem65 0.01 222349 5 1866631640 6.95324e-310 0.00
problem66 0.01 227442 5 1866631640 6.95324e-310 0.00
problem67 0.02 219166 5 1866631640 6.95324e-310 0.00
problem68 0.01 251728 5 1866631640 6.95324e-310 0.00
problem69 0.05 246413 5 1866631640 6.95324e-310 0.00
problem70 0.01 233899 5 1866631640 6.95324e-310 0.00
problem71 0.02 224324 5 1866631640 6.95324e-310 0.00
problem72 0.01 256067 5 1866631640 6.95324e-310 0.00
problem73 0.03 242947 5 1866631640 6.95324e-310 0.00
problem74 0.01 230873 5 1866631640 6.95324e-310 0.00
problem75 0.02 241290 5 1866631640 6.95324e-310 0.00
problem76 0.01 263297 5 1866631640 6.95324e-310 0.00
problem77 0.04 265369 5 1866631640 6.95324e-310 0.00
problem78 0.01 226044 5 1866631640 6.95324e-310 0.00
problem79 0.01 223814 5 1866631640 6.95324e-310 0.00
problem80 0.01 241503 5 1866631640 6.95324e-310 0.00
problem81 0.01 211450 5 1866631640 6.95324e-310 0.00
problem82 0.02 268053 5 1866631640 6.95324e-310 0.00
problem83 0.01 232140 5 1866631640 6.95324e-310 0.00
problem84 0.03 232498 5 1866631640 6.95324e-310 0.00
problem85 0.01 227451 5 1866631640 6.95324e-310 0.00
problem86 0.02 260813 5 1866631640 6.95324e-310 0.00
problem87 0.01 236402 5 1866631640 6.95324e-310 0.00
problem88 0.01 242598 5 1866631640 6.95324e-310 0.00
problem89 0.03 216603 5 1866631640 6.95324e-310 0.00
problem90 0.02 269350 5 1866631640 6.95324e-310 0.00
problem91 0.01 214925 5 1866631640 6.95324e-310 0.00
problem92 0.02 231694 5 1866631640 6.95324e-310 0.00
problem93 0.02 210481 5 1866631640 6.95324e-310 0.00
problem94 0.01 213961 5 1866631640 6.95324e-310 0.00
problem95 0.02 241608 5 1866631640 6.95324e-310 0.00
problem96 0.01 233410 5 1866631640 6.95324e-310 0.00
problem97 0.1 237927 5 1866631640 6.95324e-310 0.00
problem98 0.02 241591 5 1866631640 6.95324e-310 0.00
problem99 0.03 234702 5 1866631640 6.95324e-310 0.00
