problem0 0.34 6721041919182 1 2820.00
problem1 0.45 6581596616615 1 2876.00
problem2 0.35 7109529637903 1 2876.00
problem3 0.46 6406343516764 1 2876.00
problem4 0.51 6208229645000 1 2876.00
problem5 0.28 7520313548521 1 2876.00
problem6 0.44 6873129154873 1 2876.00
problem7 0.42 7061400134286 1 2876.00
problem8 0.35 6717327951266 1 2876.00
problem9 0.41 6711328446603 1 2876.00
problem10 0.29 7054922433603 1 2876.00
problem11 0.49 7126295982624 1 2876.00
problem12 0.41 6544594499420 1 2876.00
problem13 0.26 7306926028429 1 2876.00
problem14 0.41 6696099032877 1 2876.00
problem15 0.36 7294779298578 1 2876.00
problem16 0.28 7621710420470 1 2876.00
problem17 0.40 7277769960175 1 2876.00
problem18 0.42 7238331585527 1 2876.00
problem19 0.30 7577360246628 1 2876.00
problem20 0.41 7510541793136 1 2876.00
problem21 0.46 7363766159281 1 2876.00
problem22 0.17 6560830925985 1 2876.00
problem23 0.44 6925842198806 1 2876.00
problem24 0.21 7206516013514 1 2876.00
problem25 0.57 7085594394323 1 2876.00
problem26 0.34 6641907798827 1 2876.00
problem27 0.56 7137609667112 1 2876.00
problem28 0.43 6269242075908 1 2876.00
problem29 0.28 7825124811349 1 2876.00
problem30 0.60 6542716617109 1 2876.00
problem31 0.46 6433059540122 1 2876.00
problem32 0.40 6886375519518 1 2876.00
problem33 0.45 6624080880695 1 2876.00
problem34 0.58 6213375185375 1 2876.00
problem35 0.53 5673546793580 1 2876.00
problem36 0.35 6179353993752 1 2876.00
problem37 0.35 7065370629753 1 2876.00
problem38 0.36 7695828827657 1 2876.00
problem39 0.20 6612088272286 1 2876.00
problem40 0.28 6507778382834 1 2876.00
problem41 0.43 7061190322971 1 2876.00
problem42 0.40 7869317832723 1 2876.00
problem43 0.35 7890238343216 1 2876.00
problem44 0.30 7403361070252 1 2876.00
problem45 0.27 6648736265245 1 2876.00
problem46 0.43 6076662968829 1 2876.00
problem47 0.48 7116090883106 1 2876.00
problem48 0.53 7317184511558 1 2876.00
problem49 0.36 6736225477503 1 2876.00
problem50 0.54 8011511434695 1 2876.00
problem51 0.30 6863072605044 1 2876.00
problem52 0.50 6735995312832 1 2876.00
problem53 0.20 7268665871169 1 2876.00
problem54 0.51 5876054175089 1 2876.00
problem55 0.39 6925971402790 1 2876.00
problem56 0.19 7289328790554 1 2876.00
problem57 0.33 6975120203107 1 2876.00
problem58 0.31 6674654178043 1 2876.00
problem59 0.59 6644458214456 1 2876.00
problem60 0.50 6158826404948 1 2876.00
problem61 0.22 7157171448805 1 2876.00
problem62 0.41 7013084577893 1 2876.00
problem63 0.39 6101988057514 1 2876.00
problem64 0.34 7219653162350 1 2876.00
problem65 0.41 6754248779975 1 2876.00
problem66 0.41 6832045852591 1 2876.00
problem67 0.19 7911658257020 1 2876.00
problem68 0.30 8049179550056 1 2876.00
problem69 0.32 7710136903177 1 2876.00
problem70 0.51 5970240535257 1 2876.00
problem71 0.33 7206129836206 1 2876.00
problem72 0.35 7639333120578 1 2876.00
problem73 0.24 7657527006635 1 2876.00
problem74 0.33 6010993800163 1 2876.00
problem75 0.32 7478107715136 1 2876.00
problem76 0.22 6445065378300 1 2876.00
problem77 0.43 7572447627693 1 2876.00
problem78 0.57 6730198723789 1 2876.00
problem79 0.21 6675745979698 1 2876.00
problem80 0.46 6710496270998 1 2876.00
problem81 0.46 6728550626319 1 2876.00
problem82 0.44 6971296989079 1 2876.00
problem83 0.31 7102664021892 1 2876.00
problem84 0.31 6994988463632 1 2876.00
problem85 0.50 7246192617169 1 2876.00
problem86 0.34 7201099654721 1 2876.00
problem87 0.36 6148774954806 1 2876.00
problem88 0.40 6922768406122 1 2876.00
problem89 0.37 7733513720819 1 2876.00
problem90 0.25 7817144974027 1 2876.00
problem91 0.57 6003080605256 1 2876.00
problem92 0.37 6379236476324 1 2876.00
problem93 0.34 8489473903989 1 2876.00
problem94 0.37 6369199142709 1 2876.00
problem95 0.26 6808149135034 1 2876.00
problem96 0.31 7763395915198 1 2876.00
problem97 0.30 7271053788503 1 2876.00
problem98 0.40 7366753957247 1 2876.00
problem99 0.15 8242281089676 1 2876.00
