problem0 0 854036 1
problem1 0 802708 1
problem2 0 759572 1
problem3 0 757396 1
problem4 0 697876 1
problem5 0 810388 1
problem6 0 800020 1
problem7 0 830612 1
problem8 0 771092 1
problem9 0 785300 1
problem10 0 676628 1
problem11 0 739988 1
problem12 0 844308 1
problem13 0 858516 1
problem14 0 749844 1
problem15 0 649364 1
problem16 0 786452 1
problem17 0 800660 1
problem18 0 724756 1
problem19 0 755348 1
problem20 0 826900 1
problem21 0 808340 1
problem22 0 797972 1
problem23 0 828564 1
problem24 0 670740 1
problem25 0 816020 1
problem26 0 871188 1
problem27 0 770708 1
problem28 0 743956 1
problem29 0 790932 1
problem30 0 715028 1
problem31 0 811156 1
problem32 0 751636 1
problem33 0 831380 1
problem34 0 788244 1
problem35 0 851604 1
problem36 0 857620 1
problem37 0 904596 1
problem38 0 795924 1
problem39 0 629908 1
problem40 0 832532 1
problem41 0 813972 1
problem42 0 869140 1
problem43 0 834196 1
problem44 0 741908 1
problem45 0 690580 1
problem46 0 745748 1
problem47 0 841876 1
problem48 0 847892 1
problem49 0 829332 1
problem50 0 851732 1
problem51 0 751252 1
problem52 0 822804 1
problem53 0 738708 1
problem54 0 761108 1
problem55 0 758932 1
problem56 0 830484 1
problem57 0 680852 1
problem58 0 736020 1
problem59 0 799380 1
problem60 0 707092 1
problem61 0 721300 1
problem62 0 776468 1
problem63 0 807060 1
problem64 0 780308 1
problem65 0 794516 1
problem66 0 784148 1
problem67 0 749204 1
problem68 0 787988 1
problem69 0 736660 1
problem70 0 824596 1
problem71 0 756884 1
problem72 0 893972 1
problem73 0 744340 1
problem74 0 799508 1
problem75 0 797332 1
problem76 0 803348 1
problem77 0 752020 1
problem78 0 741652 1
problem79 0 739476 1
problem80 0 745492 1
problem81 0 825236 1
problem82 0 945940 1
problem83 0 845460 1
problem84 0 785940 1
problem85 0 767380 1
problem86 0 789780 1
problem87 0 787604 1
problem88 0 891924 1
problem89 0 775060 1
problem90 0 699156 1
problem91 0 729748 1
problem92 0 834068 1
problem93 0 749972 1
problem94 0 674068 1
problem95 0 671892 1
problem96 0 710676 1
problem97 0 757652 1
problem98 0 845588 1
problem99 0 876180 1
