problem0 33.64 472996122895190 5 1844161592 6.95323e-310 0.00
problem1 1.06 502029108552901 5 1844161592 6.95323e-310 0.00
problem2 2.75 530281941507250 5 1844161592 6.95323e-310 0.00
problem3 17.44 492653755902093 5 1844161592 6.95323e-310 0.00
problem4 4.35 364431483943715 5 1844161592 6.95323e-310 0.00
problem5 19.09 441977219672610 5 1844161592 6.95323e-310 0.00
problem6 92.68 574905215193460 5 1844161592 6.95323e-310 0.00
problem7 11.49 469944849398363 5 1844161592 6.95323e-310 0.00
problem8 11.87 506747191105363 5 1844161592 6.95323e-310 0.00
problem9 4.31 546534253503663 5 1844161592 6.95323e-310 0.00
problem10 6.9 566584336213310 5 1844161592 6.95323e-310 0.00
problem11 4.58 494254020902358 5 1844161592 6.95323e-310 0.00
problem12 9.83 473069688614833 5 1844161592 6.95323e-310 0.00
problem13 19.36 497257676694943 5 1844161592 6.95323e-310 0.00
problem14 104 448900956524851 5 1844161592 6.95323e-310 0.00
problem15 7.1 523963867608288 5 1844161592 6.95323e-310 0.00
problem16 3.8 483394405370592 5 1844161592 6.95323e-310 0.00
problem17 15.83 497893590299789 5 1844161592 6.95323e-310 0.00
problem18 1.24 450847203561036 5 1844161592 6.95323e-310 0.00
problem19 5.82 518182121217680 5 1844161592 6.95323e-310 0.00
problem20 1.01 406998437344850 5 1844161592 6.95323e-310 0.00
problem21 3.48 509789785311520 5 1844161592 6.95323e-310 0.00
problem22 29.13 497570703940105 5 1844161592 6.95323e-310 0.00
problem23 8.87 523234626811748 5 1844161592 6.95323e-310 0.00
problem24 43.7 496687385349136 5 1844161592 6.95323e-310 0.00
problem25 32.81 499730783579653 5 1844161592 6.95323e-310 0.00
problem26 1.3 424549215037009 5 1844161592 6.95323e-310 0.00
problem27 3.2 467911073521208 5 1844161592 6.95323e-310 0.00
problem28 3.59 550532561513313 5 1844161592 6.95323e-310 0.00
problem29 6.85 523449591728329 5 1844161592 6.95323e-310 0.00
problem30 5.07 389587763998350 5 1844161592 6.95323e-310 0.00
problem31 25.04 484821569281215 5 1844161592 6.95323e-310 0.00
problem32 6.2 497221499043697 5 1844161592 6.95323e-310 0.00
problem33 7.47 492808732268318 5 1844161592 6.95323e-310 0.00
problem34 8.68 480312310274107 5 1844161592 6.95323e-310 0.00
problem35 3.11 557059526747952 5 1844161592 6.95323e-310 0.00
problem36 2.38 483571520314011 5 1844161592 6.95323e-310 0.00
problem37 0.91 468584775601827 5 1844161592 6.95323e-310 0.00
problem38 1.24 463412806048059 5 1844161592 6.95323e-310 0.00
problem39 11.21 460928116097985 5 1844161592 6.95323e-310 0.00
problem40 18.9 415283715408567 5 1844161592 6.95323e-310 0.00
problem41 5.88 586005403777480 5 1844161592 6.95323e-310 0.00
problem42 21.13 497881778867954 5 1844161592 6.95323e-310 0.00
problem43 1.47 542400381374232 5 1844161592 6.95323e-310 0.00
problem44 10.41 510203629836339 5 1844161592 6.95323e-310 0.00
problem45 6.06 507723241993896 5 1844161592 6.95323e-310 0.00
problem46 4.61 505317253259460 5 1844161592 6.95323e-310 0.00
problem47 5.18 564954334512423 5 1844161592 6.95323e-310 0.00
problem48 45.76 511268522154970 5 1844161592 6.95323e-310 0.00
problem49 13.96 480178733393628 5 1844161592 6.95323e-310 0.00
problem50 21.05 478868658063850 5 1844161592 6.95323e-310 0.00
problem51 6.12 593111962908418 5 1844161592 6.95323e-310 0.00
problem52 8.98 551486361755749 5 1844161592 6.95323e-310 0.00
problem53 1.11 510193348680297 5 1844161592 6.95323e-310 0.00
problem54 5.69 420840299675692 5 1844161592 6.95323e-310 0.00
problem55 2.47 561084081743849 5 1844161592 6.95323e-310 0.00
problem56 1.41 499603064384192 5 1844161592 6.95323e-310 0.00
problem57 17.26 478967028199737 5 1844161592 6.95323e-310 0.00
problem58 5.44 528423618061036 5 1844161592 6.95323e-310 0.00
problem59 5.81 496912115205542 5 1844161592 6.95323e-310 0.00
problem60 4.18 446257608098738 5 1844161592 6.95323e-310 0.00
problem61 10.84 474806463723522 5 1844161592 6.95323e-310 0.00
problem62 2.65 496933825684004 5 1844161592 6.95323e-310 0.00
problem63 8.33 427524841972682 5 1844161592 6.95323e-310 0.00
problem64 8.83 565802964451418 5 1844161592 6.95323e-310 0.00
problem65 1.97 528506128873761 5 1844161592 6.95323e-310 0.00
problem66 5 554133954027637 5 1844161592 6.95323e-310 0.00
problem67 35.85 556600698963077 5 1844161592 6.95323e-310 0.00
problem68 6.28 558548810062843 5 1844161592 6.95323e-310 0.00
problem69 12.97 439572475447172 5 1844161592 6.95323e-310 0.00
problem70 14.04 538412069608706 5 1844161592 6.95323e-310 0.00
problem71 1.2 509364170666886 5 1844161592 6.95323e-310 0.00
problem72 5.11 540715190046005 5 1844161592 6.95323e-310 0.00
problem73 0.98 486727004306210 5 1844161592 6.95323e-310 0.00
problem74 7.48 553400764866980 5 1844161592 6.95323e-310 0.00
problem75 3.36 513682336304115 5 1844161592 6.95323e-310 0.00
problem76 12.7 465846721101447 5 1844161592 6.95323e-310 0.00
problem77 6.78 545244284871325 5 1844161592 6.95323e-310 0.00
problem78 12.06 538518849815467 5 1844161592 6.95323e-310 0.00
problem79 16.99 546816402457023 5 1844161592 6.95323e-310 0.00
problem80 1.94 456934550795501 5 1844161592 6.95323e-310 0.00
problem81 1.16 544621274309653 5 1844161592 6.95323e-310 0.00
problem82 36.89 594507692195335 5 1844161592 6.95323e-310 0.00
problem83 1.24 522220228967114 5 1844161592 6.95323e-310 0.00
problem84 3.99 539248269551485 5 1844161592 6.95323e-310 0.00
problem85 0.22 460493307811040 5 1844161592 6.95323e-310 0.00
problem86 8.36 507423806353819 5 1844161592 6.95323e-310 0.00
problem87 60.49 620730683273634 5 1844161592 6.95323e-310 0.00
problem88 1.34 491279794171359 5 1844161592 6.95323e-310 0.00
problem89 1 522743193772444 5 1844161592 6.95323e-310 0.00
problem90 3.32 489448550648731 5 1844161592 6.95323e-310 0.00
problem91 15.93 584343349910378 5 1844161592 6.95323e-310 0.00
problem92 10.89 503768838377048 5 1844161592 6.95323e-310 0.00
problem93 15.76 494021642816516 5 1844161592 6.95323e-310 0.00
problem94 5.59 477100078590204 5 1844161592 6.95323e-310 0.00
problem95 5.84 487756334209808 5 1844161592 6.95323e-310 0.00
problem96 9.43 523073278002824 5 1844161592 6.95323e-310 0.00
problem97 1.3 523381723094660 5 1844161592 6.95323e-310 0.00
problem98 2.33 492220853093051 5 1844161592 6.95323e-310 0.00
problem99 4.92 473347672608957 5 1844161592 6.95323e-310 0.00
