problem0 1014.87 669089926793678 1 47816.00
problem1 874.47 693660296438748 1 74888.00
problem2 1262.91 709255070105914 1 74888.00
problem3 982.32 720392438047080 1 48904.00
problem4 1793.18 663900433233894 1 74160.00
problem5 2854.26 649486943030324 1 74160.00
problem6 3748.14 663107446594002 1 74160.00
problem7 3327.49 662608267489344 1 74160.00
problem8 6233.48 657326369510142 1 74160.00
problem9 2510.79 762100365253004 1 74160.00
problem10 2690.46 665063764529002 1 74160.00
problem11 717.86 702094037505048 1 74160.00
problem12 3726.14 684391997258518 1 48624.00
problem13 4088.48 680542452034532 1 75004.00
problem14 1601.57 711453405397506 1 75004.00
problem15 817.50 752763836345584 1 75004.00
problem16 1485.01 702558918119470 1 75004.00
problem17 4533.75 675173417706300 1 75004.00
problem18 5756.98 589981203157402 1 75004.00
problem19 1274.87 690987745745608 1 75004.00
problem20 759.24 717089751822918 1 75004.00
problem21 2624.51 633023746039700 1 75004.00
problem22 1420.63 704795653021234 1 75004.00
problem23 2919.24 629986790538656 1 75004.00
problem24 1523.21 678309590843742 1 75004.00
problem25 432.63 715325589815532 1 75004.00
problem26 1610.74 685241521047498 1 75004.00
problem27 1146.63 637880641762680 1 75004.00
problem28 495.82 679930972298614 1 75004.00
