problem0 0 5789281960 1
problem1 0 5815880872 1
problem2 0 6267480744 1
problem3 0 6531713192 1
problem4 0 7204169384 1
problem5 0 7001392296 1
problem6 0 6653190824 1
problem7 0 6486720680 1
problem8 0 5889613480 1
problem9 0 6262766760 1
problem10 0 6859594408 1
problem11 0 6799292584 1
problem12 0 6274799272 1
problem13 0 6552794280 1
problem14 0 6215602856 1
problem15 0 6261469352 1
problem16 0 5541154472 1
problem17 0 6797733032 1
problem18 0 6600264360 1
problem19 0 6215428264 1
problem20 0 6104598184 1
problem21 0 6058058920 1
problem22 0 5597659816 1
problem23 0 5990080680 1
problem24 0 6757170856 1
problem25 0 6481255592 1
problem26 0 6160579240 1
problem27 0 6256515240 1
problem28 0 6962001576 1
problem29 0 6054057128 1
problem30 0 6275756712 1
problem31 0 6477861032 1
problem32 0 6584872616 1
problem33 0 6387076264 1
problem34 0 6614280872 1
problem35 0.01 6251464872 1
problem36 0 6296872616 1
problem37 0 6406571176 1
problem38 0 5833974440 1
problem39 0 6651068584 1
problem40 0 6903307944 1
problem41 0 7320501416 1
problem42 0 5813885608 1
problem43 0 6871365800 1
problem44 0 6659348136 1
problem45 0 6310294696 1
problem46 0 6688232104 1
problem47 0 6375485608 1
problem48 0 7309823656 1
problem49 0 6597176488 1
problem50 0 6443748008 1
problem51 0 6505605288 1
problem52 0 6170379944 1
problem53 0 6570534056 1
problem54 0 6019957416 1
problem55 0 6187983016 1
problem56 0 7401766568 1
problem57 0 6364585128 1
problem58 0 6222166696 1
problem59 0 6496360616 1
problem60 0 6709016232 1
problem61 0 5845111976 1
problem62 0 6379287208 1
problem63 0 6625431720 1
problem64 0 6910701224 1
problem65 0 5683203240 1
problem66 0 6222883496 1
problem67 0 6172543144 1
problem68 0 6530426536 1
problem69 0 6549947560 1
problem70 0 6558261928 1
problem71 0 6211436712 1
problem72 0 6239280808 1
problem73 0 7103167656 1
problem74 0 6982769320 1
problem75 0 6473676968 1
problem76 0 6708352680 1
problem77 0 5866468520 1
problem78 0 6959534760 1
problem79 0 7093481640 1
problem80 0.01 6998118056 1
problem81 0 6866381992 1
problem82 0 7025429160 1
problem83 0 6057584808 1
problem84 0 5900617384 1
problem85 0 6076376232 1
problem86 0 6106710696 1
problem87 0 6721429672 1
problem88 0 6637076136 1
problem89 0 6717676712 1
problem90 0 6753516200 1
problem91 0 6669097128 1
problem92 0 6388922024 1
problem93 0 6777017512 1
problem94 0 5878837928 1
problem95 0 6974329000 1
problem96 0 6632550056 1
problem97 0 6791269544 1
problem98 0 6569683624 1
problem99 0 5892294824 1
