problem0 0.07 3122841377 1
problem1 0.01 3193689625 1
problem2 0.07 3049607057 1
problem3 0 3529403273 1
problem4 0.02 3401376257 1
problem5 0.01 3078941433 1
problem6 0.01 3546365553 1
problem7 0.09 3044742249 1
problem8 0 3060933857 1
problem9 0.06 2681513945 1
problem10 0.02 3054982481 1
problem11 0 3037553993 1
problem12 0.01 2933952449 1
problem13 0.03 3045657785 1
problem14 0.05 2932184113 1
problem15 0.01 2727566889 1
problem16 0.03 3022398113 1
problem17 0.05 2774538649 1
problem18 0.01 2764700433 1
problem19 0.03 3188391689 1
problem20 0 2631982465 1
problem21 0.02 2996293241 1
problem22 0.02 2650966513 1
problem23 0.01 3320989673 1
problem24 0 2788081761 1
problem25 0.02 2800626521 1
problem26 0.17 3469557969 1
problem27 0.01 3074898121 1
problem28 0.01 3014511425 1
problem29 0.08 2996908089 1
problem30 0.15 3121094577 1
problem31 0.02 2777141673 1
problem32 0.13 3212574241 1
problem33 0.31 2892946713 1
problem34 0.08 2970691217 1
problem35 0.02 2863796873 1
problem36 0 2855753985 1
problem37 0.08 3247780345 1
problem38 0.01 3016119665 1
problem39 0 2940468073 1
problem40 0.07 2466110433 1
problem41 0.02 2782015193 1
problem42 0.09 2693114961 1
problem43 0 3124464713 1
problem44 0.01 3345843905 1
problem45 0.12 2875446201 1
problem46 0.01 3425512241 1
problem47 0.04 3239494953 1
problem48 0.1 2745457057 1
problem49 0.17 3137872025 1
problem50 0.01 2988102161 1
problem51 0.01 2815665673 1
problem52 0.03 3124778113 1
problem53 0.01 2617054585 1
problem54 0.26 3022823665 1
problem55 0.02 3102748393 1
problem56 0.01 2489284449 1
problem57 0.02 3154162265 1
problem58 0.01 2998966225 1
problem59 0.04 3177865161 1
problem60 0.07 2980037185 1
problem61 0.01 2941318969 1
problem62 0.12 2897524401 1
problem63 0.01 2898278569 1
problem64 0.05 2820617505 1
problem65 0.01 2829837337 1
problem66 0 2942762385 1
problem67 0.04 3035609481 1
problem68 0.08 2893795329 1
problem69 0 3377428729 1
problem70 0 2931125361 1
problem71 0.01 2725700201 1
problem72 0.08 2849215201 1
problem73 0.01 2969155033 1
problem74 0.15 3170763601 1
problem75 0.05 2421404489 1
problem76 0 2982444481 1
problem77 0.04 3454573241 1
problem78 0 3005137457 1
problem79 0.01 2818845737 1
problem80 0.05 2892796065 1
problem81 0.08 3034195865 1
problem82 0 2826283281 1
problem83 0.08 3515239689 1
problem84 0.02 3093941121 1
problem85 0.02 2836159609 1
problem86 0.02 2866853873 1
problem87 0.16 3008894441 1
problem88 0.04 3134860897 1
problem89 0 3560782169 1
problem90 0.17 2663247569 1
problem91 0.01 2725742281 1
problem92 0.15 2942024001 1
problem93 0.06 2930425401 1
problem94 0.13 2800438705 1
problem95 0.03 3261243305 1
problem96 0.01 2819386401 1
problem97 0.04 2937252633 1
problem98 0.07 3032929425 1
problem99 0.02 2769772681 1
