problem0 0 6154312 1
problem1 0 6575022 1
problem2 0 6413701 1
problem3 0 6212967 1
problem4 0 6670602 1
problem5 0 5685704 1
problem6 0 6534167 1
problem7 0 6246673 1
problem8 0 6408684 1
problem9 0 6133122 1
problem10 0 6236105 1
problem11 0 7418715 1
problem12 0 6368494 1
problem13 0 6252764 1
problem14 0 5589659 1
problem15 0 6069829 1
problem16 0 5198864 1
problem17 0 5535190 1
problem18 0 6311565 1
problem19 0 5790671 1
problem20 0.01 6406482 1
problem21 0 6329968 1
problem22 0 6391199 1
problem23 0 6280697 1
problem24 0 6428340 1
problem25 0 6898858 1
problem26 0 6513105 1
problem27 0 6100675 1
problem28 0 5772854 1
problem29 0 7576196 1
problem30 0 6518051 1
problem31 0 6735917 1
problem32 0 6791640 1
problem33 0 6443518 1
problem34 0 6844821 1
problem35 0 6960183 1
problem36 0 5684122 1
problem37 0 7324952 1
problem38 0 6039847 1
problem39 0 6636769 1
problem40 0 7046524 1
problem41 0 6286802 1
problem42 0 5606873 1
problem43 0 6325291 1
problem44 0 6963582 1
problem45 0 6186540 1
problem46 0 7516587 1
problem47 0 6102037 1
problem48 0 5722528 1
problem49 0 6318118 1
problem50 0.01 6997661 1
problem51 0 6477471 1
problem52 0 6633442 1
problem53 0 6999488 1
problem54 0 6823599 1
problem55 0 6692297 1
problem56 0 5936708 1
problem57 0 5771514 1
problem58 0 6171617 1
problem59 0 6159251 1
problem60 0 6565574 1
problem61 0 5393364 1
problem62 0 5996595 1
problem63 0 6953469 1
problem64 0 7005032 1
problem65 0 5847118 1
problem66 0 5492133 1
problem67 0 6341383 1
problem68 0 6665770 1
problem69 0 5517416 1
problem70 0 5629495 1
problem71 0 6348977 1
problem72 0 6539532 1
problem73 0.01 6303266 1
problem74 0 6667241 1
problem75 0 6814971 1
problem76 0 6970894 1
problem77 0 5622652 1
problem78 0 5398715 1
problem79 0 6832613 1
problem80 0 5953328 1
problem81 0 5456502 1
problem82 0 6817453 1
problem83 0 6453615 1
problem84 0 6338162 1
problem85 0 6974736 1
problem86 0 6422463 1
problem87 0 6294937 1
problem88 0 6790612 1
problem89 0 6473034 1
problem90 0 6340081 1
problem91 0 5310563 1
problem92 0 6115158 1
problem93 0 7038244 1
problem94 0 6280003 1
problem95 0 6951885 1
problem96 0 6532344 1
problem97 0 6096542 1
problem98 0 7598517 1
problem99 0.01 6191575 1
