problem0 0.2 8317188561 1
problem1 1.03 8996710254 1
problem2 0.54 8318199442 1
problem3 2.06 8705953683 1
problem4 0.51 8261287211 1
problem5 0.04 9622141424 1
problem6 0.1 8583394268 1
problem7 0.15 7933464005 1
problem8 0.58 8219477733 1
problem9 2.02 8400343122 1
problem10 0.63 7889995910 1
problem11 0.41 8364995799 1
problem12 0.01 8229761279 1
problem13 0.05 8615783572 1
problem14 0.36 8246668944 1
problem15 0.37 9250600649 1
problem16 0.1 7222736249 1
problem17 0.5 7200387254 1
problem18 0.15 8663109626 1
problem19 0.36 9202853275 1
problem20 0.33 7926443603 1
problem21 0 8281267896 1
problem22 0.52 7403042500 1
problem23 2.58 7726854989 1
problem24 0.22 9530135949 1
problem25 1.62 8607750298 1
problem26 0.2 8387480814 1
problem27 2.33 9851924959 1
problem28 0.13 9212708135 1
problem29 0.58 9383632988 1
problem30 0.11 7756831864 1
problem31 0.14 8397165393 1
problem32 0.04 8408594209 1
problem33 0.25 8098912254 1
problem34 0.05 8004259682 1
problem35 0.56 8865835427 1
problem36 0.05 7604340091 1
problem37 1.37 8512356736 1
problem38 0.01 9113776044 1
problem39 0.1 7881516757 1
