problem0 3.3e-05 135478533025 1
problem1 0.000142 131790320254 1
problem2 6.7e-05 143166146402 1
problem3 0.001041 135461151395 1
problem4 0.00064 133873567483 1
problem5 0.000129 142538841856 1
problem6 8.3e-05 137024909484 1
problem7 0.000137 144367087317 1
problem8 0.000149 138165117109 1
problem9 0.000299 135627028322 1
problem10 0.000249 133906598230 1
problem11 0.00011 138032270311 1
problem12 0.000349 129525400271 1
problem13 0.000377 134128139684 1
problem14 5.3e-05 149086395232 1
problem15 0.000506 147874769881 1
problem16 0.000466 148030809929 1
problem17 0.000854 140816307142 1
problem18 0.000108 137914896586 1
problem19 0.001867 145547550891 1
problem20 0.000533 144524994595 1
problem21 0.000325 137084533704 1
problem22 0.000327 137154229140 1
problem23 0.000422 142380309597 1
problem24 0.00071 136323612509 1
problem25 0.003068 129038129066 1
problem26 7.5e-05 136794484158 1
problem27 3.2e-05 142270230767 1
problem28 2.2e-05 137842247415 1
problem29 0.000114 139865401708 1
problem30 1.9e-05 141005998408 1
problem31 0.000109 142134055009 1
problem32 9.3e-05 135556020465 1
problem33 0.000429 141539840782 1
problem34 0.001071 135464284210 1
problem35 0.003145 141568740531 1
problem36 9.5e-05 144234327883 1
problem37 0.000604 141709448848 1
problem38 0.000126 148046457980 1
problem39 3.8e-05 124978616293 1
problem40 0.000157 136044127237 1
problem41 1.8e-05 147170776562 1
problem42 8.9e-05 131947128870 1
problem43 0.000755 124918940663 1
problem44 5e-05 138236981535 1
problem45 0.000401 134957716276 1
problem46 0.000162 123426827568 1
problem47 0.000183 150598877929 1
problem48 0.000362 137468203161 1
problem49 0.0001 131473469526 1
problem50 0.000228 142321673626 1
problem51 0.000846 140759672507 1
problem52 0.000452 149814074483 1
problem53 0.000328 138779979608 1
problem54 0.00033 142572215140 1
problem55 0.001067 144704086381 1
problem56 2.3e-05 140706385581 1
problem57 0.00012 131953553978 1
problem58 0.000318 143398844558 1
problem59 3.6e-05 135852377343 1
problem60 3.1e-05 135596654919 1
problem61 1.7e-05 142572616444 1
problem62 6.8e-05 142933346072 1
problem63 0.000904 132973544305 1
problem64 2.9e-05 142218505793 1
problem65 4.8e-05 140071463838 1
problem66 2e-05 152166150402 1
problem67 0.001097 129030139587 1
problem68 0.000193 133992509339 1
problem69 0.000586 132974118432 1
problem70 0.000207 141071155276 1
problem71 2.6e-05 140934379765 1
problem72 1.8e-05 133127536469 1
problem73 0.000102 127653964930 1
problem74 0.00042 126319763190 1
problem75 0.000756 149663052807 1
problem76 0.001656 137230530415 1
problem77 0.001305 133631287492 1
problem78 0.000249 148422579968 1
problem79 5.6e-05 139875996153 1
problem80 0.000212 141653365225 1
problem81 5.7e-05 137595978982 1
problem82 1.7e-05 134708449898 1
problem83 0.000482 138408404171 1
problem84 0.000139 139901397187 1
problem85 0.000412 124572130024 1
problem86 0.000234 133639904052 1
problem87 0.000492 126848032381 1
problem88 2e-05 138510267901 1
problem89 0.000607 125320086730 1
problem90 0.000226 142706842462 1
problem91 0.000112 130220740879 1
problem92 0.000153 142803751831 1
problem93 0.000228 137538192524 1
problem94 8e-05 134582869224 1
problem95 2.1e-05 134730886785 1
problem96 0.000195 153160432529 1
problem97 0.001177 135109262382 1
problem98 0.000136 134072551890 1
problem99 0.000498 131211299027 1
