problem0 37.45 78544848677026 1 10068.00
problem1 180.03 69876724018699 1 12868.00
problem2 40.58 74934378244899 1 12868.00
problem3 33.81 83260805067840 1 12868.00
problem4 8.51 75462712247196 1 12868.00
problem5 40.35 77769739565773 1 12868.00
problem6 26.12 80039188050509 1 12868.00
problem7 38.78 77311686209266 1 12868.00
problem8 60.67 74999595824502 1 12868.00
problem9 61.25 68721911174127 1 12868.00
problem10 43.29 73452477946199 1 12868.00
problem11 20.80 82643512152836 1 12868.00
problem12 32.99 70302277060656 1 12868.00
problem13 34.13 72212096699249 1 12868.00
problem14 56.31 66864709786177 1 12868.00
problem15 62.97 77974585680502 1 12868.00
problem16 47.20 72270120183242 1 12868.00
problem17 61.41 74736824144723 1 12868.00
problem18 27.86 78786257440523 1 12868.00
problem19 51.37 70304080527176 1 12868.00
problem20 97.26 65410581747780 1 12868.00
problem21 86.10 60305514675605 1 12868.00
problem22 35.14 76312386286005 1 12868.00
problem23 75.32 73333594188666 1 12868.00
problem24 28.23 78173259139486 1 12868.00
problem25 43.59 73507006577719 1 12868.00
problem26 55.79 78043825708095 1 12868.00
problem27 57.55 69708340480268 1 12868.00
problem28 65.10 70494541267928 1 12868.00
problem29 48.02 73259713487161 1 12868.00
problem30 50.86 66798538786985 1 12868.00
problem31 75.50 71985033566718 1 12868.00
problem32 55.93 62649911193842 1 12868.00
problem33 89.67 77552500547227 1 12868.00
problem34 38.40 80057994301683 1 12868.00
problem35 74.56 72063151816784 1 12868.00
problem36 57.35 71126839712492 1 12868.00
problem37 27.82 74667121231453 1 12868.00
problem38 37.19 78214981299997 1 12868.00
problem39 20.52 78059544280578 1 12868.00
problem40 95.98 67488720661446 1 12868.00
problem41 35.89 78322095311487 1 12868.00
problem42 73.00 73498522467623 1 12868.00
problem43 51.31 76444153279764 1 12868.00
problem44 30.47 71067552378240 1 12868.00
problem45 42.07 72041937468673 1 12868.00
problem46 26.26 81141765960977 1 12868.00
problem47 39.78 76355127437190 1 12868.00
problem48 38.90 77561905367578 1 12868.00
problem49 64.12 78667075915747 1 12868.00
problem50 32.36 73507798986971 1 12868.00
problem51 49.72 72273642354520 1 12868.00
problem52 44.22 72030508698516 1 12868.00
problem53 64.52 73837413340453 1 12868.00
problem54 34.61 82733482224261 1 12868.00
problem55 38.02 77607647782538 1 12868.00
problem56 28.67 76322563316718 1 12868.00
problem57 53.63 68772129996487 1 12868.00
problem58 61.53 72781957397519 1 12868.00
problem59 66.90 67884930553628 1 12868.00
problem60 25.54 69977628853544 1 12868.00
problem61 84.60 71784514035401 1 12868.00
problem62 79.98 67637875482489 1 12868.00
problem63 46.58 79901429156622 1 12868.00
problem64 42.15 72657634505026 1 12868.00
problem65 42.44 73915690297131 1 12868.00
problem66 38.88 79019354353347 1 12868.00
problem67 35.34 80205836166240 1 12868.00
problem68 80.14 72120237238844 1 12868.00
problem69 67.08 71577283275245 1 10072.00
problem70 66.27 72348227937261 1 13236.00
problem71 47.31 77512797676818 1 13236.00
problem72 104.02 68572185303574 1 13236.00
problem73 27.88 76289353816335 1 13236.00
problem74 32.26 71975715920119 1 13236.00
problem75 67.70 75773084004132 1 13236.00
problem76 102.71 68300172839632 1 13236.00
problem77 106.74 62301639394961 1 13236.00
problem78 40.24 76626505664481 1 13236.00
problem79 87.11 64173791315094 1 13236.00
problem80 52.14 79979755497066 1 13236.00
problem81 115.49 65417614386291 1 13236.00
problem82 11.28 85962259466923 1 13236.00
problem83 35.78 78002070603624 1 13236.00
problem84 86.26 66207938049764 1 13236.00
problem85 50.89 73801881978037 1 13236.00
problem86 16.55 80492580969301 1 13236.00
problem87 29.78 79310641150362 1 13236.00
problem88 72.43 69848394720830 1 13236.00
problem89 39.73 73008741456215 1 13236.00
problem90 38.63 79227404112863 1 13236.00
problem91 61.08 68909560970540 1 13236.00
problem92 33.37 73258293198456 1 13236.00
problem93 43.54 70269760730201 1 13236.00
problem94 46.06 80927981645385 1 13236.00
problem95 52.46 75744086004766 1 13236.00
problem96 84.80 68429971384722 1 13236.00
problem97 103.25 69370675644347 1 13236.00
problem98 20.56 79457499448467 1 13236.00
problem99 25.40 74761246236784 1 13236.00
