problem0 7.72 1138860500095000 1847 1 7.68 31400.00
problem1 12.11 1231906019334771 3925 2 12.02 23736.00
problem2 6.23 1199554777008296 3006 1 6.14 31232.00
problem3 6.41 1132341788466601 3834 1 6.35 13348.00
problem4 13.83 1094250982500761 6967 2 13.7 24304.00
problem5 5.86 1238082977075565 1732 1 5.82 21436.00
problem6 6.4 1167681761148547 3335 1 6.34 15628.00
problem7 6.52 1067505703476952 5539 1 6.45 18420.00
problem8 6.21 1259805547866987 1814 1 6.18 19828.00
problem9 14.64 1114851275629815 8165 2 14.47 40636.00
problem10 5.16 1359149005023211 900 1 5.12 31840.00
problem11 6.37 1221367340047869 2457 1 6.32 32056.00
problem12 6.79 1196434424787969 2883 1 6.74 19392.00
problem13 6.43 1109827117250186 2202 1 6.39 23332.00
problem14 6.73 991334379628426 2857 1 6.69 17444.00
problem15 6.81 1230311230929289 4797 1 6.7 19320.00
problem16 6.27 1246637985868326 1073 1 6.25 60032.00
problem17 6.28 1303514696447389 1384 1 6.24 60032.00
problem18 6.93 1317886836073117 3131 1 6.85 20488.00
problem19 6.84 1239751272166579 4171 1 6.74 34340.00
problem20 6.33 1220304289970934 2803 1 6.24 34444.00
problem21 6.26 1195424717126944 1794 1 6.22 15396.00
problem22 6.8 958395573019436 4879 1 6.7 31104.00
problem23 5.75 1255202139269307 2226 1 5.67 32256.00
problem24 6.16 1303124448446905 1902 1 6.09 32468.00
problem25 6.17 1191392088464346 3718 1 6.07 16120.00
problem26 7.09 1054996374578372 6261 1 6.98 19972.00
problem27 4.97 1316112366654415 1379 1 4.91 21432.00
problem28 5.04 1262954718787041 942 1 5.01 25624.00
problem29 6.46 1179085830962842 2285 1 6.42 17392.00
problem30 6.75 1165464229438251 5245 1 6.63 18184.00
problem31 6.68 1189891808171511 3159 1 6.63 27028.00
problem32 6.52 1122972700393136 4460 1 6.46 27032.00
problem33 6.76 936976175086047 3241 1 6.7 15396.00
problem34 6.41 1184779151442257 2247 1 6.34 45524.00
problem35 6.59 1140435485384946 2734 1 6.55 19392.00
problem36 6.71 1056399822984682 4177 1 6.64 19492.00
problem37 6.75 1071446949104462 4106 1 6.68 19044.00
problem38 6.59 1143491853052948 1807 1 6.55 23588.00
problem39 6.43 1213774238558733 3182 1 6.34 21440.00
problem40 6.77 1197613303724626 7002 1 6.64 21612.00
problem41 6.47 1067505639779749 3775 1 6.36 17180.00
problem42 5.95 1445823775633723 2286 1 5.83 23944.00
problem43 6.19 1304909993496242 1977 1 6.14 27860.00
problem44 6.03 1221093183742344 1123 1 6.01 27860.00
problem45 6.37 1285712844977113 3419 1 6.28 35668.00
problem46 6.68 1195911950977516 4371 1 6.59 35668.00
problem47 7.01 1017679415934002 7481 1 6.85 21980.00
problem48 6.96 1039645048928856 6990 1 6.84 21512.00
problem49 6.61 1222886590327626 5118 1 6.5 17540.00
problem50 5.99 1197748036102317 2284 1 5.93 22132.00
problem51 6.21 1253073815456514 3051 1 6.14 28008.00
problem52 7.03 1093144132387563 4253 1 6.97 28292.00
problem53 6.51 1256507551328645 4756 1 6.4 17164.00
problem54 6.17 1215453041588177 3115 1 6.09 21440.00
problem55 7.09 1191980260437786 5613 1 6.97 19020.00
problem56 5.01 1296829845313756 269 1 4.99 25348.00
problem57 6.94 1231670683737339 3031 1 6.87 18936.00
problem58 6.63 1246505574429508 5031 1 6.52 20808.00
problem59 7.02 1210761369185344 5025 1 6.94 17844.00
problem60 6.8 1141147007000890 4037 1 6.71 17856.00
problem61 5.87 1298618326717397 1731 1 5.79 25360.00
problem62 6.15 1225361143509129 1759 1 6.11 26504.00
problem63 6.17 1234036803858904 3306 1 6.05 19392.00
problem64 5.35 1399152847807137 1441 1 5.27 23584.00
problem65 6.36 1166450988881740 1844 1 6.32 15344.00
problem66 6.78 1085204692457554 2933 1 6.7 21656.00
problem67 5.13 1335703461865698 1412 1 5.08 21696.00
problem68 6 1176228486889849 1924 1 5.96 33828.00
problem69 7.06 980127527875801 6068 1 6.95 19692.00
problem70 4.65 1428881309393541 860 1 4.61 29408.00
problem71 6.44 1196654943926398 2966 1 6.36 21752.00
problem72 6.19 1121116289371636 2529 1 6.13 23388.00
problem73 6.03 1214214338817014 1769 1 5.98 16056.00
problem74 7.12 970032044296879 6098 1 7.02 19680.00
problem75 13.91 1089359979495058 13192 2 13.65 44116.00
problem76 6.48 1311208595343902 1909 1 6.41 42068.00
problem77 7.08 1348418023655495 1802 1 7.04 21796.00
problem78 6.61 1106611221715369 2664 1 6.52 21868.00
problem79 6.37 1172472140263680 3642 1 6.31 19748.00
problem80 6.56 1234789381579367 2037 1 6.52 33876.00
problem81 7.13 980166839830302 6906 1 7 23188.00
problem82 6.86 1139127172608461 2073 1 6.82 25380.00
problem83 6.24 1258559606242584 1406 1 6.2 25792.00
problem84 6.21 1409706567953741 1974 1 6.14 29988.00
problem85 6.83 1040262770830685 7814 1 6.71 25656.00
problem86 6.92 1099529737653645 3423 1 6.85 46120.00
problem87 6.98 1141418537648649 4609 1 6.88 28324.00
problem88 7.35 1109699068570553 6251 1 7.24 28424.00
problem89 6.38 1307514908531608 2019 1 6.33 35920.00
problem90 6.67 1255590857600586 1540 1 6.61 79820.00
problem91 6.76 1120937375899493 1942 1 6.71 49956.00
problem92 6.88 1103562196240692 2532 1 6.84 52740.00
problem93 6.87 1328199495109877 2557 1 6.77 25792.00
problem94 6.95 1103558861358307 3803 1 6.86 24404.00
problem95 6.43 1299143369935840 1996 1 6.36 22660.00
problem96 6.96 1286084390863712 1897 1 6.9 40096.00
problem97 6.33 1263288671759368 1830 1 6.24 54044.00
problem98 7.09 1141091518731645 4434 1 7.02 55056.00
problem99 6.22 1252434035413239 1832 1 6.16 55056.00
