problem0 0.16 844214812936270 140736285426776 4 1.16637e-312 0.00
problem1 0.19 838693543667860 140736285426776 4 1.16637e-312 0.00
problem2 0.2 872170449341167 140736285426776 4 1.16637e-312 0.00
problem3 0.21 774098305796733 140736285426776 4 1.16637e-312 0.00
problem4 0.1 861201957788643 140736285426776 4 1.16637e-312 0.00
problem5 0.13 700799179815522 140736285426776 4 1.16637e-312 0.00
problem6 0.04 779489128150034 140736285426776 4 1.16637e-312 0.00
problem7 0.09 609891659136680 140736285426776 4 1.16637e-312 0.00
problem8 0.19 968310517253803 140736285426776 4 1.16637e-312 0.00
problem9 0.13 928509614011847 140736285426776 4 1.16637e-312 0.00
problem10 0.14 879365527174828 140736285426776 4 1.16637e-312 0.00
problem11 0.06 799702435682003 140736285426776 4 1.16637e-312 0.00
problem12 0.16 886762823667001 140736285426776 4 1.16637e-312 0.00
problem13 0.05 796480932058286 140736285426776 4 1.16637e-312 0.00
problem14 0.19 741614956191260 140736285426776 4 1.16637e-312 0.00
problem15 0.03 806155826227137 140736285426776 4 1.16637e-312 0.00
problem16 0.12 810930974255591 140736285426776 4 1.16637e-312 0.00
problem17 0.06 668890361723300 140736285426776 4 1.16637e-312 0.00
problem18 0.13 819911279135136 140736285426776 4 1.16637e-312 0.00
problem19 0.37 933620033357026 140736285426776 4 1.16637e-312 0.00
problem20 0.13 910803016932419 140736285426776 4 1.16637e-312 0.00
problem21 0.27 944129219930329 140736285426776 4 1.16637e-312 0.00
problem22 0.07 608966376476468 140736285426776 4 1.16637e-312 0.00
problem23 0.15 809663461967234 140736285426776 4 1.16637e-312 0.00
problem24 0.1 738546158596872 140736285426776 4 1.16637e-312 0.00
problem25 0.09 826536673950337 140736285426776 4 1.16637e-312 0.00
problem26 0.2 941116581274497 140736285426776 4 1.16637e-312 0.00
problem27 0.14 866645165410848 140736285426776 4 1.16637e-312 0.00
problem28 0.17 868746992197361 140736285426776 4 1.16637e-312 0.00
problem29 0.07 899979479214576 140736285426776 4 1.16637e-312 0.00
problem30 0.17 842819930989263 140736285426776 4 1.16637e-312 0.00
problem31 0.04 772319757664945 140736285426776 4 1.16637e-312 0.00
problem32 0.15 838149952307049 140736285426776 4 1.16637e-312 0.00
problem33 0.08 830217324447755 140736285426776 4 1.16637e-312 0.00
problem34 0.42 815662996782446 140736285426776 4 1.16637e-312 0.00
problem35 0.16 851377303646192 140736285426776 4 1.16637e-312 0.00
problem36 0.12 741124920934688 140736285426776 4 1.16637e-312 0.00
problem37 0.04 598677222402332 140736285426776 4 1.16637e-312 0.00
problem38 0.15 882967645083338 140736285426776 4 1.16637e-312 0.00
problem39 0.09 795558674740099 140736285426776 4 1.16637e-312 0.00
problem40 0.16 782670076426133 140736285426776 4 1.16637e-312 0.00
problem41 0.08 795196900789005 140736285426776 4 1.16637e-312 0.00
problem42 0.18 724838908942366 140736285426776 4 1.16637e-312 0.00
problem43 0.06 668909636256489 140736285426776 4 1.16637e-312 0.00
problem44 0.16 825413123654535 140736285426776 4 1.16637e-312 0.00
problem45 0.12 1006881330281280 140736285426776 4 1.16637e-312 0.00
problem46 0.3 795295019045336 140736285426776 4 1.16637e-312 0.00
problem47 0.15 882568938153680 140736285426776 4 1.16637e-312 0.00
problem48 0.14 918801858976585 140736285426776 4 1.16637e-312 0.00
problem49 0.06 902026126429585 140736285426776 4 1.16637e-312 0.00
problem50 0.17 723267315758495 140736285426776 4 1.16637e-312 0.00
problem51 0.2 893341904853225 140736285426776 4 1.16637e-312 0.00
problem52 0.07 737917952643704 140736285426776 4 1.16637e-312 0.00
problem53 0.13 851475086217162 140736285426776 4 1.16637e-312 0.00
problem54 0.12 643680065697650 140736285426776 4 1.16637e-312 0.00
problem55 0.15 911656104625777 140736285426776 4 1.16637e-312 0.00
problem56 0.07 820567399207951 140736285426776 4 1.16637e-312 0.00
problem57 0.14 756448151924413 140736285426776 4 1.16637e-312 0.00
problem58 0.15 992352425422185 140736285426776 4 1.16637e-312 0.00
problem59 0.05 820272046021296 140736285426776 4 1.16637e-312 0.00
problem60 0.09 662187673803413 140736285426776 4 1.16637e-312 0.00
problem61 0.24 963125969584326 140736285426776 4 1.16637e-312 0.00
problem62 0.05 994512107670791 140736285426776 4 1.16637e-312 0.00
problem63 0.25 835279985234467 140736285426776 4 1.16637e-312 0.00
problem64 0.17 859124326932068 140736285426776 4 1.16637e-312 0.00
problem65 0.13 974941605355846 140736285426776 4 1.16637e-312 0.00
problem66 0.22 949856007549892 140736285426776 4 1.16637e-312 0.00
problem67 0.33 804413860668422 140736285426776 4 1.16637e-312 0.00
problem68 0.31 975756407584743 140736285426776 4 1.16637e-312 0.00
problem69 0.18 906919950968380 140736285426776 4 1.16637e-312 0.00
problem70 0.14 956360749052361 140736285426776 4 1.16637e-312 0.00
problem71 0.11 815655075686028 140736285426776 4 1.16637e-312 0.00
problem72 0.17 888223238206083 140736285426776 4 1.16637e-312 0.00
problem73 0.17 872438371651929 140736285426776 4 1.16637e-312 0.00
problem74 0.07 856233395212208 140736285426776 4 1.16637e-312 0.00
problem75 0.13 765909705693517 140736285426776 4 1.16637e-312 0.00
problem76 0.08 869532446182306 140736285426776 4 1.16637e-312 0.00
problem77 0.52 934044087505354 140736285426776 4 1.16637e-312 0.00
problem78 0.18 774423934348170 140736285426776 4 1.16637e-312 0.00
problem79 0.15 734151489815073 140736285426776 4 1.16637e-312 0.00
problem80 0.15 891033117103502 140736285426776 4 1.16637e-312 0.00
problem81 0.39 851065167211765 140736285426776 4 1.16637e-312 0.00
problem82 0.12 707128680885527 140736285426776 4 1.16637e-312 0.00
problem83 0.18 838801431491797 140736285426776 4 1.16637e-312 0.00
problem84 0.14 874480953019346 140736285426776 4 1.16637e-312 0.00
problem85 0.09 753835220588113 140736285426776 4 1.16637e-312 0.00
problem86 0.14 834602158208246 140736285426776 4 1.16637e-312 0.00
problem87 0.07 708983254726684 140736285426776 4 1.16637e-312 0.00
problem88 0.14 786121591741310 140736285426776 4 1.16637e-312 0.00
problem89 0.06 787567278482100 140736285426776 4 1.16637e-312 0.00
problem90 0.07 856058079639478 140736285426776 4 1.16637e-312 0.00
problem91 0.13 949657905214268 140736285426776 4 1.16637e-312 0.00
problem92 0.19 934406400731770 140736285426776 4 1.16637e-312 0.00
problem93 0.27 931871910635953 140736285426776 4 1.16637e-312 0.00
problem94 0.12 903190277590021 140736285426776 4 1.16637e-312 0.00
problem95 0.31 988046355375444 140736285426776 4 1.16637e-312 0.00
problem96 0.11 838214168393292 140736285426776 4 1.16637e-312 0.00
problem97 0.17 738575135599408 140736285426776 4 1.16637e-312 0.00
problem98 0.07 651724482820901 140736285426776 4 1.16637e-312 0.00
problem99 0.2 804076064890848 140736285426776 4 1.16637e-312 0.00
