problem0 7.64 4478179158749 1
problem1 7.16 4166530211989 1
problem2 1.99 3751158588109 1
problem3 24.77 4054497094021 1
problem4 22.44 4236437990589 1
problem5 6.96 3860408870005 1
problem6 2.27 4195690940589 1
problem7 24.45 4111912112485 1
problem8 0.51 3911117797021 1
problem9 23.23 4280029048917 1
problem10 0.11 3954020234893 1
problem11 22.27 4101722276165 1
problem12 18.45 3509747222653 1
problem13 20.57 4331765695541 1
problem14 0.82 4101951761517 1
problem15 22.81 3883084822821 1
problem16 1.03 3580693635677 1
problem17 73.06 3921186021397 1
problem18 8.81 3859269347917 1
problem19 9.08 4052087814405 1
problem20 0.58 4482481816637 1
problem21 40.02 4055591846901 1
problem22 26.81 3861963567149 1
problem23 0.55 4412204908773 1
problem24 8.6 4038204943901 1
problem25 14.26 3819825754069 1
problem26 1.82 3971261545997 1
problem27 16.75 4128377311429 1
problem28 17.49 4020388339709 1
problem29 0.53 4120945697717 1
problem30 1.94 4003234534381 1
problem31 13.67 4389356628133 1
problem32 10.23 4163268188637 1
problem33 11.18 4045555867541 1
problem34 16.75 4217887306189 1
problem35 4.7 4232459782277 1
problem36 97.84 4043450342333 1
problem37 5.56 4398322869109 1
problem38 27.93 3918461949869 1
problem39 6.25 4374142972005 1
problem40 17.72 4032856188317 1
problem41 20.18 4952659783509 1
problem42 4.9 4483147908493 1
problem43 11.86 4202987692101 1
problem44 6.1 3812127094653 1
problem45 17.88 4209671127861 1
problem46 10.68 3360180829037 1
problem47 3.38 4716921493541 1
problem48 9.58 3942045569373 1
problem49 30.62 4414137786133 1
problem50 0.25 3765341845837 1
problem51 15.36 4073094993925 1
problem52 35.78 3895903367997 1
problem53 4.38 4097916912373 1
problem54 9.38 4485168348973 1
problem55 4.3 4304673857509 1
problem56 40.64 3837081083165 1
