problem0 0 5093733747960 0
problem1 0 5753775141906 0
problem2 0 5716869016908 0
problem3 0 7158578425637 0
problem4 0.01 6939978209957 0
problem5 0 6953540691161 0
problem6 0 5598450728722 0
problem7 0 5465147309287 0
problem8 0.01 6480128508037 0
problem9 0 6261400464476 0
problem10 0 6469530037020 0
problem11 0 6942081406095 0
problem12 0.01 5593477866208 0
problem13 0 5865994159132 0
problem14 0 6354629667090 0
problem15 0 4939915277953 0
problem16 0.01 6260116012476 0
problem17 0 7259184740954 0
problem18 0 5549473735148 0
problem19 0 7045013828075 0
problem20 0 5865204306481 0
problem21 0.01 7071403282367 0
problem22 0 8183358774157 0
problem23 0 6720807252073 0
problem24 0.01 6392397061474 0
problem25 0 6812765995025 0
problem26 0 5508084083909 0
problem27 0 6272861715686 0
problem28 0 6630853690514 0
problem29 0 6019767786041 0
problem30 0.01 8265696327933 0
problem31 0 7226252981628 0
problem32 0 7677951600660 0
problem33 0.01 6258908813019 0
problem34 0 5823101114930 0
problem35 0 7185256747094 0
problem36 0 6466011151406 0
problem37 0.01 6120367995817 0
problem38 0 6608279357584 0
problem39 0 6837108599423 0
problem40 0 6687817834294 0
problem41 0.01 7573854550054 0
problem42 0 6469605200550 0
problem43 0 6700659047795 0
problem44 0.01 7558823859271 0
problem45 0 6345450242117 0
problem46 0 6450716660407 0
problem47 0 7648653440908 0
problem48 0.01 4827767538667 0
problem49 0 4931535145903 0
problem50 0 4559327186378 0
problem51 0 6013252357511 0
problem52 0 6155126179009 0
problem53 0 6321811586555 0
problem54 0.01 6721267293845 0
problem55 0 7429990556789 0
problem56 0 6746520764282 0
problem57 0 5743389723172 0
problem58 0.01 7400015692156 0
problem59 0 6772228551745 0
problem60 0 6322419192292 0
problem61 0 5309443851699 0
problem62 0 6250398722567 0
problem63 0.01 6700141099979 0
problem64 0 6597089360241 0
problem65 0 6382903044447 0
problem66 0 6574098759609 0
problem67 0.01 6515777944099 0
problem68 0 5720739696478 0
problem69 0 6513319901324 0
problem70 0 7978294139636 0
problem71 0.01 7209780038750 0
problem72 0 5603492135769 0
problem73 0 7089785599918 0
problem74 0 7031966435416 0
problem75 0.01 7863867493464 0
problem76 0 6384583110430 0
problem77 0 6151120921601 0
problem78 0 6307159056001 0
problem79 0 5268874359922 0
problem80 0 6391013943363 0
problem81 0.01 6375213069214 0
problem82 0 5496462825786 0
problem83 0 5808690509963 0
problem84 0 6075889765309 0
problem85 0.01 7585196702933 0
problem86 0 6032709154213 0
problem87 0 6312798339508 0
problem88 0 5816851619439 0
problem89 0.01 5821827087750 0
problem90 0 4752228188121 0
problem91 0 6914461435015 0
problem92 0 7544207974404 0
problem93 0.01 3932549260632 0
problem94 0 6252702369100 0
problem95 0 5598206956876 0
problem96 0 6251271112203 0
problem97 0 4907464116893 0
problem98 0 6220093164828 0
problem99 0.01 4908108056304 0
