problem0 0.11 82091 621 1 0.02 3176.00
problem1 0.47 94056 544 1 0.01 2860.00
problem2 6.52 81910 2860 3 0.02 3612.00
problem3 107.92 98976 4976 2 0.01 3872.00
problem4 5.5 65785 1837 1 0.01 3236.00
problem5 291.63 65222 15871 3 0.08 9116.00
problem6 0.04 99211 200 1 0 5148.00
problem7 0.01 79139 99 1 0 2452.00
problem8 0.14 101702 461 1 0 2720.00
problem9 0.41 79471 1552 1 0.02 4216.00
problem10 0.05 87576 421 1 0.01 4216.00
problem11 0.05 93568 326 1 0 4216.00
problem12 0.18 86923 789 1 0.01 4216.00
problem13 0.06 102953 158 1 0.01 4216.00
problem14 0.41 77312 922 1 0.01 4216.00
problem15 60.76 88048 7541 1 0.02 6240.00
problem16 0.05 73967 579 1 0.01 3516.00
problem17 0.02 98694 124 1 0 3520.00
problem18 11.88 95121 2148 1 0.01 3544.00
problem19 0.04 83698 355 1 0.01 3544.00
problem20 8.27 93397 2966 1 0.02 4044.00
problem21 0.03 81584 278 1 0.01 4044.00
problem22 0.96 83936 2574 1 0.02 4124.00
problem23 0.04 79518 581 1 0.01 4124.00
problem24 0.12 95178 529 1 0.01 4124.00
problem25 0.74 89795 983 1 0.01 4124.00
problem26 4.34 82564 3642 1 0.01 4508.00
problem27 0.02 73348 417 1 0.01 4528.00
problem28 0.06 69466 567 1 0.02 4756.00
problem29 0.58 58187 2138 1 0.02 4756.00
problem30 0.08 83420 489 1 0.01 4756.00
problem31 0.04 103562 195 1 0.01 4756.00
problem32 0.05 74787 650 1 0.01 4756.00
problem33 0.04 74842 492 1 0.02 4756.00
problem34 0.19 91413 421 1 0.01 4756.00
problem35 0.04 79656 432 1 0.01 4756.00
problem36 0.02 80408 324 1 0 4756.00
problem37 0.09 90723 516 1 0.01 4756.00
problem38 264.17 101056 9328 1 0.02 5324.00
problem39 0.06 71953 698 1 0.02 5324.00
problem40 0.02 91300 209 1 0.01 3120.00
problem41 0.6 70105 934 1 0 3196.00
problem42 13.5 89471 4063 1 0.02 4512.00
problem43 0.04 79387 329 1 0.01 4544.00
problem44 0.55 74178 1465 1 0.02 4544.00
problem45 1.92 88756 887 1 0.01 4544.00
problem46 8.13 85005 3377 1 0.01 4544.00
problem47 0.15 73445 1129 1 0.02 4900.00
problem48 3.44 86463 1639 1 0.01 4900.00
problem49 1.1 106091 743 1 0 4900.00
problem50 0.36 77640 1093 1 0.01 4900.00
problem51 39.91 95718 4873 1 0.02 4900.00
problem52 0.29 69705 1922 1 0.03 5700.00
problem53 0.29 70136 1750 1 0.01 5700.00
problem54 1.81 88923 2797 1 0.02 3964.00
problem55 0.11 90397 645 1 0.01 3964.00
problem56 0.05 80944 397 1 0.01 3964.00
problem57 0.14 86945 835 1 0.01 4084.00
problem58 0.11 68552 1272 1 0.03 5212.00
problem59 5.13 92287 2943 1 0.02 5212.00
problem60 0.07 102303 285 1 0.01 5212.00
problem61 0.1 99362 443 1 0 2732.00
problem62 6.89 69701 5514 1 0.03 6884.00
problem63 4.08 87283 2436 1 0.01 6884.00
problem64 0.69 76943 1467 1 0.01 6884.00
problem65 0.06 87058 309 1 0.01 3064.00
problem66 1.12 73066 2481 1 0.01 4352.00
problem67 0.43 71629 1473 1 0.01 4352.00
problem68 0.05 83403 571 1 0 4352.00
problem69 0.15 74390 1256 1 0.02 4352.00
problem70 12.96 87598 3180 1 0.01 4400.00
problem71 0.06 84348 370 1 0 4400.00
problem72 3.28 64745 6317 1 0.04 6728.00
problem73 1.03 91860 758 1 0 6728.00
problem74 0.75 65963 1785 1 0.02 4256.00
problem75 498.74 94114 10207 1 0.02 5968.00
problem76 3.24 87347 2321 1 0.01 5968.00
problem77 0.22 74725 1575 1 0.02 4716.00
problem78 0.05 79585 270 1 0.01 4716.00
problem79 1 67496 2858 1 0.02 5744.00
problem80 0.01 81221 236 1 0 3380.00
problem81 0.22 85715 988 1 0.01 3380.00
problem82 0.16 76279 892 1 0.02 4464.00
problem83 10.47 73940 2659 1 0.01 4464.00
problem84 0.05 89995 272 1 0 4464.00
problem85 0.03 81773 317 1 0.01 4464.00
problem86 0.12 92265 313 1 0 4464.00
problem87 0.07 70400 530 1 0.01 4468.00
problem88 0.44 87689 839 1 0.01 4468.00
problem89 0.07 81435 376 1 0.01 4468.00
problem90 0.09 87694 324 1 0.01 4468.00
problem91 3.6 87343 2742 1 0.01 4556.00
problem92 0.08 98939 291 1 0.01 4556.00
problem93 0.09 86991 464 1 0.01 4556.00
problem94 0.85 73380 1396 1 0.02 4692.00
problem95 0.14 91527 595 1 0 4692.00
problem96 14.82 95560 5372 1 0.02 4944.00
problem97 23.38 102762 3947 1 0.02 4944.00
problem98 359.27 98681 7149 1 0.02 4408.00
problem99 0.91 71030 1930 1 0.02 4564.00
