problem0 0.06 1081321 1 2052.00
problem1 0.09 1169943 1 2120.00
problem2 0.09 1192181 1 2124.00
problem3 0.13 1195011 1 2124.00
problem4 0.12 1130177 1 2124.00
problem5 0.10 944303 1 2124.00
problem6 0.06 1029453 1 2124.00
problem7 0.06 1035291 1 2124.00
problem8 0.08 942233 1 2124.00
problem9 0.12 1118791 1 2124.00
problem10 0.06 1035429 1 2124.00
problem11 0.09 960307 1 2124.00
problem12 0.05 1033585 1 2124.00
problem13 0.06 1029855 1 2124.00
problem14 0.08 1005309 1 2124.00
problem15 0.06 1060171 1 2124.00
problem16 0.07 1002825 1 2124.00
problem17 0.10 1062519 1 2124.00
problem18 0.08 1193045 1 2124.00
problem19 0.07 1097315 1 2124.00
problem20 0.09 1071137 1 2124.00
problem21 0.08 979215 1 2124.00
problem22 0.12 1131693 1 2124.00
problem23 0.10 998011 1 2124.00
problem24 0.08 1099257 1 2124.00
problem25 0.07 1066663 1 2124.00
problem26 0.10 1107973 1 2124.00
problem27 0.09 1147283 1 2124.00
problem28 0.08 1111761 1 2124.00
problem29 0.06 1021759 1 2124.00
problem30 0.09 1048157 1 2124.00
problem31 0.09 1176491 1 2124.00
problem32 0.06 1002153 1 2124.00
problem33 0.06 901847 1 2124.00
problem34 0.06 1075125 1 2124.00
problem35 0.10 1077443 1 2124.00
problem36 0.11 1122689 1 2124.00
problem37 0.08 1059183 1 2124.00
problem38 0.12 1082381 1 2124.00
problem39 0.08 1038555 1 2124.00
problem40 0.12 1203033 1 2124.00
problem41 0.08 1026823 1 2124.00
problem42 0.09 1028965 1 2124.00
problem43 0.09 1149939 1 2124.00
problem44 0.10 1103921 1 2124.00
problem45 0.07 927647 1 2124.00
problem46 0.08 1070525 1 2124.00
problem47 0.11 1108491 1 2124.00
problem48 0.10 1079305 1 2124.00
problem49 0.12 1244983 1 2128.00
problem50 0.12 1198869 1 2128.00
problem51 0.11 1037091 1 2128.00
problem52 0.08 1055457 1 2128.00
problem53 0.08 1151439 1 2128.00
problem54 0.09 914285 1 2128.00
problem55 0.06 927547 1 2128.00
problem56 0.06 1155257 1 2128.00
problem57 0.11 1097575 1 2128.00
problem58 0.09 1027781 1 2128.00
problem59 0.09 1197651 1 2128.00
problem60 0.06 1042833 1 2128.00
problem61 0.06 976895 1 2128.00
problem62 0.06 1072413 1 2128.00
problem63 0.08 1052779 1 2128.00
problem64 0.08 1070441 1 2128.00
problem65 0.11 1141655 1 2128.00
problem66 0.11 1072757 1 2128.00
problem67 0.05 943491 1 2128.00
problem68 0.14 1197121 1 2128.00
problem69 0.07 1092143 1 2128.00
problem70 0.11 1217229 1 2128.00
problem71 0.07 1090971 1 2128.00
problem72 0.06 1087001 1 2128.00
problem73 0.12 1180615 1 2128.00
problem74 0.07 1137189 1 2128.00
problem75 0.06 1061043 1 2128.00
problem76 0.09 1125105 1 2128.00
problem77 0.08 972895 1 2128.00
problem78 0.05 922749 1 2128.00
problem79 0.08 1173195 1 2128.00
problem80 0.08 1041097 1 2128.00
problem81 0.08 1116151 1 2128.00
problem82 0.07 1090005 1 2128.00
problem83 0.09 1026019 1 2128.00
problem84 0.08 1056161 1 2128.00
problem85 0.08 1045135 1 2128.00
problem86 0.07 1073709 1 2128.00
problem87 0.10 1168379 1 2128.00
problem88 0.02 1031033 1 2128.00
problem89 0.09 1046567 1 2128.00
problem90 0.08 1127813 1 2128.00
problem91 0.05 1035027 1 2128.00
problem92 0.16 1285201 1 2132.00
problem93 0.06 981183 1 2132.00
problem94 0.06 1080285 1 2132.00
problem95 0.07 978219 1 2132.00
problem96 0.07 991273 1 2132.00
problem97 0.10 1004631 1 2132.00
problem98 0.10 988469 1 2132.00
problem99 0.09 1120835 1 2132.00
