problem0 1.02 426402905698517 3107 1 0.59 23148.00
problem1 0.17 502005052003816 361 1 0.09 15156.00
problem2 0.22 518386204993998 664 1 0.1 15156.00
problem3 0.55 545039930241077 842 1 0.11 15160.00
problem4 0.2 505001932623835 1759 1 0.15 15160.00
problem5 0.16 434470116579311 591 1 0.13 15160.00
problem6 0.37 504876165750134 1278 1 0.14 15160.00
problem7 0.47 457337913585228 1142 1 0.13 15160.00
problem8 0.15 539153457179549 767 1 0.1 15160.00
problem9 0.47 472445072369119 2057 1 0.17 15160.00
problem10 0.25 466643711524587 1259 1 0.14 15160.00
problem11 0.34 419723422667667 1139 1 0.1 15160.00
problem12 0.72 381963772790156 3445 2 0.51 24724.00
problem13 0.39 509214693316470 803 1 0.12 24724.00
problem14 0.52 452899013398147 2902 1 0.2 24724.00
problem15 0.11 538067290604727 239 1 0.08 24724.00
problem16 0.21 500346368749369 758 1 0.12 24724.00
problem17 0.4 519977590194421 525 1 0.07 24724.00
problem18 0.09 505084382730731 219 1 0.07 24724.00
problem19 0.17 436772867476088 505 1 0.11 24724.00
problem20 0.63 380634364325856 3948 2 0.4 24980.00
problem21 0.19 501425422007742 921 1 0.16 24980.00
problem22 0.41 475289568808310 1255 1 0.14 12880.00
problem23 0.59 502454319753523 1088 1 0.11 13992.00
problem24 0.18 558506183952895 354 1 0.08 13992.00
problem25 0.59 521274288843913 1340 1 0.15 14428.00
problem26 0.33 392307882253306 1505 1 0.14 14428.00
problem27 0.25 505961702762377 1074 1 0.13 14428.00
problem28 0.17 533163007973695 625 1 0.12 14428.00
problem29 0.18 581059567142513 297 1 0.08 14428.00
problem30 0.35 565129997190781 1074 1 0.13 14428.00
problem31 0.31 439127382570686 1654 1 0.16 14428.00
problem32 0.44 495563636505421 790 1 0.12 14428.00
problem33 0.8 596009273607158 940 1 0.12 14428.00
problem34 0.45 508208534305221 831 1 0.13 14428.00
problem35 0.18 571291888782608 682 1 0.11 14428.00
problem36 1.05 450362647071327 6048 2 0.62 31980.00
problem37 0.54 468766403210431 3356 1 0.25 31980.00
problem38 2.33 477813412950458 5892 1 0.26 14352.00
problem39 0.41 506804152821160 1747 1 0.21 16036.00
problem40 0.39 478528598782876 1266 1 0.19 16036.00
problem41 0.41 469224723831807 768 1 0.19 16036.00
problem42 0.26 508000992133568 728 1 0.19 16036.00
problem43 0.27 505988890417757 630 1 0.17 16036.00
problem44 0.22 553615947476926 374 1 0.11 16036.00
problem45 0.42 496509415512789 815 1 0.15 16036.00
problem46 0.46 608730654363353 568 1 0.06 16040.00
problem47 0.31 475494368432271 988 1 0.17 16040.00
problem48 0.26 498478688574706 819 1 0.19 16040.00
problem49 0.67 508090199790798 964 1 0.14 16040.00
problem50 0.29 541167708988034 742 1 0.15 16040.00
problem51 0.4 477873107696020 697 1 0.16 16040.00
problem52 0.69 407850533953851 4518 1 0.26 17012.00
problem53 0.56 479052240280866 1581 1 0.2 17012.00
problem54 0.6 486821598542883 2012 1 0.21 17012.00
problem55 0.24 569470565519455 954 1 0.14 17012.00
problem56 0.21 528422194358728 858 1 0.17 17012.00
problem57 0.59 537418767592932 807 1 0.13 17012.00
problem58 0.62 604304726189414 739 1 0.16 17012.00
problem59 0.3 469510084984307 1332 1 0.18 17012.00
problem60 0.29 537177644238242 531 1 0.13 17012.00
problem61 0.51 507682451706179 791 1 0.13 17012.00
problem62 0.83 463656328112442 3033 1 0.24 18220.00
problem63 0.2 493468635512371 501 1 0.18 18220.00
problem64 0.41 489676245974893 1521 1 0.2 18220.00
problem65 0.26 520051659790091 1161 1 0.19 18220.00
problem66 1.15 432108387632047 4713 1 0.22 18220.00
problem67 0.27 488948297813910 1228 1 0.2 18220.00
problem68 0.31 517776728742917 844 1 0.18 18220.00
problem69 0.97 456593184057782 2580 1 0.25 18348.00
problem70 1.89 469716625629568 2163 1 0.22 18348.00
problem71 0.52 523591908075422 1699 1 0.2 18348.00
problem72 0.9 426369557694753 2387 1 0.22 18348.00
problem73 0.52 512011955035351 962 1 0.15 18348.00
problem74 0.24 552806619767077 891 1 0.18 18348.00
problem75 0.2 497137383011237 523 1 0.18 18348.00
problem76 5.42 531249150692896 3113 1 0.2 18348.00
problem77 0.25 535696813443991 610 1 0.16 18348.00
problem78 0.21 531551585667764 429 1 0.14 18348.00
problem79 0.52 488102217428830 1968 1 0.19 18348.00
problem80 0.36 480352449511604 1355 1 0.2 18348.00
problem81 0.31 458427415470623 1414 1 0.19 18348.00
problem82 0.24 523604689445290 736 1 0.17 18348.00
problem83 0.46 499713435419293 1034 1 0.17 18348.00
problem84 0.38 514337751427767 1017 1 0.19 18348.00
problem85 1.55 530961033839827 1781 1 0.21 18348.00
problem86 0.61 454888707801720 1820 1 0.2 18348.00
problem87 0.75 439146313842499 2137 1 0.2 18348.00
problem88 0.15 581300938671540 332 1 0.08 18348.00
problem89 0.28 504651813276439 1307 1 0.19 18348.00
problem90 0.31 481626549428941 590 1 0.14 18348.00
problem91 0.35 532262487537710 962 1 0.2 18348.00
problem92 1.1 563357994020293 816 1 0.15 18348.00
problem93 0.54 568630410288981 515 1 0.11 18348.00
problem94 0.34 597164894662866 612 1 0.15 18348.00
problem95 0.87 445469534524117 4293 1 0.25 18348.00
problem96 0.18 525454560285802 401 1 0.11 18348.00
problem97 0.24 507116454351873 1313 1 0.19 18348.00
problem98 0.33 493635023241834 1582 1 0.23 18348.00
problem99 0.27 493744529438911 1176 1 0.2 18348.00
