problem0 0 308059 1
problem1 0 286208 1
problem2 0 286524 1
problem3 0 319845 1
problem4 0 292917 1
problem5 0 296514 1
problem6 0 268422 1
problem7 0 290775 1
problem8 0 299119 1
problem9 0 290660 1
problem10 0 276016 1
problem11 0 275497 1
problem12 0 325129 1
problem13 0 269158 1
problem14 0 270906 1
problem15 0 295003 1
problem16 0 271107 1
problem17 0 298056 1
problem18 0 296612 1
problem19 0 288365 1
problem20 0 307549 1
problem21 0 295946 1
problem22 0 290158 1
problem23 0 276575 1
problem24 0 252695 1
problem25 0 279724 1
problem26 0 295064 1
problem27 0 297009 1
problem28 0 293425 1
problem29 0 299054 1
problem30 0 248354 1
problem31 0 280547 1
problem32 0 313515 1
problem33 0 280720 1
problem34 0 308236 1
problem35 0 280949 1
problem36 0 311429 1
problem37 0 249810 1
problem38 0 305238 1
problem39 0 286439 1
problem40 0 269247 1
problem41 0 272372 1
problem42 0 274688 1
problem43 0 285241 1
problem44 0 308313 1
problem45 0 266998 1
problem46 0 268298 1
problem47 0 306539 1
problem48 0 230483 1
problem49 0 258776 1
problem50 0 321396 1
problem51 0 297597 1
problem52 0 304557 1
problem53 0 338330 1
problem54 0 264510 1
problem55 0 295791 1
problem56 0 291431 1
problem57 0 293180 1
problem58 0 321384 1
problem59 0 281153 1
problem60 0 312449 1
problem61 0 295870 1
problem62 0 289778 1
problem63 0 274675 1
problem64 0 308731 1
problem65 0 264992 1
problem66 0 295132 1
problem67 0 305541 1
problem68 0 311509 1
problem69 0 266594 1
problem70 0 299046 1
problem71 0 304631 1
problem72 0 278287 1
problem73 0 260228 1
problem74 0 263120 1
problem75 0 251977 1
problem76 0 289449 1
problem77 0 311942 1
problem78 0 337370 1
problem79 0 258683 1
problem80 0 269731 1
problem81 0 323944 1
problem82 0 286788 1
problem83 0 296589 1
problem84 0 274941 1
problem85 0 313130 1
problem86 0 294158 1
problem87 0 304767 1
problem88 0 311735 1
problem89 0 296396 1
problem90 0 296504 1
problem91 0 279633 1
problem92 0 313041 1
problem93 0 298830 1
problem94 0 296386 1
problem95 0 274947 1
problem96 0 244555 1
problem97 0 304560 1
problem98 0 304556 1
problem99 0 295317 1
