problem0 0.69 131233 788 1 0.59 22720.00
problem1 0.1 131426 489 1 0.04 15208.00
problem2 0.07 138797 623 1 0.03 15212.00
problem3 0.5 114023 1477 2 0.17 15212.00
problem4 0.08 129156 600 1 0.07 15212.00
problem5 0.39 125268 1901 2 0.19 15212.00
problem6 0.53 128539 2517 2 0.34 21748.00
problem7 0.23 145528 772 1 0.09 21748.00
problem8 0.2 123813 791 1 0.11 21748.00
problem9 0.34 135481 1069 1 0.11 21748.00
problem10 0.29 141216 940 1 0.1 21748.00
problem11 0.23 127891 1813 1 0.11 21748.00
problem12 0.17 134841 433 1 0.08 21748.00
problem13 0.49 135869 2604 2 0.32 21748.00
problem14 0.23 137493 750 1 0.1 21748.00
problem15 0.61 139759 1736 1 0.11 21748.00
problem16 0.33 122942 1197 1 0.1 21748.00
problem17 0.16 132968 751 1 0.1 21748.00
problem18 0.15 123948 618 1 0.09 21748.00
problem19 0.16 122102 1338 1 0.13 21748.00
problem20 0.38 127420 939 1 0.11 21748.00
problem21 0.45 113695 1595 1 0.16 21748.00
problem22 1.03 126804 1757 1 0.09 21748.00
problem23 0.15 120845 498 1 0.09 21748.00
problem24 0.39 141734 556 1 0.09 21748.00
problem25 0.09 150116 214 1 0.08 21748.00
problem26 0.56 139472 786 1 0.08 21752.00
problem27 0.14 149080 568 1 0.09 21752.00
problem28 0.35 119996 574 1 0.09 21752.00
problem29 0.15 150502 291 1 0.08 21752.00
problem30 0.57 109541 3161 2 0.37 21752.00
problem31 0.21 141277 740 1 0.12 21752.00
problem32 0.27 114642 1204 1 0.13 21752.00
problem33 0.21 114840 600 1 0.12 21752.00
problem34 0.26 154982 472 1 0.1 21752.00
problem35 0.44 136750 971 1 0.11 21752.00
problem36 0.35 138793 1263 1 0.12 21752.00
problem37 0.19 141447 1023 1 0.11 21752.00
problem38 0.28 111947 1769 1 0.13 21752.00
problem39 0.31 115831 2925 1 0.14 21752.00
problem40 0.35 126892 2013 1 0.13 21752.00
problem41 0.18 125437 624 1 0.11 21752.00
problem42 0.3 131186 1495 1 0.13 21752.00
problem43 0.29 137518 1504 1 0.12 21752.00
problem44 0.41 131367 1070 1 0.12 21752.00
problem45 0.24 132381 1513 1 0.13 21752.00
problem46 0.25 120905 774 1 0.13 21752.00
problem47 0.38 142833 1654 1 0.12 21752.00
problem48 0.26 139121 631 1 0.11 21752.00
problem49 0.15 136038 402 1 0.09 21752.00
problem50 0.27 153243 418 1 0.1 21752.00
problem51 0.16 138277 777 1 0.13 21752.00
problem52 0.45 123945 1594 1 0.14 21752.00
problem53 0.15 142977 478 1 0.1 21752.00
problem54 0.21 129862 596 1 0.12 21752.00
problem55 0.19 137028 1679 1 0.14 21752.00
problem56 0.26 118592 2423 1 0.14 21752.00
problem57 0.22 107311 1795 1 0.17 21752.00
problem58 0.27 135989 2676 1 0.15 21752.00
problem59 0.26 132500 1415 1 0.13 21752.00
problem60 0.22 155835 364 1 0.11 21752.00
problem61 0.37 140476 898 1 0.12 21752.00
problem62 0.37 119169 2416 1 0.14 21752.00
problem63 0.11 144345 289 1 0.1 21752.00
problem64 0.23 150486 642 1 0.1 21752.00
problem65 0.34 131028 1714 1 0.13 21752.00
problem66 0.31 138397 1229 1 0.13 21752.00
problem67 0.29 120154 2163 1 0.16 21752.00
problem68 0.61 122195 3263 2 0.5 24460.00
problem69 0.54 137971 1872 1 0.13 24460.00
problem70 0.14 147785 443 1 0.1 24460.00
problem71 0.77 105802 5422 2 0.48 24764.00
problem72 0.25 123399 972 1 0.2 24764.00
problem73 0.28 141625 808 1 0.17 24764.00
problem74 0.38 127697 2139 1 0.22 24764.00
problem75 0.4 140594 805 1 0.16 24764.00
problem76 0.23 127879 571 1 0.17 24764.00
problem77 0.2 148559 532 1 0.14 24764.00
problem78 0.45 117424 4865 1 0.26 24764.00
problem79 0.23 132773 688 1 0.18 24764.00
problem80 0.2 122527 414 1 0.17 24764.00
problem81 1.49 132577 2951 1 0.21 24764.00
problem82 0.44 136651 883 1 0.18 24764.00
problem83 0.43 128254 1078 1 0.18 24764.00
problem84 0.42 133569 1322 1 0.19 24764.00
problem85 0.37 106730 2362 1 0.22 24764.00
problem86 0.28 126385 1864 1 0.21 24764.00
problem87 0.29 140098 876 1 0.2 24764.00
problem88 0.24 134767 609 1 0.16 24764.00
problem89 0.23 136599 1189 1 0.21 24764.00
problem90 0.3 132514 1853 1 0.2 24764.00
problem91 0.24 129014 700 1 0.18 24764.00
problem92 0.19 152356 626 1 0.17 24764.00
problem93 0.23 150097 796 1 0.17 24764.00
problem94 0.17 141894 445 1 0.1 24764.00
problem95 0.54 134318 906 1 0.18 24764.00
problem96 0.3 147008 832 1 0.18 24764.00
problem97 0.36 147209 628 1 0.16 24764.00
problem98 0.53 134920 1431 1 0.17 24764.00
problem99 0.33 156002 504 1 0.14 24764.00
