problem0 0.43 2277668514954046 0
problem1 0.28 1953980256525923 0
problem2 0.47 2313779165148695 0
problem3 1 2550195832289065 0
problem4 0.29 2493045726707854 0
problem5 0.66 2471252804153623 0
problem6 0.94 2594730973103712 0
problem7 0.57 2159410866193107 0
problem8 0.79 1849424193448964 0
problem9 0.33 1840308743350057 0
problem10 0.72 2277158500753362 0
problem11 0.39 2046331723002768 0
problem12 0.45 2173903941211864 0
problem13 0.39 1747441891507420 0
problem14 0.76 2264434568595421 0
problem15 0.74 2392982874910964 0
problem16 1.1 2707258767923977 0
problem17 0.33 2242597887869203 0
problem18 0.51 1788399443508795 0
problem19 1.34 2237621823449187 0
problem20 0.6 2074261084761681 0
problem21 0.77 1739374188701557 0
problem22 0.52 2209273026593698 0
problem23 0.9 2711701331520012 0
problem24 0.57 2224331586420761 0
problem25 1.01 2503782118465733 0
problem26 0.68 2230580247841364 0
problem27 0.79 2395532306880546 0
problem28 0.22 2239089761410592 0
problem29 0.86 2069260076792199 0
problem30 0.8 2543488182579381 0
problem31 1.06 2103358407468711 0
