problem0 0 333108357 1
problem1 0 290396658 1
problem2 0 360198662 1
problem3 0 343884055 1
problem4 0 333888479 1
problem5 0 337052916 1
problem6 0 342388816 1
problem7 0 334628041 1
problem8 0 304133017 1
problem9 0 354721238 1
problem10 0 306143226 1
problem11 0 351091547 1
problem12 0 301553075 1
problem13 0 353969816 1
problem14 0 326273796 1
problem15 0 303093453 1
problem16 0 312319021 1
problem17 0 337625402 1
problem18 0 326425454 1
problem19 0 283879711 1
problem20 0 315678983 1
problem21 0 342847420 1
problem22 0 352361272 1
problem23 0 321741905 1
problem24 0 329702977 1
problem25 0 296555550 1
problem26 0 314668130 1
problem27 0 330865251 1
problem28 0 354266587 1
problem29 0 346910816 1
problem30 0 333345004 1
problem31 0 320126293 1
problem32 0 295160277 1
problem33 0 337061506 1
problem34 0 358873814 1
problem35 0 356523815 1
problem36 0 313920559 1
problem37 0 367310980 1
problem38 0 286120992 1
problem39 0 316797401 1
problem40 0 345091817 1
problem41 0 323389542 1
problem42 0 351354570 1
problem43 0 341591915 1
problem44 0 316034051 1
problem45 0 342153256 1
problem46 0 344370388 1
problem47 0 339612125 1
problem48 0 322690429 1
problem49 0 293718474 1
problem50 0 353636414 1
problem51 0 345318191 1
problem52 0 325107031 1
problem53 0 335241036 1
problem54 0 343323400 1
problem55 0 304098657 1
problem56 0 335783313 1
problem57 0 372079278 1
problem58 0 332218162 1
problem59 0 299942515 1
problem60 0 362655787 1
problem61 0 338943472 1
problem62 0 302104252 1
problem63 0 328029285 1
problem64 0 349984549 1
problem65 0 344730386 1
problem66 0 313760678 1
problem67 0 283325751 1
problem68 0 335246463 1
problem69 0 345498644 1
problem70 0 327262192 1
problem71 0 349738729 1
problem72 0 327107129 1
problem73 0 377383670 1
problem74 0 338949530 1
problem75 0 338594683 1
problem76 0 332290643 1
problem77 0 334430648 1
problem78 0 306587300 1
problem79 0 325256429 1
problem80 0 338409165 1
problem81 0 314755674 1
problem82 0 307305742 1
problem83 0 318952767 1
problem84 0 328249767 1
problem85 0 360629980 1
problem86 0 332735192 1
problem87 0 341552753 1
problem88 0 308741345 1
problem89 0 313907518 1
problem90 0 316924418 1
problem91 0 378413699 1
problem92 0 321047163 1
problem93 0 281723776 1
problem94 0 329933964 1
problem95 0 343909237 1
problem96 0 339508341 1
problem97 0 319956898 1
problem98 0 333124726 1
problem99 0 346850119 1
