problem0 0.95 653069543057924 85 1 0.73 34884.00
problem1 0.73 535237714596420 92 1 0.57 47596.00
problem2 0.91 590578257770975 94 1 0.62 56628.00
problem3 0.41 629765030771100 54 1 0.34 46848.00
problem4 0.46 675468917460321 84 1 0.29 46904.00
problem5 0.65 609813200534898 59 1 0.56 48960.00
problem6 0.61 633048941656679 71 1 0.48 52476.00
problem7 0.61 645780659410080 54 1 0.49 52476.00
problem8 0.82 658692331800104 62 1 0.61 52476.00
problem9 0.96 456659726316900 87 1 0.72 59040.00
problem10 0.68 587436215434846 80 1 0.51 47864.00
problem11 0.67 614455486410067 68 1 0.49 48880.00
problem12 0.58 745278371665623 48 1 0.49 52536.00
problem13 0.82 627610288207649 42 1 0.72 59100.00
problem14 0.91 588848750561276 67 1 0.73 59052.00
problem15 0.56 761487987635143 97 1 0.37 46512.00
problem16 0.64 646829098036580 88 1 0.54 49212.00
problem17 0.56 647828371018508 95 1 0.42 49212.00
problem18 0.76 602051117314214 47 1 0.68 57028.00
problem19 0.32 620248068513845 69 1 0.23 44400.00
problem20 0.83 598849517368775 89 1 0.57 48132.00
problem21 0.92 571994977885994 89 1 0.70 57764.00
problem22 0.66 647210801624328 55 1 0.55 47976.00
problem23 0.71 718789453934992 62 1 0.59 52392.00
problem24 0.61 724177709183782 71 1 0.41 52392.00
problem25 0.63 710395954850433 89 1 0.41 52392.00
problem26 1.07 577565531698037 65 1 0.93 67692.00
problem27 0.51 582758827641854 39 1 0.42 47660.00
problem28 0.81 645678221378674 80 1 0.59 52380.00
problem29 1.06 622419692660471 97 1 0.74 58052.00
problem30 0.65 629869140575859 76 1 0.46 47744.00
problem31 0.85 682620968432347 67 1 0.65 52512.00
problem32 0.52 687800758578389 62 1 0.43 52512.00
problem33 0.82 649418795894180 83 1 0.59 52512.00
problem34 0.93 446735078689469 50 1 0.83 60048.00
problem35 0.52 618049363449016 82 1 0.39 45764.00
problem36 0.66 653799349308271 48 1 0.58 48392.00
problem37 0.85 599813744719474 80 1 0.76 57600.00
problem38 0.60 730604228431279 53 1 0.52 46804.00
problem39 0.66 646547422047867 67 1 0.57 48992.00
problem40 0.49 658032834012579 69 1 0.39 49220.00
problem41 0.79 582224013064950 60 1 0.68 59084.00
problem42 0.80 576688971494916 44 1 0.72 59044.00
problem43 0.67 651691426390008 88 1 0.44 46316.00
problem44 0.95 651848543004054 84 1 0.70 60732.00
problem45 0.81 658797455459256 60 1 0.60 48528.00
problem46 0.78 587246022735702 103 1 0.55 48948.00
problem47 0.59 659208136805515 45 1 0.49 49084.00
problem48 0.90 655834822345517 109 1 0.64 58688.00
problem49 0.55 617683924339093 38 1 0.48 46784.00
problem50 0.62 628637489192528 77 1 0.47 48908.00
problem51 0.54 639542814151147 82 1 0.41 48984.00
problem52 0.65 678931244960639 76 1 0.49 52524.00
problem53 1.06 609828298055779 54 1 0.95 68160.00
problem54 0.43 660625334814422 50 1 0.36 47696.00
problem55 0.49 553154620216545 76 1 0.35 48476.00
problem56 0.60 626416674366295 57 1 0.49 48536.00
problem57 0.83 618906992168288 91 1 0.67 56840.00
problem58 0.75 583890816132973 78 1 0.63 56800.00
problem59 0.78 572665534787310 91 1 0.53 48836.00
problem60 0.89 624435371317341 100 1 0.57 49300.00
problem61 0.75 622157491783717 63 1 0.57 49300.00
problem62 0.63 609985153937937 74 1 0.41 49312.00
problem63 0.77 676709182966264 51 1 0.67 59064.00
problem64 0.87 525080901893345 50 1 0.75 57408.00
problem65 0.43 807420254563654 66 1 0.24 45064.00
problem66 0.58 583000746571357 82 1 0.48 46528.00
problem67 0.77 534730655688870 58 1 0.67 57004.00
problem68 0.49 625861798573693 69 1 0.37 44744.00
problem69 0.67 659212791273672 69 1 0.50 44972.00
problem70 0.71 703067994529823 35 1 0.62 51208.00
problem71 1.03 591490128009898 57 1 0.88 58984.00
problem72 0.73 594760189725652 74 1 0.59 48024.00
problem73 0.95 548354249351863 98 1 0.66 58672.00
problem74 0.79 703250420404011 57 1 0.64 49848.00
problem75 0.55 618120337515654 62 1 0.47 52908.00
problem76 0.59 755900675457374 86 1 0.41 52908.00
problem77 0.48 695206362429749 75 1 0.37 52908.00
problem78 0.73 598632927983333 79 1 0.53 52908.00
problem79 0.59 485316420917848 58 1 0.40 52908.00
problem80 0.77 658193820113658 72 1 0.62 52908.00
problem81 0.71 636313693394012 59 1 0.54 52908.00
problem82 0.62 664468139004524 79 1 0.50 52908.00
problem83 0.34 646098007449555 45 1 0.22 52908.00
problem84 0.89 673794229520423 92 1 0.58 52908.00
problem85 0.37 708084126095460 72 1 0.26 52908.00
problem86 0.50 682727705133035 53 1 0.39 52908.00
problem87 0.87 582236703241558 71 1 0.48 52908.00
problem88 0.66 648312053204467 61 1 0.56 52908.00
problem89 0.59 602848117692198 64 1 0.50 52908.00
problem90 0.69 584189870233043 69 1 0.54 52908.00
problem91 0.84 645539889965729 56 1 0.70 59080.00
problem92 0.77 643959997487105 51 1 0.67 57032.00
problem93 0.76 630777476246459 59 1 0.65 49108.00
problem94 0.67 510743392449249 101 1 0.50 49368.00
problem95 1.07 571378177498088 81 1 0.92 66312.00
problem96 0.73 634951518112335 62 1 0.48 46224.00
problem97 0.49 688993233442603 67 1 0.38 46436.00
problem98 0.56 629899044275881 83 1 0.44 46436.00
problem99 0.82 616634011977037 70 1 0.68 58764.00
