problem0 0 364981 1
problem1 0 344063 1
problem2 0 319202 1
problem3 0 369912 1
problem4 0 330359 1
problem5 0 332473 1
problem6 0 348084 1
problem7 0 366466 1
problem8 0 345049 1
problem9 0 373651 1
problem10 0 329254 1
problem11 0 305452 1
problem12 0 389083 1
problem13 0 355469 1
problem14 0 320568 1
problem15 0 349174 1
problem16 0 352381 1
problem17 0 362407 1
problem18 0 347114 1
problem19 0 324064 1
problem20 0 354239 1
problem21 0 323297 1
problem22 0 352060 1
problem23 0 310506 1
problem24 0 341921 1
problem25 0 363579 1
problem26 0 311342 1
problem27 0 356116 1
problem28 0 344611 1
problem29 0 362933 1
problem30 0 372928 1
problem31 0 352862 1
problem32 0 358725 1
problem33 0 348495 1
problem34 0 348914 1
problem35 0 323784 1
problem36 0 347911 1
problem37 0 355593 1
problem38 0 346308 1
problem39 0 332882 1
problem40 0 365929 1
problem41 0 313059 1
problem42 0 357430 1
problem43 0 337660 1
problem44 0 343659 1
problem45 0 354525 1
problem46 0 366408 1
problem47 0 352966 1
problem48 0 351245 1
problem49 0 326903 1
problem50 0 308218 1
problem51 0 336304 1
problem52 0 352335 1
problem53 0 355633 1
problem54 0 363596 1
problem55 0 294330 1
problem56 0 367921 1
problem57 0 344971 1
problem58 0 352830 1
problem59 0 348388 1
problem60 0 361651 1
problem61 0 313861 1
problem62 0 341968 1
problem63 0 341294 1
problem64 0 321749 1
problem65 0 330399 1
problem66 0 339714 1
problem67 0 378008 1
problem68 0 301975 1
problem69 0 364377 1
problem70 0 281044 1
problem71 0 342306 1
problem72 0 356089 1
problem73 0 369203 1
problem74 0 395846 1
problem75 0 330956 1
problem76 0 333051 1
problem77 0 372013 1
problem78 0 365144 1
problem79 0 334230 1
problem80 0 376733 1
problem81 0 358983 1
problem82 0 336906 1
problem83 0 350592 1
problem84 0 336095 1
problem85 0 340865 1
problem86 0 360796 1
problem87 0 378506 1
problem88 0 322241 1
problem89 0 369371 1
problem90 0 322638 1
problem91 0 318132 1
problem92 0 307011 1
problem93 0 332373 1
problem94 0 370400 1
problem95 0 397310 1
problem96 0 295013 1
problem97 0 355311 1
problem98 0 373522 1
problem99 0 360552 1
