problem0 0 467616658788 0
problem1 0 355001909660 0
problem2 0.01 365448563613 0
problem3 0.01 542893707027 0
problem4 0.01 405037191885 0
problem5 0 420776674080 0
problem6 0.01 452174884839 0
problem7 0 383638610761 0
problem8 0.01 361329591698 0
problem9 0.01 436648769154 0
problem10 0 404067524555 0
problem11 0.01 451781974071 0
problem12 0 357446561092 0
problem13 0.01 390083441509 0
problem14 0 413475179473 0
problem15 0 420853889965 0
problem16 0.01 404945273953 0
problem17 0 387999873890 0
problem18 0.01 268214255801 0
problem19 0 410255647090 0
problem20 0.01 402908869954 0
problem21 0 381892981978 0
problem22 0.01 485440387033 0
problem23 0 366784639605 0
problem24 0 412823710399 0
problem25 0.01 373992086385 0
problem26 0.01 456222437306 0
problem27 0 476951049966 0
problem28 0.01 314982231842 0
problem29 0 348541219478 0
problem30 0.01 438407267151 0
problem31 0 411063755686 0
problem32 0.01 358238793196 0
problem33 0 409238323149 0
problem34 0.01 422748556581 0
problem35 0 422741828736 0
problem36 0 404095399101 0
problem37 0.01 435637622107 0
problem38 0.01 442144426684 0
problem39 0 318122355755 0
problem40 0.01 407737958453 0
problem41 0.01 426747169602 0
problem42 0 468557874462 0
problem43 0 417933366005 0
problem44 0.01 349317001554 0
problem45 0 397949600531 0
problem46 0 378657637422 0
problem47 0.01 354902695318 0
problem48 0.01 474465561400 0
problem49 0 415361798286 0
problem50 0.01 434853991148 0
problem51 0 379428222234 0
problem52 0.01 504025533522 0
problem53 0 355316818844 0
problem54 0 357586108075 0
problem55 0.01 363145362667 0
problem56 0.01 355601831551 0
problem57 0.01 454119664156 0
problem58 0.01 424833589273 0
problem59 0 383042618330 0
problem60 0.01 418440646232 0
problem61 0 449053777918 0
problem62 0.01 406964538388 0
problem63 0 343504578733 0
problem64 0.01 419557692046 0
problem65 0 403014892373 0
problem66 0 322649953033 0
problem67 0.01 422988385637 0
problem68 0 351451468608 0
problem69 0.01 429632942507 0
problem70 0 335784336650 0
problem71 0.01 455548504674 0
problem72 0 403383721932 0
problem73 0 315315127956 0
problem74 0.01 343168953884 0
problem75 0 411873043614 0
problem76 0.01 377263720305 0
problem77 0 446958741098 0
problem78 0 421188290447 0
problem79 0.01 399283755101 0
problem80 0 409202948776 0
problem81 0.01 471921336436 0
problem82 0.01 447853218010 0
problem83 0 489937338909 0
problem84 0.01 454118910176 0
problem85 0.01 397532494350 0
problem86 0.01 446398040954 0
problem87 0 480307251445 0
problem88 0.01 388814390996 0
problem89 0 419295014249 0
problem90 0 379122260931 0
problem91 0.01 440939676974 0
problem92 0.01 424294416557 0
problem93 0 405488854039 0
problem94 0 422268431138 0
problem95 0.02 441575327529 0
problem96 0 487290680102 0
problem97 0.01 378207534104 0
problem98 0 347546844419 0
problem99 0.01 344991304961 0
