problem0 0.14 595177410351 1
problem1 0.17 654972737069 1
problem2 0.01 595430364699 1
problem3 0 618126532217 1
problem4 0.1 692130609863 1
problem5 0.15 585474429573 1
problem6 0.05 659142871347 1
problem7 0 699082743377 1
problem8 0.02 640471846239 1
problem9 0.04 697939783133 1
problem10 0.01 582909973323 1
problem11 0.13 710554266921 1
problem12 0.11 650919896823 1
problem13 0.01 610346108981 1
problem14 0.04 647194252387 1
problem15 0.37 580267633409 1
problem16 0.23 567250397071 1
problem17 0.02 592807133581 1
problem18 0.08 652952611963 1
problem19 0.35 607851755481 1
problem20 0.01 614450622247 1
problem21 0.14 687062759909 1
problem22 0.04 626707168147 1
problem23 0.15 608889533361 1
problem24 0.58 675579534783 1
problem25 0.11 603089473853 1
problem26 0.1 616962122155 1
problem27 0.02 673608728201 1
problem28 0.18 648543671127 1
problem29 0.99 556040152981 1
problem30 0.22 672888307395 1
problem31 0.25 679763884129 1
problem32 0.05 534169137135 1
problem33 0.01 629741657325 1
problem34 0.84 653088092891 1
problem35 0.02 647063404857 1
problem36 0.05 659296637831 1
problem37 0.04 668204962117 1
problem38 0.11 611764952563 1
problem39 0.07 601701923089 1
problem40 0.11 634740203039 1
problem41 0.03 600658551965 1
problem42 0.01 637016268811 1
problem43 0.06 629602795497 1
problem44 0.48 647292202935 1
problem45 0.49 693298935541 1
problem46 0.03 613695772963 1
problem47 0.19 628744451521 1
problem48 0 627598600271 1
problem49 0.07 671196325965 1
problem50 0.01 589450455355 1
problem51 0.02 593794251417 1
problem52 0.01 618209126375 1
problem53 0.02 587983575205 1
problem54 0.07 584290775123 1
problem55 0.13 685725544049 1
problem56 0.15 649585266303 1
problem57 0.08 651599620093 1
problem58 0.06 625378217579 1
problem59 0.27 682690998601 1
problem60 0.26 562152717335 1
problem61 0.13 667512403541 1
problem62 0.41 620483142531 1
problem63 1.59 624628409121 1
problem64 0.06 676341452975 1
problem65 0.27 619839693741 1
problem66 0.01 559739195291 1
problem67 0.04 615784473593 1
problem68 0.14 604783995975 1
problem69 0 646611079173 1
problem70 0.14 641967354547 1
problem71 0.51 618380202961 1
problem72 0.04 578948607711 1
problem73 0.03 692638980957 1
problem74 0.14 664144653515 1
problem75 0.03 589605278377 1
problem76 0.48 608693041271 1
problem77 1.04 673222337973 1
problem78 0.07 589572988387 1
problem79 0.14 644113776769 1
problem80 0.09 575705245967 1
problem81 0.06 607517085453 1
problem82 0.03 602530899451 1
problem83 0.03 683675516249 1
problem84 0 685305405607 1
problem85 0.16 678623754085 1
problem86 0.09 709537867027 1
problem87 0.2 602084583729 1
problem88 0 601572065087 1
problem89 0.1 679226310333 1
problem90 0.03 617375562539 1
problem91 0.02 627238380553 1
problem92 0.02 590097032407 1
problem93 0.19 655258436885 1
problem94 0.15 600830625859 1
problem95 0.1 640746016225 1
problem96 0.04 656869601647 1
problem97 0.28 591523670637 1
problem98 0.03 637149703259 1
problem99 0.39 613959763641 1
