problem0 0.1 59499501 1 3068.00
problem1 0.40 49707607 1 3328.00
problem2 0.17 60311834 1 3328.00
problem3 0.13 54929104 1 3328.00
problem4 0.00 58372015 1 3328.00
problem5 0.70 52080401 1 3328.00
problem6 0.39 54125292 1 3328.00
problem7 0.40 58110298 1 3328.00
problem8 0.19 55117841 1 3328.00
problem9 0.19 55557611 1 3328.00
problem10 0.47 52063838 1 3328.00
problem11 0.32 51767044 1 3328.00
problem12 0.00 59301651 1 3328.00
problem13 0.35 51892453 1 3328.00
problem14 0.37 55274864 1 3328.00
problem15 0.54 52904398 1 3328.00
problem16 0.11 55035573 1 3328.00
problem17 0.25 50475519 1 3328.00
problem18 0.29 49742370 1 3328.00
problem19 0.55 52714424 1 3328.00
problem20 0.40 55636215 1 3328.00
problem21 0.31 54872889 1 3328.00
problem22 0.33 53603956 1 3328.00
problem23 0.32 52883138 1 3328.00
problem24 0.41 49229785 1 3328.00
problem25 0.22 54044307 1 3328.00
problem26 0.13 55415910 1 3328.00
problem27 0.28 51565804 1 3328.00
problem28 0.09 61797723 1 3328.00
problem29 0.13 55504397 1 3328.00
problem30 0.34 50984440 1 3328.00
problem31 0.48 48236598 1 3328.00
problem32 0.48 48255869 1 3328.00
problem33 0.58 55569319 1 3076.00
problem34 0.36 57128234 1 3336.00
problem35 0.13 56926880 1 3336.00
problem36 0.18 54066239 1 3336.00
problem37 0.27 55740769 1 3336.00
problem38 0.34 54137852 1 3336.00
problem39 0.33 54451754 1 3336.00
problem40 0.90 47595937 1 3336.00
problem41 0.44 49729851 1 3336.00
problem42 0.16 56161390 1 3336.00
problem43 0.23 58660052 1 3336.00
problem44 0.22 56563107 1 3336.00
problem45 0.39 56618293 1 3336.00
problem46 0.29 57858176 1 3336.00
problem47 0.32 55689374 1 3336.00
problem48 0.33 54921797 1 3336.00
problem49 0.20 59647823 1 3336.00
problem50 0.39 56549938 1 3336.00
problem51 0.40 50953096 1 3336.00
problem52 0.16 57364871 1 3336.00
problem53 0.19 49867145 1 3336.00
problem54 0.13 55497604 1 3336.00
problem55 0.00 61407122 1 3336.00
problem56 0.28 54443369 1 3336.00
problem57 0.17 55098851 1 3336.00
problem58 0.28 54595190 1 3336.00
problem59 0.21 55387836 1 3336.00
problem60 0.26 46252011 1 3336.00
problem61 0.28 53562973 1 3336.00
problem62 0.12 62035208 1 3336.00
problem63 0.19 53930758 1 3336.00
problem64 0.19 59337485 1 3336.00
problem65 0.51 44786935 1 3336.00
problem66 0.42 47253818 1 3336.00
problem67 0.32 51734128 1 3072.00
problem68 0.18 60846287 1 3332.00
problem69 0.34 55503793 1 3332.00
problem70 0.00 55356684 1 3332.00
problem71 0.32 53465850 1 3332.00
problem72 0.21 57221937 1 3332.00
problem73 0.00 44887179 1 3332.00
problem74 0.23 53109374 1 3332.00
problem75 0.08 61835940 1 3332.00
problem76 0.08 58684467 1 3332.00
problem77 0.18 57250181 1 3332.00
problem78 0.25 58043280 1 3332.00
problem79 0.14 59377518 1 3332.00
problem80 0.39 52098517 1 3332.00
problem81 0.43 55977119 1 3332.00
problem82 0.31 55749186 1 3332.00
problem83 0.06 57336664 1 3332.00
problem84 0.24 57727511 1 3332.00
problem85 0.17 46862297 1 3332.00
problem86 0.12 59777172 1 3332.00
problem87 0.42 54384738 1 3332.00
problem88 0.19 49672953 1 3332.00
problem89 0.00 52550963 1 3332.00
problem90 0.08 58290310 1 3332.00
problem91 0.20 58245260 1 3332.00
problem92 0.13 54571643 1 3332.00
problem93 0.16 57620141 1 3332.00
problem94 0.15 55090200 1 3332.00
problem95 0.39 50697686 1 3332.00
problem96 0.28 46869149 1 3332.00
problem97 0.05 66905671 1 3332.00
problem98 0.03 66602314 1 3332.00
problem99 0.61 53244480 1 3332.00
