problem0 0.02 226760368713754 0
problem1 0.01 232252562137375 0
problem2 0.03 231716197678822 0
problem3 0.02 242522953978160 0
problem4 0.05 294577492965691 0
problem5 0.05 286782967561604 0
problem6 0.04 233327869349566 0
problem7 0.03 212023686134208 0
problem8 0.02 188847405343892 0
problem9 0.03 224008402438382 0
problem10 0.03 224204062375786 0
problem11 0.01 223114633076136 0
problem12 0.04 228337130053434 0
problem13 0.02 218217194037280 0
problem14 0.04 229928547377014 0
problem15 0.04 249701880126979 0
problem16 0.05 257778636257203 0
problem17 0.02 225889027313340 0
problem18 0.02 264512391825386 0
problem19 0.03 229469364047451 0
problem20 0.03 195740283885585 0
problem21 0.05 259716165441101 0
problem22 0.03 208015111133428 0
problem23 0.03 229859255678570 0
problem24 0.03 192141108732045 0
problem25 0.04 268834964767913 0
problem26 0.03 169277183128828 0
problem27 0.02 235018391455042 0
problem28 0.03 277688268793960 0
problem29 0.04 269272430081118 0
problem30 0.02 197403477177152 0
problem31 0.06 242919987497043 0
problem32 0.01 214440689742586 0
problem33 0.03 265280297107853 0
problem34 0.04 231031598240451 0
problem35 0.02 222893210033911 0
problem36 0.02 218007799307499 0
problem37 0.06 274946658489891 0
problem38 0.03 229388332844201 0
problem39 0.03 220248676813511 0
problem40 0.03 226173662065538 0
problem41 0.02 193389984979488 0
problem42 0.04 237589883836899 0
problem43 0.03 256831061032107 0
problem44 0.04 215467604483043 0
problem45 0.03 224562956514703 0
problem46 0.03 230948504198197 0
problem47 0.04 257221578388659 0
problem48 0.05 256556792650815 0
problem49 0.03 239734158915225 0
problem50 0.04 257039616315392 0
problem51 0.03 191982168746496 0
problem52 0.03 273081042150756 0
problem53 0.02 226745638111569 0
problem54 0.03 249588376636015 0
problem55 0.03 211885509792594 0
problem56 0.02 190452157001447 0
problem57 0.02 203794310715646 0
problem58 0.02 220506955421668 0
problem59 0.02 274290275931708 0
problem60 0.04 244743758191982 0
problem61 0.03 255395766994110 0
problem62 0.04 240484526689033 0
problem63 0.03 233801771237784 0
problem64 0.03 248063599793621 0
problem65 0.01 192698450362586 0
problem66 0.03 275927440436389 0
problem67 0.03 204062006761974 0
problem68 0.03 263908556153705 0
problem69 0.02 225258667371590 0
problem70 0.02 274746138917603 0
problem71 0.03 206815713131703 0
problem72 0.04 241875218500907 0
problem73 0.03 239147138509700 0
problem74 0.02 228941775470907 0
problem75 0.01 211200523252195 0
problem76 0.03 230610031681893 0
problem77 0.02 260328353038062 0
problem78 0.01 193475330236683 0
problem79 0.03 216371780615329 0
problem80 0.02 215630697114421 0
problem81 0.05 247229585573442 0
problem82 0.03 246184367199693 0
problem83 0.04 242999032785033 0
problem84 0.02 304061142851752 0
problem85 0.03 229579224160416 0
problem86 0.02 230266216770126 0
problem87 0.04 296419083489560 0
problem88 0.02 224467250274993 0
problem89 0.04 239677027341594 0
problem90 0.03 274792016134421 0
problem91 0.02 278431597160946 0
problem92 0.05 199449228461200 0
problem93 0.03 206581133689209 0
problem94 0.02 205984748574255 0
problem95 0.03 210554701227818 0
problem96 0.02 213659721052327 0
problem97 0.03 209810944730826 0
problem98 0.04 256368747735887 0
problem99 0.04 230213386866369 0
