problem0 1.51 170809 5 -120662328 6.95335e-310 0.00
problem1 13.19 160544 5 -120662328 6.95335e-310 0.00
problem2 23.68 151917 5 -120662328 6.95335e-310 0.00
problem3 6.2 151482 5 -120662328 6.95335e-310 0.00
problem4 7.02 139578 5 -120662328 6.95335e-310 0.00
problem5 19.47 162080 5 -120662328 6.95335e-310 0.00
problem6 2.14 160006 5 -120662328 6.95335e-310 0.00
problem7 5.26 166125 5 -120662328 6.95335e-310 0.00
problem8 17.58 154222 5 -120662328 6.95335e-310 0.00
problem9 2.81 157062 5 -120662328 6.95335e-310 0.00
problem10 4.82 135328 5 -120662328 6.95335e-310 0.00
problem11 11.23 148000 5 -120662328 6.95335e-310 0.00
problem12 25.09 168864 5 -120662328 6.95335e-310 0.00
problem13 1.8 171705 5 -120662328 6.95335e-310 0.00
problem14 21.94 149972 5 -120662328 6.95335e-310 0.00
problem15 8.17 129875 5 -120662328 6.95335e-310 0.00
problem16 3.83 157292 5 -120662328 6.95335e-310 0.00
problem17 4.31 160134 5 -120662328 6.95335e-310 0.00
problem18 22.5 144954 5 -120662328 6.95335e-310 0.00
problem19 3.02 151072 5 -120662328 6.95335e-310 0.00
problem20 60.99 165384 5 -120662328 6.95335e-310 0.00
problem21 20.94 161670 5 -120662328 6.95335e-310 0.00
problem22 63.87 159598 5 -120662328 6.95335e-310 0.00
problem23 6.44 165715 5 -120662328 6.95335e-310 0.00
problem24 6.79 134150 5 -120662328 6.95335e-310 0.00
problem25 10.44 163207 5 -120662328 6.95335e-310 0.00
problem26 17.73 174240 5 -120662328 6.95335e-310 0.00
problem27 2.83 154143 5 -120662328 6.95335e-310 0.00
problem28 79.55 148795 5 -120662328 6.95335e-310 0.00
problem29 4.21 158189 5 -120662328 6.95335e-310 0.00
problem30 6.41 143008 5 -120662328 6.95335e-310 0.00
problem31 14.19 162234 5 -120662328 6.95335e-310 0.00
problem32 8.62 150329 5 -120662328 6.95335e-310 0.00
problem33 26.71 166279 5 -120662328 6.95335e-310 0.00
problem34 7.58 157651 5 -120662328 6.95335e-310 0.00
problem35 4.6 170323 5 -120662328 6.95335e-310 0.00
problem36 3.09 171527 5 -120662328 6.95335e-310 0.00
problem37 3.01 180921 5 -120662328 6.95335e-310 0.00
problem38 5.18 159187 5 -120662328 6.95335e-310 0.00
problem39 9.31 125985 5 -120662328 6.95335e-310 0.00
problem40 5.43 166509 5 -120662328 6.95335e-310 0.00
problem41 4.94 162797 5 -120662328 6.95335e-310 0.00
problem42 11.98 173830 5 -120662328 6.95335e-310 0.00
problem43 3.76 166841 5 -120662328 6.95335e-310 0.00
problem44 14.77 148384 5 -120662328 6.95335e-310 0.00
problem45 8.61 138119 5 -120662328 6.95335e-310 0.00
problem46 11.56 149152 5 -120662328 6.95335e-310 0.00
problem47 1.27 168377 5 -120662328 6.95335e-310 0.00
problem48 6.42 169581 5 -120662328 6.95335e-310 0.00
problem49 12.53 165869 5 -120662328 6.95335e-310 0.00
problem50 12.43 170349 5 -120662328 6.95335e-310 0.00
problem51 17.4 150253 5 -120662328 6.95335e-310 0.00
problem52 2.24 164562 5 -120662328 6.95335e-310 0.00
problem53 2.64 147744 5 -120662328 6.95335e-310 0.00
problem54 1.95 152223 5 -120662328 6.95335e-310 0.00
problem55 1.19 151788 5 -120662328 6.95335e-310 0.00
problem56 6.44 166099 5 -120662328 6.95335e-310 0.00
problem57 15.98 136172 5 -120662328 6.95335e-310 0.00
problem58 3.45 147206 5 -120662328 6.95335e-310 0.00
problem59 7.13 159878 5 -120662328 6.95335e-310 0.00
problem60 7.52 141421 5 -120662328 6.95335e-310 0.00
problem61 15.58 144263 5 -120662328 6.95335e-310 0.00
problem62 3.06 155296 5 -120662328 6.95335e-310 0.00
problem63 2.07 161414 5 -120662328 6.95335e-310 0.00
problem64 46.76 156065 5 -120662328 6.95335e-310 0.00
problem65 2.59 158906 5 -120662328 6.95335e-310 0.00
problem66 3.51 156832 5 -120662328 6.95335e-310 0.00
problem67 17.21 149843 5 -120662328 6.95335e-310 0.00
problem68 6.08 157600 5 -120662328 6.95335e-310 0.00
problem69 16.03 147335 5 -120662328 6.95335e-310 0.00
problem70 26.52 164922 5 -120662328 6.95335e-310 0.00
problem71 7.14 151379 5 -120662328 6.95335e-310 0.00
problem72 4.4 178797 5 -120662328 6.95335e-310 0.00
problem73 31.74 148871 5 -120662328 6.95335e-310 0.00
problem74 7.89 159904 5 -120662328 6.95335e-310 0.00
problem75 11.53 159469 5 -120662328 6.95335e-310 0.00
problem76 17.47 160672 5 -120662328 6.95335e-310 0.00
problem77 4.47 150406 5 -120662328 6.95335e-310 0.00
problem78 20.53 148333 5 -120662328 6.95335e-310 0.00
problem79 7.08 147896 5 -120662328 6.95335e-310 0.00
problem80 19.83 149101 5 -120662328 6.95335e-310 0.00
problem81 145.33 165051 5 -120662328 6.95335e-310 0.00
problem82 44.63 189191 5 -120662328 6.95335e-310 0.00
problem83 8.18 169095 5 -120662328 6.95335e-310 0.00
problem84 0.78 157190 5 -120662328 6.95335e-310 0.00
problem85 3.69 153478 5 -120662328 6.95335e-310 0.00
problem86 12.6 157959 5 -120662328 6.95335e-310 0.00
problem87 26.36 157524 5 -120662328 6.95335e-310 0.00
problem88 6.35 178388 5 -120662328 6.95335e-310 0.00
problem89 4.7 155014 5 -120662328 6.95335e-310 0.00
problem90 0.92 139833 5 -120662328 6.95335e-310 0.00
problem91 10.64 145952 5 -120662328 6.95335e-310 0.00
problem92 5.64 166816 5 -120662328 6.95335e-310 0.00
problem93 2.7 149996 5 -120662328 6.95335e-310 0.00
problem94 17.24 134817 5 -120662328 6.95335e-310 0.00
problem95 83.01 134382 5 -120662328 6.95335e-310 0.00
problem96 0.44 142137 5 -120662328 6.95335e-310 0.00
problem97 69.2 151534 5 -120662328 6.95335e-310 0.00
problem98 5.72 169120 5 -120662328 6.95335e-310 0.00
problem99 2.72 175238 5 -120662328 6.95335e-310 0.00
