problem0 0 1240140 1
problem1 0 995938 1
problem2 0 1117705 1
problem3 0 1113819 1
problem4 0 1073294 1
problem5 0 1255548 1
problem6 0 955675 1
problem7 0 1042309 1
problem8 0 1105648 1
problem9 0 1134134 1
problem10 0 1098573 1
problem11 0 1071311 1
problem12 0 1075570 1
problem13 0 982416 1
problem14 0 1141407 1
problem15 0 965817 1
problem16 0 1024532 1
problem17 0 995466 1
problem18 0 1244433 1
problem19 0 1088835 1
problem20 0 1100502 1
problem21 0 950564 1
problem22 0 1051811 1
problem23 0 1123437 1
problem24 0 1066424 1
problem25 0 1124702 1
problem26 0 969557 1
problem27 0 1088567 1
problem28 0 988346 1
problem29 0 1049400 1
problem30 0 1116967 1
problem31 0 1142433 1
problem32 0 1038812 1
problem33 0 1116338 1
problem34 0 933401 1
problem35 0 1090987 1
problem36 0 939806 1
problem37 0 1102796 1
problem38 0 1013291 1
problem39 0 1076053 1
problem40 0 1109632 1
problem41 0 1252998 1
problem42 0 1140061 1
problem43 0 1149343 1
problem44 0 991746 1
problem45 0 1131232 1
problem46 0 1007023 1
problem47 0 1010313 1
problem48 0 1184676 1
problem49 0 932570 1
problem50 0 1102113 1
problem51 0 1021971 1
problem52 0 1115494 1
problem53 0 1155188 1
problem54 0 1167795 1
problem55 0 1260605 1
problem56 0 1104200 1
problem57 0 1158574 1
problem58 0 1085797 1
problem59 0 1089799 1
problem60 0 1053002 1
problem61 0 1096840 1
problem62 0 1106487 1
problem63 0 995441 1
problem64 0 1167212 1
problem65 0 1132290 1
problem66 0 996905 1
problem67 0 1012859 1
problem68 0 1168814 1
problem69 0 1009436 1
problem70 0 958267 1
problem71 0 1087269 1
problem72 0 951824 1
problem73 0 1103574 1
problem74 0 1003373 1
problem75 0 1303151 1
problem76 0 1139346 1
problem77 0 1110064 1
problem78 0 989375 1
problem79 0 1032281 1
problem80 0 1051956 1
problem81 0 1060138 1
problem82 0 978225 1
problem83 0 1030883 1
problem84 0 1034230 1
problem85 0 1157060 1
problem86 0 1040067 1
problem87 0 1047565 1
problem88 0 1045720 1
problem89 0 1022462 1
problem90 0 1089397 1
problem91 0 1068503 1
problem92 0 1119706 1
problem93 0 1039832 1
problem94 0 1147207 1
problem95 0 1120833 1
problem96 0 1002748 1
problem97 0 1043794 1
problem98 0 1046073 1
problem99 0 944971 1
