problem0 0.01 489274432 1
problem1 0.01 427094627 0
problem2 0.03 430087010 0
problem3 0.03 444954008 0
problem4 0 449184314 1
problem5 0.03 417697513 0
problem6 0.01 447888651 1
problem7 0.03 477421450 0
problem8 0.01 443966996 1
problem9 0.03 524349132 0
problem10 0.03 425096598 0
problem11 0.02 410155483 0
problem12 0.04 427479508 0
problem13 0.02 474760200 0
problem14 0.05 424632066 0
problem15 0.03 500131480 0
problem16 0 565579624 1
problem17 0.04 418980011 0
problem18 0.02 353432394 0
problem19 0.03 435038123 0
problem20 0.02 470272228 0
problem21 0.02 466056875 1
problem22 0.01 382536819 1
problem23 0.02 521445138 0
problem24 0.03 545687618 0
problem25 0 445093901 1
problem26 0.04 375219327 0
problem27 0.02 429788902 0
problem28 0.03 479836023 0
problem29 0.03 360462032 0
problem30 0.01 437097831 1
problem31 0.01 495786260 1
problem32 0 385065104 1
problem33 0.03 500983027 0
problem34 0.02 373627185 1
problem35 0.04 444448679 0
problem36 0.02 426470795 0
problem37 0 397775994 0
problem38 0.04 370231774 0
problem39 0.03 469197979 0
problem40 0.05 414656615 0
problem41 0.02 455972697 0
problem42 0.03 378495336 0
problem43 0.01 371116522 1
problem44 0.03 503692066 0
problem45 0.02 421830553 0
problem46 0.04 389446096 0
problem47 0.02 382210461 0
problem48 0.05 444133305 0
problem49 0.03 423051069 0
problem50 0.01 453086489 1
problem51 0.03 417906098 0
problem52 0.04 478113849 0
problem53 0.02 421554237 0
problem54 0.01 410613059 1
problem55 0.04 476688424 0
problem56 0 554616460 1
problem57 0.01 393964703 0
problem58 0.04 446622804 0
problem59 0.01 442051314 1
problem60 0.04 482172107 0
problem61 0.02 434503266 0
problem62 0.02 414485560 0
problem63 0.05 494719013 0
problem64 0 415005920 1
problem65 0.03 478293892 0
problem66 0.04 485019394 0
problem67 0.02 390308280 0
problem68 0.03 364007646 0
problem69 0 483947011 1
problem70 0.04 400559791 0
problem71 0 521666984 1
problem72 0 443802292 1
problem73 0.04 538548205 0
problem74 0.01 488539445 1
problem75 0.04 504476157 0
problem76 0.01 413080686 1
problem77 0.02 415290153 0
problem78 0.02 542264483 0
problem79 0.05 386389166 0
problem80 0.04 487901193 0
problem81 0.03 529905098 0
problem82 0.02 427646700 0
problem83 0.02 486730687 0
problem84 0.03 475172741 0
problem85 0.03 470692300 0
problem86 0.04 402626068 0
problem87 0.01 504289585 0
problem88 0.05 514653406 0
problem89 0.02 403740974 0
problem90 0.02 444640286 0
problem91 0.02 443342596 0
problem92 0.01 308902423 0
problem93 0.03 454401521 0
problem94 0.03 465189643 0
problem95 0.03 438673209 0
problem96 0.03 431509809 0
problem97 0.01 413815313 1
problem98 0.01 471973073 1
problem99 0.02 419109832 0
