problem0 0 856556 1
problem1 0 985642 1
problem2 0 761592 1
problem3 0 874454 1
problem4 0 761924 1
problem5 0 960450 1
problem6 0 803280 1
problem7 0 902638 1
problem8 0 782236 1
problem9 0 835162 1
problem10 0 906664 1
problem11 0 941318 1
problem12 0 843764 1
problem13 0 962034 1
problem14 0 932480 1
problem15 0 949534 1
problem16 0 905548 1
problem17 0 939658 1
problem18 0 839768 1
problem19 0 886326 1
problem20 0 861092 1
problem21 0 956450 1
problem22 0 882480 1
problem23 0 776270 1
problem24 0 964348 1
problem25 0 938682 1
problem26 0 921352 1
problem27 0 873318 1
problem28 0 813908 1
problem29 0 878162 1
problem30 0 915424 1
problem31 0 808830 1
problem32 0 860332 1
problem33 0 930538 1
problem34 0 987576 1
problem35 0 902294 1
problem36 0 833284 1
problem37 0 923778 1
problem38 0 965776 1
problem39 0 948910 1
problem40 0 953948 1
problem41 0 751386 1
problem42 0 907368 1
problem43 0 940486 1
problem44 0 951988 1
problem45 0 798386 1
problem46 0 869696 1
problem47 0 836062 1
problem48 0 786444 1
problem49 0 892746 1
problem50 0 844568 1
problem51 0 889590 1
problem52 0 875108 1
problem53 0 960738 1
problem54 0 856560 1
problem55 0 961806 1
problem56 0 849340 1
problem57 0 895866 1
problem58 0 897480 1
problem59 0 946214 1
problem60 0 832020 1
problem61 0 952082 1
problem62 0 762528 1
problem63 0 834622 1
problem64 0 880492 1
problem65 0 891818 1
problem66 0 869496 1
problem67 0 913750 1
problem68 0 691652 1
problem69 0 969026 1
problem70 0 849744 1
problem71 0 913262 1
problem72 0 847132 1
problem73 0 847834 1
problem74 0 793384 1
problem75 0 759430 1
problem76 0 847220 1
problem77 0 913266 1
problem78 0 921600 1
problem79 0 837278 1
problem80 0 847564 1
problem81 0 862218 1
problem82 0 767448 1
problem83 0 843702 1
problem84 0 905508 1
problem85 0 915874 1
problem86 0 781488 1
problem87 0 868814 1
problem88 0 914556 1
problem89 0 902202 1
problem90 0 1021064 1
problem91 0 904422 1
problem92 0 768212 1
problem93 0 878546 1
problem94 0 888160 1
problem95 0 844030 1
problem96 0 818732 1
problem97 0 869482 1
problem98 0 833336 1
problem99 0 941590 1
