problem0 0.01 2003571163204951 0
problem1 0.03 1991471177441010 0
problem2 0.03 1850197320276088 0
problem3 0.02 1808227518064199 0
problem4 0.08 2141757028621906 0
problem5 0.04 2221923433276757 0
problem6 0.04 2027730847849799 0
problem7 0.04 1619398582827602 0
problem8 0.01 1772144195722803 0
problem9 0.03 1648975473328877 0
problem10 0.02 1701947698896370 0
problem11 0.03 2158255102528660 0
problem12 0.02 2181069783577392 0
problem13 0.03 1537631151137338 0
problem14 0.02 1848409665220888 0
problem15 0.05 1973736114318904 0
problem16 0.03 2175326939969234 0
problem17 0.02 1826777954898555 0
problem18 0.03 1742256023049668 0
problem19 0.03 1619252072040646 0
problem20 0.02 1866997968753917 0
problem21 0.02 1614314490973685 0
problem22 0.01 2055194649521196 0
problem23 0.04 1918709126485939 0
problem24 0.04 1898583170334587 0
problem25 0.04 2045645776172749 0
problem26 0.04 2139602038858174 0
problem27 0.04 2170158856620734 0
problem28 0.06 2423934973669555 0
problem29 0.05 1799792625130667 0
problem30 0.04 2202912686068057 0
problem31 0.04 1615110499496036 0
problem32 0.02 1656999944081618 0
problem33 0.01 1567102076099096 0
problem34 0.04 2130987691739808 0
problem35 0.03 2070072743985022 0
problem36 0.03 1959634223183801 0
problem37 0.06 1911019958109473 0
problem38 0.02 1777500723498110 0
problem39 0.04 1909098535133122 0
problem40 0.03 1739101667518943 0
problem41 0.03 1847055488536537 0
problem42 0.02 2313467840196820 0
problem43 0.02 1646613763012417 0
problem44 0.04 1851540908961077 0
problem45 0.02 1561569095890319 0
problem46 0.03 2095720228000317 0
problem47 0.04 1858110509182979 0
problem48 0.04 2015775414903286 0
problem49 0.02 1699885602247078 0
problem50 0.03 1875520750143926 0
problem51 0.03 1581764865604686 0
problem52 0.01 1873969976444570 0
problem53 0.03 1985964242553169 0
problem54 0.02 1832885133985468 0
problem55 0.02 2006288496256095 0
problem56 0.03 1896894231767950 0
problem57 0.02 1787091062526162 0
problem58 0.03 2155647418190660 0
problem59 0.05 2086285436647404 0
problem60 0.02 2127107671431774 0
problem61 0.03 2331273725890885 0
problem62 0.02 1841373483957072 0
problem63 0.04 1641176657823209 0
problem64 0.03 1409147879611099 0
problem65 0.01 2022285814775639 0
problem66 0.03 2404581970945137 0
problem67 0.02 1646621266316016 0
problem68 0.06 1776836561043415 0
problem69 0.04 1931700714403664 0
problem70 0.01 1928411640875628 0
problem71 0.03 1825296837347325 0
problem72 0.03 2018686013149800 0
problem73 0.03 1822443886074949 0
problem74 0.05 2076121309558491 0
problem75 0.06 1706536337409674 0
problem76 0.03 1901867699975065 0
problem77 0.03 2230653197636218 0
problem78 0.05 1741587704879482 0
problem79 0.04 2274657553869779 0
problem80 0.02 1675782142414247 0
problem81 0.04 1865710701659714 0
problem82 0.03 1952626410308992 0
problem83 0.04 1703150484319013 0
problem84 0.04 1588290728862762 0
problem85 0.02 1936021270365088 0
problem86 0.03 1919116142675607 0
problem87 0.03 1475095566739703 0
problem88 0.04 2089238981624926 0
problem89 0.03 1893342516025828 0
problem90 0.03 2174748111028161 0
problem91 0.03 1756175231519466 0
problem92 0.03 1765153798795584 0
problem93 0.03 1754693506889461 0
problem94 0.03 1982795542447132 0
problem95 0.04 1899404579112954 0
problem96 0.01 1744179907214720 0
problem97 0.02 1687554576737906 0
problem98 0.02 1910034246762777 0
problem99 0.03 1901471068193671 0
