problem0 0.01 79522388 1 2372.00
problem1 0.01 90065029 1 2428.00
problem2 0.01 90981813 1 2428.00
problem3 0.01 89777210 1 2428.00
problem4 0.01 93353806 1 2428.00
problem5 0.01 87465095 1 2428.00
problem6 0.01 80827231 1 2428.00
problem7 0.01 81955500 1 2428.00
problem8 0.01 90364968 1 2428.00
problem9 0.02 87068137 1 2428.00
problem10 0.01 92918249 1 2428.00
problem11 0.01 87661438 1 2428.00
problem12 0.02 89342690 1 2428.00
problem13 0.01 89624235 1 2428.00
problem14 0.01 88316755 1 2428.00
problem15 0.01 84768944 1 2428.00
problem16 0.02 86062460 1 2428.00
problem17 0.01 89223373 1 2428.00
problem18 0.01 85879197 1 2428.00
problem19 0.01 88859714 1 2428.00
problem20 0.01 80158198 1 2428.00
problem21 0.01 88106575 1 2428.00
problem22 0.01 95803079 1 2428.00
problem23 0.01 95682612 1 2428.00
problem24 0.00 87311952 1 2428.00
problem25 0.01 84214065 1 2428.00
problem26 0.01 101407953 1 2428.00
problem27 0.01 88624774 1 2428.00
problem28 0.02 86431882 1 2428.00
problem29 0.01 94385011 1 2428.00
problem30 0.02 89150907 1 2428.00
problem31 0.01 94417208 1 2428.00
problem32 0.01 94756516 1 2428.00
problem33 0.01 99962645 1 2428.00
problem34 0.01 93322117 1 2428.00
problem35 0.00 102525514 1 2428.00
problem36 0.02 81478302 1 2428.00
problem37 0.01 86771223 1 2428.00
problem38 0.01 100231215 1 2428.00
problem39 0.01 91495356 1 2428.00
problem40 0.00 93179512 1 2428.00
problem41 0.01 95578745 1 2428.00
problem42 0.01 80319929 1 2428.00
problem43 0.01 86755214 1 2428.00
problem44 0.02 87764018 1 2428.00
problem45 0.01 90107451 1 2428.00
problem46 0.02 72703523 1 2428.00
problem47 0.01 77909952 1 2428.00
problem48 0.01 101836236 1 2428.00
problem49 0.01 74605405 1 2428.00
problem50 0.01 95648621 1 2428.00
problem51 0.01 93320786 1 2428.00
problem52 0.01 80438598 1 2428.00
problem53 0.01 87686111 1 2428.00
problem54 0.01 96896919 1 2428.00
problem55 0.01 96427332 1 2428.00
problem56 0.00 107345056 1 2428.00
problem57 0.02 68241857 1 2428.00
problem58 0.00 103218337 1 2428.00
problem59 0.01 85493398 1 2428.00
problem60 0.01 87997914 1 2428.00
problem61 0.01 84164355 1 2428.00
problem62 0.02 82654347 1 2428.00
problem63 0.00 90592328 1 2428.00
problem64 0.01 97241844 1 2428.00
problem65 0.01 80817573 1 2428.00
problem66 0.01 85682517 1 2428.00
problem67 0.01 88803418 1 2428.00
problem68 0.01 104203758 1 2428.00
problem69 0.01 101369767 1 2428.00
problem70 0.01 78099711 1 2428.00
problem71 0.01 97666252 1 2428.00
problem72 0.02 85145800 1 2428.00
problem73 0.00 98180873 1 2428.00
problem74 0.02 90575241 1 2428.00
problem75 0.00 98765726 1 2428.00
problem76 0.01 88083842 1 2428.00
problem77 0.00 102802891 1 2428.00
problem78 0.01 80894195 1 2428.00
problem79 0.02 85049040 1 2428.00
problem80 0.00 106565148 1 2428.00
problem81 0.01 100281837 1 2428.00
problem82 0.00 100287805 1 2428.00
problem83 0.00 93462626 1 2428.00
problem84 0.01 93955222 1 2428.00
problem85 0.01 85911919 1 2428.00
problem86 0.01 80179303 1 2428.00
problem87 0.01 101274196 1 2428.00
problem88 0.01 97262320 1 2428.00
problem89 0.01 94726737 1 2428.00
problem90 0.01 82400369 1 2428.00
problem91 0.01 88069798 1 2428.00
problem92 0.01 86874922 1 2428.00
problem93 0.02 94675603 1 2428.00
problem94 0.00 90131291 1 2428.00
problem95 0.01 104042328 1 2428.00
problem96 0.01 86191940 1 2428.00
problem97 0.01 95806517 1 2428.00
problem98 0.01 90345253 1 2428.00
problem99 0.01 88718954 1 2428.00
