problem0 0 6700445 1
problem1 0 6425194 1
problem2 0 5333918 1
problem3 0 5797263 1
problem4 0 6234359 1
problem5 0 5453932 1
problem6 0 6743016 1
problem7 0 6718017 1
problem8 0 6668465 1
problem9 0 5341262 1
problem10 0 5865874 1
problem11 0 6008275 1
problem12 0 5846731 1
problem13 0 5612560 1
problem14 0 6768284 1
problem15 0 6646341 1
problem16 0 6094149 1
problem17 0 6702514 1
problem18 0 5217542 1
problem19 0 6031767 1
problem20 0 6221343 1
problem21 0.01 6416180 1
problem22 0 6639312 1
problem23 0 5815753 1
problem24 0 6898521 1
problem25 0 6613654 1
problem26 0 5801466 1
problem27 0 6265051 1
problem28 0 6330099 1
problem29 0 5476824 1
problem30 0 6343812 1
problem31 0 6655181 1
problem32 0 6152941 1
problem33 0 5766906 1
problem34 0 6229102 1
problem35 0 6187935 1
problem36 0 6324551 1
problem37 0 6566908 1
problem38 0 5738424 1
problem39 0 5433169 1
problem40 0 5778433 1
problem41 0 5509854 1
problem42 0 5505122 1
problem43 0 7246307 1
problem44 0 6487323 1
problem45 0 6249888 1
problem46 0 4548716 1
problem47 0 6151509 1
problem48 0.01 6516373 1
problem49 0 6534722 1
problem50 0 5910998 1
problem51 0 6560679 1
problem52 0 6445679 1
problem53 0 6463172 1
problem54 0 5777056 1
problem55 0 6913753 1
problem56 0 6355625 1
problem57 0 5470502 1
problem58 0 5140682 1
problem59 0 5839083 1
problem60 0 5957955 1
problem61 0 7178088 1
problem62 0 7051860 1
problem63 0 6216669 1
problem64 0 6037565 1
problem65 0 6679434 1
problem66 0 6524222 1
problem67 0 5609903 1
problem68 0 6224279 1
problem69 0 5613452 1
problem70 0 5608328 1
problem71 0 5833825 1
problem72 0 6696785 1
problem73 0 6004078 1
problem74 0 6182706 1
problem75 0 5746163 1
problem76 0 6216555 1
problem77 0 5934896 1
problem78 0 6152764 1
problem79 0 5834853 1
problem80 0 5928933 1
problem81 0.01 7020242 1
problem82 0 5873318 1
problem83 0 5989815 1
problem84 0 5299903 1
problem85 0 5885524 1
problem86 0 5396080 1
problem87 0 5896169 1
problem88 0 6179321 1
problem89 0 6619062 1
problem90 0 6960026 1
problem91 0 6738171 1
problem92 0 6116243 1
problem93 0 5960952 1
problem94 0 5685284 1
problem95 0 6087405 1
problem96 0 5830029 1
problem97 0 6279194 1
problem98 0 5694990 1
problem99 0 6160319 1
