problem0 7.77 781220863829807 5 -1324940184 6.95329e-310 0.00
problem1 16.16 920055927325659 5 -1324940184 6.95329e-310 0.00
problem2 28.27 949901864414122 5 -1324940184 6.95329e-310 0.00
problem3 9.63 998708056872819 5 -1324940184 6.95329e-310 0.00
problem4 32.96 925436716091095 5 -1324940184 6.95329e-310 0.00
problem5 15.05 796322488666911 5 -1324940184 6.95329e-310 0.00
problem6 11.24 925197205425225 5 -1324940184 6.95329e-310 0.00
problem7 7.6 838086044805817 5 -1324940184 6.95329e-310 0.00
problem8 13.09 988041631779468 5 -1324940184 6.95329e-310 0.00
problem9 14.09 865747521769232 5 -1324940184 6.95329e-310 0.00
problem10 13.56 855148373507899 5 -1324940184 6.95329e-310 0.00
problem11 14.82 768984226424204 5 -1324940184 6.95329e-310 0.00
problem12 7.7 699939859446011 5 -1324940184 6.95329e-310 0.00
problem13 7.71 933148730793216 5 -1324940184 6.95329e-310 0.00
problem14 5.8 829773504954199 5 -1324940184 6.95329e-310 0.00
problem15 4.61 986139684610797 5 -1324940184 6.95329e-310 0.00
problem16 6.7 917028132499928 5 -1324940184 6.95329e-310 0.00
problem17 4.11 952790220047221 5 -1324940184 6.95329e-310 0.00
problem18 21.24 925749779019802 5 -1324940184 6.95329e-310 0.00
problem19 18.67 800496767718186 5 -1324940184 6.95329e-310 0.00
problem20 16.5 697418982779183 5 -1324940184 6.95329e-310 0.00
problem21 21.07 919047944204994 5 -1324940184 6.95329e-310 0.00
problem22 12.84 870972664749139 5 -1324940184 6.95329e-310 0.00
problem23 12.53 920599590956394 5 -1324940184 6.95329e-310 0.00
problem24 20 1023504135956165 5 -1324940184 6.95329e-310 0.00
problem25 27.95 955068780022711 5 -1324940184 6.95329e-310 0.00
problem26 18.61 718936573490463 5 -1324940184 6.95329e-310 0.00
problem27 17.5 927211799415527 5 -1324940184 6.95329e-310 0.00
problem28 19.12 977088289497579 5 -1324940184 6.95329e-310 0.00
problem29 20.29 1064829641686159 5 -1324940184 6.95329e-310 0.00
problem30 18.13 1035555559556854 5 -1324940184 6.95329e-310 0.00
problem31 8.18 804735048286339 5 -1324940184 6.95329e-310 0.00
problem32 3.37 908083281975482 5 -1324940184 6.95329e-310 0.00
problem33 5.77 1092095800923396 5 -1324940184 6.95329e-310 0.00
problem34 16.95 931290915835319 5 -1324940184 6.95329e-310 0.00
problem35 9.28 1046897497878845 5 -1324940184 6.95329e-310 0.00
problem36 29.6 825154061814400 5 -1324940184 6.95329e-310 0.00
problem37 14.16 858984956653130 5 -1324940184 6.95329e-310 0.00
problem38 20.48 875238063134966 5 -1324940184 6.95329e-310 0.00
problem39 19.67 928707034445677 5 -1324940184 6.95329e-310 0.00
problem40 22.38 876955319829154 5 -1324940184 6.95329e-310 0.00
problem41 17.48 859939820286599 5 -1324940184 6.95329e-310 0.00
problem42 21.69 931109768285069 5 -1324940184 6.95329e-310 0.00
problem43 4.75 927218637615750 5 -1324940184 6.95329e-310 0.00
problem44 22.99 1014542101011180 5 -1324940184 6.95329e-310 0.00
problem45 11.84 909730350709746 5 -1324940184 6.95329e-310 0.00
problem46 6.53 1115306341794570 5 -1324940184 6.95329e-310 0.00
problem47 9.1 871295876299843 5 -1324940184 6.95329e-310 0.00
problem48 18.82 913499021104296 5 -1324940184 6.95329e-310 0.00
problem49 4.51 930926278989949 5 -1324940184 6.95329e-310 0.00
problem50 6.05 991719608729939 5 -1324940184 6.95329e-310 0.00
problem51 10.81 875697650704477 5 -1324940184 6.95329e-310 0.00
problem52 11.03 747289024384792 5 -1324940184 6.95329e-310 0.00
problem53 13.44 877796134483115 5 -1324940184 6.95329e-310 0.00
problem54 12.82 892066458686579 5 -1324940184 6.95329e-310 0.00
problem55 20.21 1043638964924757 5 -1324940184 6.95329e-310 0.00
problem56 10.29 968358443913808 5 -1324940184 6.95329e-310 0.00
problem57 21.04 984676346428862 5 -1324940184 6.95329e-310 0.00
problem58 7.47 1107242794613075 5 -1324940184 6.95329e-310 0.00
problem59 10.02 860414704337922 5 -1324940184 6.95329e-310 0.00
problem60 7.34 984465609345894 5 -1324940184 6.95329e-310 0.00
problem61 6.37 930291204311563 5 -1324940184 6.95329e-310 0.00
problem62 6.4 849530628245779 5 -1324940184 6.95329e-310 0.00
problem63 25.77 904533636407537 5 -1324940184 6.95329e-310 0.00
problem64 13.97 897327246429295 5 -1324940184 6.95329e-310 0.00
problem65 15.79 953100599612813 5 -1324940184 6.95329e-310 0.00
problem66 12.12 791527369770585 5 -1324940184 6.95329e-310 0.00
problem67 8.01 896085215436265 5 -1324940184 6.95329e-310 0.00
problem68 19.76 948954552862775 5 -1324940184 6.95329e-310 0.00
problem69 30.26 836670053951258 5 -1324940184 6.95329e-310 0.00
problem70 7.39 860526252582175 5 -1324940184 6.95329e-310 0.00
problem71 6.77 959405246309750 5 -1324940184 6.95329e-310 0.00
problem72 6.95 781218276463641 5 -1324940184 6.95329e-310 0.00
problem73 19.07 938015005590032 5 -1324940184 6.95329e-310 0.00
problem74 18.77 1013113091565161 5 -1324940184 6.95329e-310 0.00
problem75 3.56 911212415373759 5 -1324940184 6.95329e-310 0.00
problem76 12.53 972988390366078 5 -1324940184 6.95329e-310 0.00
problem77 16.06 981740884936922 5 -1324940184 6.95329e-310 0.00
problem78 11.95 974167304453375 5 -1324940184 6.95329e-310 0.00
problem79 5.31 894333051859658 5 -1324940184 6.95329e-310 0.00
problem80 8.22 880247725215337 5 -1324940184 6.95329e-310 0.00
problem81 8.36 840051237657834 5 -1324940184 6.95329e-310 0.00
problem82 18.5 959609065097173 5 -1324940184 6.95329e-310 0.00
problem83 7.7 915614991988523 5 -1324940184 6.95329e-310 0.00
problem84 5.79 942617188667941 5 -1324940184 6.95329e-310 0.00
problem85 6.18 972845114859112 5 -1324940184 6.95329e-310 0.00
problem86 6.35 833456654193696 5 -1324940184 6.95329e-310 0.00
problem87 5.25 804651383793955 5 -1324940184 6.95329e-310 0.00
problem88 7.7 1065286122147254 5 -1324940184 6.95329e-310 0.00
problem89 35.11 924830731925174 5 -1324940184 6.95329e-310 0.00
problem90 7.93 882558551555115 5 -1324940184 6.95329e-310 0.00
problem91 19.79 975493336307497 5 -1324940184 6.95329e-310 0.00
problem92 16.06 1032228651029422 5 -1324940184 6.95329e-310 0.00
problem93 5.21 1041835744833046 5 -1324940184 6.95329e-310 0.00
problem94 30.21 1094298793253876 5 -1324940184 6.95329e-310 0.00
problem95 10.05 816159810710904 5 -1324940184 6.95329e-310 0.00
problem96 6.2 963030006888430 5 -1324940184 6.95329e-310 0.00
problem97 32.75 929393695436903 5 -1324940184 6.95329e-310 0.00
problem98 9.72 904612088792031 5 -1324940184 6.95329e-310 0.00
problem99 27.19 904857724376937 5 -1324940184 6.95329e-310 0.00
