problem0 0 10707 1 0.00
problem1 0.00 8837 1 0.00
problem2 0.00 8256 1 0.00
problem3 0.00 10910 1 0.00
problem4 0.00 9685 1 0.00
problem5 0.00 10047 1 0.00
problem6 0.00 10450 1 0.00
problem7 0.00 9640 1 0.00
problem8 0.00 9079 1 0.00
problem9 0.00 9753 1 0.00
problem10 0.00 9988 1 0.00
problem11 0.00 9682 1 0.00
problem12 0.00 11193 1 0.00
problem13 0.00 9491 1 0.00
problem14 0.00 9686 1 0.00
problem15 0.00 8476 1 0.00
problem16 0.00 10139 1 0.00
problem17 0.00 10541 1 0.00
problem18 0.00 9544 1 0.00
problem19 0.00 10630 1 0.00
problem20 0.00 10525 1 0.00
problem21 0.00 9063 1 0.00
problem22 0.00 8282 1 0.00
problem23 0.00 10768 1 0.00
problem24 0.00 9791 1 0.00
problem25 0.00 10177 1 0.00
problem26 0.00 10252 1 0.00
problem27 0.00 9658 1 0.00
problem28 0.00 8961 1 0.00
problem29 0.00 9531 1 0.00
problem30 0.00 10590 1 0.00
problem31 0.00 9604 1 0.00
problem32 0.00 11107 1 0.00
problem33 0.00 9685 1 0.00
problem34 0.00 9552 1 0.00
problem35 0.00 8302 1 0.00
problem36 0.00 10085 1 0.00
problem37 0.00 10639 1 0.00
problem38 0.00 9442 1 0.00
problem39 0.00 10872 1 0.00
problem40 0.00 10247 1 0.00
problem41 0.00 9065 1 0.00
problem42 0.00 8468 1 0.00
problem43 0.00 10658 1 0.00
problem44 0.00 9801 1 0.00
problem45 0.00 10083 1 0.00
problem46 0.00 10726 1 0.00
problem47 0.00 9452 1 0.00
problem48 0.00 9003 1 0.00
problem49 0.00 9085 1 0.00
problem50 0.00 11096 1 0.00
problem51 0.00 9302 1 0.00
problem52 0.00 11181 1 0.00
problem53 0.00 9911 1 0.00
problem54 0.00 9322 1 0.00
problem55 0.00 8416 1 0.00
problem56 0.00 10191 1 0.00
problem57 0.00 10513 1 0.00
problem58 0.00 9500 1 0.00
problem59 0.00 10890 1 0.00
problem60 0.00 10129 1 0.00
problem61 0.00 8843 1 0.00
problem62 0.00 8814 1 0.00
problem63 0.00 10324 1 0.00
problem64 0.00 9971 1 0.00
problem65 0.00 10277 1 0.00
problem66 0.00 10592 1 0.00
problem67 0.00 9534 1 0.00
problem68 0.00 8693 1 0.00
problem69 0.00 9439 1 0.00
problem70 0.00 10738 1 0.00
problem71 0.00 9544 1 0.00
problem72 0.00 11159 1 0.00
problem73 0.00 9913 1 0.00
problem74 0.00 9252 1 0.00
problem75 0.00 8306 1 0.00
problem76 0.00 10457 1 0.00
problem77 0.00 10163 1 0.00
problem78 0.00 9718 1 0.00
problem79 0.00 10684 1 0.00
problem80 0.00 10171 1 0.00
problem81 0.00 8909 1 0.00
problem82 0.00 8808 1 0.00
problem83 0.00 10278 1 0.00
problem84 0.00 10045 1 0.00
problem85 0.00 10503 1 0.00
problem86 0.00 10362 1 0.00
problem87 0.00 9392 1 0.00
problem88 0.00 8799 1 0.00
problem89 0.00 9313 1 0.00
problem90 0.00 11052 1 0.00
problem91 0.00 9562 1 0.00
problem92 0.00 11041 1 0.00
problem93 0.00 9947 1 0.00
problem94 0.00 9342 1 0.00
problem95 0.00 8228 1 0.00
problem96 0.00 10371 1 0.00
problem97 0.00 10357 1 0.00
problem98 0.00 9584 1 0.00
problem99 0.00 10766 1 0.00
