problem0 0 5558 1 0.00
problem1 0.00 4708 1 0.00
problem2 0.00 4723 1 0.00
problem3 0.00 4221 1 0.00
problem4 0.00 5176 1 0.00
problem5 0.00 5630 1 0.00
problem6 0.00 5445 1 0.00
problem7 0.00 5671 1 0.00
problem8 0.00 4826 1 0.00
problem9 0.00 5432 1 0.00
problem10 0.00 6455 1 0.00
problem11 0.00 4977 1 0.00
problem12 0.00 5532 1 0.00
problem13 0.00 4626 1 0.00
problem14 0.00 5449 1 0.00
problem15 0.00 4187 1 0.00
problem16 0.00 4478 1 0.00
problem17 0.00 5516 1 0.00
problem18 0.00 6011 1 0.00
problem19 0.00 5349 1 0.00
problem20 0.00 4992 1 0.00
problem21 0.00 5286 1 0.00
problem22 0.00 5581 1 0.00
problem23 0.00 5647 1 0.00
problem24 0.00 5538 1 0.00
problem25 0.00 5472 1 0.00
problem26 0.00 4671 1 0.00
problem27 0.00 4825 1 0.00
problem28 0.00 4068 1 0.00
problem29 0.00 5306 1 0.00
problem30 0.00 5585 1 0.00
problem31 0.00 5443 1 0.00
problem32 0.00 5702 1 0.00
problem33 0.00 4788 1 0.00
problem34 0.00 5507 1 0.00
problem35 0.00 6477 1 0.00
problem36 0.00 4808 1 0.00
problem37 0.00 5710 1 0.00
problem38 0.00 4437 1 0.00
problem39 0.00 5623 1 0.00
problem40 0.00 4202 1 0.00
problem41 0.00 4488 1 0.00
problem42 0.00 5447 1 0.00
problem43 0.00 5953 1 0.00
problem44 0.00 5420 1 0.00
problem45 0.00 4962 1 0.00
problem46 0.00 5209 1 0.00
problem47 0.00 5675 1 0.00
problem48 0.00 5646 1 0.00
problem49 0.00 5596 1 0.00
problem50 0.00 5515 1 0.00
problem51 0.00 4533 1 0.00
problem52 0.00 4880 1 0.00
problem53 0.00 4086 1 0.00
problem54 0.00 5341 1 0.00
problem55 0.00 5599 1 0.00
problem56 0.00 5426 1 0.00
problem57 0.00 5552 1 0.00
problem58 0.00 4943 1 0.00
problem59 0.00 5545 1 0.00
problem60 0.00 6260 1 0.00
problem61 0.00 4874 1 0.00
problem62 0.00 5857 1 0.00
problem63 0.00 4371 1 0.00
problem64 0.00 5590 1 0.00
problem65 0.00 4100 1 0.00
problem66 0.00 4499 1 0.00
problem67 0.00 5405 1 0.00
problem68 0.00 5976 1 0.00
problem69 0.00 5534 1 0.00
problem70 0.00 4965 1 0.00
problem71 0.00 5063 1 0.00
problem72 0.00 5882 1 0.00
problem73 0.00 5592 1 0.00
problem74 0.00 5463 1 0.00
problem75 0.00 5649 1 0.00
problem76 0.00 4540 1 0.00
problem77 0.00 4786 1 0.00
problem78 0.00 4201 1 0.00
problem79 0.00 5371 1 0.00
problem80 0.00 5534 1 0.00
problem81 0.00 5420 1 0.00
problem82 0.00 5531 1 0.00
problem83 0.00 4997 1 0.00
problem84 0.00 5536 1 0.00
problem85 0.00 6214 1 0.00
problem86 0.00 4845 1 0.00
problem87 0.00 5807 1 0.00
problem88 0.00 4546 1 0.00
problem89 0.00 5376 1 0.00
problem90 0.00 4191 1 0.00
problem91 0.00 4473 1 0.00
problem92 0.00 5380 1 0.00
problem93 0.00 5978 1 0.00
problem94 0.00 5617 1 0.00
problem95 0.00 4835 1 0.00
problem96 0.00 5222 1 0.00
problem97 0.00 5972 1 0.00
problem98 0.00 5539 1 0.00
problem99 0.00 5357 1 0.00
