problem0 0.03 1133763915066 0 2272.00
problem1 0.03 1078232349043 0 2328.00
problem2 0.04 1296964209968 0 2328.00
problem3 0.03 1293452124255 0 2328.00
problem4 0.04 1288505895728 0 2328.00
problem5 0.03 1368258815310 0 2328.00
problem6 0.01 1330500421379 1 2328.00
problem7 0.02 1296847226939 1 2328.00
problem8 0.04 1300689576188 0 2328.00
problem9 0.03 1322880452909 0 2328.00
problem10 0.04 1389558708458 0 2328.00
problem11 0.03 966394570795 0 2328.00
problem12 0.04 1210724847319 0 2328.00
problem13 0.03 1374471152931 0 2328.00
problem14 0.04 1264430031566 0 2328.00
problem15 0.03 1220332027907 0 2328.00
problem16 0.04 1170682361016 0 2328.00
problem17 0.02 1320680782059 1 2328.00
problem18 0.01 1045776237731 1 2328.00
problem19 0.04 1461436714980 0 2328.00
problem20 0.03 1194648556181 0 2328.00
problem21 0.03 1371870332121 0 2328.00
problem22 0.04 995244170886 0 2328.00
problem23 0.03 1431913994199 0 2328.00
problem24 0.03 1287037806710 0 2328.00
problem25 0.04 1240041982135 0 2328.00
problem26 0.03 1106842136683 0 2328.00
problem27 0.02 1178500863899 1 2328.00
problem28 0.03 1261666924132 0 2328.00
problem29 0.04 1254993724598 0 2328.00
problem30 0.03 1114992966229 0 2328.00
problem31 0.03 1189368041353 0 2328.00
problem32 0.02 1076225735731 1 2328.00
problem33 0.04 1247090997375 0 2328.00
problem34 0.02 1224141585443 1 2328.00
problem35 0.00 1122272771931 1 2328.00
problem36 0.04 1269826877974 0 2328.00
problem37 0.03 1388543403118 0 2328.00
problem38 0.04 1292174358081 0 2328.00
problem39 0.03 1384569923394 0 2328.00
problem40 0.04 1373331025923 0 2328.00
problem41 0.03 1282334771251 0 2328.00
problem42 0.04 1491307177961 0 2328.00
problem43 0.03 1449047934772 0 2328.00
problem44 0.04 1377688837603 0 2328.00
problem45 0.03 1284536214545 0 2328.00
problem46 0.04 1147907428810 0 2328.00
problem47 0.03 1159062003454 0 2328.00
problem48 0.03 1312497288122 0 2328.00
problem49 0.04 1112199854076 0 2328.00
problem50 0.03 1327527424939 0 2328.00
problem51 0.04 1449551720174 0 2328.00
problem52 0.03 1271232602529 0 2328.00
problem53 0.04 1234391352272 0 2328.00
problem54 0.03 1269544684934 0 2328.00
problem55 0.03 1047969314498 0 2328.00
problem56 0.04 1195965020030 0 2328.00
problem57 0.03 1273925207983 0 2328.00
problem58 0.04 1178353803122 0 2328.00
problem59 0.03 1181026940582 0 2328.00
problem60 0.03 1383628064085 0 2328.00
problem61 0.04 1123519382415 0 2328.00
problem62 0.03 1338066315590 0 2328.00
problem63 0.03 1038674341502 0 2328.00
problem64 0.04 1377380109113 0 2328.00
problem65 0.03 1271675942776 0 2328.00
problem66 0.02 1124131351331 1 2328.00
problem67 0.01 1312615030363 1 2328.00
problem68 0.04 1228787894550 0 2328.00
problem69 0.03 1444934525792 0 2328.00
problem70 0.04 1141692474633 0 2328.00
problem71 0.03 1309551396415 0 2328.00
problem72 0.04 1145102335741 0 2328.00
problem73 0.03 1071191934776 0 2328.00
problem74 0.03 1137696708327 0 2328.00
problem75 0.04 1321469781538 0 2328.00
problem76 0.03 1377052503255 0 2328.00
problem77 0.04 1357929440031 0 2328.00
problem78 0.03 971020271816 0 2328.00
problem79 0.03 1250714074633 0 2328.00
problem80 0.03 1178926666422 0 2328.00
problem81 0.04 1151327434481 0 2328.00
problem82 0.03 1067198243500 0 2328.00
problem83 0.03 1193564392928 0 2328.00
problem84 0.04 1238986911896 0 2328.00
problem85 0.03 1282235466449 0 2328.00
problem86 0.04 1326965996679 0 2328.00
problem87 0.03 1096102827487 0 2328.00
problem88 0.04 1265160652406 0 2328.00
problem89 0.03 1318640092854 0 2328.00
problem90 0.03 1237391478376 0 2328.00
problem91 0.03 1131633694107 1 2328.00
problem92 0.03 1247224140886 0 2328.00
problem93 0.03 1162855842449 0 2328.00
problem94 0.03 1323037284429 0 2328.00
problem95 0.04 875512941950 0 2328.00
problem96 0.03 1172797758033 0 2328.00
problem97 0.04 1171247429245 0 2328.00
problem98 0.03 1058069682728 0 2328.00
problem99 0.03 1263116369250 0 2328.00
