problem0 0.24 8801407684 1
problem1 0.04 6999517818 1
problem2 0.86 8568786306 0
problem3 0.61 9994693491 1
problem4 0.87 9950630918 1
problem5 1.16 9530856596 1
problem6 1.31 9142241171 1
problem7 0.81 8656252445 1
problem8 0.58 8892337000 1
problem9 0.16 8721881678 1
problem10 2.07 8501269702 0
problem11 1.23 9007719783 1
problem12 1.3 9892100843 0
problem13 0.6 8935413160 1
problem14 0.43 7732348695 1
problem15 0.75 10665704273 1
problem16 2.26 10338550925 0
problem17 0.26 9068019874 1
problem18 0.3 7957024905 1
problem19 0.23 8472164827 1
problem20 0.22 8893033038 1
problem21 0.08 8801236284 1
problem22 1.59 8495989532 0
problem23 0.45 8351632133 1
problem24 0.55 9312849456 1
problem25 1.38 9544887671 0
