problem0 1.18 4057841122426 1 3672.00
problem1 1.44 3727615091800 1 4372.00
problem2 1.25 4142423965111 1 4372.00
problem3 1.86 3717198469169 1 4372.00
problem4 2.00 3305379135612 1 4372.00
problem5 1.80 3760667932146 1 4372.00
problem6 2.72 3667570393609 1 4372.00
problem7 2.04 3480945920475 1 4372.00
problem8 0.91 4145857941918 1 4372.00
problem9 2.13 3971586771500 1 4372.00
problem10 1.21 4424716263547 1 4372.00
problem11 1.00 4082666825509 1 4372.00
problem12 1.34 3891932582368 1 4372.00
problem13 2.56 4060681329414 1 4372.00
problem14 2.01 3989817543437 1 4372.00
problem15 2.60 3901529176591 1 4372.00
problem16 1.85 3768893555522 1 4372.00
problem17 2.41 3444546847360 1 4372.00
problem18 1.55 3779723989951 1 4372.00
problem19 0.93 4029631687833 1 4372.00
problem20 1.53 3984082241476 1 4372.00
problem21 1.81 3971202349722 1 4372.00
problem22 3.38 3992650132625 1 4372.00
problem23 0.73 4475200932035 1 4372.00
problem24 2.49 3830295306598 1 4372.00
problem25 2.43 3896960654676 1 4372.00
problem26 1.71 4049394165635 1 4372.00
problem27 0.70 4119583602829 1 4372.00
problem28 2.61 3680906195496 1 4372.00
problem29 0.95 4696402715822 1 4372.00
problem30 1.43 4221848958613 1 4372.00
problem31 1.74 4022327264759 1 4372.00
problem32 1.44 4236025101322 1 4372.00
problem33 1.13 4313318468264 1 4372.00
problem34 1.78 4273325222855 1 4372.00
problem35 1.40 4295413701377 1 4372.00
problem36 1.57 4036027605260 1 4372.00
problem37 0.64 4313460664642 1 4372.00
problem38 1.38 4496340941081 1 4372.00
problem39 2.20 4162170667435 1 4372.00
problem40 1.30 4673159979822 1 4372.00
problem41 2.19 3512960498300 1 4372.00
problem42 2.49 3968448491659 1 4372.00
problem43 2.23 3742351549429 1 4372.00
problem44 1.76 4034062591088 1 4372.00
problem45 1.88 3770503747670 1 4372.00
problem46 2.05 3998397629469 1 4372.00
problem47 0.86 4282195692511 1 4372.00
problem48 2.52 3995883759314 1 4372.00
problem49 2.74 3640631205072 1 4372.00
problem50 1.31 3879108167119 1 4372.00
problem51 2.11 3830139380585 1 4372.00
problem52 1.89 3804568587348 1 4372.00
problem53 1.13 3975313064426 1 4372.00
problem54 3.21 3938800822177 1 4372.00
problem55 1.57 3688157262995 1 4372.00
problem56 2.07 3892621547254 1 4372.00
problem57 3.10 3504402014628 1 4372.00
problem58 1.27 4133115247507 1 4372.00
problem59 2.56 3815636298077 1 4372.00
problem60 1.21 4560140609720 1 4372.00
problem61 1.32 4029307368958 1 4372.00
problem62 3.23 3455421428645 1 4372.00
problem63 1.70 3981419596743 1 4372.00
problem64 2.02 3953710203802 1 4372.00
problem65 0.80 4253706164472 1 4372.00
problem66 1.67 4137397445079 1 4372.00
problem67 3.58 3174301844945 1 4372.00
problem68 1.62 3716762175900 1 4372.00
problem69 2.47 3926816769170 1 4372.00
problem70 0.99 4280108283945 1 4372.00
problem71 2.27 3747881017723 1 4372.00
problem72 2.44 3983739108542 1 4372.00
problem73 2.04 4123057902284 1 4372.00
problem74 2.25 3599064746139 1 4372.00
problem75 2.21 3950604273861 1 4372.00
problem76 2.53 3995482734336 1 4372.00
problem77 1.19 3769661554086 1 4372.00
problem78 2.36 3837216769325 1 4372.00
problem79 1.07 4718353761711 1 4372.00
problem80 1.33 3976489194082 1 4372.00
problem81 2.73 3497249185568 1 4372.00
problem82 1.43 3507954483167 1 4372.00
problem83 3.60 3356302918201 1 4372.00
problem84 1.01 4039763810532 1 4372.00
problem85 2.86 3366801682746 1 4372.00
problem86 1.35 3716107086513 1 4372.00
problem87 2.30 4030026958947 1 4372.00
problem88 1.29 3852709254278 1 4372.00
problem89 1.22 4032982732276 1 4372.00
problem90 2.41 3717696526243 1 4372.00
problem91 3.01 3404315689517 1 4372.00
problem92 0.89 4603289560904 1 4372.00
problem93 2.22 3477482352462 1 4372.00
problem94 0.71 4109971110069 1 4372.00
problem95 1.86 3843489806743 1 4372.00
problem96 1.44 3961456907050 1 4372.00
problem97 1.85 3851281084232 1 4372.00
problem98 2.55 3932821757927 1 4372.00
problem99 1.16 3892743198881 1 4372.00
