problem0 0 2277668514954046 0 2948.00
problem1 0.01 1953980256525923 0 3012.00
problem2 0.00 2313779165148695 0 3012.00
problem3 0.01 2550195832289065 0 3012.00
problem4 0.00 2493045726707854 0 3012.00
problem5 0.01 2471252804153623 0 3012.00
problem6 0.01 2594730973103712 0 3012.00
problem7 0.00 2159410866193107 0 3012.00
problem8 0.01 1849424193448964 0 3012.00
problem9 0.00 1840308743350057 0 3012.00
problem10 0.01 2277158500753362 0 3012.00
problem11 0.00 2046331723002768 0 3012.00
problem12 0.01 2173903941211864 0 3012.00
problem13 0.01 1747441891507420 0 3012.00
problem14 0.00 2264434568595421 0 3012.00
problem15 0.01 2392982874910964 0 3012.00
problem16 0.00 2707258767923977 0 3012.00
problem17 0.01 2242597887869203 0 3012.00
problem18 0.00 1788399443508795 0 3012.00
problem19 0.01 2237621823449187 0 3012.00
problem20 0.01 2074261084761681 0 3012.00
problem21 0.00 1739374188701557 0 3012.00
problem22 0.01 2209273026593698 0 3012.00
problem23 0.00 2711701331520012 0 3012.00
problem24 0.01 2224331586420761 0 3012.00
problem25 0.00 2503782118465733 0 3012.00
problem26 0.01 2230580247841364 0 3012.00
problem27 0.01 2395532306880546 0 3012.00
problem28 0.00 2239089761410592 0 3012.00
problem29 0.01 2069260076792199 0 3012.00
problem30 0.00 2543488182579381 0 3012.00
problem31 0.01 2103358407468711 0 3012.00
problem32 0.00 2273003574149375 0 3012.00
problem33 0.01 1680922840957842 0 3012.00
problem34 0.00 2167631353777420 0 3012.00
problem35 0.02 2209343762928030 0 3012.00
problem36 0.00 2427489550007598 0 3012.00
problem37 0.01 2214174403526048 0 3012.00
problem38 0.01 2251023918517085 0 3012.00
problem39 0.00 2084623020274067 0 3012.00
problem40 0.01 2469437801531800 0 3012.00
problem41 0.00 2767333087449917 0 3012.00
problem42 0.01 2270147480964679 0 3012.00
problem43 0.01 2349101155688916 0 3012.00
problem44 0.00 2253424494674422 0 3012.00
problem45 0.01 2631956386059126 0 3012.00
problem46 0.00 2422488393630341 0 3012.00
problem47 0.01 2056703712773273 0 3012.00
problem48 0.00 2284661800555706 0 3012.00
problem49 0.01 2559478355768946 0 3012.00
problem50 0.00 2078425391591347 0 3012.00
problem51 0.01 2213814006082397 0 3012.00
problem52 0.01 2593097989390781 0 3012.00
problem53 0.00 2227934825907808 0 3012.00
problem54 0.01 2455241863066077 0 3012.00
problem55 0.00 2260835914811562 0 3012.00
problem56 0.01 2311204964096210 0 3012.00
problem57 0.00 2212288237005355 0 3012.00
problem58 0.01 2535738691507436 0 3012.00
problem59 0.01 2042518719157084 0 3012.00
problem60 0.00 1785040588946008 0 3012.00
problem61 0.01 2014102802270976 0 3012.00
problem62 0.00 2164458998405187 0 3012.00
problem63 0.01 1948694588130803 0 3012.00
problem64 0.01 2574248685850254 0 3012.00
problem65 0.00 2454081810603946 0 3012.00
problem66 0.01 1766213167759281 0 3012.00
problem67 0.00 1929116163668226 0 3012.00
problem68 0.01 1822559502598517 0 3012.00
problem69 0.00 2012892929103005 0 3012.00
problem70 0.01 2205341356235460 0 3012.00
problem71 0.01 2056406511454506 0 3012.00
problem72 0.00 2250151382323108 0 3012.00
problem73 0.01 2179192760920077 0 3012.00
problem74 0.00 2674651167678346 0 3012.00
problem75 0.01 2244584141741554 0 3012.00
problem76 0.01 2161289097235535 0 3012.00
problem77 0.00 2242339773919358 0 3012.00
problem78 0.01 2384267515345032 0 3012.00
problem79 0.00 2108325528896241 0 3012.00
problem80 0.01 2340460772081777 0 3012.00
problem81 0.00 2107144072988811 0 3012.00
problem82 0.02 2391219968195021 0 3012.00
problem83 0.00 1807390033686287 0 3012.00
problem84 0.01 2111728210795295 0 3012.00
problem85 0.00 2293867393028039 0 3012.00
problem86 0.01 2362480520310559 0 3012.00
problem87 0.01 2609569860790095 0 3012.00
problem88 0.00 1872001690034844 0 3012.00
problem89 0.01 2108635756799012 0 3012.00
problem90 0.00 2404550938901882 0 3012.00
problem91 0.01 2105615454347743 0 3012.00
problem92 0.00 2246615026215567 0 3012.00
problem93 0.01 2176714261084822 0 3012.00
problem94 0.01 2078300346709960 0 3012.00
problem95 0.00 2231272331615163 0 3012.00
problem96 0.01 2541213204617430 0 3012.00
problem97 0.00 2190707264481079 0 3012.00
problem98 0.01 2510027543382905 0 3012.00
problem99 0.01 2230406668585441 0 3012.00
