problem0 0.03 879447627635 0
problem1 0.02 942803318805 0
problem2 0.03 1093633483438 0
problem3 0.02 905273774384 0
problem4 0.01 1007887452287 0
problem5 0.02 909944134492 0
problem6 0.02 781158858065 0
problem7 0.02 780013993717 0
problem8 0.04 968355121924 0
problem9 0.02 876261476563 0
problem10 0.04 1071918780767 0
problem11 0.03 1013284241405 0
problem12 0.04 944380767783 0
problem13 0.03 1063646941253 0
problem14 0.04 955249564294 0
problem15 0.02 799934478996 0
problem16 0.04 905226623992 0
problem17 0.04 1038895097713 0
problem18 0.04 835758130603 0
problem19 0.03 839664937598 0
problem20 0.02 783127407835 0
problem21 0.01 849896504410 0
problem22 0.04 894608149922 0
problem23 0.07 1092114233491 0
problem24 0.03 963524332515 0
problem25 0.03 829004692900 0
problem26 0.02 1051904009562 0
problem27 0.04 959851665658 0
problem28 0.03 886216179834 0
problem29 0.04 785433511257 0
problem30 0.01 659613915783 0
problem31 0.03 1027429190846 0
problem32 0.02 791833453704 0
problem33 0.02 847750392451 0
problem34 0.05 1096227836792 0
problem35 0.02 929298236358 0
problem36 0.02 854252548418 0
problem37 0.02 755942923340 0
problem38 0.05 1102230684989 0
problem39 0.03 896104097108 0
problem40 0.03 911216160233 0
problem41 0.03 838008151312 0
problem42 0.03 920004815116 0
problem43 0.04 782290046074 0
problem44 0.04 1062837016912 0
problem45 0.02 881057898614 0
problem46 0.02 1081848790893 0
problem47 0.03 966649193883 0
problem48 0.02 920338886596 0
problem49 0.03 933974467638 0
problem50 0.03 922126231868 0
problem51 0.04 942022378493 0
problem52 0.02 814475091968 0
problem53 0.03 1139594523375 0
problem54 0.02 1098747837018 0
problem55 0.02 916714023849 0
problem56 0.06 786399415149 0
problem57 0.04 1003134613194 0
problem58 0.03 948225113879 0
problem59 0.04 924195565316 0
problem60 0.04 1201932165715 0
problem61 0.03 858823987688 0
problem62 0.02 859709953436 0
problem63 0.03 1048902955666 0
problem64 0.03 1085800220130 0
problem65 0.02 833668396117 0
problem66 0.02 980811307936 0
problem67 0.03 858511362449 0
problem68 0.02 850398433628 0
problem69 0.02 1027014688546 0
problem70 0.04 1036460759328 0
problem71 0.02 794721520137 0
problem72 0.04 876013156611 0
problem73 0.03 965429799478 0
problem74 0.02 930550287524 0
problem75 0.03 850203371004 0
problem76 0.01 743375318286 0
problem77 0.03 843604613435 0
problem78 0.02 854636777009 0
problem79 0.04 1142377930862 0
problem80 0.03 744892977191 0
problem81 0.02 938980260849 0
problem82 0.03 855830790034 0
problem83 0.04 1175193850073 0
problem84 0.02 1008248992240 0
problem85 0.02 1018243728313 0
problem86 0.02 1224199873065 0
problem87 0.03 856612068679 0
problem88 0.03 922791772092 0
problem89 0.03 739406552424 0
problem90 0.02 807462285782 0
problem91 0.03 873630329779 0
problem92 0.02 918660154928 0
problem93 0.02 903739718442 0
problem94 0.02 994548792440 0
problem95 0.03 1029016237139 0
problem96 0.03 972939612631 0
problem97 0.05 835013204090 0
problem98 0.03 801013611963 0
problem99 0.02 827770746655 0
