problem0 0 1409750 1
problem1 0 1246902 1
problem2 0 1480342 1
problem3 0 1225334 1
problem4 0 1038934 1
problem5 0 1347126 1
problem6 0 1068566 1
problem7 0 1481206 1
problem8 0 1176022 1
problem9 0 1168822 1
problem10 0 1361302 1
problem11 0 1327478 1
problem12 0 1493334 1
problem13 0 1105206 1
problem14 0 1441046 1
problem15 0 1550582 1
problem16 0 1466582 1
problem17 0 1549494 1
problem18 0 1176726 1
problem19 0 1560694 1
problem20 0 1357910 1
problem21 0 1256502 1
problem22 0 1223702 1
problem23 0 1161206 1
problem24 0 1429462 1
problem25 0 1405878 1
problem26 0 1450902 1
problem27 0 1335158 1
problem28 0 1222486 1
problem29 0 1342262 1
problem30 0 1202966 1
problem31 0 1361654 1
problem32 0 1195734 1
problem33 0 1196726 1
problem34 0 1397398 1
problem35 0 1306230 1
problem36 0 1349206 1
problem37 0 1362486 1
problem38 0 1247766 1
problem39 0 1103350 1
problem40 0 1224150 1
problem41 0 1380790 1
problem42 0 1343894 1
problem43 0 1277302 1
problem44 0 1344854 1
problem45 0 1251638 1
problem46 0 1292566 1
problem47 0 1369334 1
problem48 0 1252566 1
problem49 0 1171638 1
problem50 0 1486998 1
problem51 0 1313910 1
problem52 0 1274966 1
problem53 0 1337398 1
problem54 0 1271830 1
problem55 0 1438710 1
problem56 0 1215446 1
problem57 0 1290166 1
problem58 0 1433494 1
problem59 0 1219446 1
problem60 0 1401686 1
problem61 0 1357622 1
problem62 0 1316630 1
problem63 0.01 1311478 1
problem64 0 1243862 1
problem65 0 1146550 1
problem66 0 1248918 1
problem67 0 1190518 1
problem68 0 1331798 1
problem69 0 1246774 1
problem70 0 1361430 1
problem71 0 1118710 1
problem72 0 1272278 1
problem73 0 1265078 1
problem74 0 1260950 1
problem75 0 1292662 1
problem76 0 1392982 1
problem77 0 1398070 1
problem78 0 1078550 1
problem79 0 1188086 1
problem80 0 1235158 1
problem81 0 1449142 1
problem82 0 1338518 1
problem83 0 1198198 1
problem84 0 1257558 1
problem85 0 1221686 1
problem86 0 1188886 1
problem87 0 1388534 1
problem88 0 1460182 1
problem89 0 1174454 1
problem90 0 1219478 1
problem91 0 1431414 1
problem92 0 1449814 1
problem93 0 1372982 1
problem94 0 1430294 1
problem95 0 1523446 1
problem96 0 1291990 1
problem97 0 1489590 1
problem98 0 1362582 1
problem99 0 1468022 1
