problem0 0.77 119345 1472 1 0.46 19072.00
problem1 0.16 119503 777 1 0.06 11668.00
problem2 0.12 126192 456 1 0.06 11668.00
problem3 0.71 103687 1308 1 0.07 11668.00
problem4 0.08 117434 798 1 0.06 11668.00
problem5 0.11 113877 843 1 0.07 11668.00
problem6 0.56 116882 3119 2 0.25 15828.00
problem7 0.14 132304 499 1 0.12 15828.00
problem8 0.14 112565 554 1 0.1 15828.00
problem9 0.31 123187 1110 1 0.11 15828.00
problem10 0.17 128389 655 1 0.1 15828.00
problem11 0.3 116291 2037 1 0.13 15828.00
problem12 0.14 122607 531 1 0.1 15828.00
problem13 0.21 123526 1821 1 0.15 15828.00
problem14 0.15 125001 508 1 0.1 15828.00
problem15 0.18 127059 937 1 0.1 15828.00
problem16 0.46 111802 1733 1 0.12 15828.00
problem17 0.14 120894 665 1 0.11 15828.00
problem18 0.14 112697 624 1 0.1 15828.00
problem19 0.27 111025 1619 1 0.14 15828.00
problem20 0.32 115862 1221 1 0.11 15828.00
problem21 0.15 103361 790 1 0.11 15828.00
problem22 0.18 115289 1252 1 0.1 15828.00
problem23 0.16 109871 440 1 0.11 15828.00
problem24 0.46 128884 735 1 0.1 15828.00
problem25 0.18 136513 449 1 0.08 15832.00
problem26 0.16 126800 431 1 0.1 15832.00
problem27 0.2 135567 1108 1 0.12 15832.00
problem28 0.17 109100 421 1 0.1 15832.00
problem29 0.19 136848 424 1 0.09 15832.00
problem30 1.55 99620 4992 2 0.38 22192.00
problem31 0.38 128456 829 1 0.16 22192.00
problem32 0.25 104236 1368 1 0.18 22192.00
problem33 0.36 104422 832 1 0.16 22192.00
problem34 0.23 140909 380 1 0.12 22192.00
problem35 0.42 124346 970 1 0.16 22192.00
problem36 0.5 126206 1472 1 0.17 22192.00
problem37 0.29 128604 936 1 0.17 22192.00
problem38 0.39 101788 1700 1 0.2 22192.00
problem39 0.48 105324 3338 1 0.21 22192.00
problem40 0.24 115360 1161 1 0.19 22192.00
problem41 0.6 114070 1279 1 0.16 22192.00
problem42 0.4 119272 986 1 0.16 22192.00
problem43 0.37 125055 2145 1 0.17 22192.00
problem44 0.38 119446 1135 1 0.17 22192.00
problem45 0.41 120368 1827 1 0.19 22192.00
problem46 0.24 109939 932 1 0.16 22192.00
problem47 0.16 129845 705 1 0.09 22192.00
problem48 0.23 126498 673 1 0.15 22192.00
problem49 0.23 123707 728 1 0.13 22192.00
problem50 0.21 139328 395 1 0.13 22192.00
problem51 0.2 125713 606 1 0.17 22192.00
problem52 0.23 112683 975 1 0.18 22192.00
problem53 0.38 130019 859 1 0.14 22192.00
problem54 0.2 118075 671 1 0.16 22192.00
problem55 1.48 124628 3686 1 0.19 22192.00
problem56 0.58 107839 2787 1 0.2 22192.00
problem57 0.45 97584 3603 1 0.22 22192.00
problem58 0.3 123635 1804 1 0.22 22192.00
problem59 0.47 120492 1952 1 0.19 22192.00
problem60 0.22 141697 531 1 0.14 22192.00
problem61 0.27 127744 1275 1 0.16 22192.00
problem62 0.35 108348 1862 1 0.19 22192.00
problem63 0.24 131246 364 1 0.13 22192.00
problem64 0.19 136822 637 1 0.16 22192.00
problem65 0.29 119132 1488 1 0.18 22192.00
problem66 1.29 125867 1789 1 0.17 22192.00
problem67 0.4 109260 3075 1 0.21 22192.00
problem68 1.18 111122 6743 2 0.77 36388.00
problem69 0.39 125451 1783 1 0.23 15312.00
problem70 0.21 134372 472 1 0.14 15316.00
problem71 0.42 96183 2621 1 0.32 24396.00
problem72 0.28 112202 1147 1 0.22 24396.00
problem73 0.56 128779 999 1 0.19 24396.00
problem74 0.35 116112 2088 1 0.27 24396.00
problem75 0.21 127818 450 1 0.17 24396.00
problem76 0.23 116269 516 1 0.18 24396.00
problem77 0.32 135077 641 1 0.18 24396.00
problem78 1.41 106786 7766 2 0.93 45388.00
problem79 0.36 120739 1252 1 0.23 25704.00
problem80 0.25 111423 724 1 0.17 25704.00
problem81 0.4 120525 1402 1 0.27 25704.00
problem82 0.32 124269 1310 1 0.23 25704.00
problem83 0.3 116616 962 1 0.21 25704.00
problem84 0.3 121437 873 1 0.27 25704.00
problem85 0.48 97046 2491 1 0.29 25804.00
problem86 0.52 114922 2188 1 0.27 25804.00
problem87 0.4 127388 1130 1 0.24 25804.00
problem88 0.31 122529 502 1 0.19 25804.00
problem89 0.42 124208 2035 1 0.27 25804.00
problem90 0.34 120467 853 1 0.27 25804.00
problem91 0.26 117297 567 1 0.23 25804.00
problem92 0.27 138514 465 1 0.22 25804.00
problem93 0.37 136473 888 1 0.22 25804.00
problem94 0.23 129010 403 1 0.19 25804.00
problem95 0.27 122109 439 1 0.23 25804.00
problem96 0.45 133689 1370 1 0.23 25804.00
problem97 0.54 133886 1052 1 0.18 25804.00
problem98 0.66 122682 1295 1 0.24 25804.00
problem99 0.34 141849 481 1 0.16 25804.00
