problem0 0.03 378566 5 169832248 6.95315e-310 0.00
problem1 0.03 381743 5 169832248 6.95315e-310 0.00
problem2 0.03 385788 5 169832248 6.95315e-310 0.00
problem3 0.04 368507 5 169832248 6.95315e-310 0.00
problem4 0.01 320839 5 169832248 6.95315e-310 0.00
problem5 0.01 361740 5 169832248 6.95315e-310 0.00
problem6 0.03 379205 5 169832248 6.95315e-310 0.00
problem7 0.03 347392 5 169832248 6.95315e-310 0.00
problem8 0.02 376728 5 169832248 6.95315e-310 0.00
problem9 0.01 344441 5 169832248 6.95315e-310 0.00
problem10 0.05 398814 5 169832248 6.95315e-310 0.00
problem11 0.04 357781 5 169832248 6.95315e-310 0.00
problem12 0.02 450233 5 169832248 6.95315e-310 0.00
problem13 0.02 363894 5 169832248 6.95315e-310 0.00
problem14 0.05 399815 5 169832248 6.95315e-310 0.00
problem15 0.06 427578 5 169832248 6.95315e-310 0.00
problem16 0.02 367530 5 169832248 6.95315e-310 0.00
problem17 0.02 327171 5 169832248 6.95315e-310 0.00
problem18 0.03 374272 5 169832248 6.95315e-310 0.00
problem19 0.03 343023 5 169832248 6.95315e-310 0.00
problem20 0.02 401259 5 169832248 6.95315e-310 0.00
problem21 0.01 358432 5 169832248 6.95315e-310 0.00
problem22 0.04 367497 5 169832248 6.95315e-310 0.00
problem23 0.04 402356 5 169832248 6.95315e-310 0.00
problem24 0.02 369404 5 169832248 6.95315e-310 0.00
problem25 0.01 372941 5 169832248 6.95315e-310 0.00
problem26 0.05 379746 5 169832248 6.95315e-310 0.00
problem27 0.03 367241 5 169832248 6.95315e-310 0.00
problem28 0.04 388957 5 169832248 6.95315e-310 0.00
problem29 0.01 355594 5 169832248 6.95315e-310 0.00
problem30 0.03 333451 5 169832248 6.95315e-310 0.00
problem31 0.01 413038 5 169832248 6.95315e-310 0.00
problem32 0.02 384398 5 169832248 6.95315e-310 0.00
problem33 0.01 360919 5 169832248 6.95315e-310 0.00
problem34 0.04 335364 5 169832248 6.95315e-310 0.00
problem35 0.03 375139 5 169832248 6.95315e-310 0.00
problem36 0.02 366223 5 169832248 6.95315e-310 0.00
problem37 0.02 382004 5 169832248 6.95315e-310 0.00
problem38 0.04 348877 5 169832248 6.95315e-310 0.00
problem39 0.03 420712 5 169832248 6.95315e-310 0.00
problem40 0.01 316256 5 169832248 6.95315e-310 0.00
problem41 0.01 366881 5 169832248 6.95315e-310 0.00
problem42 0.05 357862 5 169832248 6.95315e-310 0.00
problem43 0.05 393341 5 169832248 6.95315e-310 0.00
problem44 0.02 351489 5 169832248 6.95315e-310 0.00
problem45 0.02 398750 5 169832248 6.95315e-310 0.00
problem46 0.06 383055 5 169832248 6.95315e-310 0.00
problem47 0.02 370082 5 169832248 6.95315e-310 0.00
problem48 0.03 363634 5 169832248 6.95315e-310 0.00
problem49 0.01 335531 5 169832248 6.95315e-310 0.00
problem50 0.04 318216 5 169832248 6.95315e-310 0.00
problem51 0.03 399319 5 169832248 6.95315e-310 0.00
problem52 0.02 379571 5 169832248 6.95315e-310 0.00
problem53 0.02 366920 5 169832248 6.95315e-310 0.00
problem54 0.03 372497 5 169832248 6.95315e-310 0.00
problem55 0.02 369692 5 169832248 6.95315e-310 0.00
problem56 0.02 348356 5 169832248 6.95315e-310 0.00
problem57 0 342645 5 169832248 6.95315e-310 0.00
problem58 0.05 365930 5 169832248 6.95315e-310 0.00
problem59 0.02 337777 5 169832248 6.95315e-310 0.00
problem60 0.01 272293 5 169832248 6.95315e-310 0.00
problem61 0.02 395058 5 169832248 6.95315e-310 0.00
problem62 0.04 368403 5 169832248 6.95315e-310 0.00
problem63 0.02 380630 5 169832248 6.95315e-310 0.00
problem64 0.01 387158 5 169832248 6.95315e-310 0.00
problem65 0.02 382079 5 169832248 6.95315e-310 0.00
problem66 0.05 355596 5 169832248 6.95315e-310 0.00
problem67 0.01 300875 5 169832248 6.95315e-310 0.00
problem68 0.02 392151 5 169832248 6.95315e-310 0.00
problem69 0.03 378716 5 169832248 6.95315e-310 0.00
problem70 0.03 323669 5 169832248 6.95315e-310 0.00
problem71 0.04 363984 5 169832248 6.95315e-310 0.00
problem72 0.03 334632 5 169832248 6.95315e-310 0.00
problem73 0.03 382153 5 169832248 6.95315e-310 0.00
problem74 0.09 371182 5 169832248 6.95315e-310 0.00
problem75 0.03 397157 5 169832248 6.95315e-310 0.00
problem76 0.02 364361 5 169832248 6.95315e-310 0.00
problem77 0.02 377286 5 169832248 6.95315e-310 0.00
problem78 0.03 355031 5 169832248 6.95315e-310 0.00
problem79 0.02 362762 5 169832248 6.95315e-310 0.00
problem80 0.01 356666 5 169832248 6.95315e-310 0.00
problem81 0.02 385875 5 169832248 6.95315e-310 0.00
problem82 0.05 381968 5 169832248 6.95315e-310 0.00
problem83 0.03 374719 5 169832248 6.95315e-310 0.00
problem84 0.01 354811 5 169832248 6.95315e-310 0.00
problem85 0.01 335472 5 169832248 6.95315e-310 0.00
problem86 0.02 349849 5 169832248 6.95315e-310 0.00
problem87 0.04 403588 5 169832248 6.95315e-310 0.00
problem88 0.03 373388 5 169832248 6.95315e-310 0.00
problem89 0.01 354333 5 169832248 6.95315e-310 0.00
problem90 0.02 373618 5 169832248 6.95315e-310 0.00
problem91 0.03 391257 5 169832248 6.95315e-310 0.00
problem92 0.01 349165 5 169832248 6.95315e-310 0.00
problem93 0 345434 5 169832248 6.95315e-310 0.00
problem94 0.04 392091 5 169832248 6.95315e-310 0.00
problem95 0.03 382014 5 169832248 6.95315e-310 0.00
problem96 0.02 386846 5 169832248 6.95315e-310 0.00
problem97 0.04 428839 5 169832248 6.95315e-310 0.00
problem98 0.04 348180 5 169832248 6.95315e-310 0.00
problem99 0.01 293171 5 169832248 6.95315e-310 0.00
