problem0 0.05 487712840 1
problem1 0.02 382489518 1
problem2 0.13 401202565 1
problem3 0.01 450284903 1
problem4 0.01 422168842 1
problem5 0 431407560 1
problem6 0.02 423343127 1
problem7 0.01 459493649 1
problem8 0 406702572 1
problem9 0 396989826 1
problem10 0.09 447162313 1
problem11 0.02 402994011 1
problem12 0.07 398011630 1
problem13 0.01 426469596 1
problem14 0.02 412175003 1
problem15 0.01 441228869 1
problem16 0.01 349131792 1
problem17 0.01 397440470 1
problem18 0.24 384061069 1
problem19 0.01 401628111 1
problem20 0.01 389923154 1
problem21 0.06 506762864 1
problem22 0.08 413238687 1
problem23 0 343397881 1
problem24 0.17 422450868 1
problem25 0.01 427115690 1
problem26 0.02 445866449 1
problem27 0 377820867 1
problem28 0.03 406328886 1
problem29 0.08 436968068 1
problem30 0.01 488600867 1
problem31 0.05 381601837 1
problem32 0.1 411279832 1
problem33 0 447107582 1
problem34 0.07 406352277 1
problem35 0 358233143 1
problem36 0.01 436911002 1
problem37 0.01 413386008 1
problem38 0.01 477112615 1
problem39 0 440747233 1
problem40 0.05 352028028 1
problem41 0.01 390852050 1
problem42 0.08 388599257 1
problem43 0.01 418415659 1
problem44 0.12 440025470 1
problem45 0 380266028 1
problem46 0.03 401256875 1
problem47 0.01 398007317 1
problem48 0.03 419647904 1
problem49 0.01 386426918 1
problem50 0.03 449758877 1
problem51 0.04 435345055 1
problem52 0.05 430782434 1
problem53 0.02 486985152 1
problem54 0.04 421011119 1
problem55 0.04 412229065 1
problem56 0 428512836 1
problem57 0.01 374870266 1
problem58 0.05 367143905 1
problem59 0 360053651 1
problem60 0.05 401354438 1
problem61 0 370822100 1
problem62 0 385056819 1
problem63 0.01 391256573 1
problem64 0.01 339927912 1
problem65 0.07 399587406 1
problem66 0.02 464506277 1
problem67 0.04 406373127 1
problem68 0.01 409056810 1
problem69 0.01 369111144 1
problem70 0.02 422176311 1
problem71 0 449110193 1
problem72 0.01 434096396 1
problem73 0.02 358886946 1
problem74 0.02 391494633 1
problem75 0.01 417594619 1
problem76 0.01 395992590 1
problem77 0.01 416140156 1
problem78 0.02 375021755 1
problem79 0.04 390087141 1
problem80 0.02 425121584 1
problem81 0.03 463159926 1
problem82 0 453248685 1
problem83 0.01 424311151 1
problem84 0.02 394573426 1
problem85 0 433220880 1
problem86 0 374734783 1
problem87 0.01 417598873 1
problem88 0.02 421502420 1
problem89 0.01 333104458 1
problem90 0.03 440188401 1
problem91 0.01 447285347 1
problem92 0.03 447827798 1
problem93 0.01 399992100 1
problem94 0 425710403 1
problem95 0.01 416945101 1
problem96 0.01 326348024 1
problem97 0.01 362874526 1
problem98 0 403960245 1
problem99 0.02 417757655 1
