problem0 0 19055305 1
problem1 0 18880451 1
problem2 0 19412726 1
problem3 0 17192700 1
problem4 0.01 20313611 1
problem5 0.01 18527101 1
problem6 0 18801480 1
problem7 0 16610182 1
problem8 0 19618797 1
problem9 0 19787607 1
problem10 0 16254778 1
problem11 0.01 19538224 1
problem12 0 19080815 1
problem13 0 20100433 1
problem14 0 20735180 1
problem15 0 18323962 1
problem16 0 20653969 1
problem17 0 19992427 1
problem18 0 23027198 1
problem19 0.01 18429924 1
problem20 0 21025107 1
problem21 0 17442725 1
problem22 0 18937040 1
problem23 0.01 20215022 1
problem24 0.01 19084725 1
problem25 0 17975295 1
problem26 0 20958018 1
problem27 0 18541336 1
problem28 0 19203767 1
problem29 0.01 20634233 1
problem30 0 18555732 1
problem31 0 17060962 1
problem32 0 17733209 1
problem33 0 19687699 1
problem34 0 21290758 1
problem35 0 22579916 1
problem36 0.01 19912347 1
problem37 0 18914765 1
problem38 0 19103832 1
problem39 0 21596246 1
problem40 0.02 22174077 1
problem41 0 18629287 1
problem42 0 18098506 1
problem43 0 17655552 1
problem44 0 19615999 1
problem45 0 18432417 1
problem46 0 19700700 1
problem47 0 20472010 1
problem48 0 20811553 1
problem49 0 19965115 1
problem50 0 17644046 1
problem51 0 18272180 1
problem52 0 18580963 1
problem53 0 18126325 1
problem54 0.01 18023904 1
problem55 0 20393406 1
problem56 0 19482437 1
problem57 0 18505551 1
problem58 0 18456914 1
problem59 0.01 22287592 1
problem60 0 16680263 1
problem61 0 21261001 1
problem62 0 16600676 1
problem63 0.01 19808050 1
problem64 0 18387433 1
problem65 0 19677795 1
problem66 0.01 19722006 1
problem67 0 19302044 1
problem68 0 20733739 1
problem69 0.01 18649117 1
problem70 0 18613608 1
problem71 0 20440358 1
problem72 0 17334029 1
problem73 0 20651511 1
problem74 0.02 19182426 1
problem75 0 17921232 1
problem76 0 18293647 1
problem77 0 21157361 1
problem78 0 16366316 1
problem79 0 21000090 1
problem80 0.01 20979377 1
problem81 0 20824587 1
problem82 0 17333790 1
problem83 0.01 20590468 1
problem84 0 18539123 1
problem85 0 20909125 1
problem86 0.01 20643568 1
problem87 0 20328078 1
problem88 0.03 22053077 1
problem89 0 20774559 1
problem90 0 18472802 1
problem91 0 20448952 1
problem92 0.01 16624599 1
problem93 0 19596057 1
problem94 0 19816820 1
problem95 0 16347650 1
problem96 0.01 19182969 1
problem97 0.03 20161459 1
problem98 0.01 23357222 1
problem99 0.01 22301292 1
