problem0 0 3115325 1
problem1 0 3811083 1
problem2 0 3514121 1
problem3 0 3004599 1
problem4 0 3106709 1
problem5 0 2911011 1
problem6 0 3043041 1
problem7 0 3099215 1
problem8 0 2949357 1
problem9 0 3449403 1
problem10 0 3156409 1
problem11 0 3628775 1
problem12 0 3257669 1
problem13 0 3222611 1
problem14 0 3157905 1
problem15 0 3962495 1
problem16 0 2811037 1
problem17 0 3041643 1
problem18 0 3268713 1
problem19 0 2945303 1
problem20 0 3010293 1
problem21 0 3062147 1
problem22 0 3185729 1
problem23 0 3354287 1
problem24 0 3552333 1
problem25 0 3308699 1
problem26 0 3261209 1
problem27 0 3641159 1
problem28 0 2954405 1
problem29 0 3019443 1
problem30 0 3323121 1
problem31 0 3568351 1
problem32 0 3665917 1
problem33 0 3398603 1
problem34 0 3461577 1
problem35 0 2767223 1
problem36 0 3155541 1
problem37 0 3160035 1
problem38 0 3111329 1
problem39 0 3359503 1
problem40 0 3086253 1
problem41 0 3245819 1
problem42 0 3017849 1
problem43 0 3272615 1
problem44 0 3679237 1
problem45 0 3287315 1
problem46 0 3271249 1
problem47 0 2793279 1
problem48 0 3189597 1
problem49 0 3571243 1
problem50 0 2913065 1
problem51 0 3912151 1
problem52 0 3411381 1
problem53 0 3335747 1
problem54 0 3606273 1
problem55 0 3639151 1
problem56 0 3123981 1
problem57 0 3260763 1
problem58 0 3212761 1
problem59 0 3309575 1
problem60 0 3597157 1
problem61 0 3108723 1
problem62 0 3264433 1
problem63 0 3472287 1
problem64 0 2823869 1
problem65 0 2642059 1
problem66 0 3720329 1
problem67 0 3627575 1
problem68 0 3515669 1
problem69 0.01 3720355 1
problem70 0 3490913 1
problem71 0 2751439 1
problem72 0 2879085 1
problem73 0 3222459 1
problem74 0 3190585 1
problem75 0 3358823 1
problem76 0 3756741 1
problem77 0 3139027 1
problem78 0 3433745 1
problem79 0 3639295 1
problem80 0 3355165 1
problem81 0 3232491 1
problem82 0 3261929 1
problem83 0 2699927 1
problem84 0 3468405 1
problem85 0 2740995 1
problem86 0 3682753 1
problem87 0 3186735 1
problem88 0 3137997 1
problem89 0 3393051 1
problem90 0 3475609 1
problem91 0 2633927 1
problem92 0 3240485 1
problem93 0 2853939 1
problem94 0 2861681 1
problem95 0 3294303 1
problem96 0 2817405 1
problem97 0 2983243 1
problem98 0 3503945 1
problem99 0 3226359 1
