problem0 7.63 205393 20001 2 6.95 144584.00
problem1 4.38 215491 2453 1 2.11 69056.00
problem2 2.38 223171 9 1 2.05 69480.00
problem3 9.87 202287 20145 2 5.89 106976.00
problem4 2.24 203238 1 1 2.03 106976.00
problem5 15.87 187082 24436 2 7.94 131916.00
problem6 8.34 179130 24448 2 7.29 183764.00
problem7 6.6 201364 2307 1 1.99 154880.00
problem8 9.42 196669 24451 2 8.47 193572.00
problem9 4.88 206991 2440 1 2.62 84976.00
problem10 8.83 182896 24475 2 7.54 176584.00
problem11 4.97 210874 1909 1 2.67 99696.00
problem12 1.86 240978 1 1 1.81 53100.00
problem13 3.55 224021 575 1 1.97 77676.00
problem14 2.66 199653 1 1 2.5 77676.00
problem15 3.41 187808 874 1 2.11 78236.00
problem16 9.44 170281 24485 2 8.82 214872.00
problem17 7.5 195164 24491 2 6.97 148528.00
problem18 7.58 219164 24495 2 6.84 148528.00
problem19 6.76 212039 24498 2 6.27 95084.00
problem20 8.61 195519 24501 2 7.77 154936.00
problem21 23.77 175714 38991 2 9.08 143316.00
problem22 12.5 157458 38992 2 11.48 182556.00
problem23 4.18 215980 1183 1 2.87 58120.00
problem24 14.09 183573 39030 2 12.79 285424.00
problem25 10.53 188200 39041 2 9.49 145600.00
problem26 4.21 209095 2 1 3.9 84844.00
problem27 4.83 213970 1588 1 2.97 90568.00
problem28 3.01 222506 3 1 2.85 93036.00
problem29 12.81 197806 39114 2 10.95 208652.00
problem30 3.51 208189 1 1 3.35 125296.00
problem31 4.96 203960 1569 1 3.76 141732.00
problem32 3.83 211968 14 1 3.47 142188.00
problem33 5.85 210675 2063 1 2.97 74392.00
problem34 2.52 226419 1 1 2.41 82800.00
problem35 15.06 183903 39290 2 10.96 209808.00
problem36 2.81 223638 4 1 2.55 127596.00
problem37 5.6 208377 1455 1 3 86472.00
problem38 3.78 212585 17 1 3.57 121708.00
problem39 5.18 217284 1623 1 2.92 84844.00
problem40 3.82 214508 14 1 3.51 76652.00
problem41 16.63 172480 48120 2 11.59 156476.00
problem42 3.91 205599 10 1 3.49 92616.00
problem43 6.11 228330 5046 1 3.92 86472.00
problem44 3.14 231682 1 1 3.05 96712.00
problem45 4.94 223813 682 1 3.21 113516.00
problem46 3.17 203413 2 1 3.06 72556.00
problem47 5.39 198608 1144 1 3.53 111468.00
problem48 4.2 199384 3 1 3.99 149924.00
problem49 5.8 221067 2654 1 4.14 160544.00
problem50 4.84 195787 8 1 4.44 97132.00
problem51 3.87 248950 207 1 2.68 98232.00
problem52 3.78 197486 3 1 3.57 86892.00
problem53 5.47 203153 1886 1 3.77 96076.00
problem54 4.51 213441 10 1 4.2 78700.00
problem55 4.23 238044 520 1 3.24 80520.00
problem56 3.47 223940 9 1 3.32 93136.00
problem57 7.18 200791 2191 1 3.55 90568.00
problem58 3.48 213367 1 1 3.34 100808.00
problem59 10.27 204802 6314 1 3.85 105328.00
problem60 3.73 219354 4 1 3.45 105332.00
problem61 5.04 211933 898 1 3.16 72344.00
problem62 3.25 218093 2 1 3.12 74604.00
problem63 5.96 229096 1399 1 3.01 84844.00
problem64 3.46 206256 3 1 3.3 86892.00
problem65 25.63 168996 49261 2 13.56 275900.00
problem66 3.52 225571 3 1 3.2 87160.00
problem67 6.49 210574 1316 1 3.16 84844.00
problem68 3.57 207174 3 1 3.44 106952.00
problem69 6.24 217385 2358 1 3.55 107372.00
problem70 4.47 209177 2 1 4.19 113516.00
problem71 6.36 212724 3704 1 3.8 113520.00
problem72 4.73 195484 1 1 4.38 115360.00
problem73 6.12 199407 3800 1 3.77 92616.00
problem74 3.91 191439 3 1 3.67 93036.00
problem75 3.7 225306 289 1 3.16 80536.00
problem76 3.41 185522 9 1 3.07 87884.00
problem77 5.28 194933 1588 1 3.46 78700.00
problem78 4.78 186693 8 1 4.48 134724.00
problem79 4.97 213504 436 1 3.3 78488.00
problem80 3.52 240776 2 1 3.37 91840.00
problem81 6.65 210107 2423 1 3.69 94920.00
problem82 3.74 217467 7 1 3.55 95084.00
problem83 18.64 175271 54454 2 14.66 142204.00
problem84 5.08 195358 3 1 4.65 115056.00
problem85 6.13 210113 1521 1 3.85 95084.00
problem86 4.02 199793 4 1 3.87 127852.00
problem87 4.65 223244 470 1 3.27 127852.00
problem88 3.98 202868 4 1 3.78 100808.00
problem89 4.62 217479 395 1 3.71 72044.00
problem90 6.06 197159 42 1 5.52 170656.00
problem91 16.6 183347 54634 2 14.25 199416.00
problem92 5.02 212106 13 1 4.47 99180.00
problem93 6.52 197389 2743 1 4.22 70508.00
problem94 4.5 199325 1 1 4.31 125308.00
problem95 6.2 217368 820 1 3.44 125804.00
problem96 4.71 204640 13 1 4.45 109000.00
problem97 5.76 221523 511 1 3.54 109000.00
problem98 4.41 196051 6 1 4.18 88940.00
problem99 6.4 216766 5739 1 4.73 95084.00
