problem0 0.02 368975884214 1 2352.00
problem1 0.02 370877796452 1 2408.00
problem2 0.04 387707479411 1 2408.00
problem3 0.02 321579898493 1 2408.00
problem4 0.03 355288435256 1 2408.00
problem5 0.02 331820895230 1 2408.00
problem6 0.02 400964531013 1 2408.00
problem7 0.03 355727353127 1 2408.00
problem8 0.02 349248759770 1 2408.00
problem9 0.04 338828435512 1 2408.00
problem10 0.02 391381348663 1 2408.00
problem11 0.03 321252332913 1 2408.00
problem12 0.01 394589448860 1 2408.00
problem13 0.08 382708205330 1 2408.00
problem14 0.04 335480885577 1 2408.00
problem15 0.05 377714291035 1 2408.00
problem16 0.04 327593940094 1 2408.00
problem17 0.03 316284738188 1 2408.00
problem18 0.04 381688472955 1 2408.00
problem19 0.03 327981179621 1 2408.00
problem20 0.04 321420838784 1 2408.00
problem21 0.04 326079861926 1 2408.00
problem22 0.03 376099823565 1 2408.00
problem23 0.02 390575535119 1 2408.00
problem24 0.01 354524251554 1 2408.00
problem25 0.03 322275954528 1 2408.00
problem26 0.02 396696031807 1 2408.00
problem27 0.01 325129195225 1 2408.00
problem28 0.03 407626821860 1 2408.00
problem29 0.01 363206378682 1 2408.00
problem30 0.03 356592955089 1 2408.00
problem31 0.04 436208827715 1 2408.00
problem32 0.07 363855579974 1 2408.00
problem33 0.05 324881682100 1 2408.00
problem34 0.06 370991564675 1 2408.00
problem35 0.03 368481790285 1 2408.00
problem36 0.03 318059411144 1 2408.00
problem37 0.03 344459257678 1 2408.00
problem38 0.03 387577056853 1 2408.00
problem39 0.01 306184969463 1 2408.00
problem40 0.03 391251080554 1 2408.00
problem41 0.02 313663301768 1 2408.00
problem42 0.02 338020390215 1 2408.00
problem43 0.03 323436134977 1 2408.00
problem44 0.01 396489107756 1 2408.00
problem45 0.01 325798661218 1 2408.00
problem46 0.02 367965736537 1 2408.00
problem47 0.05 356235518763 1 2408.00
problem48 0.03 360181650446 1 2408.00
problem49 0.03 400683789532 1 2408.00
problem50 0.04 351236885387 1 2408.00
problem51 0.02 310457215413 1 2408.00
problem52 0.05 373595691024 1 2408.00
problem53 0.01 357133026294 1 2408.00
problem54 0.06 402793414365 1 2408.00
problem55 0.01 342505398239 1 2408.00
problem56 0.03 384490436402 1 2408.00
problem57 0.02 353115450288 1 2408.00
problem58 0.05 351702891087 1 2408.00
problem59 0.04 368447188905 1 2408.00
problem60 0.08 363237053300 1 2408.00
problem61 0.04 348659179018 1 2408.00
problem62 0.02 327820324833 1 2408.00
problem63 0.02 389854110483 1 2408.00
problem64 0.03 372085632726 1 2408.00
problem65 0.03 348436935940 1 2408.00
problem66 0.02 312845726099 1 2408.00
problem67 0.06 405474894877 1 2408.00
problem68 0.06 337360087896 1 2408.00
problem69 0.07 397435038366 1 2408.00
problem70 0.01 372438069605 1 2408.00
problem71 0.05 334109179079 1 2408.00
problem72 0.02 308446071546 1 2408.00
problem73 0.03 345174399192 1 2408.00
problem74 0.01 391792869719 1 2408.00
problem75 0.05 320901404433 1 2408.00
problem76 0.04 351591329724 1 2408.00
problem77 0.03 324349426098 1 2408.00
problem78 0.01 371010442089 1 2408.00
problem79 0.03 363144543483 1 2408.00
problem80 0.02 382420982686 1 2408.00
problem81 0.02 306864744236 1 2408.00
problem82 0.03 370023774619 1 2408.00
problem83 0.02 389095921797 1 2408.00
problem84 0.06 340391342240 1 2408.00
problem85 0.02 384289037126 1 2408.00
problem86 0.04 361622906349 1 2408.00
problem87 0.01 366918628271 1 2408.00
problem88 0.02 322963730626 1 2408.00
problem89 0.02 390182744064 1 2408.00
problem90 0.02 363318733407 1 2408.00
problem91 0.04 380028647545 1 2408.00
problem92 0.02 345061277188 1 2408.00
problem93 0.05 422198337370 1 2408.00
problem94 0.05 411872180465 1 2408.00
problem95 0.02 354409132259 1 2408.00
problem96 0.06 304736574054 1 2408.00
problem97 0.03 345612747604 1 2408.00
problem98 0.02 400118080419 1 2408.00
problem99 0.02 324433463021 1 2408.00
