problem0 5.3e-05 166978252596 1
problem1 2.6e-05 174916988210 1
problem2 5e-05 165130127040 1
problem3 3.3e-05 168753079134 1
problem4 4e-05 166372003468 1
problem5 7e-05 167033214922 1
problem6 0.000208 170333811352 1
problem7 2.8e-05 154794923638 1
problem8 4.5e-05 170526924516 1
problem9 0.000149 162423253858 1
problem10 3.8e-05 171755503472 1
problem11 2.4e-05 153082733198 1
problem12 2.6e-05 151630348348 1
problem13 0.000663 162113751034 1
problem14 2.8e-05 146238344520 1
problem15 0.00027 153871263654 1
problem16 2.5e-05 170795405972 1
problem17 0.000136 168511540626 1
problem18 3.4e-05 163925933088 1
problem19 2.6e-05 153337890238 1
problem20 2.7e-05 153875477996 1
problem21 0.000129 154290297898 1
problem22 3.1e-05 160989768696 1
problem23 0.000172 165553151190 1
problem24 0.000114 161468320324 1
problem25 4.1e-05 166837097410 1
problem26 4.6e-05 157154245840 1
problem27 3.2e-05 168147733742 1
problem28 2.8e-05 167414869916 1
problem29 0.000147 153794532442 1
problem30 2.3e-05 157809987240 1
problem31 0.000102 151327110662 1
problem32 2.4e-05 163984000500 1
problem33 4.1e-05 171123359218 1
problem34 4.7e-05 159474827648 1
problem35 8.5e-05 162859644958 1
problem36 8.1e-05 168541465932 1
problem37 4.4e-05 161936846986 1
problem38 3e-05 170555618648 1
problem39 2.9e-05 155764634422 1
problem40 9.1e-05 163915285924 1
problem41 0.000342 165100293154 1
problem42 2.8e-05 157216541232 1
problem43 2.4e-05 154096371534 1
problem44 4.9e-05 165731102460 1
problem45 5e-05 161174237370 1
problem46 3.8e-05 157019578376 1
problem47 0.000446 169888535654 1
problem48 3.3e-05 176199338324 1
problem49 0.000104 161291763282 1
problem50 3.1e-05 141577836256 1
problem51 6e-05 169759144574 1
problem52 7.3e-05 166088078508 1
problem53 0.000152 152422831338 1
problem54 6.1e-05 156502691512 1
problem55 3.4e-05 164190509462 1
problem56 2.5e-05 160043602180 1
problem57 2.6e-05 152428713090 1
problem58 0.000169 150234245008 1
problem59 0.000351 161786155438 1
problem60 5.1e-05 165413043804 1
problem61 4.5e-05 166600613146 1
problem62 6.6e-05 148885078376 1
problem63 2.4e-05 160303399622 1
problem64 0.000201 150727613620 1
problem65 3e-05 159499112114 1
problem66 5.9e-05 156474539072 1
problem67 0.000238 150839266526 1
problem68 5.4e-05 153303272460 1
problem69 0.000107 164500998474 1
problem70 0.000108 154215708696 1
problem71 2.5e-05 167381995510 1
problem72 0.000162 157329091684 1
problem73 5.4e-05 163833785570 1
problem74 2.4e-05 164495316208 1
problem75 2.5e-05 160537324558 1
problem76 2.4e-05 152612675004 1
problem77 0.000121 164299676026 1
problem78 9.2e-05 164798231240 1
problem79 0.0001 165728469286 1
problem80 6.5e-05 159234277396 1
problem81 2.9e-05 157303844626 1
problem82 3.4e-05 162961666464 1
problem83 3.2e-05 160279408446 1
problem84 2.7e-05 166570013548 1
problem85 0.000132 158608051626 1
problem86 7.4e-05 154586214776 1
problem87 0.000164 167727224406 1
problem88 3.6e-05 152040396740 1
problem89 8.8e-05 153863411010 1
problem90 2.4e-05 158024733264 1
problem91 2.8e-05 160539416174 1
problem92 0.000118 166699306268 1
problem93 8.4e-05 158228227546 1
problem94 8.1e-05 159445349416 1
problem95 0.00011 184290463622 1
problem96 0.00013 163393352564 1
problem97 0.000108 151700217714 1
problem98 4.6e-05 159094634240 1
problem99 6e-05 172869181854 1
