problem0 0 35469246 1
problem1 0 38022604 1
problem2 0 39032443 1
problem3 0 37996901 1
problem4 0 34920768 1
problem5 0 40294758 1
problem6 0 40854861 1
problem7 0 39027215 1
problem8 0 38932962 1
problem9 0 39694752 1
problem10 0 39254079 1
problem11 0 39039065 1
problem12 0 39240612 1
problem13 0 38350970 1
problem14 0 36208977 1
problem15 0 38067779 1
problem16 0 37875846 1
problem17 0 41185268 1
problem18 0 32264835 1
problem19 0 40580557 1
problem20 0 41007752 1
problem21 0 36645390 1
problem22 0 37150165 1
problem23 0 38306039 1
problem24 0 37053354 1
problem25 0 37206216 1
problem26 0 37401927 1
problem27 0 39201217 1
problem28 0 37703148 1
problem29 0 37033506 1
problem30 0 39488217 1
problem31 0 41892395 1
problem32 0 36109134 1
problem33 0 41999388 1
problem34 0 41627787 1
problem35 0 39476277 1
problem36 0 37424592 1
problem37 0 35734710 1
problem38 0 43358301 1
problem39 0 40098271 1
problem40 0 35866482 1
problem41 0 35858928 1
problem42 0 40424527 1
problem43 0 42442025 1
problem44 0 38963764 1
problem45 0 41158090 1
problem46 0 35395169 1
problem47 0 33239059 1
problem48 0 34134038 1
problem49 0 33288772 1
problem50 0 37793939 1
problem51 0 40352925 1
problem52 0 41243416 1
problem53 0 38250846 1
problem54 0 35919077 1
problem55 0 36965575 1
problem56 0 37240122 1
problem57 0 41059608 1
problem58 0 35771735 1
problem59 0 35555985 1
problem60 0 35977340 1
problem61 0 37781362 1
problem62 0 41264105 1
problem63 0 43466747 1
problem64 0 42206942 1
problem65 0 38285932 1
problem66 0 36524699 1
problem67 0 40490757 1
problem68 0 41224800 1
problem69 0 36493318 1
problem70 0 35312493 1
problem71 0 37198255 1
problem72 0 41993474 1
problem73 0 41437760 1
problem74 0 35010655 1
problem75 0 38892025 1
problem76 0 33233092 1
problem77 0 33882906 1
problem78 0 39826289 1
problem79 0 35776995 1
problem80 0 43321254 1
problem81 0 39328916 1
problem82 0 35755683 1
problem83 0 39267181 1
problem84 0 39760808 1
problem85 0 39538862 1
problem86 0 39998453 1
problem87 0 34406551 1
problem88 0 40459978 1
problem89 0 40302952 1
problem90 0 41319783 1
problem91 0 36098913 1
problem92 0 36268812 1
problem93 0 37490882 1
problem94 0 35833081 1
problem95 0 36285899 1
problem96 0 38296174 1
problem97 0 39727292 1
problem98 0 41811115 1
problem99 0 40253909 1
