problem0 7.03 336786 20001 2 4.34 633100.00
problem1 7.36 387854 20002 2 4.24 503880.00
problem2 6.3 370634 20003 2 4.23 495164.00
problem3 7.79 357830 20004 2 4.36 599344.00
problem4 8.8 291074 20005 2 5.41 824556.00
problem5 7.29 357758 20006 2 4.03 507684.00
problem6 6.48 368442 20007 2 4.18 554032.00
problem7 6.28 363062 20008 2 3.82 478196.00
problem8 6.52 397938 20009 2 4.35 528420.00
problem9 6.52 398318 20010 2 3.77 459080.00
problem10 6.25 371370 20011 2 4.09 517544.00
problem11 10.79 307878 20012 2 5.6 928428.00
problem12 7.39 346082 20013 2 4.62 653504.00
problem13 5.8 394846 20014 2 3.69 320952.00
problem14 6.32 346650 20015 2 4.12 530644.00
problem15 11.07 306966 20016 2 5.46 988100.00
problem16 6.46 364882 20017 2 4.16 545792.00
problem17 7.76 330958 20018 2 4.36 586444.00
problem18 7.75 343434 20019 2 4.89 704040.00
problem19 5.89 376710 20020 2 3.7 377524.00
problem20 5.75 372418 20021 2 3.97 439136.00
problem21 7.22 354110 20022 2 4.38 599756.00
problem22 7.44 345338 20023 2 4.15 557812.00
problem23 7.26 353270 20024 2 4.56 645284.00
problem24 6.56 385074 20025 2 3.83 432528.00
problem25 7.62 365998 20026 2 4.63 714780.00
problem26 5.62 417898 20027 2 3.4 410964.00
problem27 5.21 416870 20028 2 3.76 358376.00
problem28 5.55 402850 20029 2 3.72 315448.00
problem29 6.15 350238 20030 2 3.99 528352.00
problem30 7.18 364506 20031 2 4.27 589040.00
problem31 10.01 305366 20032 2 5.33 816540.00
problem32 4.76 409362 20033 2 3.53 308692.00
problem33 7.19 355982 20034 2 4.19 541684.00
problem34 6.66 365386 20035 2 4.2 584128.00
problem35 6.31 411974 20036 2 3.68 505772.00
problem36 5.47 388226 20037 2 3.76 412612.00
problem37 6.32 350462 20038 2 4.08 456812.00
problem38 6.42 404154 20039 2 3.79 440588.00
problem39 6.73 359862 20040 2 4.27 600968.00
problem40 7.17 372210 20041 2 4.16 492776.00
problem41 7.08 350062 20042 2 4.52 617292.00
problem42 8.02 366122 20043 2 4.2 635772.00
problem43 7.42 345638 20044 2 4.64 665180.00
problem44 5.71 410466 20045 2 3.78 353388.00
problem45 7.47 338398 20046 2 4.45 658744.00
problem46 12.23 300442 20047 2 6.1 1098956.00
problem47 6.53 352918 20048 2 4.28 539108.00
problem48 5.64 404690 20049 2 3.61 326220.00
problem49 6.97 364622 20050 2 4.49 602260.00
problem50 10.08 338186 20051 2 5.28 841104.00
problem51 6.38 381702 20052 2 4.07 556984.00
problem52 6.15 404034 20053 2 3.63 411408.00
problem53 7.93 330430 20054 2 5.02 704772.00
problem54 6.82 364666 20055 2 4.22 483340.00
problem55 7.16 366454 20056 2 4.05 530284.00
problem56 6.94 375730 20057 2 4.5 579080.00
problem57 8.68 334126 20058 2 4.59 717344.00
problem58 7.44 330730 20059 2 4.6 675728.00
problem59 5.99 389094 20060 2 3.72 344588.00
problem60 6.69 352546 20061 2 4.34 573232.00
problem61 6.63 375710 20062 2 3.96 440868.00
problem62 6.24 351066 20063 2 4.29 470312.00
problem63 9.23 318550 20064 2 4.85 771300.00
problem64 5.24 367250 20065 2 3.56 411928.00
problem65 11.33 324110 20066 2 5.73 1025084.00
problem66 6.08 376522 20067 2 4 506080.00
problem67 5.66 416966 20068 2 3.58 337352.00
problem68 5.79 337922 20069 2 3.83 469092.00
problem69 10.92 326782 20070 2 5.43 991836.00
problem70 5.42 390714 20071 2 3.83 385632.00
problem71 11.15 307510 20072 2 5.42 1051372.00
problem72 4.67 428402 20073 2 3.47 293064.00
problem73 6.4 400110 20074 2 3.96 443464.00
problem74 6.46 344490 20075 2 3.85 620564.00
problem75 7.61 317862 20076 2 4.3 539848.00
problem76 7.32 311010 20077 2 4.6 662572.00
problem77 6.96 347486 20078 2 3.92 484992.00
problem78 6.16 401690 20079 2 4.11 508336.00
problem79 6.53 382486 20080 2 4.04 409544.00
problem80 6.75 378962 20081 2 4.26 594544.00
problem81 7.14 381902 20082 2 4.26 462208.00
problem82 5.35 398474 20083 2 3.77 385976.00
problem83 7.69 370310 20084 2 4.59 551532.00
problem84 7.42 337346 20085 2 4.69 648624.00
problem85 7.08 339518 20086 2 4.06 499852.00
problem86 9.19 334842 20087 2 5.26 940036.00
problem87 9.33 330486 20088 2 4.75 754040.00
problem88 5.62 399154 20089 2 3.89 424036.00
problem89 6.72 367790 20090 2 3.96 479332.00
problem90 10.63 309098 20091 2 5.93 1115952.00
problem91 8.38 377702 20092 2 4.49 564348.00
problem92 7.16 367778 20093 2 4.55 645664.00
problem93 7.49 384798 20094 2 4.27 529152.00
problem94 4.76 419546 20095 2 3.5 322032.00
problem95 6.07 397270 20096 2 3.91 381908.00
problem96 8.57 308754 20097 2 5.1 845120.00
problem97 8.44 308622 20098 2 4.71 730608.00
problem98 6.6 371274 20099 2 4.04 478608.00
problem99 5.07 421958 20100 2 3.2 299424.00
