problem0 0 5714357 1
problem1 0 5226495 1
problem2 0 4980450 1
problem3 0 5694712 1
problem4 0 5450359 1
problem5 0 6279865 1
problem6 0 5394356 1
problem7 0 5298050 1
problem8 0 5841881 1
problem9 0 5829523 1
problem10 0 5785126 1
problem11 0 5466412 1
problem12 0 5803995 1
problem13 0 5491853 1
problem14 0 5563448 1
problem15 0 5280758 1
problem16 0 5537917 1
problem17 0 5908391 1
problem18 0 5884906 1
problem19 0 5796320 1
problem20 0 5875647 1
problem21 0 5435105 1
problem22 0 5455676 1
problem23 0 5717226 1
problem24 0 5134241 1
problem25 0 6171707 1
problem26 0 5513262 1
problem27 0 5852948 1
problem28 0 5931555 1
problem29 0 5704117 1
problem30 0 5107904 1
problem31 0 5448286 1
problem32 0 6011205 1
problem33 0 5624143 1
problem34 0 5165810 1
problem35 0 5198024 1
problem36 0 5975815 1
problem37 0 5631241 1
problem38 0 5474500 1
problem39 0 5411922 1
problem40 0 6010217 1
problem41 0 6022883 1
problem42 0 5469238 1
problem43 0 5752572 1
problem44 0 5488235 1
problem45 0 5466333 1
problem46 0 4888392 1
problem47 0 5497542 1
problem48 0 5725197 1
problem49 0 5324023 1
problem50 0 5608442 1
problem51 0 4981168 1
problem52 0 5521487 1
problem53 0 5197105 1
problem54 0 5483596 1
problem55 0 5987770 1
problem56 0 5750065 1
problem57 0 5940107 1
problem58 0.01 5685822 1
problem59 0 5722340 1
problem60 0 5424307 1
problem61 0 5204485 1
problem62 0 6248400 1
problem63 0 5461294 1
problem64 0 5499093 1
problem65 0 6613663 1
problem66 0 5541634 1
problem67 0 5833880 1
problem68 0 5069719 1
problem69 0 5738329 1
problem70 0 5384660 1
problem71 0 4987170 1
problem72 0 5959417 1
problem73 0 5825075 1
problem74 0 5671494 1
problem75 0 6188236 1
problem76 0 5248251 1
problem77 0 5475629 1
problem78 0 5026392 1
problem79 0 6027670 1
problem80 0 4972445 1
problem81 0 5986887 1
problem82 0 5391370 1
problem83 0 4643200 1
problem84 0 5177567 1
problem85 0 5452673 1
problem86 0 5210460 1
problem87 0 5326474 1
problem88 0 5622465 1
problem89 0 5317339 1
problem90 0 5590094 1
problem91 0 5216948 1
problem92 0 5517123 1
problem93 0 5526101 1
problem94 0 6235872 1
problem95 0 5394430 1
problem96 0 5881957 1
problem97 0 5442543 1
problem98 0 5321490 1
problem99 0 5374056 1
