problem0 1.98 757288873564530 68 1 1.05 120656.00
problem1 3.68 819617878451386 117 1 1.62 148396.00
problem2 2.21 781611578506393 107 1 0.99 120356.00
problem3 2.63 716068709437026 97 1 1.29 129840.00
problem4 3.29 753592632562472 85 1 1.80 156588.00
problem5 3.44 951492292069558 122 1 1.05 158636.00
problem6 2.38 747592607187046 93 1 1.12 121736.00
problem7 2.04 914690172763360 97 1 1.04 136056.00
problem8 2.96 835438439773772 85 1 1.41 143892.00
problem9 1.89 751663141832771 81 1 0.94 122656.00
problem10 3.57 791498202308683 104 1 1.57 135248.00
problem11 2.54 753532664972883 72 1 1.61 147988.00
problem12 3.61 864403412610621 91 1 1.87 157852.00
problem13 2.80 941626980852657 106 1 1.19 127132.00
problem14 3.57 623876518003855 108 1 2.39 140700.00
problem15 4.79 672916882661177 119 1 2.45 142208.00
problem16 3.59 800546345317676 129 1 1.25 130432.00
problem17 2.21 678580784195185 97 1 1.04 130912.00
problem18 3.88 792492354120088 112 1 1.22 127476.00
problem19 3.68 687928442235729 99 1 2.61 154540.00
problem20 3.52 697070492701980 156 1 1.17 122348.00
problem21 2.88 820696518725286 95 1 1.01 122472.00
problem22 3.43 823208541146067 95 1 1.00 121356.00
problem23 2.49 856972765897960 95 1 1.44 140208.00
problem24 2.46 759196474516979 89 1 1.14 122268.00
problem25 2.94 726378293798419 107 1 1.96 142896.00
problem26 2.59 746486493270975 96 1 1.73 136404.00
problem27 2.48 688634561406677 78 1 1.45 150820.00
problem28 3.48 707263669252793 97 1 1.67 134004.00
problem29 3.05 747232787190940 124 1 1.57 134168.00
problem30 2.16 774070201603081 100 1 1.25 127336.00
problem31 2.12 751960375565167 95 1 0.85 128804.00
problem32 4.22 836594386960675 116 1 1.18 128804.00
problem33 2.70 788306735471785 84 1 1.26 127236.00
problem34 4.11 730253092593284 126 1 1.37 130264.00
problem35 3.72 832515775899164 122 1 1.40 165748.00
problem36 2.54 777184810745590 80 1 1.08 121812.00
problem37 2.56 931010238757488 136 1 1.21 141868.00
problem38 3.35 757704887038180 134 1 1.08 119404.00
problem39 3.09 685929447742482 78 1 1.61 129928.00
problem40 2.54 907177880097656 102 1 1.07 130436.00
problem41 2.52 769167710523514 81 1 1.38 128672.00
problem42 4.04 877166675245306 131 1 1.36 164144.00
problem43 2.67 771205900491951 92 1 1.31 140432.00
problem44 1.99 818757499734827 88 1 0.90 121436.00
problem45 3.75 779609095736742 116 1 1.74 138780.00
problem46 6.02 752091306798433 130 1 1.03 139892.00
problem47 2.98 824595774357168 81 1 1.92 143204.00
problem48 3.10 719308413307444 93 1 2.03 143480.00
problem49 4.74 801481171448894 109 1 1.25 130340.00
problem50 2.86 812281750569209 132 1 1.00 130720.00
problem51 3.70 833922543382867 90 1 1.13 122216.00
problem52 2.43 785720842343034 116 1 1.18 119228.00
problem53 2.41 831574023804585 88 1 1.40 143896.00
problem54 2.36 767731762543082 100 1 1.42 130332.00
problem55 2.82 754185335688743 91 1 1.19 122788.00
problem56 2.45 808082965252698 95 1 1.56 134320.00
problem57 1.99 786105946280398 114 1 0.91 121660.00
problem58 2.24 804393124571510 115 1 1.04 121968.00
problem59 2.73 878474696477378 103 1 1.14 122224.00
problem60 3.10 854610794126342 136 1 1.35 131180.00
problem61 2.01 805223156306310 96 1 1.15 122204.00
problem62 2.66 789383779116467 131 1 1.43 135932.00
problem63 3.65 724981961460680 143 1 1.26 129120.00
problem64 3.89 734136164280691 98 1 1.34 130068.00
problem65 2.67 833586934246540 99 1 1.54 156592.00
problem66 2.65 835197198686349 123 1 1.45 145944.00
problem67 2.63 831122595010543 91 1 1.44 138668.00
problem68 2.47 817609284604761 123 1 0.90 121460.00
problem69 2.26 799971373274595 101 1 1.12 122840.00
problem70 2.84 858516820756395 87 1 1.69 138468.00
problem71 2.23 783810116006174 66 1 1.53 142760.00
problem72 2.30 784585139739693 88 1 0.88 122848.00
problem73 2.13 804776811074678 46 1 1.40 132216.00
problem74 3.90 794339098076365 111 1 2.63 177572.00
problem75 2.39 832376309868895 73 1 1.46 134516.00
problem76 1.96 882768446107171 76 1 1.22 139048.00
problem77 2.68 696219930157010 97 1 1.00 127720.00
problem78 2.40 789863550458306 110 1 1.15 122444.00
problem79 2.70 863543025710869 109 1 1.67 150448.00
problem80 3.70 690339211032108 109 1 2.08 141624.00
problem81 3.13 921067902370297 116 1 1.59 150040.00
problem82 2.47 815206061747247 75 1 1.36 133692.00
problem83 1.88 847985240323426 89 1 0.99 121280.00
problem84 2.52 785387692632879 101 1 1.29 130612.00
problem85 2.03 850025292732304 75 1 1.18 130852.00
problem86 2.66 732386378085674 84 1 1.00 121452.00
problem87 3.57 731855464205126 147 1 1.43 132448.00
problem88 2.92 623357371549569 110 1 1.51 129916.00
problem89 1.83 854650049485458 99 1 0.92 130256.00
problem90 3.67 822590029479350 126 1 1.35 143896.00
problem91 2.23 786585674162301 116 1 1.35 138648.00
problem92 3.67 813412893180247 143 1 1.62 150060.00
problem93 4.36 733006496019734 102 1 1.32 128756.00
problem94 4.11 688794667905711 104 1 1.50 132988.00
problem95 2.17 728120547268076 117 1 1.21 118452.00
problem96 2.68 730235250863049 99 1 1.06 121524.00
problem97 3.67 817255371695134 130 1 2.04 148688.00
problem98 2.93 727735874325011 93 1 2.11 144460.00
problem99 2.34 786236084271072 71 1 1.28 130172.00
