problem0 0 14458 1 0.00
problem1 0.00 15448 1 0.00
problem2 0.00 15799 1 0.00
problem3 0.00 15409 1 0.00
problem4 0.00 14460 1 0.00
problem5 0.00 13298 1 0.00
problem6 0.00 13321 1 0.00
problem7 0.00 16859 1 0.00
problem8 0.00 15774 1 0.00
problem9 0.00 14380 1 0.00
problem10 0.00 16507 1 0.00
problem11 0.00 13093 1 0.00
problem12 0.00 13792 1 0.00
problem13 0.00 13574 1 0.00
problem14 0.00 13069 1 0.00
problem15 0.00 15887 1 0.00
problem16 0.00 13122 1 0.00
problem17 0.00 13952 1 0.00
problem18 0.00 14783 1 0.00
problem19 0.00 15513 1 0.00
problem20 0.00 15812 1 0.00
problem21 0.00 15002 1 0.00
problem22 0.00 14993 1 0.00
problem23 0.00 12995 1 0.00
problem24 0.00 13158 1 0.00
problem25 0.00 17236 1 0.00
problem26 0.00 15747 1 0.00
problem27 0.00 14477 1 0.00
problem28 0.00 15912 1 0.00
problem29 0.00 12974 1 0.00
problem30 0.00 13973 1 0.00
problem31 0.00 13815 1 0.00
problem32 0.00 13322 1 0.00
problem33 0.00 16040 1 0.00
problem34 0.00 12743 1 0.00
problem35 0.00 14081 1 0.00
problem36 0.00 14604 1 0.00
problem37 0.00 15682 1 0.00
problem38 0.00 15641 1 0.00
problem39 0.00 14763 1 0.00
problem40 0.00 15150 1 0.00
problem41 0.00 12924 1 0.00
problem42 0.00 13451 1 0.00
problem43 0.00 16885 1 0.00
problem44 0.00 15984 1 0.00
problem45 0.00 14422 1 0.00
problem46 0.00 15901 1 0.00
problem47 0.00 13279 1 0.00
problem48 0.00 13522 1 0.00
problem49 0.00 14032 1 0.00
problem50 0.00 13263 1 0.00
problem51 0.00 15721 1 0.00
problem52 0.00 13396 1 0.00
problem53 0.00 13802 1 0.00
problem54 0.00 14241 1 0.00
problem55 0.00 16019 1 0.00
problem56 0.00 15606 1 0.00
problem57 0.00 14756 1 0.00
problem58 0.00 15251 1 0.00
problem59 0.00 13149 1 0.00
problem60 0.00 12984 1 0.00
problem61 0.00 16894 1 0.00
problem62 0.00 16293 1 0.00
problem63 0.00 14279 1 0.00
problem64 0.00 15770 1 0.00
problem65 0.00 13560 1 0.00
problem66 0.00 13271 1 0.00
problem67 0.00 13777 1 0.00
problem68 0.00 13724 1 0.00
problem69 0.00 15506 1 0.00
problem70 0.00 13865 1 0.00
problem71 0.00 13179 1 0.00
problem72 0.00 14526 1 0.00
problem73 0.00 16076 1 0.00
problem74 0.00 15515 1 0.00
problem75 0.00 15045 1 0.00
problem76 0.00 15104 1 0.00
problem77 0.00 12710 1 0.00
problem78 0.00 13613 1 0.00
problem79 0.00 16303 1 0.00
problem80 0.00 16482 1 0.00
problem81 0.00 14624 1 0.00
problem82 0.00 15839 1 0.00
problem83 0.00 12857 1 0.00
problem84 0.00 13540 1 0.00
problem85 0.00 13626 1 0.00
problem86 0.00 14001 1 0.00
problem87 0.00 15459 1 0.00
problem88 0.00 13958 1 0.00
problem89 0.00 13300 1 0.00
problem90 0.00 14243 1 0.00
problem91 0.00 15917 1 0.00
problem92 0.00 15688 1 0.00
problem93 0.00 15182 1 0.00
problem94 0.00 15029 1 0.00
problem95 0.00 12695 1 0.00
problem96 0.00 14122 1 0.00
problem97 0.00 16200 1 0.00
problem98 0.00 15847 1 0.00
problem99 0.00 15009 1 0.00
