problem0 3.27 956270752757985 4117 1 3.16 24548.00
problem1 5.49 963127186668221 4484 2 5.37 42220.00
problem2 1.99 1078468986593807 1482 1 1.93 43012.00
problem3 2.33 963203521603509 2286 1 2.29 43680.00
problem4 2.31 884422046886749 2294 1 2.21 47352.00
problem5 1.72 1171406603484300 1251 1 1.68 47352.00
problem6 2.5 987412365719425 4479 1 2.36 14176.00
problem7 1.74 952570832481070 1331 1 1.69 19292.00
problem8 2.2 983676047730018 2760 1 2.15 34164.00
problem9 2.51 974655308693279 3837 1 2.43 40840.00
problem10 5.28 913040745906812 5128 2 5.12 40140.00
problem11 2.17 992757141036111 2535 1 2.05 24880.00
problem12 6.13 1001389131082933 5285 2 6.03 44808.00
problem13 2.98 1002612493367373 3952 1 2.82 71996.00
problem14 2.12 1070016049030681 2660 1 1.87 22192.00
problem15 5.82 950707056995055 5714 2 5.68 41840.00
problem16 2.71 934991784115170 3066 1 2.65 41888.00
problem17 2.1 969377797633788 1583 1 2.03 50080.00
problem18 6.51 961940818681131 7920 2 6.38 50672.00
problem19 1.81 1046487056530005 968 1 1.78 32280.00
problem20 1.92 930949435545275 1407 1 1.85 30576.00
problem21 2.5 897619442820857 2899 1 2.43 34408.00
problem22 2.11 1097803945369670 1751 1 2.04 24156.00
problem23 2.41 1011793660134707 2481 1 2.35 28684.00
problem24 2.95 948958807517443 2911 1 2.91 26660.00
problem25 3.03 936593230572399 4745 1 2.93 31924.00
problem26 2.63 933976546323660 3136 1 2.53 37092.00
problem27 2.99 911289264071831 3980 1 2.94 37300.00
problem28 2.87 883092464405774 3203 1 2.77 77760.00
problem29 2.16 852547014957608 2325 1 2.1 77760.00
problem30 3.13 893494999970333 2881 1 3.08 78080.00
problem31 2.79 875958365550957 4402 1 2.69 78080.00
problem32 2.06 1024588747605033 2132 1 1.98 18748.00
problem33 2.88 910306173872635 5329 1 2.79 26628.00
problem34 2.66 988217024490435 3276 1 2.56 27652.00
problem35 2.66 866919234803994 2760 1 2.59 60608.00
problem36 2 1042614234634984 1055 1 1.96 24892.00
problem37 1.74 1041468004669128 1317 1 1.69 25888.00
problem38 2.2 933571990919035 1855 1 2.14 25924.00
problem39 2.58 950535201344193 3417 1 2.46 44648.00
problem40 2.43 910823046841873 2575 1 2.35 46080.00
problem41 2.18 993713705969427 1706 1 2.12 46956.00
problem42 2.22 999670353193864 2056 1 2.11 46028.00
problem43 2.39 999539048020734 2161 1 2.32 46660.00
problem44 2.58 882433506937266 3480 1 2.5 27360.00
problem45 3.18 843756337475422 5270 1 3.03 27816.00
problem46 2.93 965322242364611 3680 1 2.87 24064.00
problem47 2.55 1038078798913105 1810 1 2.5 43016.00
problem48 2.54 1057983855917461 2252 1 2.47 34988.00
problem49 1.59 1085594486646913 1082 1 1.53 35196.00
problem50 2.29 977238215197432 2932 1 2.19 20232.00
problem51 2.43 891161172794726 3881 1 2.35 33316.00
problem52 2.87 939798379937572 5301 1 2.75 23244.00
problem53 2.3 873285204425521 2765 1 2.22 28264.00
problem54 2.76 976582744342015 3125 1 2.68 44120.00
problem55 1.89 905024408075438 1912 1 1.8 44120.00
problem56 2.44 976108124477435 3140 1 2.33 27140.00
problem57 2.6 1005344561297109 3265 1 2.46 27140.00
problem58 1.76 1079317005306645 1314 1 1.69 38232.00
problem59 2.15 996997400141819 1678 1 2.1 38444.00
problem60 2.27 993984943032894 2030 1 2.22 40284.00
problem61 3.07 850148163758741 6672 1 2.96 40976.00
problem62 6.45 912202809550441 10274 2 6.15 45252.00
problem63 2.86 949755243790812 4736 1 2.71 20700.00
problem64 1.9 1076297066630202 1075 1 1.87 36712.00
problem65 2.12 971271598544630 1354 1 2.07 38136.00
problem66 2.41 998467394880266 2638 1 2.31 21384.00
problem67 2.23 1050998541683732 2166 1 2.12 34444.00
problem68 2.12 1110390419283241 1178 1 2.09 25844.00
problem69 2.99 822317208137334 3580 1 2.9 39724.00
problem70 2.04 1125282467589777 1320 1 1.99 23488.00
problem71 2.23 1020445386283539 1150 1 2.19 34028.00
problem72 7.64 772812133419225 16132 2 7.32 55288.00
problem73 2.91 907013785280308 1981 1 2.84 48448.00
problem74 2.71 959883784239036 1257 1 2.67 30464.00
problem75 2.46 1029083695386684 1208 1 2.41 42648.00
problem76 3.42 929745600934104 4076 1 3.33 50692.00
problem77 2.9 936284488049329 2869 1 2.8 60864.00
problem78 3.49 892807475761820 5704 1 3.36 40600.00
problem79 2.69 991113026718288 1847 1 2.63 62912.00
problem80 2.51 1047005798226081 1405 1 2.47 36500.00
problem81 2.69 945614346528733 2580 1 2.62 55144.00
problem82 2.61 1030930145527909 2630 1 2.44 34356.00
problem83 3.03 923019905105927 3699 1 2.93 63336.00
problem84 3.08 1068811878355340 2112 1 2.99 74188.00
problem85 3.05 989736863968119 3408 1 2.94 74188.00
problem86 2.19 1058288448047495 1807 1 2.13 38536.00
problem87 3.57 899095249466795 7777 1 3.37 37160.00
problem88 2.35 1010170998153964 2061 1 2.24 30464.00
problem89 3.51 856958309472222 6160 1 3.3 69952.00
problem90 1.59 1212106738001984 619 1 1.49 30440.00
problem91 3.15 974506873918349 3606 1 3.07 34536.00
problem92 3.11 963374155886966 3483 1 3.04 26472.00
problem93 2.5 1048203407300689 2667 1 2.37 32108.00
problem94 3.15 949097939001591 1351 1 3.12 40600.00
problem95 2.78 1022094950119662 2196 1 2.73 44904.00
problem96 2.42 1007972410436788 2209 1 2.32 24360.00
problem97 2.51 1076988356852037 2113 1 2.42 46312.00
problem98 3.44 1004138658749281 2526 1 3.39 46372.00
problem99 3.14 806766183636885 2371 1 3.09 52616.00
