problem0 45.16 677612935750693 20927 2 27.31
problem1 14.89 671546794175797 13496 1 9.32
problem2 56.27 646016586177378 41855 2 48.17
problem3 14.47 740221171292429 6918 1 6.08
problem4 12.1 749113133936352 5535 1 4.72
problem5 22.76 824425642380139 12836 1 7.71
problem6 63.21 709255934497355 16090 1 12.23
problem7 23.05 729438771657099 14052 1 9.79
problem8 80.19 631879892242145 118598 2 65.55
problem9 31.07 630011399972727 23956 1 22.45
problem10 49.91 697161490996895 25089 1 18.23
problem11 48.89 769330934583590 2959 1 5.97
problem12 42.29 739461001225644 9329 1 9.39
problem13 35.7 734611217442801 15777 1 10.7
problem14 55.94 768147831209684 10692 1 9.61
problem15 32.56 676507728522767 16819 1 11.32
problem16 20.47 718806457963183 3455 1 7.15
problem17 25.22 720520395522232 10201 1 8.31
problem18 33.24 719537671709777 12990 1 12.31
problem19 59.41 590729000212255 73254 1 35.14
problem20 63.93 748600053245305 19200 1 10.15
problem21 26.96 698453226224416 8180 1 12.18
problem22 35.7 661807761052910 10481 1 15.98
problem23 11.67 721263312101938 7935 1 9.6
problem24 11.99 729386729784529 3744 1 6.93
problem25 22.92 712088865756878 3757 1 8.48
problem26 41.69 659556873514747 10287 1 8.59
problem27 13.01 734034795528458 11464 1 11.21
problem28 9.82 751826901076675 6425 1 8.95
problem29 41.5 663227510080702 16550 1 10.24
problem30 30.49 804272560759950 4620 1 7.5
problem31 13.69 774488655660199 4738 1 7.04
problem32 30.14 638664738385571 23072 1 20.7
problem33 81.68 677021483681713 15161 1 12.6
problem34 36.41 748094352123790 7253 1 7.31
problem35 47.65 736036955191662 5167 1 7.72
problem36 24.13 672265128332304 12499 1 16.11
problem37 37.97 677273108704962 22243 1 28.73
problem38 39.9 609940142965848 33914 1 20.31
problem39 17.92 661857896682733 7112 1 9.9
problem40 46.44 623892182730170 37395 1 21.88
problem41 17.56 709259787974934 8001 1 8.87
problem42 46.41 672677259818031 33064 1 17.56
problem43 39.78 642178939107673 19944 1 16.84
problem44 28.86 769814109796872 1676 1 5.3
problem45 21.59 661349391602379 13742 1 10.33
problem46 31.22 611892479224884 31593 1 23.08
problem47 27.06 666790990527594 15304 1 14.19
problem48 40.91 677875646754548 19987 1 20.54
problem49 36.28 676559348697762 15124 1 14.26
problem50 15.43 727935911648148 7499 1 8.66
problem51 39.58 617564131881880 40021 1 27.34
problem52 10.26 722995364234933 6341 1 7.09
problem53 33.44 686790714868242 15490 1 10.16
problem54 31.26 620840818085073 28169 1 19.79
problem55 18.21 675928934272542 23594 1 14.85
problem56 42.94 655652000642159 62398 1 30.83
problem57 33.15 713581492656702 21428 1 24.65
problem58 47.43 688335686091702 51853 1 24.02
problem59 45.36 665526878935195 41955 1 25.76
problem60 39.02 640521687846801 53319 1 26.02
problem61 38.55 663197415944079 11024 1 9.16
problem62 35.27 621026659413301 60183 1 31.35
problem63 15.11 744696033792069 5296 1 7.46
problem64 62.92 614936076118134 55550 1 25.49
problem65 46.51 669944865449014 12458 1 8.89
problem66 42.82 704600647155772 10644 1 10.68
problem67 19.13 701306880640556 7791 1 9.42
problem68 8.52 783685105826562 3622 1 7.45
problem69 12.12 806387783827260 2634 1 6.52
problem70 133.05 512513125135174 155511 2 113.53
problem71 15.63 734350038350228 5776 1 11.3
problem72 66.58 676930655796753 70423 1 39.14
problem73 51.03 679191910934054 23521 1 22.02
problem74 54.76 696433374783243 20462 1 14.31
problem75 54.7 639663282444475 21355 1 16.4
problem76 39.3 766570624928772 9812 1 9.77
problem77 13.24 774227082645071 1297 1 6.42
problem78 48.54 663060015130900 19794 1 16.03
problem79 23.19 678121181730609 30839 1 17.45
problem80 16.76 727876695853652 3798 1 8.38
problem81 17.8 752019614602879 6166 1 10.73
problem82 21.83 710334252226121 9479 1 11.86
problem83 28.98 634473756975765 32640 1 19.63
problem84 38.46 762229503485002 4657 1 10.36
problem85 23.69 630484604968908 8947 1 11.05
problem86 80.58 693299144608314 18160 1 21.53
problem87 12.08 715107046933970 2462 1 7.74
problem88 43.54 734139500794649 9004 1 9.99
problem89 34.51 675875777043066 15272 1 23.24
problem90 63.82 678097980858463 26360 1 18.93
problem91 105.3 739730947483225 6087 1 8.48
problem92 18.01 680978805519416 15454 1 13.75
problem93 37.58 699838433316419 19328 1 18.25
problem94 22.31 706457135724780 9599 1 12.35
problem95 19.56 764217115056758 2941 1 7.81
problem96 32.94 706565467973070 21483 1 29.54
problem97 23.08 678184563045765 17992 1 16.39
problem98 16.57 696019149785335 7440 1 8.89
problem99 70.42 633309854820400 19791 1 16.5
