problem0 0 504652611 1
problem1 0 496290401 1
problem2 0 516545519 1
problem3 0 446257005 1
problem4 0 496588891 1
problem5 0 543045177 1
problem6 0 558851207 1
problem7 0 486232773 1
problem8 0 463621235 1
problem9 0 510679313 1
problem10 0 446569503 1
problem11 0 493925661 1
problem12 0 516988811 1
problem13 0 435131113 1
problem14 0 523592375 1
problem15 0 510385781 1
problem16 0 484553123 1
problem17 0 503071681 1
problem18 0 493918287 1
problem19 0 488320717 1
problem20 0 506389179 1
problem21 0 556977049 1
problem22 0 503782631 1
problem23 0 552142373 1
problem24 0 539857619 1
problem25 0 422283889 1
problem26 0 478957695 1
problem27 0 503039101 1
problem28 0.01 468656619 1
problem29 0 519757897 1
problem30 0 485462807 1
problem31 0 498452949 1
problem32 0 446754819 1
problem33 0 447819041 1
problem34 0 419185839 1
problem35 0 490042925 1
problem36 0 487349531 1
problem37 0 517656825 1
problem38 0 484033863 1
problem39 0 450177413 1
problem40 0 488032563 1
problem41 0 419441617 1
problem42 0 512455903 1
problem43 0 531317725 1
problem44 0 490837067 1
problem45 0 438672809 1
problem46 0 527479671 1
problem47 0 537535797 1
problem48 0 573185635 1
problem49 0 441157249 1
problem50 0 516219151 1
problem51 0 486550925 1
problem52 0 470402939 1
problem53 0 468600409 1
problem54 0 488594855 1
problem55 0 483900645 1
problem56 0 439742355 1
problem57 0 495336753 1
problem58 0 468945215 1
problem59 0 496448317 1
problem60 0 497022635 1
problem61 0 453495561 1
problem62 0 504415191 1
problem63 0 494989461 1
problem64 0 475348163 1
problem65 0 425938913 1
problem66 0 488795503 1
problem67 0 529749229 1
problem68 0 520036827 1
problem69 0 503655353 1
problem70 0 422569479 1
problem71 0 503889989 1
problem72 0 476251635 1
problem73 0 475381393 1
problem74 0 404524447 1
problem75 0 450335389 1
problem76 0 534923531 1
problem77 0 439969897 1
problem78 0 489145399 1
problem79 0 506604533 1
problem80 0 486165283 1
problem81 0 496011585 1
problem82 0 426568143 1
problem83 0 453438541 1
problem84 0 516189243 1
problem85 0 465010969 1
problem86 0 493051495 1
problem87 0 461386661 1
problem88 0 544607315 1
problem89 0 554086385 1
problem90 0 526287359 1
problem91 0 495215101 1
problem92 0 434146155 1
problem93 0 475166153 1
problem94 0 470660247 1
problem95 0 473290581 1
problem96 0 435243395 1
problem97 0 476787361 1
problem98 0.01 486299183 1
problem99 0 494072749 1
