problem0 2.71 1108699552609436 43 1 0.92 230580.00
problem1 2.78 990226101046661 40 1 0.88 230968.00
problem2 2.62 1178113067158957 42 1 0.85 230968.00
problem3 2.78 1208159286618028 53 1 1.00 238200.00
problem4 2.90 979586936450764 62 1 1.07 230972.00
problem5 2.67 1281065617077087 68 1 0.87 230972.00
problem6 2.69 1251527003403594 27 1 0.92 230972.00
problem7 2.68 1146718716800812 36 1 0.87 247264.00
problem8 2.77 1143346999149423 41 1 0.93 230972.00
problem9 2.64 1267882865971923 55 1 0.85 230972.00
problem10 2.81 875530175619735 29 1 1.04 245932.00
problem11 2.61 1171405312955776 47 1 0.81 230972.00
problem12 2.73 1036652526698409 66 1 0.91 230972.00
problem13 2.86 1098194095615155 52 1 1.05 230972.00
problem14 2.88 909902630211523 63 1 1.03 244988.00
problem15 3.03 1040755856779100 16 1 1.25 238204.00
problem16 2.80 1083299953774020 59 1 0.99 246888.00
problem17 2.58 1249681284769025 46 1 0.76 230972.00
problem18 2.90 1101847530430107 59 1 1.02 230972.00
problem19 2.62 1206678237189417 42 1 0.82 230972.00
problem20 2.74 1028082936496983 34 1 0.95 230972.00
problem21 2.77 1239365119265653 55 1 0.88 230972.00
problem22 2.86 1093876694348724 64 1 0.98 230972.00
problem23 2.72 1054499412393167 63 1 0.85 230972.00
problem24 2.84 1226152987752100 35 1 1.06 238204.00
problem25 2.63 1335178522746796 56 1 0.83 230972.00
problem26 2.67 1103308908625284 53 1 0.83 230972.00
problem27 2.75 989838883954749 55 1 0.95 230972.00
problem28 3.06 976892756331964 56 1 1.14 230972.00
problem29 2.67 1218227154534317 43 1 0.87 230972.00
problem30 2.59 1053655780562304 29 1 0.84 230972.00
problem31 2.76 960131960102444 66 1 0.97 230972.00
problem32 2.87 986089037948954 53 1 1.02 246420.00
problem33 2.59 1225237843399386 26 1 0.78 230972.00
problem34 2.55 1207207291807781 57 1 0.77 230972.00
problem35 2.75 993390219209996 47 1 0.98 245396.00
problem36 2.77 1183768890344309 46 1 0.98 245396.00
problem37 2.62 1245381700640324 38 1 0.81 230972.00
problem38 2.87 1061855126443076 38 1 1.09 230972.00
problem39 2.78 1080187577462163 45 1 0.99 244344.00
problem40 5.20 981485167465552 51 1 0.98 230972.00
problem41 2.63 1165209931151155 21 1 0.86 244564.00
problem42 2.58 968840915724107 43 1 0.76 230972.00
problem43 2.71 1102558388499273 59 1 0.91 230972.00
problem44 2.74 1124627201518711 66 1 0.91 245360.00
problem45 2.84 938289574310609 43 1 0.99 230972.00
problem46 2.65 1170316967350529 43 1 0.85 245276.00
problem47 2.72 1138195587394743 52 1 0.92 245276.00
problem48 3.00 947306709729425 62 1 1.09 230972.00
problem49 2.69 1264701587092798 36 1 0.89 245068.00
problem50 3.09 930732101119916 65 1 1.28 238204.00
problem51 2.61 1154786632271211 43 1 0.76 243668.00
problem52 2.72 1162918464439117 46 1 0.88 230972.00
problem53 2.55 1033576892800092 35 1 0.78 230972.00
problem54 3.92 1092829594913203 32 1 0.92 230972.00
problem55 2.91 1126561642568421 42 1 1.10 244668.00
problem56 2.88 1072113429065227 17 1 1.09 238204.00
problem57 2.68 1333381875759125 50 1 0.86 230972.00
problem58 2.66 1144883422042245 40 1 0.79 230972.00
problem59 2.82 1103929099053594 74 1 0.97 230972.00
problem60 2.64 1165709785089746 61 1 0.83 230972.00
problem61 2.75 1064866731866691 61 1 0.95 230972.00
problem62 2.64 1119921041367633 56 1 0.83 230972.00
problem63 2.84 1095461644186748 48 1 0.95 230972.00
problem64 3.06 1130178240778744 54 1 0.94 246400.00
problem65 2.67 1279738584091277 54 1 0.83 230972.00
problem66 2.83 1102409273288906 73 1 1.06 238204.00
problem67 2.56 1184444293342493 40 1 0.82 244540.00
problem68 2.87 1090090724941873 35 1 1.10 238204.00
problem69 2.70 981259941845518 21 1 0.94 230972.00
problem70 2.98 1110240182741399 58 1 0.82 230972.00
problem71 2.72 1082472866635570 46 1 0.98 230972.00
problem72 2.73 1020980829539912 33 1 0.98 247176.00
problem73 2.79 993796793185376 31 1 1.04 230972.00
problem74 2.71 1164366685967095 64 1 0.83 247308.00
problem75 2.97 1043514295585545 55 1 1.18 238204.00
problem76 2.64 1100454695892259 27 1 0.90 238204.00
problem77 2.69 1076966843302372 52 1 0.93 230972.00
problem78 2.64 1030050724594532 56 1 0.89 243876.00
problem79 2.71 1042205298264290 50 1 0.88 230972.00
problem80 2.54 1214876678824597 52 1 0.79 230972.00
problem81 2.95 1121175270254767 48 1 1.16 240252.00
problem82 2.60 1084011717096092 34 1 0.87 243292.00
problem83 2.68 1078050419227051 38 1 0.86 230972.00
problem84 2.74 1075917627439147 45 1 0.98 244124.00
problem85 2.74 1123425579858011 50 1 0.93 244124.00
problem86 2.78 1070512248762544 73 1 0.96 230972.00
problem87 2.90 1010495352161688 58 1 1.16 245192.00
problem88 2.78 1087703069238201 55 1 0.99 230972.00
problem89 2.68 1163130121195022 31 1 0.94 230972.00
problem90 2.78 1296893514697573 51 1 1.01 244780.00
problem91 2.58 1191512512520271 72 1 0.81 230972.00
problem92 2.89 962161622867482 36 1 1.13 244752.00
problem93 2.93 1049533598147342 50 1 1.18 238204.00
problem94 2.66 1108186576155845 53 1 0.89 244192.00
problem95 2.81 1127862053671906 43 1 1.00 230972.00
problem96 2.55 1149123000105794 57 1 0.77 244344.00
problem97 2.76 954298564414296 57 1 0.90 230972.00
problem98 2.78 1114722633283987 84 1 0.90 244860.00
problem99 2.59 1192664892319505 59 1 0.81 230972.00
