problem0 0 459687 1 2228.00
problem1 0.00 401033 1 2228.00
problem2 0.00 480276 1 2284.00
problem3 0.00 468706 1 2284.00
problem4 0.00 492073 1 2284.00
problem5 0.00 437059 1 2284.00
problem6 0.00 433446 1 2284.00
problem7 0.00 452076 1 2284.00
problem8 0.00 540235 1 2284.00
problem9 0.00 471837 1 2284.00
problem10 0.00 514264 1 2284.00
problem11 0.00 499990 1 2284.00
problem12 0.00 494093 1 2284.00
problem13 0.00 557079 1 2284.00
problem14 0.00 420138 1 2284.00
problem15 0.00 488032 1 2284.00
problem16 0.00 546671 1 2284.00
problem17 0.00 490545 1 2284.00
problem18 0.00 544796 1 2284.00
problem19 0.00 529354 1 2284.00
problem20 0.00 505969 1 2284.00
problem21 0.00 405867 1 2284.00
problem22 0.00 438190 1 2284.00
problem23 0.00 515924 1 2284.00
problem24 0.00 417555 1 2284.00
problem25 0.00 543173 1 2284.00
problem26 0.00 543200 1 2284.00
problem27 0.00 446206 1 2284.00
problem28 0.00 367957 1 2284.00
problem29 0.00 528191 1 2284.00
problem30 0.00 458930 1 2284.00
problem31 0.00 457928 1 2284.00
problem32 0.00 419127 1 2284.00
problem33 0.00 420825 1 2284.00
problem34 0.00 513572 1 2284.00
problem35 0.00 369330 1 2284.00
problem36 0.00 477369 1 2284.00
problem37 0.00 518547 1 2284.00
problem38 0.00 453686 1 2284.00
problem39 0.00 465596 1 2284.00
problem40 0.00 424411 1 2284.00
problem41 0.00 438893 1 2284.00
problem42 0.00 525544 1 2284.00
problem43 0.00 384742 1 2284.00
problem44 0.00 445085 1 2284.00
problem45 0.00 397415 1 2284.00
problem46 0.00 393786 1 2284.00
problem47 0.00 395568 1 2284.00
problem48 0.00 535807 1 2284.00
problem49 0.00 486785 1 2284.00
problem50 0.00 419372 1 2284.00
problem51 0.00 480154 1 2284.00
problem52 0.00 471809 1 2284.00
problem53 0.00 545723 1 2284.00
problem54 0.01 479934 1 2284.00
problem55 0.00 432164 1 2284.00
problem56 0.00 396963 1 2284.00
problem57 0.00 486677 1 2284.00
problem58 0.00 428528 1 2284.00
problem59 0.00 413902 1 2284.00
problem60 0.00 496101 1 2284.00
problem61 0.00 426895 1 2284.00
problem62 0.00 486850 1 2284.00
problem63 0.00 530328 1 2284.00
problem64 0.00 437959 1 2284.00
problem65 0.00 459049 1 2284.00
problem66 0.00 557108 1 2284.00
problem67 0.00 403074 1 2284.00
problem68 0.00 522057 1 2284.00
problem69 0.00 520163 1 2284.00
problem70 0.00 451398 1 2284.00
problem71 0.00 481164 1 2284.00
problem72 0.00 433515 1 2284.00
problem73 0.00 522685 1 2284.00
problem74 0.00 415992 1 2284.00
problem75 0.00 402614 1 2284.00
problem76 0.00 455469 1 2284.00
problem77 0.00 452791 1 2284.00
problem78 0.00 443210 1 2284.00
problem79 0.00 403456 1 2284.00
problem80 0.00 387727 1 2284.00
problem81 0.00 501457 1 2284.00
problem82 0.00 500796 1 2284.00
problem83 0.00 498538 1 2284.00
problem84 0.00 497041 1 2284.00
problem85 0.00 441867 1 2284.00
problem86 0.00 400846 1 2284.00
problem87 0.00 448756 1 2284.00
problem88 0.00 370227 1 2284.00
problem89 0.00 514149 1 2284.00
problem90 0.00 520704 1 2284.00
problem91 0.00 481950 1 2284.00
problem92 0.00 355957 1 2284.00
problem93 0.00 409567 1 2284.00
problem94 0.00 459474 1 2284.00
problem95 0.00 506472 1 2284.00
problem96 0.00 581719 1 2284.00
problem97 0.00 417401 1 2284.00
problem98 0.00 447044 1 2284.00
problem99 0.00 406098 1 2284.00
