problem0 0 40997 1 2208.00
problem1 0.00 35503 1 2264.00
problem2 0.00 38226 1 2264.00
problem3 0.00 46760 1 2264.00
problem4 0.00 52967 1 2264.00
problem5 0.00 45417 1 2264.00
problem6 0.00 38948 1 2264.00
problem7 0.00 35122 1 2264.00
problem8 0.00 38473 1 2264.00
problem9 0.00 40515 1 2264.00
problem10 0.00 34966 1 2264.00
problem11 0.00 45788 1 2264.00
problem12 0.00 34891 1 2264.00
problem13 0.00 47933 1 2264.00
problem14 0.00 47272 1 2264.00
problem15 0.00 44454 1 2264.00
problem16 0.00 42733 1 2264.00
problem17 0.00 41559 1 2264.00
problem18 0.00 47706 1 2264.00
problem19 0.00 33680 1 2264.00
problem20 0.00 50223 1 2264.00
problem21 0.00 44433 1 2264.00
problem22 0.00 49068 1 2264.00
problem23 0.00 40602 1 2264.00
problem24 0.00 45585 1 2264.00
problem25 0.00 42731 1 2264.00
problem26 0.00 51870 1 2264.00
problem27 0.00 30916 1 2264.00
problem28 0.00 45715 1 2264.00
problem29 0.00 43109 1 2264.00
problem30 0.00 36144 1 2264.00
problem31 0.00 44046 1 2264.00
problem32 0.00 51125 1 2264.00
problem33 0.00 44031 1 2264.00
problem34 0.00 43362 1 2264.00
problem35 0.00 41592 1 2264.00
problem36 0.00 41847 1 2264.00
problem37 0.00 39865 1 2264.00
problem38 0.00 53556 1 2264.00
problem39 0.00 42498 1 2264.00
problem40 0.00 55257 1 2264.00
problem41 0.00 49555 1 2264.00
problem42 0.00 46758 1 2264.00
problem43 0.00 41132 1 2264.00
problem44 0.00 38619 1 2264.00
problem45 0.00 42893 1 2264.00
problem46 0.00 48056 1 2264.00
problem47 0.00 48246 1 2264.00
problem48 0.00 41597 1 2264.00
problem49 0.00 47015 1 2264.00
problem50 0.00 37482 1 2264.00
problem51 0.00 45920 1 2264.00
problem52 0.00 44223 1 2264.00
problem53 0.00 48097 1 2264.00
problem54 0.00 44220 1 2264.00
problem55 0.00 32618 1 2264.00
problem56 0.00 38817 1 2264.00
problem57 0.00 52795 1 2264.00
problem58 0.00 40110 1 2264.00
problem59 0.00 39572 1 2264.00
problem60 0.00 42275 1 2264.00
problem61 0.00 43189 1 2264.00
problem62 0.00 37952 1 2264.00
problem63 0.00 40670 1 2264.00
problem64 0.00 42821 1 2264.00
problem65 0.00 42319 1 2264.00
problem66 0.00 42354 1 2264.00
problem67 0.00 38472 1 2264.00
problem68 0.00 45063 1 2264.00
problem69 0.00 40457 1 2264.00
problem70 0.00 37444 1 2264.00
problem71 0.00 51922 1 2264.00
problem72 0.00 33129 1 2264.00
problem73 0.00 44259 1 2264.00
problem74 0.00 40118 1 2264.00
problem75 0.00 42620 1 2264.00
problem76 0.00 52587 1 2264.00
problem77 0.00 43997 1 2264.00
problem78 0.00 42696 1 2264.00
problem79 0.00 33606 1 2264.00
problem80 0.00 42509 1 2264.00
problem81 0.00 46327 1 2264.00
problem82 0.00 49786 1 2264.00
problem83 0.00 43824 1 2264.00
problem84 0.00 52559 1 2264.00
problem85 0.00 45617 1 2264.00
problem86 0.00 49612 1 2264.00
problem87 0.00 51258 1 2264.00
problem88 0.00 34097 1 2264.00
problem89 0.00 48523 1 2264.00
problem90 0.00 42686 1 2264.00
problem91 0.00 46180 1 2264.00
problem92 0.00 40883 1 2264.00
problem93 0.00 41221 1 2264.00
problem94 0.00 37712 1 2264.00
problem95 0.00 51630 1 2264.00
problem96 0.00 36565 1 2264.00
problem97 0.00 38559 1 2264.00
problem98 0.00 43394 1 2264.00
problem99 0.00 45592 1 2264.00
