problem0 0 1486954245785 0 2208.00
problem1 0.00 1712418445708 0 2264.00
problem2 0.00 1383198456917 0 2264.00
problem3 0.00 1495802629356 0 2264.00
problem4 0.00 1545216454728 0 2264.00
problem5 0.00 1455260824994 0 2264.00
problem6 0.00 1439272455165 0 2264.00
problem7 0.00 1701146251577 0 2264.00
problem8 0.00 1488109182980 0 2264.00
problem9 0.00 1445271642973 0 2264.00
problem10 0.00 1134068530831 0 2264.00
problem11 0.00 1415609823035 0 2264.00
problem12 0.00 996871118714 0 2264.00
problem13 0.00 1354857787626 0 2264.00
problem14 0.00 1687256837170 0 2264.00
problem15 0.00 1244358764330 0 2264.00
problem16 0.00 1458284969318 0 2264.00
problem17 0.00 1288371439323 0 2264.00
problem18 0.00 1473238930576 0 2264.00
problem19 0.00 1741051572790 0 2264.00
problem20 0.00 1493050951084 0 2264.00
problem21 0.00 1596872988936 0 2264.00
problem22 0.00 1221829442183 0 2264.00
problem23 0.00 1349997130072 0 2264.00
problem24 0.00 1520826668203 0 2264.00
problem25 0.00 1284179640833 0 2264.00
problem26 0.00 1213110438888 0 2264.00
problem27 0.00 1323375568398 0 2264.00
problem28 0.00 1693792301892 0 2264.00
problem29 0.00 1188885112925 0 2264.00
problem30 0.00 1461569205558 0 2264.00
problem31 0.00 1120765366483 0 2264.00
problem32 0.00 1307709510857 0 2264.00
problem33 0.00 1359597649207 0 2264.00
problem34 0.00 1453569277810 0 2264.00
problem35 0.00 1608387050716 0 2264.00
problem36 0.00 1339715666485 0 2264.00
problem37 0.00 1007176726071 0 2264.00
problem38 0.00 1362294035410 0 2264.00
problem39 0.00 1489423655216 0 2264.00
problem40 0.00 1179309554427 0 2264.00
problem41 0.00 1583663202707 0 2264.00
problem42 0.00 1166737882584 0 2264.00
problem43 0.00 1671479963384 0 2264.00
problem44 0.00 1509732699395 0 2264.00
problem45 0.00 1717994026415 0 2264.00
problem46 0.00 1385610777110 0 2264.00
problem47 0.00 1490761276958 0 2264.00
problem48 0.00 1107701455630 0 2264.00
problem49 0.00 1188297289634 0 2264.00
problem50 0.00 1302979590283 0 2264.00
problem51 0.00 1361538648053 0 2264.00
problem52 0.00 1167881483128 0 2264.00
problem53 0.00 1149001244286 0 2264.00
problem54 0.00 1282714408633 0 2264.00
problem55 0.00 1130633393719 0 2264.00
problem56 0.00 1621575774191 0 2264.00
problem57 0.00 1299903570136 0 2264.00
problem58 0.00 1475172881241 0 2264.00
problem59 0.00 1696086930003 0 2264.00
problem60 0.00 1406761253067 0 2264.00
problem61 0.00 1281505571368 0 2264.00
problem62 0.00 1314152834497 0 2264.00
problem63 0.00 1506217914065 0 2264.00
problem64 0.00 1315128284368 0 2264.00
problem65 0.00 1486216674494 0 2264.00
problem66 0.00 1178492825888 0 2264.00
problem67 0.00 1545559519591 0 2264.00
problem68 0.00 1719495824551 0 2264.00
problem69 0.00 1498756228435 0 2264.00
problem70 0.00 1545453685377 0 2264.00
problem71 0.00 1352864331982 0 2264.00
problem72 0.00 1228952835113 0 2264.00
problem73 0.00 1663269879337 0 2264.00
problem74 0.00 1285050063198 0 2264.00
problem75 0.00 1601867343189 0 2264.00
problem76 0.00 1494390421559 0 2264.00
problem77 0.00 1317553076566 0 2264.00
problem78 0.01 1417635996641 0 2264.00
problem79 0.00 1562396756820 0 2264.00
problem80 0.00 1534309798073 0 2264.00
problem81 0.00 1390999411862 0 2264.00
problem82 0.00 1277939823240 0 2264.00
problem83 0.00 1474986316774 0 2264.00
problem84 0.00 1372125860287 0 2264.00
problem85 0.00 1470571197743 0 2264.00
problem86 0.00 1241848045120 0 2264.00
problem87 0.00 1592526016881 0 2264.00
problem88 0.00 1378506672131 0 2264.00
problem89 0.00 1367939236088 0 2264.00
problem90 0.00 1295636731833 0 2264.00
problem91 0.00 1325056276455 0 2264.00
problem92 0.00 1579335470687 0 2264.00
problem93 0.00 1277848418660 0 2264.00
problem94 0.00 1220120545533 0 2264.00
problem95 0.00 1236370848910 0 2264.00
problem96 0.00 1341638470469 0 2264.00
problem97 0.00 1352401041484 0 2264.00
problem98 0.00 1152756193990 0 2264.00
problem99 0.00 1295438656585 0 2264.00
