problem0 0 620958559652451 0 2228.00
problem1 0.01 478903380484848 0 2284.00
problem2 0.00 628008440597403 0 2284.00
problem3 0.01 580085708596435 0 2284.00
problem4 0.00 452369734386553 0 2284.00
problem5 0.00 440619207113742 0 2284.00
problem6 0.01 512772552651471 0 2284.00
problem7 0.00 587367484183083 0 2284.00
problem8 0.01 553071865898933 0 2284.00
problem9 0.00 512333133122723 0 2284.00
problem10 0.01 465229885903382 0 2284.00
problem11 0.00 630483600881142 0 2284.00
problem12 0.01 419287189912374 0 2284.00
problem13 0.00 578211201040013 0 2284.00
problem14 0.01 632141958664551 0 2284.00
problem15 0.00 529235192662951 0 2284.00
problem16 0.01 670110056986482 0 2284.00
problem17 0.00 602537554144396 0 2284.00
problem18 0.01 586643747741786 0 2284.00
problem19 0.00 564899212699873 0 2284.00
problem20 0.01 545830708055791 0 2284.00
problem21 0.00 598746306832049 0 2284.00
problem22 0.01 672453516440226 0 2284.00
problem23 0.00 594604784428283 0 2284.00
problem24 0.01 649111979580889 0 2284.00
problem25 0.01 551954214259574 0 2284.00
problem26 0.00 546821544685808 0 2284.00
problem27 0.01 462043243287277 0 2284.00
problem28 0.00 548977843956680 0 2284.00
problem29 0.01 512433341696967 0 2284.00
problem30 0.00 517427519527926 0 2284.00
problem31 0.01 601891518188757 0 2284.00
problem32 0.00 570968704993023 0 2284.00
problem33 0.01 532242063973398 0 2284.00
problem34 0.00 527734062263070 0 2284.00
problem35 0.01 510768370267217 0 2284.00
problem36 0.00 440850903391338 0 2284.00
problem37 0.00 585220409521392 0 2284.00
problem38 0.01 576281950723103 0 2284.00
problem39 0.00 517307130965313 0 2284.00
problem40 0.01 565575633835289 0 2284.00
problem41 0.00 525910022113034 0 2284.00
problem42 0.01 569058171059436 0 2284.00
problem43 0.00 551627867506978 0 2284.00
problem44 0.01 629360731397056 0 2284.00
problem45 0.00 475311628087521 0 2284.00
problem46 0.01 671024084923025 0 2284.00
problem47 0.00 548563281218181 0 2284.00
problem48 0.01 495957536708816 0 2284.00
problem49 0.01 646349990306074 0 2284.00
problem50 0.00 584936581307322 0 2284.00
problem51 0.01 566233515469873 0 2284.00
problem52 0.00 452804894785546 0 2284.00
problem53 0.01 504179390351509 0 2284.00
problem54 0.00 528208058247288 0 2284.00
problem55 0.00 534446102246235 0 2284.00
problem56 0.01 524232388077361 0 2284.00
problem57 0.01 498204391303513 0 2284.00
problem58 0.00 615566410034271 0 2284.00
problem59 0.01 544177046290852 0 2284.00
problem60 0.00 506636775411879 0 2284.00
problem61 0.01 619740235695401 0 2284.00
problem62 0.00 460623810519532 0 2284.00
problem63 0.01 549807314248839 0 2284.00
problem64 0.00 669306258901529 0 2284.00
problem65 0.01 533731573878929 0 2284.00
problem66 0.00 598577525036437 0 2284.00
problem67 0.01 493604158542361 0 2284.00
problem68 0.00 579449196689512 0 2284.00
problem69 0.01 501519445511772 0 2284.00
problem70 0.00 460856774226157 0 2284.00
problem71 0.01 527708842681682 0 2284.00
problem72 0.00 560629576192770 0 2284.00
problem73 0.01 562958537753307 0 2284.00
problem74 0.00 598139910467190 0 2284.00
problem75 0.01 465290700138168 0 2284.00
problem76 0.00 523140522738858 0 2284.00
problem77 0.01 613710489295750 0 2284.00
problem78 0.00 548118350169204 0 2284.00
problem79 0.00 538715554381538 0 2284.00
problem80 0.01 436626714998900 0 2284.00
problem81 0.00 479673719244397 0 2284.00
problem82 0.01 621455002772310 0 2284.00
problem83 0.00 623760413988192 0 2284.00
problem84 0.01 523866651030072 0 2284.00
problem85 0.01 513252018704225 0 2284.00
problem86 0.00 421786382308589 0 2284.00
problem87 0.00 560140088664174 0 2284.00
problem88 0.01 573139355529739 0 2284.00
problem89 0.00 511419159221710 0 2284.00
problem90 0.01 497400974826848 0 2284.00
problem91 0.00 581909084341422 0 2284.00
problem92 0.01 548125609269493 0 2284.00
problem93 0.00 525352361680470 0 2284.00
problem94 0.01 505217293327303 0 2284.00
problem95 0.01 620694544408231 0 2284.00
problem96 0.00 402426437564645 0 2284.00
problem97 0.00 614876383057674 0 2284.00
problem98 0.01 674044798682430 0 2284.00
problem99 0.01 589863630918208 0 2284.00
