problem0 0.02 27335388366 1
problem1 0.08 25329039271 1
problem2 0.01 26054824975 1
problem3 0 30464565852 1
problem4 0.01 24550480584 1
problem5 0.08 24521875177 1
problem6 0.23 30172510521 1
problem7 0.24 30538670734 1
problem8 0.14 32211355042 1
problem9 0.02 29433075851 1
problem10 0.08 30503420995 1
problem11 0 27788784160 1
problem12 0.01 23760402268 1
problem13 0.13 26956461709 1
problem14 0.01 27088564013 1
problem15 0.03 28768375570 1
problem16 0.11 29281982966 1
problem17 0.11 30012648175 1
problem18 0.12 28155237367 1
problem19 0.03 26807740260 1
problem20 0 28708763504 1
problem21 0.04 26888275889 1
problem22 0.07 26038185121 1
problem23 0.05 24903495958 1
problem24 0.02 23183210954 1
problem25 0.01 26815643347 1
problem26 0.16 24436937515 1
problem27 0.04 30512534056 1
problem28 0.19 25433369348 1
problem29 0.64 26537943637 1
problem30 0.03 27251229077 1
problem31 0 27115818138 1
problem32 0.02 30533973278 1
problem33 0.17 27011114039 1
problem34 0.05 27548537311 1
problem35 0.02 26738541164 1
problem36 0.02 27887084056 1
problem37 0.06 25919231609 1
problem38 0.02 30385946121 1
problem39 0.06 25755923870 1
problem40 0.1 27746474994 1
problem41 0.1 26033892123 1
problem42 0.04 24560066579 1
problem43 0.14 29374449712 1
problem44 0.21 25680997548 1
problem45 0.03 22675469341 1
problem46 0.02 28275274237 1
problem47 0.08 25099877410 1
problem48 0 31846235718 1
problem49 0.1 25339077503 1
problem50 0.12 26093489607 1
problem51 0.27 29779637108 1
problem52 0.02 29403880128 1
problem53 0.09 27351010113 1
problem54 0.04 26308717937 1
problem55 0.03 30401409062 1
problem56 0.04 25465351194 1
problem57 0.1 25863118179 1
problem58 0 31413512955 1
problem59 0.44 25913611320 1
problem60 0.11 27760589908 1
problem61 0 28599479269 1
problem62 0.09 30541496421 1
problem63 0.58 22461850026 1
problem64 0.01 25582941550 1
problem65 0.16 24035027143 1
problem66 0.09 30965139375 1
problem67 0.16 29319527036 1
problem68 0.16 26180641128 1
problem69 0 26440410633 1
problem70 0 27079539417 1
problem71 0.07 28165742766 1
problem72 0.05 25429846594 1
problem73 0.11 27517605291 1
problem74 0.01 27030615011 1
problem75 0.07 25265714752 1
problem76 0.03 29457979900 1
problem77 0.02 27263830445 1
problem78 0.11 25754774733 1
problem79 0.02 26062863666 1
problem80 0.43 28600900246 1
problem81 0.43 26254160911 1
problem82 0.06 26334871447 1
problem83 0.01 25631659908 1
problem84 0.06 25330284048 1
problem85 0.68 29573818065 1
problem86 0.04 26356786753 1
problem87 0.07 25225332534 1
problem88 0 30419637866 1
problem89 0.61 30489875443 1
problem90 0 22853073611 1
problem91 0.09 25559871048 1
problem92 0.06 26979845540 1
problem93 0.14 27314589045 1
problem94 0.08 28753671989 1
problem95 0.03 27469516474 1
problem96 0.06 26012331454 1
problem97 0.03 27591443799 1
problem98 0 24507364735 1
problem99 0.02 30303619724 1
