problem0 2.06 616477232879593 100 1 1.49 85116.00
problem1 8.12 796532619883667 174 1 1.23 118248.00
problem2 2.93 653840861567248 143 1 1.65 113424.00
problem3 3.22 872346433177185 158 1 0.79 92460.00
problem4 2.77 706736439725303 173 1 1.22 105232.00
problem5 2.75 694865238700879 147 1 1.78 115960.00
problem6 5.00 808519857648694 182 1 0.78 97256.00
problem7 3.02 731822885872324 129 1 1.34 109328.00
problem8 2.89 715968516553685 145 1 1.41 109328.00
problem9 1.82 765956194150813 131 1 1.01 99164.00
problem10 3.29 685321990489989 168 1 1.04 97540.00
problem11 1.66 716879817097129 90 1 0.95 99316.00
problem12 2.24 751540844673139 135 1 1.14 104908.00
problem13 2.31 744727739858756 141 1 1.16 106392.00
problem14 3.14 760419569719543 163 1 1.39 109328.00
problem15 2.40 652849014606835 138 1 1.00 88360.00
problem16 2.47 619481845414593 162 1 1.36 107280.00
problem17 2.83 831774341742213 117 1 0.91 96700.00
problem18 3.86 655313604005630 136 1 1.91 121560.00
problem19 4.39 707388486319036 208 1 1.23 121576.00
problem20 1.78 722374527117428 129 1 1.08 97616.00
problem21 5.25 755423887107047 213 1 1.30 105232.00
problem22 2.43 754042186666611 132 1 1.38 119288.00
problem23 1.86 680535315598618 128 1 1.02 97224.00
problem24 2.65 734828514582581 155 1 1.04 96744.00
problem25 5.53 728701369212522 224 1 1.85 114616.00
problem26 3.72 760345613080057 195 1 0.78 120760.00
problem27 5.89 812988889714428 196 1 1.33 111644.00
problem28 4.92 651150302160561 196 1 1.48 108792.00
problem29 3.27 866792511643701 158 1 1.02 99276.00
problem30 2.93 732384884706982 143 1 1.04 96844.00
problem31 4.79 832968290861790 195 1 0.91 99336.00
problem32 5.84 777859808337811 203 1 1.09 91532.00
problem33 2.90 725250239106378 99 1 2.17 124668.00
problem34 2.99 759485327764678 160 1 1.17 124688.00
problem35 3.19 717484151758171 164 1 0.78 95756.00
problem36 2.02 733900648580989 142 1 0.96 97248.00
problem37 3.72 647352832067127 166 1 1.60 113340.00
problem38 1.72 793361546329512 102 1 1.00 97232.00
problem39 3.40 760918620301031 157 1 1.13 103584.00
problem40 3.75 758426913586017 187 1 1.39 109328.00
problem41 1.93 698047740953620 124 1 1.16 105232.00
problem42 2.03 710829122671368 100 1 1.33 110412.00
problem43 2.04 654948854337500 117 1 1.29 107280.00
problem44 2.38 716538614461415 167 1 1.01 94948.00
problem45 2.63 815105251845760 157 1 1.21 107280.00
problem46 1.48 713085646959942 136 1 0.81 92224.00
problem47 1.80 802259099024730 128 1 0.92 99296.00
problem48 3.85 722129097626073 171 1 1.40 110688.00
problem49 2.06 825893018265843 108 1 1.09 99272.00
problem50 6.24 815612126304650 220 1 0.75 95312.00
problem51 2.62 754833225797541 174 1 1.22 105232.00
problem52 2.07 682209014530030 165 1 0.93 97212.00
problem53 2.45 751619635725283 156 1 1.18 105232.00
problem54 1.93 715983483572689 96 1 1.31 107280.00
problem55 3.97 785871409041538 189 1 1.33 108804.00
problem56 1.93 711527458202499 121 1 1.10 100216.00
problem57 5.56 779297841393391 205 1 1.26 109564.00
problem58 2.58 707707269539683 127 1 1.70 117276.00
problem59 3.98 754292413124341 163 1 1.04 101288.00
problem60 2.04 763373944070220 157 1 1.02 96940.00
problem61 2.29 760292077908950 120 1 1.36 109328.00
problem62 2.65 761461857359544 185 1 1.08 99688.00
problem63 3.60 694619773233818 210 1 1.18 105232.00
problem64 4.88 721637947708267 201 1 0.83 97236.00
problem65 1.73 754972286373066 109 1 0.67 106396.00
problem66 2.83 778158877941343 151 1 1.01 112540.00
problem67 3.98 697015983042692 172 1 1.31 111704.00
problem68 2.14 735554812918100 190 1 0.72 102096.00
problem69 2.61 737113929107996 120 1 1.17 105232.00
problem70 1.57 598899264343151 109 1 0.94 91576.00
problem71 8.25 766705246296416 211 1 1.51 115472.00
problem72 1.39 762284347788054 102 1 0.81 92484.00
problem73 7.05 808740061063481 207 1 1.21 107280.00
problem74 2.92 636955920396939 185 1 1.54 116184.00
problem75 2.57 704490062526716 152 1 1.01 97288.00
problem76 5.75 759419441540803 209 1 1.10 99452.00
problem77 1.92 658271339565612 110 1 1.20 105232.00
problem78 4.08 675440983018822 170 1 2.08 114248.00
problem79 3.66 697602362645498 152 1 1.52 113424.00
problem80 3.50 774040167907384 198 1 1.00 99300.00
problem81 2.79 710452766305812 152 1 1.18 100152.00
problem82 3.97 820176478500506 184 1 1.23 112700.00
problem83 3.22 776739604076879 146 1 1.13 104344.00
problem84 4.58 681627348076428 143 1 1.41 128164.00
problem85 1.40 773523519293622 96 1 0.79 91600.00
problem86 2.94 659581607595336 156 1 1.26 104632.00
problem87 2.13 757353002329605 112 1 1.16 107460.00
problem88 2.04 707269751042049 120 1 1.33 121048.00
problem89 1.55 827666943172705 107 1 0.88 97144.00
problem90 3.41 761843200246951 176 1 0.98 97248.00
problem91 3.13 735120857393700 169 1 1.04 97216.00
problem92 1.95 709186784898401 145 1 1.08 101792.00
problem93 2.12 801657073826324 142 1 0.78 95208.00
problem94 3.01 816032824179694 144 1 1.10 102344.00
problem95 2.00 826267991788637 124 1 1.15 105232.00
problem96 2.95 792558557624452 166 1 0.93 92328.00
problem97 2.50 688423984965999 143 1 0.91 97292.00
problem98 6.02 827392124956388 183 1 1.24 110168.00
problem99 2.53 757533277214012 145 1 1.18 103184.00
