problem0 0 50518932602 0 2212.00
problem1 0.00 66629988984 0 2272.00
problem2 0.00 54251396091 0 2272.00
problem3 0.00 63460178135 0 2272.00
problem4 0.00 58699678411 0 2272.00
problem5 0.00 55245639674 0 2272.00
problem6 0.00 46719450704 0 2272.00
problem7 0.01 49869545470 0 2272.00
problem8 0.00 49232111285 0 2272.00
problem9 0.00 55922716420 0 2272.00
problem10 0.00 54011524588 0 2272.00
problem11 0.00 59801500802 0 2272.00
problem12 0.00 59617497781 0 2272.00
problem13 0.00 58624590914 0 2272.00
problem14 0.00 49011449810 0 2272.00
problem15 0.01 61200099133 0 2272.00
problem16 0.00 50528128894 0 2272.00
problem17 0.00 55347585640 0 2272.00
problem18 0.00 62664012782 0 2272.00
problem19 0.00 49390954444 0 2272.00
problem20 0.00 61572893007 0 2272.00
problem21 0.00 59622520523 0 2272.00
problem22 0.00 69974429165 0 2272.00
problem23 0.01 57027108677 0 2272.00
problem24 0.00 65876166719 0 2272.00
problem25 0.00 51615603022 0 2272.00
problem26 0.00 68356498922 0 2272.00
problem27 0.00 66498465613 0 2272.00
problem28 0.00 52992522562 0 2272.00
problem29 0.00 50994100552 0 2272.00
problem30 0.00 58318493252 0 2272.00
problem31 0.01 61061536307 0 2272.00
problem32 0.00 48804110669 0 2272.00
problem33 0.00 61771376068 0 2272.00
problem34 0.00 65435670965 0 2272.00
problem35 0.00 61714841561 0 2272.00
problem36 0.00 51093663152 0 2272.00
problem37 0.00 60158219420 0 2272.00
problem38 0.00 67143551637 0 2272.00
problem39 0.01 54290506971 0 2272.00
problem40 0.00 60812634305 0 2272.00
problem41 0.00 52029134726 0 2272.00
problem42 0.00 61011354121 0 2272.00
problem43 0.00 43555670798 0 2272.00
problem44 0.00 53519695116 0 2272.00
problem45 0.00 69309079593 0 2272.00
problem46 0.01 51056639051 0 2272.00
problem47 0.00 73295991579 0 2272.00
problem48 0.00 61345427495 0 2272.00
problem49 0.00 62096097200 0 2272.00
problem50 0.00 63132766018 0 2272.00
problem51 0.00 65849048563 0 2272.00
problem52 0.00 49970901132 0 2272.00
problem53 0.00 65852696649 0 2272.00
problem54 0.01 59365750144 0 2272.00
problem55 0.00 49130614823 0 2272.00
problem56 0.00 60549940976 0 2272.00
problem57 0.00 62536772797 0 2272.00
problem58 0.00 63461846218 0 2272.00
problem59 0.00 52317203215 0 2272.00
problem60 0.00 68060798351 0 2272.00
problem61 0.00 59960065968 0 2272.00
problem62 0.01 52256083313 0 2272.00
problem63 0.00 61060468955 0 2272.00
problem64 0.00 63598001860 0 2272.00
problem65 0.00 56279315084 0 2272.00
problem66 0.00 57393336544 0 2272.00
problem67 0.00 63942402558 0 2272.00
problem68 0.00 60124451165 0 2272.00
problem69 0.00 56352076552 0 2272.00
problem70 0.01 57208213361 0 2272.00
problem71 0.00 64577078135 0 2272.00
problem72 0.00 51379430193 0 2272.00
problem73 0.00 59191695415 0 2272.00
problem74 0.00 62966891846 0 2272.00
problem75 0.00 55634408318 0 2272.00
problem76 0.00 64770481722 0 2272.00
problem77 0.00 57625596726 0 2272.00
problem78 0.01 60067826876 0 2272.00
problem79 0.00 55751202558 0 2272.00
problem80 0.00 49108273343 0 2272.00
problem81 0.00 62806930919 0 2272.00
problem82 0.00 61261832052 0 2272.00
problem83 0.00 62797310975 0 2272.00
problem84 0.00 54766244256 0 2272.00
problem85 0.00 43286147801 0 2272.00
problem86 0.00 64558700387 0 2272.00
problem87 0.01 57748150687 0 2272.00
problem88 0.00 50913410382 0 2272.00
problem89 0.00 65096685883 0 2272.00
problem90 0.00 51548040224 0 2272.00
problem91 0.00 66176475528 0 2272.00
problem92 0.00 51076758360 0 2272.00
problem93 0.00 49041219331 0 2272.00
problem94 0.01 49655986963 0 2272.00
problem95 0.00 58353623408 0 2272.00
problem96 0.00 62406545812 0 2272.00
problem97 0.00 44739220478 0 2272.00
problem98 0.00 62279236984 0 2272.00
problem99 0.00 50381659309 0 2272.00
