problem0 0 157862350 1
problem1 0 160457692 1
problem2 0.01 155337018 1
problem3 0 178151784 1
problem4 0 163395558 1
problem5 0 164006964 1
problem6 0 151869906 1
problem7 0 166244416 1
problem8 0.01 167875326 1
problem9 0 151902604 1
problem10 0.01 162533226 1
problem11 0 167007256 1
problem12 0.01 170015510 1
problem13 0.02 161197028 1
problem14 0 172016130 1
problem15 0.01 164670704 1
problem16 0 167743534 1
problem17 0 154755900 1
problem18 0 155832730 1
problem19 0 161553096 1
problem20 0.01 158200390 1
problem21 0 138698644 1
problem22 0 201956914 1
problem23 0 178060704 1
problem24 0 150323550 1
problem25 0 145621228 1
problem26 0 150112202 1
problem27 0.01 160413048 1
problem28 0 152264054 1
problem29 0 188458820 1
problem30 0.01 153808482 1
problem31 0 165192272 1
problem32 0 154609294 1
problem33 0 176599708 1
problem34 0.01 156054010 1
problem35 0 170599464 1
problem36 0 147160230 1
problem37 0.01 175932148 1
problem38 0 174568082 1
problem39 0.02 164535040 1
problem40 0 165068734 1
problem41 0 165574732 1
problem42 0.01 159174698 1
problem43 0 144598744 1
problem44 0 146231254 1
problem45 0 159511204 1
problem46 0 155380418 1
problem47 0.02 151644080 1
problem48 0 145198318 1
problem49 0 185618940 1
problem50 0 149185114 1
problem51 0 160726408 1
problem52 0.01 165402374 1
problem53 0 189199956 1
problem54 0 176133874 1
problem55 0.01 156600416 1
problem56 0 167546398 1
problem57 0 158810028 1
problem58 0 166127754 1
problem59 0.01 184051768 1
problem60 0 161878582 1
problem61 0 164007428 1
problem62 0 157333282 1
problem63 0.01 184319248 1
problem64 0 153666382 1
problem65 0 187580764 1
problem66 0 161964730 1
problem67 0.02 162866920 1
problem68 0.01 164168038 1
problem69 0 146520500 1
problem70 0 153701202 1
problem71 0 160024000 1
problem72 0 159329406 1
problem73 0 160454412 1
problem74 0 143184106 1
problem75 0.01 154515864 1
problem76 0 171418774 1
problem77 0 148994404 1
problem78 0 178017154 1
problem79 0.01 168321648 1
problem80 0 169003438 1
problem81 0.02 167280828 1
problem82 0 166605594 1
problem83 0 149233736 1
problem84 0 161807302 1
problem85 0 162712852 1
problem86 0.01 163368882 1
problem87 0 147018528 1
problem88 0 171350750 1
problem89 0 155303532 1
problem90 0.01 179997002 1
problem91 0 166615800 1
problem92 0 176424694 1
problem93 0 170570948 1
problem94 0 168673250 1
problem95 0 180721616 1
problem96 0.01 180199438 1
problem97 0 155652124 1
problem98 0 177263482 1
problem99 0 159148456 1
