problem0 0.02 3095853336324 1
problem1 0.03 3111475985026 1
problem2 0.33 3222764732304 1
problem3 0.1 2632384675246 1
problem4 0.45 2696269430876 1
problem5 0.13 2988325623578 1
problem6 0.06 3000989644136 1
problem7 0 3036358251206 1
problem8 0.01 2922927557300 1
problem9 0.31 3063528340658 1
problem10 0.1 2890012912704 1
problem11 0.31 3031659552990 1
problem12 0.01 2807725491724 1
problem13 0.41 2854239095626 1
problem14 0.21 2956496602136 1
problem15 0.32 3395633842166 1
problem16 0.16 3096167240292 1
problem17 0.03 2966936773346 1
problem18 0 3024162659568 1
problem19 0.38 3043213060110 1
problem20 0.89 2930264166332 1
problem21 1.27 3152366035834 1
problem22 0.18 3017214138056 1
problem23 0.52 2768528597286 1
problem24 0.31 2896846085652 1
problem25 1.12 2961350307090 1
problem26 0.04 3188060737952 1
problem27 0.2 2804187075390 1
problem28 0.13 2922180042092 1
problem29 0.07 3171819823018 1
problem30 0.38 3018167889272 1
problem31 0.56 3088791445078 1
problem32 0.45 3078845345220 1
problem33 0.25 2996302748482 1
problem34 0.24 2803528829520 1
problem35 0.18 2969942319726 1
problem36 0.43 2726429732636 1
problem37 0.32 3197412245466 1
problem38 0.43 3071446632488 1
problem39 0.28 3048548941702 1
problem40 0.41 2959618785652 1
problem41 0.21 3179910344050 1
problem42 0.28 3160066049792 1
problem43 0.07 2868027725214 1
problem44 0.06 2768721659084 1
problem45 0.52 3148954174474 1
problem46 0.03 3384471480024 1
problem47 0.11 3064092771510 1
problem48 0.13 3094615136548 1
problem49 0.28 3113957155746 1
problem50 0.45 2706222614448 1
problem51 0.36 3136095661262 1
problem52 0.01 3067115642492 1
problem53 0.09 2887003548730 1
problem54 0.18 3202091747720 1
problem55 0.12 3043302059494 1
problem56 0.06 2883639129300 1
problem57 0.46 3032866700754 1
problem58 0.15 2940952792160 1
problem59 0.26 3016877844478 1
problem60 0.03 3183436086316 1
problem61 0.46 2948110088298 1
problem62 0.93 2995676098616 1
problem63 0.11 3125183052566 1
problem64 0.18 2867316823172 1
problem65 0.33 2623391251458 1
problem66 0.03 3189592495376 1
problem67 0.01 3030460303150 1
problem68 1.3 2879059795420 1
problem69 0.23 2892058192026 1
problem70 0.33 2821092858600 1
problem71 0.23 3062199135302 1
problem72 0.7 3123730626612 1
problem73 0.11 2816418504242 1
problem74 0.08 2750000751040 1
problem75 0.35 2990813792862 1
problem76 0.24 2787883664268 1
problem77 0.12 2896105110730 1
problem78 0.8 3167771363736 1
problem79 0.11 3062889726326 1
problem80 0.15 2713026338788 1
problem81 0.18 3060472652898 1
problem82 1.3 2918442087024 1
problem83 0.07 2650844197262 1
problem84 0.08 2907448978748 1
problem85 0.15 3373534164218 1
problem86 0.06 3144883584072 1
problem87 0.09 2933682125478 1
problem88 0.27 3124929710996 1
problem89 0.08 2735563935378 1
problem90 0.28 3122773788448 1
problem91 0.52 3257975995582 1
problem92 1.1 3100110412524 1
problem93 1.17 3097559339306 1
problem94 0.52 3288910557944 1
problem95 0.22 2818431195094 1
problem96 0.13 2603752471364 1
problem97 0 2859095956674 1
problem98 0.02 2913968545744 1
problem99 0.15 3010882169838 1
