problem0 0 10636395222 1
problem1 0.03 12359894710 1
problem2 0.59 12624172694 1
problem3 0.2 8726753910 1
problem4 0.6 10677049942 1
problem5 0.24 11634904630 1
problem6 0.06 12036230678 1
problem7 2.09 10969520630 1
problem8 0.24 9900388822 1
problem9 0.01 11564275126 1
problem10 0.15 11342955926 1
problem11 0.95 9042149750 1
problem12 0.03 11542317398 1
problem13 0.06 8069045558 1
problem14 0.09 10961681686 1
problem15 0.01 12153235702 1
problem16 0.03 11054112982 1
problem17 0.28 11834205366 1
problem18 0.08 10504434838 1
problem19 0.12 9915584630 1
problem20 0.04 10597939286 1
problem21 0.41 10190859318 1
problem22 0.27 10388548630 1
problem23 0.03 10464049142 1
problem24 0.23 10456911830 1
problem25 0.12 10065900470 1
problem26 0.68 11299791766 1
problem27 0.09 10390757238 1
problem28 0.02 10108839766 1
problem29 1.71 10064722742 1
problem30 0.15 12044884758 1
problem31 0.55 10851239670 1
problem32 0.07 11447451350 1
problem33 0.25 9598026422 1
problem34 0.12 11698983574 1
problem35 0.1 10585108086 1
problem36 0.3 10192459350 1
problem37 0.15 10492430902 1
problem38 0.04 10142550550 1
problem39 0.14 11821635062 1
problem40 0.05 11458817494 1
problem41 0.02 10548023734 1
problem42 0.44 9671967126 1
problem43 0.23 9542335862 1
problem44 0.3 10429367638 1
problem45 0.37 11054553398 1
problem46 0.71 10704566550 1
problem47 0.01 12418934006 1
problem48 0.18 10608450774 1
problem49 1 9812107446 1
problem50 0.3 11241762966 1
problem51 0.18 12211719286 1
problem52 0.03 10400134230 1
problem53 0.33 11868530742 1
problem54 1.77 12237760534 1
problem55 0.16 11149964278 1
problem56 0 11698146262 1
problem57 0.17 12876427190 1
problem58 0.9 12230844310 1
problem59 0 11194506102 1
problem60 0.64 10222199638 1
problem61 0.38 10904319798 1
problem62 0.26 12175218454 1
problem63 0.61 10279650038 1
problem64 0.46 11624118998 1
problem65 0.4 11268488886 1
problem66 0.41 8998555286 1
problem67 0.19 12513716854 1
problem68 0 12160488022 1
problem69 0.03 10963715638 1
problem70 0.04 11171251734 1
problem71 0.05 8851689974 1
problem72 0.12 11040680406 1
problem73 0.23 11548183990 1
problem74 0.91 10252270998 1
problem75 0.16 11454953846 1
problem76 0.17 9353118038 1
problem77 0.2 10016675126 1
problem78 0.3 10417042710 1
problem79 0.08 10204750070 1
problem80 0.44 9528400086 1
problem81 0.31 10611727542 1
problem82 0.09 11814464662 1
problem83 0.01 8672528502 1
problem84 0.03 10507464790 1
problem85 0.58 11401864246 1
problem86 0.11 9493160982 1
problem87 0.11 10161303542 1
problem88 0.07 8815331286 1
problem89 0.35 12334656438 1
problem90 0.18 10581351318 1
problem91 0.4 11263203190 1
problem92 0.43 11982872406 1
problem93 0.06 9331143478 1
problem94 0.06 10127659798 1
problem95 0.27 10449403638 1
problem96 0.06 11703269078 1
problem97 0.43 12002572982 1
problem98 0.38 10965338774 1
problem99 0.05 10754483830 1
