problem0 426.39 4120983572217666 1 25141488.00
problem1 388.99 3905129912224688 1 25165896.00
problem2 385.44 4306258717239534 1 25167848.00
problem3 379.49 4227654795224700 1 25167852.00
problem4 384.02 4583496307501018 1 25167852.00
problem5 383.46 4646878851466376 1 25167856.00
problem6 386.69 3571089218742278 1 25167856.00
problem7 383.34 4596879872061908 1 25167856.00
problem8 387.07 4832277411501426 1 25167856.00
problem9 386.24 4579720544729696 1 25167856.00
problem10 387.47 4512732533709854 1 25167856.00
problem11 384.23 4160203096599084 1 25167860.00
problem12 387.89 4228746313000970 1 25167860.00
problem13 388.77 4100464585002296 1 25167860.00
problem14 384.45 4727030774424886 1 25167860.00
problem15 379.20 4443157711089540 1 25167860.00
problem16 381.51 4929028448272290 1 25167860.00
problem17 386.08 4855771310693648 1 25167860.00
problem18 382.69 4312090467967822 1 25167860.00
problem19 389.31 4622737341882844 1 25167864.00
problem20 382.86 4098614500326458 1 25167864.00
problem21 386.51 4474617577671144 1 25167864.00
problem22 385.71 4368525098776166 1 25167864.00
problem23 389.44 4040401857683764 1 25167864.00
problem24 386.21 4815153829674450 1 25167864.00
problem25 391.51 4354808016040896 1 25167864.00
problem26 388.45 4439619460349566 1 25167864.00
problem27 382.85 4073487322926476 1 25167868.00
problem28 387.29 4432669627130986 1 25167868.00
problem29 389.00 4077414043171480 1 25167868.00
problem30 389.87 4195623117249430 1 25167868.00
problem31 388.45 4259119975106276 1 25167868.00
problem32 380.50 4226883093942274 1 25167868.00
problem33 385.98 4739359474237040 1 25167868.00
problem34 384.56 3778191506582958 1 25167868.00
problem35 390.44 4135748775030076 1 25167872.00
problem36 386.89 4410523144249498 1 25167872.00
problem37 387.72 4628009919209288 1 25167872.00
problem38 386.47 5077278666527942 1 25167872.00
problem39 384.82 3750810633478292 1 25167872.00
problem40 383.24 4292539391522354 1 25167872.00
problem41 383.84 3949612564053280 1 25167872.00
problem42 387.19 4673685923852510 1 25167872.00
problem43 387.52 4525534248124652 1 25167876.00
problem44 388.18 4112834758947018 1 25167876.00
problem45 382.90 4391147187566584 1 25167876.00
problem46 387.47 4674080606527990 1 25167876.00
problem47 383.22 4259376223874628 1 25167876.00
problem48 389.26 3682531606245474 1 25167876.00
problem49 385.25 4480779234422736 1 25167876.00
problem50 382.33 4246842546948110 1 25167876.00
problem51 382.20 3910762792290460 1 25167880.00
problem52 381.18 4391682537297146 1 25167880.00
problem53 370.08 3616793036817576 1 25168564.00
problem54 368.34 4271954615534374 1 25168620.00
problem55 375.16 4691352328335348 1 25168620.00
problem56 371.71 4175649956118162 1 25168620.00
problem57 369.33 4029743018301056 1 25168620.00
problem58 374.51 4004097966928702 1 25168620.00
problem59 370.18 4110439550944332 1 25168620.00
problem60 369.90 4108238313196842 1 25168620.00
problem61 370.87 4440937660515672 1 25168620.00
problem62 370.71 4950962973161558 1 25168620.00
problem63 372.92 3906587148068260 1 25168620.00
problem64 371.79 3742691983319234 1 25168620.00
problem65 370.09 4745390748889392 1 25168620.00
problem66 372.98 3973706141905518 1 25168620.00
problem67 370.25 4275858495845372 1 25168620.00
problem68 367.61 3976944612219226 1 25168620.00
problem69 373.38 4643918807202312 1 25168620.00
problem70 368.60 4386684306538886 1 25168620.00
problem71 373.09 4395350641938260 1 25168620.00
problem72 371.40 4717672999884530 1 25168620.00
problem73 371.00 4485384947695584 1 25168620.00
problem74 375.40 4521758749279646 1 25168620.00
problem75 375.34 4558065069037484 1 25168620.00
problem76 368.60 4089234882541962 1 25168620.00
problem77 373.26 4295520824156856 1 25168620.00
problem78 371.17 4526124112453302 1 25168620.00
problem79 362.87 4433884655791364 1 25168620.00
problem80 371.24 4180123806949666 1 25168620.00
problem81 374.66 4202720252461712 1 25168620.00
problem82 365.62 4310929769180366 1 25168620.00
problem83 368.35 5059187035746140 1 25168620.00
problem84 374.82 4355993241152954 1 25168620.00
problem85 370.63 4276280499715944 1 25168620.00
problem86 378.26 4562416081752038 1 25168620.00
problem87 369.64 4802108388343476 1 25168620.00
problem88 373.32 4392566403972946 1 25168620.00
problem89 375.47 3872018609174848 1 25168620.00
problem90 367.28 4467973251393534 1 25168620.00
problem91 369.07 4372221570972428 1 25168620.00
problem92 370.89 4934157200799210 1 25168620.00
problem93 370.41 5148935819431960 1 25168620.00
problem94 367.09 3946226339337494 1 25168620.00
problem95 372.08 3863216615359588 1 25168620.00
problem96 369.69 4224221018173826 1 25168620.00
problem97 375.83 4049670505194480 1 25168620.00
problem98 372.23 4467311500064558 1 25168620.00
problem99 375.09 4054560183679676 1 25168620.00
