problem0 0 83668 1 2208.00
problem1 0.00 90066 1 2268.00
problem2 0.00 98400 1 2268.00
problem3 0.00 77822 1 2268.00
problem4 0.00 96812 1 2268.00
problem5 0.00 85610 1 2268.00
problem6 0.00 81976 1 2268.00
problem7 0.00 83734 1 2268.00
problem8 0.00 106116 1 2268.00
problem9 0.00 91650 1 2268.00
problem10 0.00 98576 1 2268.00
problem11 0.00 63278 1 2268.00
problem12 0.00 87004 1 2268.00
problem13 0.00 83610 1 2268.00
problem14 0.00 82664 1 2268.00
problem15 0.00 106566 1 2268.00
problem16 0.00 88628 1 2268.00
problem17 0.00 94258 1 2268.00
problem18 0.00 83392 1 2268.00
problem19 0.00 74334 1 2268.00
problem20 0.00 94604 1 2268.00
problem21 0.00 90826 1 2268.00
problem22 0.00 84376 1 2268.00
problem23 0.00 81270 1 2268.00
problem24 0.00 88548 1 2268.00
problem25 0.00 89698 1 2268.00
problem26 0.00 85616 1 2268.00
problem27 0.00 102798 1 2268.00
problem28 0.00 78652 1 2268.00
problem29 0.00 90874 1 2268.00
problem30 0.00 87112 1 2268.00
problem31 0.00 106150 1 2268.00
problem32 0.00 89492 1 2268.00
problem33 0.00 102546 1 2268.00
problem34 0.00 97056 1 2268.00
problem35 0.00 107710 1 2268.00
problem36 0.00 88300 1 2268.00
problem37 0.00 83754 1 2268.00
problem38 0.00 90872 1 2268.00
problem39 0.00 107478 1 2268.00
problem40 0.00 99652 1 2268.00
problem41 0.00 108226 1 2268.00
problem42 0.00 84944 1 2268.00
problem43 0.00 97262 1 2268.00
problem44 0.00 107164 1 2268.00
problem45 0.00 85850 1 2268.00
problem46 0.00 87464 1 2268.00
problem47 0.00 126214 1 2268.00
problem48 0.00 94452 1 2268.00
problem49 0.00 106738 1 2268.00
problem50 0.00 57472 1 2268.00
problem51 0.00 96030 1 2268.00
problem52 0.00 102476 1 2268.00
problem53 0.00 72586 1 2268.00
problem54 0.00 93272 1 2268.00
problem55 0.00 80438 1 2268.00
problem56 0.00 57508 1 2268.00
problem57 0.00 89890 1 2268.00
problem58 0.00 88368 1 2268.00
problem59 0.00 79438 1 2268.00
problem60 0.00 90620 1 2268.00
problem61 0.00 109498 1 2268.00
problem62 0.00 100104 1 2268.00
problem63 0.00 93030 1 2268.00
problem64 0.00 78932 1 2268.00
problem65 0.00 98642 1 2268.00
problem66 0.00 103904 1 2268.00
problem67 0.00 72062 1 2268.00
problem68 0.00 71596 1 2268.00
problem69 0.00 81898 1 2268.00
problem70 0.00 99768 1 2268.00
problem71 0.00 73878 1 2268.00
problem72 0.00 93188 1 2268.00
problem73 0.00 83842 1 2268.00
problem74 0.00 87696 1 2268.00
problem75 0.00 98478 1 2268.00
problem76 0.00 102748 1 2268.00
problem77 0.00 88090 1 2268.00
problem78 0.00 84072 1 2268.00
problem79 0.00 88518 1 2268.00
problem80 0.00 67508 1 2268.00
problem81 0.00 94642 1 2268.00
problem82 0.00 105280 1 2268.00
problem83 0.00 76766 1 2268.00
problem84 0.00 77580 1 2268.00
problem85 0.00 103498 1 2268.00
problem86 0.00 77592 1 2268.00
problem87 0.00 95990 1 2268.00
problem88 0.00 83812 1 2268.00
problem89 0.00 90082 1 2268.00
problem90 0.00 99312 1 2268.00
problem91 0.00 105230 1 2268.00
problem92 0.00 86204 1 2268.00
problem93 0.00 95354 1 2268.00
problem94 0.00 88520 1 2268.00
problem95 0.00 88102 1 2268.00
problem96 0.00 92948 1 2268.00
problem97 0.00 102930 1 2268.00
problem98 0.00 102560 1 2268.00
problem99 0.00 77374 1 2268.00
