problem0 7.8e-05 195187217167 1
problem1 3.8e-05 207311942737 1
problem2 4.8e-05 197935787388 1
problem3 3.4e-05 206370373930 1
problem4 3.7e-05 204238325393 1
problem5 3.3e-05 202540776203 1
problem6 4e-05 204211748238 1
problem7 3.6e-05 207041154100 1
problem8 4.2e-05 216672287667 1
problem9 4.2e-05 196634869989 1
problem10 3.4e-05 221669639232 1
problem11 3.4e-05 210281535326 1
problem12 3.6e-05 198801097845 1
problem13 3.4e-05 209659105247 1
problem14 3.8e-05 197996848018 1
problem15 3.3e-05 189377379496 1
problem16 6.5e-05 205463999191 1
problem17 3.4e-05 217163960825 1
problem18 4.1e-05 194502335876 1
problem19 3.4e-05 202601969170 1
problem20 7.7e-05 191797737689 1
problem21 3.4e-05 218088804659 1
problem22 3.3e-05 194356335638 1
problem23 3.5e-05 203174845852 1
problem24 3.5e-05 201548359803 1
problem25 3.7e-05 211416004493 1
problem26 5.3e-05 191892457800 1
problem27 4.4e-05 201712053574 1
problem28 0.000101 210135167933 1
problem29 3.6e-05 184285974279 1
problem30 3.6e-05 200081022746 1
problem31 4.2e-05 208762732304 1
problem32 0.000197 211179343007 1
problem33 3.4e-05 199787757985 1
problem34 0.000129 202513848204 1
problem35 3.7e-05 210197597434 1
problem36 3.4e-05 212328645921 1
problem37 3.4e-05 202877704539 1
problem38 3.8e-05 192741708958 1
problem39 3.8e-05 196823478532 1
problem40 7.2e-05 195441020739 1
problem41 3.4e-05 202797744181 1
problem42 4.9e-05 197381937232 1
problem43 6.7e-05 194973033774 1
problem44 5.9e-05 197658524933 1
problem45 3.6e-05 208853909551 1
problem46 5.5e-05 212162757794 1
problem47 7.5e-05 200258470776 1
problem48 3.4e-05 213025865831 1
problem49 3.4e-05 194600780617 1
problem50 3.8e-05 188913736596 1
problem51 4.8e-05 198535333346 1
problem52 3.9e-05 222582565737 1
problem53 3.7e-05 202805646211 1
problem54 4.3e-05 209901109030 1
problem55 3.5e-05 200961246828 1
problem56 3.7e-05 203980632075 1
problem57 3.7e-05 210181806813 1
problem58 8.5e-05 206907060568 1
problem59 3.5e-05 203391516438 1
problem60 3.4e-05 193407295565 1
problem61 4.3e-05 213230904151 1
problem62 5.5e-05 195749123114 1
problem63 3.9e-05 191343741408 1
problem64 4.6e-05 198251343407 1
problem65 3.4e-05 202502084337 1
problem66 6.8e-05 176406587804 1
problem67 3.6e-05 209221263562 1
problem68 4.8e-05 204017560497 1
problem69 9.5e-05 204213780395 1
problem70 7.4e-05 202372404142 1
problem71 4.2e-05 214521912788 1
problem72 4.6e-05 205998050003 1
problem73 4.6e-05 220828419973 1
problem74 4.2e-05 208557872224 1
problem75 3.3e-05 204947045118 1
problem76 3.3e-05 209630977429 1
problem77 4.1e-05 203354945663 1
problem78 4.4e-05 207669038514 1
problem79 3.4e-05 192034705992 1
problem80 3.5e-05 186963826167 1
problem81 3.7e-05 203723291801 1
problem82 4e-05 194200256932 1
problem83 5.3e-05 194625559986 1
problem84 3.5e-05 209103357433 1
problem85 5.4e-05 209719254483 1
problem86 5.3e-05 197386359350 1
problem87 4.2e-05 200521316156 1
problem88 5.3e-05 210567159707 1
problem89 3.5e-05 209182115373 1
problem90 5.4e-05 229207048552 1
problem91 3.6e-05 189113653478 1
problem92 3.5e-05 192755758301 1
problem93 3.4e-05 197480595367 1
problem94 3.7e-05 204786479418 1
problem95 4.2e-05 194481888432 1
problem96 3.8e-05 198979860415 1
problem97 3.4e-05 184269485121 1
problem98 3.5e-05 196535706540 1
problem99 0.000144 217195805850 1
