problem0 0.57 569703444135359 5 -850764648 6.95331e-310 0.00
problem1 5.34 475340549694289 5 -850764648 6.95331e-310 0.00
problem2 0.69 506102569978110 5 -850764648 6.95331e-310 0.00
problem3 0.56 410583650407776 5 -850764648 6.95331e-310 0.00
problem4 0.68 550770423333670 5 -850764648 6.95331e-310 0.00
problem5 1.47 570085086545019 5 -850764648 6.95331e-310 0.00
problem6 1.29 618446767787253 5 -850764648 6.95331e-310 0.00
problem7 1.19 559303538669188 5 -850764648 6.95331e-310 0.00
problem8 1.84 554880728923744 5 -850764648 6.95331e-310 0.00
problem9 0.63 508791822909884 5 -850764648 6.95331e-310 0.00
problem10 0.75 530811265719446 5 -850764648 6.95331e-310 0.00
problem11 0.71 438800505460729 5 -850764648 6.95331e-310 0.00
problem12 0.9 521039212771704 5 -850764648 6.95331e-310 0.00
problem13 0.8 503323804093153 5 -850764648 6.95331e-310 0.00
problem14 0.62 699952909324569 5 -850764648 6.95331e-310 0.00
problem15 0.81 523464103017917 5 -850764648 6.95331e-310 0.00
problem16 1.63 549368369562788 5 -850764648 6.95331e-310 0.00
problem17 0.59 502276270483205 5 -850764648 6.95331e-310 0.00
problem18 0.6 537753838680437 5 -850764648 6.95331e-310 0.00
problem19 0.73 600636828365116 5 -850764648 6.95331e-310 0.00
problem20 0.72 446259542316899 5 -850764648 6.95331e-310 0.00
problem21 0.69 448269287282152 5 -850764648 6.95331e-310 0.00
problem22 1.19 462013080195468 5 -850764648 6.95331e-310 0.00
problem23 0.72 506872503439196 5 -850764648 6.95331e-310 0.00
problem24 0.64 510042305118737 5 -850764648 6.95331e-310 0.00
problem25 1.54 563666058118761 5 -850764648 6.95331e-310 0.00
problem26 0.66 512101425035811 5 -850764648 6.95331e-310 0.00
problem27 1.82 430504446659044 5 -850764648 6.95331e-310 0.00
problem28 0.63 565537792297068 5 -850764648 6.95331e-310 0.00
problem29 1.61 487383275464446 5 -850764648 6.95331e-310 0.00
problem30 0.64 462180261867530 5 -850764648 6.95331e-310 0.00
problem31 0.61 675651944652374 5 -850764648 6.95331e-310 0.00
problem32 1.6 498433153819606 5 -850764648 6.95331e-310 0.00
problem33 1.21 580633916330589 5 -850764648 6.95331e-310 0.00
problem34 0.7 595126670774325 5 -850764648 6.95331e-310 0.00
problem35 0.56 544415439910466 5 -850764648 6.95331e-310 0.00
problem36 0.59 459505619303546 5 -850764648 6.95331e-310 0.00
problem37 0.85 568053055671765 5 -850764648 6.95331e-310 0.00
problem38 2.91 571116443162687 5 -850764648 6.95331e-310 0.00
problem39 0.66 547614479225690 5 -850764648 6.95331e-310 0.00
problem40 0.61 531907614185507 5 -850764648 6.95331e-310 0.00
problem41 0.63 513151741411867 5 -850764648 6.95331e-310 0.00
problem42 0.65 609713282159853 5 -850764648 6.95331e-310 0.00
problem43 1.48 575803872328063 5 -850764648 6.95331e-310 0.00
problem44 1.76 525971704423638 5 -850764648 6.95331e-310 0.00
problem45 0.51 610718923041419 5 -850764648 6.95331e-310 0.00
problem46 1.6 544734089039718 5 -850764648 6.95331e-310 0.00
problem47 0.67 482166139937478 5 -850764648 6.95331e-310 0.00
problem48 1.33 547685491828769 5 -850764648 6.95331e-310 0.00
problem49 1.21 455957494137996 5 -850764648 6.95331e-310 0.00
problem50 1.45 511163505689197 5 -850764648 6.95331e-310 0.00
problem51 0.66 468295404471007 5 -850764648 6.95331e-310 0.00
problem52 1.34 552485229882029 5 -850764648 6.95331e-310 0.00
problem53 0.61 530113215465167 5 -850764648 6.95331e-310 0.00
problem54 2.08 441402518002582 5 -850764648 6.95331e-310 0.00
problem55 1.4 608745884881439 5 -850764648 6.95331e-310 0.00
problem56 0.63 497156159662390 5 -850764648 6.95331e-310 0.00
problem57 1.32 521940689329684 5 -850764648 6.95331e-310 0.00
problem58 3.15 546289332800930 5 -850764648 6.95331e-310 0.00
problem59 1.54 588772555455924 5 -850764648 6.95331e-310 0.00
problem60 0.65 594199835757720 5 -850764648 6.95331e-310 0.00
problem61 1.31 562562037268525 5 -850764648 6.95331e-310 0.00
problem62 0.64 621654649011453 5 -850764648 6.95331e-310 0.00
problem63 0.64 596682601715712 5 -850764648 6.95331e-310 0.00
problem64 0.59 583054233885801 5 -850764648 6.95331e-310 0.00
problem65 0.49 553465878722079 5 -850764648 6.95331e-310 0.00
problem66 0.79 514344020658731 5 -850764648 6.95331e-310 0.00
problem67 0.6 584608536716665 5 -850764648 6.95331e-310 0.00
problem68 0.08 447083811179249 5 -850764648 6.95331e-310 0.00
problem69 0.64 481915700170739 5 -850764648 6.95331e-310 0.00
problem70 0.71 472235688214298 5 -850764648 6.95331e-310 0.00
problem71 0.71 494280269873514 5 -850764648 6.95331e-310 0.00
problem72 0.7 436490292084486 5 -850764648 6.95331e-310 0.00
problem73 0.63 523133329434386 5 -850764648 6.95331e-310 0.00
problem74 2.99 601356056053245 5 -850764648 6.95331e-310 0.00
problem75 2 521251249326982 5 -850764648 6.95331e-310 0.00
problem76 0.65 601618430225037 5 -850764648 6.95331e-310 0.00
problem77 0.54 507068139920062 5 -850764648 6.95331e-310 0.00
problem78 0.59 535652459026639 5 -850764648 6.95331e-310 0.00
problem79 0.39 564066787601286 5 -850764648 6.95331e-310 0.00
problem80 2.41 527753162080656 5 -850764648 6.95331e-310 0.00
problem81 2.03 568107594170923 5 -850764648 6.95331e-310 0.00
problem82 5.72 523253497252795 5 -850764648 6.95331e-310 0.00
problem83 1.22 591237995998162 5 -850764648 6.95331e-310 0.00
problem84 0.8 661249537075860 5 -850764648 6.95331e-310 0.00
problem85 0.66 482797467914744 5 -850764648 6.95331e-310 0.00
problem86 0.69 521744826895330 5 -850764648 6.95331e-310 0.00
problem87 0.71 530473832947191 5 -850764648 6.95331e-310 0.00
problem88 0.59 454148250587683 5 -850764648 6.95331e-310 0.00
problem89 2.01 644485127964354 5 -850764648 6.95331e-310 0.00
problem90 3.7 516376391591138 5 -850764648 6.95331e-310 0.00
problem91 0.51 556619349247506 5 -850764648 6.95331e-310 0.00
problem92 0.58 462366438786652 5 -850764648 6.95331e-310 0.00
problem93 2.27 541365337772837 5 -850764648 6.95331e-310 0.00
problem94 1.43 668282075467761 5 -850764648 6.95331e-310 0.00
problem95 0.62 518676847430574 5 -850764648 6.95331e-310 0.00
problem96 0.81 518707091800220 5 -850764648 6.95331e-310 0.00
problem97 3.09 528617962164731 5 -850764648 6.95331e-310 0.00
problem98 0.97 562637010729007 5 -850764648 6.95331e-310 0.00
problem99 0.65 500788692707353 5 -850764648 6.95331e-310 0.00
