problem0 0.14 127622002408 1
problem1 0.48 127126311977 1
problem2 0.1 125894912137 1
problem3 0.5 123306318430 1
problem4 0 150746951394 1
problem5 0.23 138125505451 1
problem6 0.31 144243729971 1
problem7 0.13 134287569232 1
problem8 0.18 126914263228 1
problem9 0.34 124572764813 1
problem10 0.26 128211775165 1
problem11 0.06 129780919458 1
problem12 0.05 134531563126 1
problem13 0.32 144427715279 1
problem14 0.15 136394759207 1
problem15 0.32 118072454740 1
problem16 0.13 114091395600 1
problem17 0.16 117834090097 1
problem18 0.03 133766277233 1
problem19 0.43 121120471142 1
problem20 0.01 116295370122 1
problem21 1.36 144819515251 1
problem22 0 136767827355 1
problem23 1.09 122761194712 1
problem24 0.07 108398557924 1
problem25 1.11 107637872597 1
problem26 0.02 129907828133 1
problem27 0.66 112718695850 1
problem28 0.09 123847185438 1
problem29 0.63 106391941527 1
problem30 0.02 114546223759 1
problem31 1.26 116930886876 1
problem32 0.07 126701558584 1
problem33 0.17 125678636729 1
problem34 0.17 151788189273 1
problem35 0.16 132083907694 1
problem36 0.1 138620320306 1
problem37 0.07 123338514747 1
problem38 0.13 119139656451 1
problem39 3.34 132965920352 1
problem40 0.01 131968219916 1
problem41 0.85 123389098781 1
problem42 0.21 128401156749 1
problem43 0.61 138178352306 1
problem44 0.01 132670539718 1
problem45 0.23 124465450591 1
problem46 0.05 120788117239 1
problem47 0.79 123784745316 1
problem48 0.09 129791896160 1
problem49 2.19 130623270145 1
problem50 0.04 131141210689 1
problem51 0.18 130138760822 1
problem52 0.28 135604571354 1
problem53 0.24 136229046531 1
problem54 0.24 144163047019 1
problem55 0.2 118469522920 1
problem56 0.14 138079238452 1
problem57 0.38 130200630373 1
problem58 0.11 153002769781 1
problem59 0.52 118960603578 1
problem60 0.04 120985770350 1
problem61 0.02 117752733991 1
problem62 0.03 115145216351 1
problem63 1.12 144222710764 1
problem64 0.03 132981421960 1
problem65 1.64 120757772617 1
problem66 0.06 148564491305 1
problem67 1.93 121059833470 1
problem68 0.03 137418702210 1
problem69 0.72 110853138123 1
problem70 0.34 129448925139 1
problem71 1.54 120809014128 1
problem72 0.06 125687657820 1
problem73 0.11 114504450989 1
problem74 0.09 124305219165 1
problem75 0.17 126467478722 1
problem76 0.09 121671928086 1
problem77 0.73 116664625647 1
problem78 0.08 120890304967 1
problem79 0.26 135504596084 1
problem80 0.07 133857788592 1
problem81 0.19 125718604689 1
problem82 0.06 128927724561 1
problem83 0.3 123261463686 1
problem84 0.33 128278400042 1
problem85 0.13 136949004947 1
problem86 0.04 140480501563 1
problem87 0.12 127890937592 1
problem88 0.04 120708411268 1
problem89 0.99 137095457013 1
problem90 0.21 117920435525 1
problem91 0.39 122401082826 1
problem92 0.11 129504908990 1
problem93 0.52 118097373367 1
problem94 0 138242175023 1
problem95 0.15 131249615612 1
problem96 0.07 129385794520 1
problem97 0 134145002457 1
problem98 0.36 121853884921 1
problem99 0.17 122834585742 1
