problem0 0.55 810679962639370 817 1 0.53
problem1 0.64 760460261600532 1911 2 0.61
problem2 0.88 783649130650680 2622 2 0.85
problem3 0.4 819140749954670 2061 1 0.36
problem4 0.3 958589338219823 900 1 0.29
problem5 0.32 923294472727973 848 1 0.3
problem6 0.29 869029251428444 560 1 0.28
problem7 0.28 918878570635450 546 1 0.28
problem8 0.97 769047768219219 4157 2 0.9
problem9 0.43 778575260091686 2444 1 0.4
problem10 0.41 836058079512999 1660 1 0.38
problem11 0.55 799305483802637 2841 1 0.52
problem12 0.42 850448033026924 1711 1 0.38
problem13 0.32 996760285916100 667 1 0.31
problem14 0.45 796978660866032 1754 1 0.42
problem15 0.5 809428495137912 2170 1 0.48
problem16 0.43 835254259336159 1050 1 0.4
problem17 0.29 918429131385988 455 1 0.28
problem18 0.42 865219579116447 1650 1 0.36
problem19 0.24 1015292474739293 384 1 0.22
problem20 0.32 857033540271298 555 1 0.32
problem21 0.46 766750273977466 2147 1 0.43
problem22 0.32 718314147410053 678 1 0.31
problem23 0.4 759965134834874 1597 1 0.37
problem24 0.38 799367245134238 1441 1 0.36
problem25 0.41 860085175727866 1376 1 0.39
problem26 0.3 956101479234695 685 1 0.27
problem27 0.38 815986396276202 1588 1 0.35
problem28 0.36 733604578028275 1233 1 0.35
problem29 0.53 665889892556413 3502 1 0.48
problem30 0.29 955313962857914 760 1 0.27
problem31 0.27 1013851531495453 406 1 0.24
problem32 0.34 907626106609337 1085 1 0.3
problem33 0.33 918470826447554 700 1 0.3
problem34 0.35 846088476647728 823 1 0.34
problem35 0.5 820845471870702 2499 1 0.47
problem36 0.37 889288066207154 1064 1 0.33
problem37 0.44 840464633556683 1155 1 0.43
problem38 0.36 821104774979894 962 1 0.34
problem39 0.4 844416570189225 1115 1 0.38
problem40 0.51 807835271382290 2243 1 0.48
problem41 0.28 947342772425721 355 1 0.28
problem42 0.45 846251290432040 1984 1 0.41
problem43 0.39 871400863084415 1102 1 0.37
problem44 0.31 907276456558643 687 1 0.29
problem45 0.43 799376799575566 1565 1 0.38
problem46 0.46 727280910368147 2242 1 0.4
problem47 0.44 775111706740295 1812 1 0.39
problem48 0.31 1064065086534323 681 1 0.27
problem49 0.39 769195093200326 1521 1 0.36
problem50 0.43 833706929573629 1345 1 0.42
problem51 0.29 886491418556487 620 1 0.26
problem52 0.34 882785322456185 511 1 0.33
problem53 0.44 760915811055434 1342 1 0.43
problem54 0.38 890108550917312 978 1 0.33
problem55 0.42 870676111632597 2179 1 0.37
problem56 0.36 802549589276857 1270 1 0.31
problem57 0.46 756669766256047 2878 1 0.41
problem58 0.39 896947667225030 1525 1 0.36
problem59 0.53 730710545536211 2857 1 0.47
problem60 0.37 909627066158836 975 1 0.34
problem61 0.41 778866154860938 929 1 0.39
problem62 0.29 916946333119516 619 1 0.28
problem63 0.45 822972119985296 991 1 0.43
problem64 0.35 924799427194868 804 1 0.33
problem65 0.42 810394407496113 1815 1 0.39
problem66 0.33 853841237846921 866 1 0.31
problem67 0.45 802786904824789 1938 1 0.41
problem68 0.47 850907815500472 2258 1 0.41
problem69 0.27 888927579398999 457 1 0.25
problem70 0.39 799120774736095 1192 1 0.37
problem71 0.32 783221093300002 1027 1 0.3
problem72 0.46 828387749633811 2367 1 0.4
problem73 0.47 936784549677329 2144 1 0.35
problem74 0.39 815489114942047 1761 1 0.35
problem75 0.37 857837026777652 925 1 0.35
problem76 0.31 896112114641529 756 1 0.27
problem77 0.45 825139260080291 2286 1 0.42
problem78 0.34 922838748355743 1010 1 0.32
problem79 0.35 912005902857946 968 1 0.32
problem80 0.47 705766727306648 1833 1 0.45
problem81 0.35 963478531240495 587 1 0.34
problem82 0.3 931614305813185 410 1 0.29
problem83 0.49 780361170203684 3227 1 0.42
problem84 0.41 895143005495780 1546 1 0.35
problem85 0.35 815974213757834 821 1 0.33
problem86 0.43 817589192446063 1243 1 0.4
problem87 0.32 861521684753704 929 1 0.29
problem88 0.33 893165872585262 1146 1 0.3
problem89 0.39 946336353751524 1182 1 0.37
problem90 0.4 865824454266461 1151 1 0.35
problem91 0.44 743614792594793 1672 1 0.42
problem92 0.45 830616507453889 1688 1 0.41
problem93 0.45 743359080622111 2206 1 0.42
problem94 0.28 998878586156672 823 1 0.25
problem95 1.16 834037907364654 4284 2 1.1
problem96 0.41 936151209745166 1310 1 0.37
problem97 0.41 872699703232059 1147 1 0.38
problem98 0.33 852052441182090 667 1 0.3
problem99 0.28 898120129463678 403 1 0.27
