problem0 0 147247 1 0.00
problem1 0.00 132653 1 0.00
problem2 0.00 165403 1 0.00
problem3 0.00 155257 1 0.00
problem4 0.00 150215 1 0.00
problem5 0.00 152197 1 0.00
problem6 0.00 158003 1 0.00
problem7 0.00 167505 1 0.00
problem8 0.00 134495 1 0.00
problem9 0.00 179677 1 0.00
problem10 0.00 156491 1 0.00
problem11 0.00 146729 1 0.00
problem12 0.00 141047 1 0.00
problem13 0.00 153653 1 0.00
problem14 0.00 177251 1 0.00
problem15 0.00 142081 1 0.00
problem16 0.00 161679 1 0.00
problem17 0.00 147853 1 0.00
problem18 0.00 154747 1 0.00
problem19 0.00 161753 1 0.00
problem20 0.00 147239 1 0.00
problem21 0.00 158181 1 0.00
problem22 0.00 150419 1 0.00
problem23 0.00 156593 1 0.00
problem24 0.00 146879 1 0.00
problem25 0.00 155965 1 0.00
problem26 0.00 135595 1 0.00
problem27 0.00 138889 1 0.00
problem28 0.00 152407 1 0.00
problem29 0.00 145301 1 0.00
problem30 0.00 155331 1 0.00
problem31 0.00 170081 1 0.00
problem32 0.00 155631 1 0.00
problem33 0.00 154861 1 0.00
problem34 0.00 168667 1 0.00
problem35 0.00 164153 1 0.00
problem36 0.00 136071 1 0.00
problem37 0.00 131397 1 0.00
problem38 0.00 151027 1 0.00
problem39 0.00 149777 1 0.00
problem40 0.00 155167 1 0.00
problem41 0.00 148637 1 0.00
problem42 0.00 135179 1 0.00
problem43 0.00 163817 1 0.00
problem44 0.00 126903 1 0.00
problem45 0.00 145141 1 0.00
problem46 0.00 157987 1 0.00
problem47 0.00 153025 1 0.00
problem48 0.00 157775 1 0.00
problem49 0.00 153677 1 0.00
problem50 0.00 145723 1 0.00
problem51 0.00 162457 1 0.00
problem52 0.00 153575 1 0.00
problem53 0.00 174245 1 0.00
problem54 0.00 147539 1 0.00
problem55 0.00 159345 1 0.00
problem56 0.00 155263 1 0.00
problem57 0.00 149501 1 0.00
problem58 0.00 151147 1 0.00
problem59 0.00 143689 1 0.00
problem60 0.00 146455 1 0.00
problem61 0.00 144981 1 0.00
problem62 0.00 148355 1 0.00
problem63 0.00 156449 1 0.00
problem64 0.00 143535 1 0.00
problem65 0.00 164781 1 0.00
problem66 0.00 176027 1 0.00
problem67 0.00 144377 1 0.00
problem68 0.00 146503 1 0.00
problem69 0.00 151557 1 0.00
problem70 0.00 144051 1 0.00
problem71 0.00 160721 1 0.00
problem72 0.00 147167 1 0.00
problem73 0.00 146269 1 0.00
problem74 0.00 150731 1 0.00
problem75 0.00 164521 1 0.00
problem76 0.00 141431 1 0.00
problem77 0.00 148917 1 0.00
problem78 0.00 146915 1 0.00
problem79 0.00 147585 1 0.00
problem80 0.00 153871 1 0.00
problem81 0.00 151309 1 0.00
problem82 0.00 165371 1 0.00
problem83 0.00 167257 1 0.00
problem84 0.00 164007 1 0.00
problem85 0.00 137061 1 0.00
problem86 0.00 161043 1 0.00
problem87 0.00 145713 1 0.00
problem88 0.00 163647 1 0.00
problem89 0.00 143037 1 0.00
problem90 0.00 129835 1 0.00
problem91 0.00 152585 1 0.00
problem92 0.00 165079 1 0.00
problem93 0.00 140565 1 0.00
problem94 0.00 170051 1 0.00
problem95 0.00 151009 1 0.00
problem96 0.00 139631 1 0.00
problem97 0.00 146029 1 0.00
problem98 0.00 142427 1 0.00
problem99 0.00 149177 1 0.00
