problem0 0 25872219866 1
problem1 0 24740588936 1
problem2 0 25438972422 1
problem3 0 23593198548 1
problem4 0 23936687730 1
problem5 0 24154313056 1
problem6 0 27915274270 1
problem7 0 22829335084 1
problem8 0 27256558346 1
problem9 0 26822902328 1
problem10 0 26114353974 1
problem11 0 27149327748 1
problem12 0 25959775394 1
problem13 0 26525507600 1
problem14 0 27505111886 1
problem15 0 25173988828 1
problem16 0 27011529530 1
problem17 0 24330193640 1
problem18 0.01 25435537510 1
problem19 0 25106549556 1
problem20 0 24845741778 1
problem21 0 23988593344 1
problem22 0 25196114558 1
problem23 0 26102341004 1
problem24 0 24341460842 1
problem25 0 24377771928 1
problem26 0 23107021206 1
problem27 0 23192906980 1
problem28 0 26486732034 1
problem29 0 26169170288 1
problem30 0 25602213294 1
problem31 0.01 24826583356 1
problem32 0 25048319898 1
problem33 0 24807340104 1
problem34 0 24021657286 1
problem35 0 24506614420 1
problem36 0 25521573682 1
problem37 0 23621338144 1
problem38 0 26043444446 1
problem39 0 25311054060 1
problem40 0 25157151690 1
problem41 0 27340332280 1
problem42 0 28865411062 1
problem43 0 25489525828 1
problem44 0 22784081250 1
problem45 0 25140224720 1
problem46 0.01 27014932494 1
problem47 0 24192642204 1
problem48 0 24069415930 1
problem49 0 27645801896 1
problem50 0 25795861798 1
problem51 0 24785504756 1
problem52 0 25034620818 1
problem53 0 25281295744 1
problem54 0 28160358206 1
problem55 0 27155350604 1
problem56 0 22147067946 1
problem57 0 24198791768 1
problem58 0 26144118358 1
problem59 0 25656343460 1
problem60 0 24827450818 1
problem61 0 25029884976 1
problem62 0 27466652270 1
problem63 0.01 25576411132 1
problem64 0 25275961434 1
problem65 0 24991220488 1
problem66 0 24417936262 1
problem67 0 26049651028 1
problem68 0 25475219442 1
problem69 0 23479695072 1
problem70 0 26364268958 1
problem71 0 22027653036 1
problem72 0 24733189258 1
problem73 0 27936094136 1
problem74 0 24339956918 1
problem75 0 25846610692 1
problem76 0 25748143650 1
problem77 0 24006813072 1
problem78 0 23553170638 1
problem79 0 23564616540 1
problem80 0 26446548154 1
problem81 0 27041521768 1
problem82 0 25694370278 1
problem83 0.01 23909189812 1
problem84 0 23363670098 1
problem85 0 25948211264 1
problem86 0 27619294206 1
problem87 0 27499473676 1
problem88 0 27103783146 1
problem89 0 27174665496 1
problem90 0 24058479382 1
problem91 0 24254155364 1
problem92 0 25455457922 1
problem93 0 28091408112 1
problem94 0 24553860910 1
problem95 0 24890689212 1
problem96 0 23010957594 1
problem97 0 26613435848 1
problem98 0 23956037702 1
problem99 0 23973478420 1
