problem0 0 21140730806130 0
problem1 0 17792778293677 0
problem2 0 21311855827715 0
problem3 0 25272744903548 0
problem4 0 19274861808336 0
problem5 0 26331745952030 0
problem6 0 25491104226511 0
problem7 0 26165290590237 0
problem8 0 22516270233832 0
problem9 0 15326617784335 0
problem10 0 22711991584847 0
problem11 0 25192548839330 0
problem12 0 16527475004955 0
problem13 0 22108160337201 0
problem14 0 22440544048232 0
problem15 0 19248872869275 0
problem16 0 22486476720010 0
problem17 0 15032266210209 0
problem18 0 19752619404702 0
problem19 0.01 21669734356166 0
problem20 0 27056714059642 0
problem21 0 20288616291183 0
problem22 0 17577107921799 0
problem23 0 19354503546088 0
problem24 0 21586932076360 0
problem25 0 23136972581588 0
problem26 0 22928468701842 0
problem27 0 22076667611117 0
problem28 0 18598785808364 0
problem29 0 24003762665263 0
problem30 0 21527674374141 0
problem31 0 21461729700023 0
problem32 0 19174807277246 0
problem33 0 18539478217038 0
problem34 0 20969925603293 0
problem35 0 20162650534356 0
problem36 0 23604828860352 0
problem37 0 18187053873691 0
problem38 0 15106189172001 0
problem39 0 21280634752588 0
problem40 0.01 19321290922895 0
problem41 0 16701959342680 0
problem42 0 16972230825752 0
problem43 0 22012447826472 0
problem44 0 27485708767985 0
problem45 0 19172740872462 0
problem46 0 26124638268688 0
problem47 0 18120885756071 0
problem48 0 16913193437606 0
problem49 0 23590862673463 0
problem50 0 18345425465349 0
problem51 0 23626673718814 0
problem52 0 23982753805707 0
problem53 0 23139283175228 0
problem54 0 25884365318139 0
problem55 0 26556848060675 0
problem56 0 18938889496210 0
problem57 0 22602941918845 0
problem58 0 20166878403159 0
problem59 0 23686318189023 0
problem60 0 26558100702342 0
problem61 0 18323962064679 0
problem62 0 23579273818194 0
problem63 0.01 26520229906292 0
problem64 0 23992609910926 0
problem65 0 25263172271895 0
problem66 0 21519466876047 0
problem67 0 16526409278560 0
problem68 0 20411197793717 0
problem69 0 17029387334986 0
problem70 0 22161328941252 0
problem71 0 21144083691633 0
problem72 0 23768947201995 0
problem73 0 20767287253295 0
problem74 0 26436380601856 0
problem75 0 24691611526484 0
problem76 0 24446723311575 0
problem77 0 23857643333947 0
problem78 0 13787152397529 0
problem79 0 24239830358025 0
problem80 0 19951139297038 0
problem81 0 22281745338280 0
problem82 0 22855855599371 0
problem83 0 21541095514950 0
problem84 0.01 23499824756817 0
problem85 0 21536663085376 0
problem86 0 21445384639706 0
problem87 0 19184729504378 0
problem88 0 25705222243354 0
problem89 0 20884275706856 0
problem90 0 20949423071338 0
problem91 0 23177855730721 0
problem92 0 23707017225065 0
problem93 0 22718339610010 0
problem94 0 19636943930930 0
problem95 0 21165032282636 0
problem96 0 20995429354828 0
problem97 0 16470686863369 0
problem98 0 23280451021937 0
problem99 0 24247749814224 0
