problem0 11.83 535526 20001 2 5.8 1311708.00
problem1 17.58 477882 20002 2 7.22 1615732.00
problem2 8.22 426371 20003 2 4.72 1054972.00
problem3 12.32 367255 20004 2 5.89 1334124.00
problem4 15.9 482721 60013 3 8.34 1662220.00
problem5 12.84 446367 60014 2 6.71 1015536.00
problem6 16.56 444478 60015 2 8.63 1791828.00
problem7 25.19 405970 60016 2 10.74 2305508.00
problem8 9.32 477531 60017 2 6.06 920284.00
problem9 12.06 428335 60018 2 6.83 1079736.00
problem10 10 431011 60019 2 6.4 1043964.00
problem11 21.13 444514 60020 2 10.52 1784524.00
problem12 7.82 492651 60021 2 5 826592.00
problem13 19.97 440170 60022 2 11.07 1832280.00
problem14 23.48 489737 180067 3 12.35 1661488.00
problem15 15.28 433735 180068 2 11.55 1038064.00
problem16 26.55 435238 180069 2 13.88 2080048.00
problem17 10.81 520100 445295 2 9.65 179324.00
problem18 18.53 418584 714818 2 14.67 336940.00
problem19 11.61 586625 2824 1 11.33 154316.00
problem20 58.15 430902 714819 2 37.94 2628068.00
problem21 5.37 509747 4547 1 2.56 2265644.00
problem22 37.5 386856 750199 2 35.31 538576.00
problem23 12.34 548198 2270 1 12.04 271868.00
problem24 9.58 430490 75125 1 9.32 135848.00
problem25 2.8 469187 44328 1 2.63 107328.00
problem26 10.01 476471 38260 1 9.9 135868.00
problem27 13.59 465910 72311 1 13.36 135596.00
problem28 10.08 494079 2120 1 10.06 135868.00
problem29 6.35 480339 133582 1 5.84 112116.00
problem30 49.9 419827 750200 2 40.73 1427704.00
problem31 15.5 443526 528372 1 11.92 274620.00
problem32 30.42 419600 768957 2 28.11 559064.00
problem33 12.35 472206 17665 1 12.01 213060.00
problem34 33.94 408067 768958 2 25.67 1488952.00
problem35 13.38 497430 34880 1 11.97 328132.00
problem36 9.37 463733 17161 1 9.3 136748.00
problem37 8.64 461171 138626 1 8.24 136752.00
problem38 29.62 501267 768959 2 22.82 1228456.00
problem39 16.91 491089 134902 1 15.44 779744.00
problem40 13.21 468101 33356 1 13.11 136736.00
problem41 8.78 507310 33840 1 8.67 101672.00
problem42 11.79 497357 16467 1 11.73 120772.00
problem43 10.6 506422 9658 1 10.55 136720.00
problem44 37.86 449088 769286 2 24.02 566760.00
problem45 48.24 408554 769287 2 35.89 2516304.00
problem46 15.02 500103 19669 1 12.29 1214600.00
problem47 42.09 428743 769288 2 32.9 1451092.00
problem48 15.88 510458 8354 1 14.58 712144.00
problem49 46.53 399738 769289 2 32.65 2587036.00
problem50 14.42 438509 33498 1 11.63 457896.00
problem51 9.82 471041 4327 1 9.8 136752.00
problem52 63.02 406454 769290 2 48.19 2482148.00
problem53 15.44 431710 262958 1 13.8 160676.00
problem54 59.04 416339 769291 2 49.46 1624092.00
problem55 12.58 496785 36262 1 12.46 136688.00
problem56 13.14 459290 34180 1 13.05 110504.00
problem57 32.57 411631 769292 2 26.16 1539876.00
problem58 41.66 406286 769293 2 27.42 2594832.00
problem59 13.44 500513 12194 1 10.7 338476.00
problem60 76.49 401366 769294 2 62.04 2581320.00
problem61 34.19 399572 771430 2 27.23 1792256.00
problem62 34.77 402888 805694 2 32.82 534116.00
problem63 43.11 454919 805695 2 31.96 1381640.00
problem64 12.13 423823 136330 1 11.76 138424.00
problem65 10.84 455609 136018 1 10.42 161440.00
problem66 12.85 466221 21705 1 12.72 139076.00
problem67 12.29 507457 21905 1 12.21 138180.00
problem68 44.57 411979 805696 2 32.22 1439116.00
problem69 11.18 443209 9614 1 11.15 138452.00
problem70 48.09 437907 805697 2 37.98 1355612.00
problem71 63.03 412370 805698 2 50.1 2521712.00
problem72 13.89 425903 148804 1 10.58 850976.00
problem73 14.82 487982 1461 1 14.76 154664.00
problem74 12.63 443554 283877 1 11.76 169800.00
problem75 12.6 470027 4583 1 12.48 140776.00
problem76 14.8 438293 76403 1 14.47 138468.00
problem77 14.56 518931 4417 1 14.52 114440.00
problem78 12.12 455858 34828 1 12.01 105884.00
problem79 16.13 456518 533324 1 14.25 251324.00
problem80 16.2 443685 17381 1 15.96 213556.00
problem81 67.79 421370 805699 2 54.42 2475204.00
problem82 72.4 403822 805700 2 54.67 2539476.00
problem83 15.05 453761 16425 1 14.98 138456.00
problem84 45.25 392928 807884 2 40.83 580756.00
problem85 55.09 408287 807885 2 45.88 1490832.00
problem86 33 456744 809945 2 30.35 547212.00
problem87 10.96 521830 17085 1 10.62 186716.00
problem88 45.27 455323 809946 2 38.92 1309728.00
problem89 61.33 386842 809947 2 45.06 2692244.00
problem90 50.86 412558 809948 2 24.27 2553044.00
problem91 67.87 414967 809949 2 57.76 1554020.00
problem92 10.32 516181 34012 1 8.83 369184.00
problem93 54.76 395263 809950 2 47.77 1493208.00
problem94 40.85 396872 812058 2 36.11 581368.00
problem95 12.32 477233 68213 1 12.14 138768.00
problem96 11.83 504506 6595 1 11.76 106528.00
problem97 14.33 449934 19769 1 14.26 143200.00
problem98 41.37 404227 812059 2 28.49 1535072.00
problem99 4.84 375489 812061 3 1.98 381208.00
