problem0 75.78 4907599917869218 1 11428.00
problem1 50.97 4593267560689163 1 11772.00
problem2 68.08 4662096889326371 1 11772.00
problem3 77.83 4617646758016064 1 11772.00
problem4 66.99 4853940246561692 1 11772.00
problem5 93.63 5128926157568717 1 11772.00
problem6 46.75 4970666908398157 1 11772.00
problem7 69.05 5603457127411442 1 11772.00
problem8 25.57 5194325734749558 1 11772.00
problem9 75.38 4385404561822703 1 11772.00
problem10 83.40 4838735872727383 1 11772.00
problem11 38.85 4489486116279044 1 11772.00
problem12 124.49 4837784695097392 1 11772.00
problem13 53.51 5231120654224241 1 11772.00
problem14 83.99 4504493639490113 1 11772.00
problem15 56.54 4539792771195510 1 11772.00
problem16 76.64 5053057794008522 1 11772.00
problem17 117.34 4424404823626579 1 11772.00
problem18 75.86 4760506768510731 1 11772.00
problem19 102.35 4538719335808840 1 11772.00
problem20 103.20 4329316674263108 1 11772.00
problem21 103.09 4667259235057045 1 11772.00
problem22 89.50 4777824106656181 1 11772.00
problem23 113.93 4458185965759354 1 11772.00
problem24 68.69 4911626374842782 1 11772.00
problem25 127.43 4790411889736759 1 11772.00
problem26 111.43 4487085453089855 1 11772.00
problem27 76.40 4995520432916748 1 11772.00
problem28 80.35 4857768168604632 1 11772.00
problem29 161.29 4279991201358137 1 11772.00
problem30 82.70 4623174724290729 1 11772.00
problem31 51.73 4832870381836798 1 11772.00
problem32 85.12 4786151864119538 1 11772.00
problem33 113.68 4803253476728475 1 11772.00
problem34 159.37 4390143575183603 1 11772.00
problem35 65.68 4755982686142544 1 11772.00
problem36 96.22 4715463955438316 1 11772.00
problem37 39.40 5800923678688861 1 11772.00
problem38 146.20 3983680283160349 1 11772.00
problem39 39.78 5094031590194690 1 11772.00
problem40 69.14 4863558441020358 1 11772.00
problem41 71.18 5092095117970047 1 11772.00
problem42 56.13 4801398521904423 1 11772.00
problem43 62.06 5105610338727188 1 10068.00
problem44 133.24 4752788063448448 1 12364.00
problem45 87.34 4641612262505729 1 12364.00
problem46 60.22 5072924556064017 1 12364.00
problem47 99.34 4687706894329734 1 12364.00
problem48 84.84 4356861160671770 1 12364.00
problem49 80.98 5077046935785443 1 12364.00
problem50 95.15 4337413891502299 1 12364.00
problem51 52.00 5319143130101592 1 12364.00
problem52 124.96 4426096554691476 1 12364.00
problem53 47.60 5520818017342757 1 12364.00
problem54 104.14 4535755574717061 1 12364.00
problem55 35.37 5172744530896522 1 12364.00
problem56 75.97 4516150516276206 1 12364.00
problem57 71.76 4715308268977863 1 12364.00
problem58 61.90 4629158142901263 1 12364.00
problem59 43.49 5057468697401116 1 12364.00
problem60 42.28 4707717674812712 1 12364.00
problem61 106.65 4854660094861001 1 12364.00
problem62 144.50 4217194758709113 1 12364.00
problem63 129.77 4370195800738574 1 12364.00
problem64 128.52 4679611354886466 1 12364.00
problem65 128.23 4751238154856235 1 12364.00
problem66 123.17 4551832656146115 1 12364.00
problem67 82.46 5025809137902688 1 12364.00
problem68 72.04 4865990934342204 1 12364.00
problem69 87.14 5036971794311661 1 12364.00
problem70 73.11 4927791576196077 1 12364.00
problem71 95.87 4840597169202450 1 12364.00
problem72 81.85 4860243859151382 1 12364.00
problem73 69.59 5331954934585615 1 12364.00
problem74 84.38 4258915994491127 1 12364.00
problem75 74.98 4656338525318948 1 12364.00
problem76 89.06 5290980404775632 1 12364.00
problem77 94.43 4205261452854929 1 12364.00
problem78 83.01 4410901342357473 1 12364.00
problem79 79.27 4253313093141654 1 12364.00
problem80 70.13 4653948127045226 1 12364.00
problem81 84.52 4500847520834675 1 12364.00
problem82 29.86 5658287189035691 1 12364.00
problem83 93.93 4922450302584680 1 12364.00
problem84 70.79 5176737983952612 1 12364.00
problem85 57.63 4975424718603445 1 12364.00
problem86 128.33 4619276580428629 1 12364.00
problem87 101.02 4776424315009434 1 12364.00
problem88 94.46 4184220905858622 1 12364.00
problem89 79.80 4486448415349079 1 12364.00
problem90 119.25 4299153031517151 1 12364.00
problem91 130.30 4678062304607532 1 12364.00
problem92 106.07 4438319455469176 1 12364.00
problem93 56.58 4848747295044697 1 12364.00
problem94 44.37 4912182074093129 1 12364.00
problem95 105.50 4069170318087198 1 12364.00
problem96 58.84 4754548528966034 1 12364.00
problem97 128.83 4753290209970107 1 12364.00
problem98 43.10 4736988754707603 1 12364.00
problem99 121.10 4875229013106800 1 12364.00
