problem0 0 1603006344019 0 2216.00
problem1 0.00 2013412178346 0 2272.00
problem2 0.00 1946150309526 0 2272.00
problem3 0.00 1723373729403 0 2272.00
problem4 0.00 1669199065751 0 2272.00
problem5 0.00 1758625140525 0 2272.00
problem6 0.00 1586052232534 0 2272.00
problem7 0.00 1824511541309 0 2272.00
problem8 0.00 1808964458006 0 2272.00
problem9 0.00 1374515876166 0 2272.00
problem10 0.00 1514642191434 0 2272.00
problem11 0.00 1721882741031 0 2272.00
problem12 0.00 1399598011514 0 2272.00
problem13 0.00 1897926513219 0 2272.00
problem14 0.00 1754870528521 0 2272.00
problem15 0.00 1582455166166 0 2272.00
problem16 0.01 1695596005541 0 2272.00
problem17 0.00 1450319154068 0 2272.00
problem18 0.00 1922106055789 0 2272.00
problem19 0.00 1660937733808 0 2272.00
problem20 0.00 1765654229418 0 2272.00
problem21 0.00 1526511695612 0 2272.00
problem22 0.00 2040625675032 0 2272.00
problem23 0.00 1770525327052 0 2272.00
problem24 0.00 1832800255967 0 2272.00
problem25 0.00 2080303478915 0 2272.00
problem26 0.00 1717717216803 0 2272.00
problem27 0.00 1766644988985 0 2272.00
problem28 0.00 1699188990702 0 2272.00
problem29 0.00 1740651601658 0 2272.00
problem30 0.00 1408561221852 0 2272.00
problem31 0.00 2047440030342 0 2272.00
problem32 0.01 1827622957911 0 2272.00
problem33 0.00 1851015896554 0 2272.00
problem34 0.00 1757472312808 0 2272.00
problem35 0.00 1896294868545 0 2272.00
problem36 0.00 1565629721466 0 2272.00
problem37 0.00 1817311168316 0 2272.00
problem38 0.00 1837752711550 0 2272.00
problem39 0.00 1839510597601 0 2272.00
problem40 0.00 1758812848397 0 2272.00
problem41 0.00 1461934981780 0 2272.00
problem42 0.00 1614070269997 0 2272.00
problem43 0.00 1768129908707 0 2272.00
problem44 0.00 1807978254314 0 2272.00
problem45 0.00 1765917766286 0 2272.00
problem46 0.00 1762696749080 0 2272.00
problem47 0.00 1466245932318 0 2272.00
problem48 0.00 1974056607282 0 2272.00
problem49 0.01 1414061505218 0 2272.00
problem50 0.00 1802314035575 0 2272.00
problem51 0.00 1622354486674 0 2272.00
problem52 0.00 1948470945379 0 2272.00
problem53 0.00 1361075031242 0 2272.00
problem54 0.00 1809378146170 0 2272.00
problem55 0.00 1886869735155 0 2272.00
problem56 0.00 1700862761234 0 2272.00
problem57 0.00 1395691581173 0 2272.00
problem58 0.00 1860002008468 0 2272.00
problem59 0.00 1788672752421 0 2272.00
problem60 0.00 1842007822763 0 2272.00
problem61 0.00 1450132802256 0 2272.00
problem62 0.00 1939389749804 0 2272.00
problem63 0.00 1199439956328 0 2272.00
problem64 0.00 1732430964829 0 2272.00
problem65 0.01 1593006958371 0 2272.00
problem66 0.00 1504151378854 0 2272.00
problem67 0.00 1697225412388 0 2272.00
problem68 0.00 1715315197845 0 2272.00
problem69 0.00 1784652726608 0 2272.00
problem70 0.00 1551270316981 0 2272.00
problem71 0.00 1554861076508 0 2272.00
problem72 0.00 1468993781858 0 2272.00
problem73 0.00 1617628995386 0 2272.00
problem74 0.00 1774469708230 0 2272.00
problem75 0.00 1756015298762 0 2272.00
problem76 0.00 1923848063135 0 2272.00
problem77 0.00 1719434416284 0 2272.00
problem78 0.00 1856163117636 0 2272.00
problem79 0.00 1390295253529 0 2272.00
problem80 0.00 1348403285392 0 2272.00
problem81 0.00 1401939235192 0 2272.00
problem82 0.00 1564166915633 0 2272.00
problem83 0.00 1622303976322 0 2272.00
problem84 0.01 1571733835522 0 2272.00
problem85 0.00 1601556404643 0 2272.00
problem86 0.00 1735994843697 0 2272.00
problem87 0.00 2037427535182 0 2272.00
problem88 0.00 1358767952005 0 2272.00
problem89 0.00 1815897752859 0 2272.00
problem90 0.00 1843187274294 0 2272.00
problem91 0.00 1864483492790 0 2272.00
problem92 0.00 1737129305561 0 2272.00
problem93 0.00 1984686074561 0 2272.00
problem94 0.00 1519561614690 0 2272.00
problem95 0.00 1685942826956 0 2272.00
problem96 0.00 1719108614745 0 2272.00
problem97 0.00 1934458346566 0 2272.00
problem98 0.00 2116274581278 0 2272.00
problem99 0.00 1854710968446 0 2272.00
