problem0 0 1592513 1 0.00
problem1 0.00 1561775 1 0.00
problem2 0.00 1758797 1 0.00
problem3 0.00 1550619 1 0.00
problem4 0.00 1732761 1 0.00
problem5 0.00 1768519 1 0.00
problem6 0.00 1550245 1 0.00
problem7 0.00 1653299 1 0.00
problem8 0.00 1492849 1 0.00
problem9 0.00 1576671 1 0.00
problem10 0.00 1530877 1 0.00
problem11 0.00 1566283 1 0.00
problem12 0.00 1618249 1 0.00
problem13 0.00 1666167 1 0.00
problem14 0.00 1626965 1 0.00
problem15 0.00 1609059 1 0.00
problem16 0.00 1642017 1 0.00
problem17 0.00 1570063 1 0.00
problem18 0.00 1535405 1 0.00
problem19 0.00 1576827 1 0.00
problem20 0.00 1621497 1 0.00
problem21 0.00 1444007 1 0.00
problem22 0.00 1575685 1 0.00
problem23 0.00 1625235 1 0.00
problem24 0.00 1450193 1 0.00
problem25 0.00 1476415 1 0.00
problem26 0.00 1706845 1 0.00
problem27 0.00 1516715 1 0.00
problem28 0.00 1611433 1 0.00
problem29 0.00 1396951 1 0.00
problem30 0.00 1658549 1 0.00
problem31 0.00 1472451 1 0.00
problem32 0.00 1638273 1 0.00
problem33 0.00 1754479 1 0.00
problem34 0.00 1553677 1 0.00
problem35 0.00 1549787 1 0.00
problem36 0.00 1522521 1 0.00
problem37 0.00 1557767 1 0.00
problem38 0.00 1646181 1 0.00
problem39 0.00 1511155 1 0.00
problem40 0.00 1681969 1 0.00
problem41 0.00 1879967 1 0.00
problem42 0.00 1600189 1 0.00
problem43 0.00 1577739 1 0.00
problem44 0.00 1682441 1 0.00
problem45 0.00 1729847 1 0.00
problem46 0.00 1702421 1 0.00
problem47 0.00 1643043 1 0.00
problem48 0.00 1548513 1 0.00
problem49 0.00 1689039 1 0.00
problem50 0.00 1453165 1 0.00
problem51 0.00 1666107 1 0.00
problem52 0.00 1730745 1 0.00
problem53 0.00 1552743 1 0.00
problem54 0.00 1630661 1 0.00
problem55 0.00 1507667 1 0.00
problem56 0.00 1631121 1 0.00
problem57 0.00 1542143 1 0.00
problem58 0.00 1538589 1 0.00
problem59 0.00 1782123 1 0.00
problem60 0.00 1536361 1 0.00
problem61 0.00 1517975 1 0.00
problem62 0.00 1791349 1 0.00
problem63 0.00 1367171 1 0.00
problem64 0.00 1700417 1 0.00
problem65 0.00 1734191 1 0.00
problem66 0.00 1627085 1 0.00
problem67 0.00 1565339 1 0.00
problem68 0.00 1525273 1 0.00
problem69 0.00 1691079 1 0.00
problem70 0.00 1561893 1 0.00
problem71 0.00 1745843 1 0.00
problem72 0.00 1592561 1 0.00
problem73 0.00 1577055 1 0.00
problem74 0.00 1685885 1 0.00
problem75 0.00 1441739 1 0.00
problem76 0.00 1697481 1 0.00
problem77 0.00 1646071 1 0.00
problem78 0.00 1597653 1 0.00
problem79 0.00 1627875 1 0.00
problem80 0.00 1602465 1 0.00
problem81 0.00 1562255 1 0.00
problem82 0.00 1485613 1 0.00
problem83 0.00 1509627 1 0.00
problem84 0.00 1463161 1 0.00
problem85 0.00 1546791 1 0.00
problem86 0.00 1603717 1 0.00
problem87 0.00 1472019 1 0.00
problem88 0.00 1599057 1 0.00
problem89 0.00 1689791 1 0.00
problem90 0.00 1616093 1 0.00
problem91 0.00 1670699 1 0.00
problem92 0.00 1575977 1 0.00
problem93 0.00 1622615 1 0.00
problem94 0.00 1645621 1 0.00
problem95 0.00 1671491 1 0.00
problem96 0.00 1582337 1 0.00
problem97 0.00 1599215 1 0.00
problem98 0.00 1585805 1 0.00
problem99 0.00 1662811 1 0.00
