problem0 0 540482 1 0.00
problem1 0.00 445360 1 0.00
problem2 0.00 469230 1 0.00
problem3 0.00 534140 1 0.00
problem4 0.00 501722 1 0.00
problem5 0.00 574600 1 0.00
problem6 0.00 518150 1 0.00
problem7 0.00 471508 1 0.00
problem8 0.00 480626 1 0.00
problem9 0.00 473696 1 0.00
problem10 0.00 384030 1 0.00
problem11 0.00 567852 1 0.00
problem12 0.00 534538 1 0.00
problem13 0.00 429368 1 0.00
problem14 0.00 435510 1 0.00
problem15 0.00 520068 1 0.00
problem16 0.00 442274 1 0.00
problem17 0.00 531728 1 0.00
problem18 0.00 516942 1 0.00
problem19 0.00 418268 1 0.00
problem20 0.00 523322 1 0.00
problem21 2.84 526824 1 5276.00
problem22 0.00 456294 1 5276.00
problem23 0.00 418100 1 5276.00
problem24 0.00 540114 1 5276.00
problem25 0.00 488384 1 5276.00
problem26 0.00 523902 1 5276.00
problem27 0.00 527756 1 5276.00
problem28 0.00 549994 1 5276.00
problem29 0.00 490136 1 5276.00
problem30 0.00 416662 1 5276.00
problem31 0.00 476900 1 5276.00
problem32 0.00 544770 1 5276.00
problem33 0.00 491120 1 5276.00
problem34 0.00 519598 1 5276.00
problem35 0.00 519484 1 5276.00
problem36 0.00 549018 1 5276.00
problem37 0.00 466760 1 5276.00
problem38 0.00 496838 1 5276.00
problem39 0.00 499860 1 5276.00
problem40 0.00 505394 1 5276.00
problem41 0.00 474400 1 5276.00
problem42 0.00 454878 1 5276.00
problem43 0.00 540908 1 5276.00
problem44 0.00 536778 1 5276.00
problem45 0.00 522232 1 5276.00
problem46 0.00 500214 1 5276.00
problem47 0.00 503364 1 5276.00
problem48 0.00 553058 1 5276.00
problem49 0.00 487376 1 5276.00
problem50 0.00 493582 1 5276.00
problem51 0.00 444572 1 5276.00
problem52 0.00 496890 1 5276.00
problem53 0.00 492712 1 5276.00
problem54 0.00 475942 1 5276.00
problem55 0.00 487412 1 5276.00
problem56 0.00 540306 1 5276.00
problem57 0.00 480896 1 5276.00
problem58 0.00 455486 1 5276.00
problem59 0.00 541772 1 5276.00
problem60 0.00 511274 1 5276.00
problem61 0.00 460120 1 5276.00
problem62 0.00 522326 1 5276.00
problem63 0.00 468388 1 5276.00
problem64 0.00 532674 1 5276.00
problem65 0.00 553264 1 5276.00
problem66 0.00 537198 1 5276.00
problem67 0.00 553980 1 5276.00
problem68 0.00 498010 1 5276.00
problem69 0.00 539144 1 5276.00
problem70 0.00 491910 1 5276.00
problem71 0.00 446292 1 5276.00
problem72 0.00 513778 1 5276.00
problem73 0.00 524256 1 5276.00
problem74 0.00 476574 1 5276.00
problem75 0.00 448428 1 5276.00
problem76 0.00 506250 1 5276.00
problem77 0.00 516792 1 5276.00
problem78 0.00 499382 1 5276.00
problem79 0.00 519428 1 5276.00
problem80 0.00 516386 1 5276.00
problem81 0.00 508560 1 5276.00
problem82 0.00 486606 1 5276.00
problem83 0.00 470876 1 5276.00
problem84 0.00 503226 1 5276.00
problem85 0.00 491368 1 5276.00
problem86 0.00 511974 1 5276.00
problem87 0.00 491188 1 5276.00
problem88 0.00 507730 1 5276.00
problem89 0.00 538944 1 5276.00
problem90 0.00 485374 1 5276.00
problem91 0.00 523020 1 5276.00
problem92 0.00 521706 1 5276.00
problem93 0.00 528408 1 5276.00
problem94 0.00 513302 1 5276.00
problem95 0.00 459876 1 5276.00
problem96 0.00 487810 1 5276.00
problem97 0.00 467952 1 5276.00
problem98 0.00 358190 1 5276.00
problem99 0.00 522940 1 5276.00
