problem0 0.03 138828 5 1942772232 6.95324e-310 0.00
problem1 0.01 157993 5 1942772232 6.95324e-310 0.00
problem2 0.02 134156 5 1942772232 6.95324e-310 0.00
problem3 0.05 155044 5 1942772232 6.95324e-310 0.00
problem4 0.01 108501 5 1942772232 6.95324e-310 0.00
problem5 0.01 101672 5 1942772232 6.95324e-310 0.00
problem6 0.01 168105 5 1942772232 6.95324e-310 0.00
problem7 0 134548 5 1942772232 6.95324e-310 0.00
problem8 0.04 171035 5 1942772232 6.95324e-310 0.00
problem9 0.03 132900 5 1942772232 6.95324e-310 0.00
problem10 0.03 148585 5 1942772232 6.95324e-310 0.00
problem11 0.04 158367 5 1942772232 6.95324e-310 0.00
problem12 0.02 146119 5 1942772232 6.95324e-310 0.00
problem13 0.03 174439 5 1942772232 6.95324e-310 0.00
problem14 0.02 129417 5 1942772232 6.95324e-310 0.00
problem15 0.01 139803 5 1942772232 6.95324e-310 0.00
problem16 0 125092 5 1942772232 6.95324e-310 0.00
problem17 0.02 167758 5 1942772232 6.95324e-310 0.00
problem18 0.07 155109 5 1942772232 6.95324e-310 0.00
problem19 0.03 142111 5 1942772232 6.95324e-310 0.00
problem20 0.03 152431 5 1942772232 6.95324e-310 0.00
problem21 0.01 138633 5 1942772232 6.95324e-310 0.00
problem22 0.02 139006 5 1942772232 6.95324e-310 0.00
problem23 0.06 134824 5 1942772232 6.95324e-310 0.00
problem24 0.01 160221 5 1942772232 6.95324e-310 0.00
problem25 0.07 150267 5 1942772232 6.95324e-310 0.00
problem26 0.11 135017 5 1942772232 6.95324e-310 0.00
problem27 0.02 124963 5 1942772232 6.95324e-310 0.00
problem28 0.01 118062 5 1942772232 6.95324e-310 0.00
problem29 0.01 97281 5 1942772232 6.95324e-310 0.00
problem30 0.02 140714 5 1942772232 6.95324e-310 0.00
problem31 0.01 175742 5 1942772232 6.95324e-310 0.00
problem32 0.05 126604 5 1942772232 6.95324e-310 0.00
problem33 0.03 127198 5 1942772232 6.95324e-310 0.00
problem34 0.01 153811 5 1942772232 6.95324e-310 0.00
problem35 0 135024 5 1942772232 6.95324e-310 0.00
problem36 0.02 136661 5 1942772232 6.95324e-310 0.00
problem37 0.02 153365 5 1942772232 6.95324e-310 0.00
problem38 0.03 153246 5 1942772232 6.95324e-310 0.00
problem39 0.01 122183 5 1942772232 6.95324e-310 0.00
problem40 0.06 155286 5 1942772232 6.95324e-310 0.00
problem41 0.05 117300 5 1942772232 6.95324e-310 0.00
problem42 0.02 146008 5 1942772232 6.95324e-310 0.00
problem43 0.03 134865 5 1942772232 6.95324e-310 0.00
problem44 0 123935 5 1942772232 6.95324e-310 0.00
problem45 0.04 147712 5 1942772232 6.95324e-310 0.00
problem46 0.15 139192 5 1942772232 6.95324e-310 0.00
problem47 0.02 123926 5 1942772232 6.95324e-310 0.00
problem48 0.24 143344 5 1942772232 6.95324e-310 0.00
problem49 0.01 176723 5 1942772232 6.95324e-310 0.00
problem50 0.01 130285 5 1942772232 6.95324e-310 0.00
problem51 0.02 152553 5 1942772232 6.95324e-310 0.00
problem52 0.02 117372 5 1942772232 6.95324e-310 0.00
problem53 0.01 117767 5 1942772232 6.95324e-310 0.00
problem54 0.09 145221 5 1942772232 6.95324e-310 0.00
problem55 0.04 152867 5 1942772232 6.95324e-310 0.00
problem56 0.07 137479 5 1942772232 6.95324e-310 0.00
problem57 0 146354 5 1942772232 6.95324e-310 0.00
problem58 0.03 116044 5 1942772232 6.95324e-310 0.00
problem59 0.02 150627 5 1942772232 6.95324e-310 0.00
problem60 0.03 173126 5 1942772232 6.95324e-310 0.00
problem61 0.01 166532 5 1942772232 6.95324e-310 0.00
problem62 0.02 115311 5 1942772232 6.95324e-310 0.00
problem63 0 143470 5 1942772232 6.95324e-310 0.00
problem64 0.03 128407 5 1942772232 6.95324e-310 0.00
problem65 0.01 147867 5 1942772232 6.95324e-310 0.00
problem66 0.04 121981 5 1942772232 6.95324e-310 0.00
problem67 0.02 119725 5 1942772232 6.95324e-310 0.00
problem68 0.04 141407 5 1942772232 6.95324e-310 0.00
problem69 0.01 125472 5 1942772232 6.95324e-310 0.00
problem70 0.01 143041 5 1942772232 6.95324e-310 0.00
problem71 0.01 142584 5 1942772232 6.95324e-310 0.00
problem72 0.01 106753 5 1942772232 6.95324e-310 0.00
problem73 0.04 153194 5 1942772232 6.95324e-310 0.00
problem74 0.01 110639 5 1942772232 6.95324e-310 0.00
problem75 0.02 144142 5 1942772232 6.95324e-310 0.00
problem76 0.01 143884 5 1942772232 6.95324e-310 0.00
problem77 0.01 125666 5 1942772232 6.95324e-310 0.00
problem78 0.01 134793 5 1942772232 6.95324e-310 0.00
problem79 0.03 112723 5 1942772232 6.95324e-310 0.00
problem80 0.02 138090 5 1942772232 6.95324e-310 0.00
problem81 0.04 143584 5 1942772232 6.95324e-310 0.00
problem82 0.03 128886 5 1942772232 6.95324e-310 0.00
problem83 0.03 120857 5 1942772232 6.95324e-310 0.00
problem84 0.03 152535 5 1942772232 6.95324e-310 0.00
problem85 0.02 139043 5 1942772232 6.95324e-310 0.00
problem86 0.01 156092 5 1942772232 6.95324e-310 0.00
problem87 0.02 119430 5 1942772232 6.95324e-310 0.00
problem88 0.02 147458 5 1942772232 6.95324e-310 0.00
problem89 0 137768 5 1942772232 6.95324e-310 0.00
problem90 0.03 148582 5 1942772232 6.95324e-310 0.00
problem91 0.03 143542 5 1942772232 6.95324e-310 0.00
problem92 0.03 167332 5 1942772232 6.95324e-310 0.00
problem93 0.01 146835 5 1942772232 6.95324e-310 0.00
problem94 0.02 122688 5 1942772232 6.95324e-310 0.00
problem95 0.02 153339 5 1942772232 6.95324e-310 0.00
problem96 0.02 153639 5 1942772232 6.95324e-310 0.00
problem97 0.02 163864 5 1942772232 6.95324e-310 0.00
problem98 0.04 150996 5 1942772232 6.95324e-310 0.00
problem99 0.01 118465 5 1942772232 6.95324e-310 0.00
