problem0 1.59 19104409103 637 1 1.57 18032.00
problem1 1.48 17117898004 658 2 1.48 14616.00
problem2 1.39 16753889615 1289 2 1.37 14616.00
problem3 0.74 16369539438 1217 1 0.72 14616.00
problem4 0.79 17644409705 1004 1 0.77 14616.00
problem5 0.81 18035857856 1025 1 0.79 14616.00
problem6 0.75 13858340667 1260 1 0.74 14616.00
problem7 0.74 18424072419 947 1 0.71 14616.00
problem8 0.73 19058080316 869 1 0.71 14616.00
problem9 1.72 15470826434 2851 2 1.67 14616.00
problem10 0.90 16551743198 2139 1 0.86 14616.00
problem11 0.78 17653950341 1152 1 0.76 14616.00
problem12 0.85 18061914350 911 1 0.83 14616.00
problem13 0.85 16761905189 1739 1 0.82 14616.00
problem14 0.90 16547686516 2474 1 0.85 14616.00
problem15 0.93 15140239941 1697 1 0.90 14616.00
problem16 0.77 19083359884 523 1 0.74 14616.00
problem17 0.85 15140389761 2758 1 0.82 14616.00
problem18 0.89 15442680031 2110 1 0.86 14616.00
problem19 0.76 15577141108 618 1 0.75 14616.00
problem20 0.74 18284022540 789 1 0.71 14616.00
problem21 0.80 19556870477 854 1 0.79 14616.00
problem22 0.79 18416305057 799 1 0.77 14616.00
problem23 0.79 19025983156 1093 1 0.76 14616.00
problem24 0.83 14663396113 2209 1 0.79 14616.00
problem25 0.88 17667888223 1658 1 0.85 14616.00
problem26 0.86 17641344416 1425 1 0.83 14616.00
problem27 0.79 18843233853 755 1 0.76 14828.00
problem28 0.82 17315001620 1026 1 0.80 14828.00
problem29 0.70 17295237707 677 1 0.68 14828.00
problem30 0.83 16943489197 1279 1 0.81 14828.00
problem31 0.86 15088301090 2117 1 0.83 14828.00
problem32 0.69 19486018391 570 1 0.67 14828.00
problem33 1.98 14602386208 2892 2 1.94 18836.00
problem34 0.86 14674606019 1527 1 0.84 9260.00
problem35 0.91 16209634818 2011 1 0.88 10124.00
problem36 0.75 18181456588 550 1 0.73 10124.00
problem37 0.89 15689540166 1366 1 0.88 10124.00
problem38 0.91 15666498466 1791 1 0.88 10124.00
problem39 0.90 16124258258 2161 1 0.86 10124.00
problem40 0.78 17035867863 925 1 0.76 12380.00
problem41 0.85 17118102287 2009 1 0.81 12380.00
problem42 0.90 16430604772 1014 1 0.88 12380.00
problem43 0.91 16126010961 2206 1 0.88 12380.00
problem44 1.97 13168382897 4908 2 1.90 18376.00
problem45 0.80 16947271680 733 1 0.77 11788.00
problem46 1.04 15143242707 4183 1 1.00 15040.00
problem47 1.00 17176424689 1491 1 0.98 15044.00
problem48 1.01 16697417826 1585 1 0.98 15044.00
problem49 1.03 16196471836 2891 1 1.00 15044.00
problem50 1.01 13488299783 2391 1 0.98 15044.00
problem51 0.89 18369603870 851 1 0.87 15044.00
problem52 0.86 19878986784 421 1 0.84 15044.00
problem53 0.94 17176007089 1069 1 0.91 15044.00
problem54 0.91 16799849108 1146 1 0.89 15044.00
problem55 1.02 15128675553 2201 1 0.99 15044.00
problem56 1.05 13937041119 4442 1 1.00 15192.00
problem57 0.92 17254331330 1239 1 0.89 15192.00
problem58 0.94 16040614264 1642 1 0.91 15192.00
problem59 0.89 17892811470 807 1 0.86 17304.00
problem60 1.03 14215311593 2451 1 1.00 11832.00
problem61 0.87 15957605991 996 1 0.84 13092.00
problem62 0.85 17472481464 1223 1 0.81 13092.00
problem63 0.99 13985411236 697 1 0.98 13584.00
problem64 1.00 16341247584 692 1 0.99 13584.00
problem65 0.92 18221681588 801 1 0.89 13584.00
problem66 0.99 16939819324 1285 1 0.98 13584.00
problem67 1.01 15829033065 2410 1 0.97 13584.00
problem68 0.93 17977668632 1147 1 0.91 13584.00
problem69 0.83 18764126427 705 1 0.81 13584.00
problem70 0.99 15402391518 2942 1 0.95 13584.00
problem71 0.92 16550068087 1046 1 0.91 13584.00
problem72 0.90 18115326763 1143 1 0.88 13584.00
problem73 1.00 14820923219 2320 1 0.96 13584.00
problem74 0.92 17019948665 548 1 0.91 13584.00
problem75 0.94 14750316997 2411 1 0.90 13584.00
problem76 0.82 18960347716 832 1 0.79 14020.00
problem77 0.98 17183084606 1146 1 0.96 14020.00
problem78 0.99 16946813356 1542 1 0.97 14020.00
problem79 0.93 16819436498 895 1 0.90 16148.00
problem80 0.94 15384152938 1140 1 0.92 16148.00
problem81 1.00 17299330061 1672 1 0.97 16148.00
problem82 1.00 15343643015 2111 1 0.97 16148.00
problem83 1.01 15356652843 1633 1 0.98 16148.00
problem84 0.94 17748868470 1045 1 0.92 16624.00
problem85 0.99 15671518685 1549 1 0.96 10412.00
problem86 1.01 15372556884 1877 1 0.98 13120.00
problem87 1.02 14568663787 3933 1 0.98 14552.00
problem88 1.04 15766397824 2123 1 1.00 14552.00
problem89 1.04 16337747394 1144 1 1.02 14552.00
problem90 1.05 15197202199 3986 1 1.01 14552.00
problem91 0.84 18891893588 845 1 0.82 14552.00
problem92 0.88 17250999500 818 1 0.85 14552.00
problem93 0.95 16076210630 1480 1 0.93 14552.00
problem94 0.99 13315107391 2359 1 0.96 14552.00
problem95 0.98 14188027905 1684 1 0.94 14552.00
problem96 1.08 15020635525 2402 1 1.05 14552.00
problem97 1.02 16247114077 1633 1 1.00 14552.00
problem98 0.82 17200750410 628 1 0.80 14552.00
problem99 0.81 18822251028 688 1 0.79 14552.00
