problem0 0 612151 0
problem1 0 600469 0
problem2 0 554755 0
problem3 0 587521 0
problem4 0 517391 0
problem5 0 581805 0
problem6 0 593243 0
problem7 0 537241 0
problem8 0 498664 1
problem9 0 587973 0
problem10 0 556211 0
problem11 0 606001 0
problem12 0 564159 0
problem13 0 594397 0
problem14 0 550155 0
problem15 0 539849 0
problem16 0 541847 0
problem17 0 592885 0
problem18 0 534115 0
problem19 0 576354 1
problem20 0 620144 1
problem21 0 542477 0
problem22 0 598204 1
problem23 0 592633 0
problem24 0 577863 0
problem25 0 582437 0
problem26 0 521235 0
problem27 0 514961 0
problem28 0 455968 1
problem29 0 557117 0
problem30 0 557163 0
problem31 0 515369 0
problem32 0 557559 0
problem33 0 589397 0
problem34 0 648643 0
problem35 0 651201 0
problem36 0 546767 0
problem37 0 621933 0
problem38 0 574492 1
problem39 0 635738 1
problem40 0 562855 0
problem41 0 548229 0
problem42 0 621427 0
problem43 0 641010 1
problem44 0 548479 0
problem45 0 573085 0
problem46 0 633804 1
problem47 0 560521 0
problem48 0 577368 1
problem49 0 606389 0
problem50 0 603427 0
problem51 0 599074 1
problem52 0 575791 0
problem53 0 574413 0
problem54 0 620412 1
problem55 0 617402 1
problem56 0 617479 0
problem57 0 485349 0
problem58 0 594643 0
problem59 0 590929 0
problem60 0 595935 0
problem61 0 576765 0
problem62 0 534315 0
problem63 0 560617 0
problem64 0 568503 0
problem65 0 643862 1
problem66 0 562307 0
problem67 0 600193 0
problem68 0 658063 0
problem69 0 563757 0
problem70 0 572123 0
problem71 0 521241 0
problem72 0 610663 0
problem73 0 639557 0
problem74 0 539187 0
problem75 0 610482 1
problem76 0 532799 0
problem77 0 551773 0
problem78 0 602764 1
problem79 0 564809 0
problem80 0 596503 0
problem81 0 587126 1
problem82 0 541667 0
problem83 0 523489 0
problem84 0 580591 0
problem85 0 540813 0
problem86 0 609851 0
problem87 0 593018 1
problem88 0 558791 0
problem89 0 601253 0
problem90 0 602515 0
problem91 0 601362 1
problem92 0 604831 0
problem93 0 580029 0
problem94 0 495083 0
problem95 0 540329 0
problem96 0 513911 0
problem97 0 567253 0
problem98 0 574276 1
problem99 0 598337 0
