problem0 0 1402919 1
problem1 0 1465119 1
problem2 0 1231767 1
problem3 0 1405327 1
problem4 0 1246471 1
problem5 0 1424895 1
problem6 0 1332343 1
problem7 0 1540207 1
problem8 0 1472999 1
problem9 0 1472735 1
problem10 0 1357143 1
problem11 0 1402703 1
problem12 0 1230535 1
problem13 0 1543103 1
problem14 0 1273399 1
problem15 0 1353263 1
problem16 0 1403815 1
problem17 0 1472159 1
problem18 0 1539863 1
problem19 0 1555727 1
problem20 0 1468551 1
problem21 0 1390975 1
problem22 0 1435639 1
problem23 0 1354735 1
problem24 0 1424743 1
problem25 0 1397855 1
problem26 0 1452247 1
problem27 0 1307343 1
problem28 0 1403463 1
problem29 0 1361727 1
problem30 0 1262007 1
problem31 0 1315247 1
problem32 0 1437479 1
problem33 0 1249823 1
problem34 0 1651351 1
problem35 0 1476751 1
problem36 0 1264647 1
problem37 0 1357055 1
problem38 0 1375095 1
problem39 0 1333103 1
problem40 0 1310951 1
problem41 0 1355743 1
problem42 0 1416279 1
problem43 0 1375823 1
problem44 0 1314247 1
problem45 0 1376959 1
problem46 0 1414455 1
problem47 0 1408303 1
problem48 0 1372839 1
problem49 0 1453471 1
problem50 0 1369623 1
problem51 0 1332239 1
problem52 0 1322887 1
problem53 0 1257599 1
problem54 0 1445623 1
problem55 0 1540847 1
problem56 0 1393767 1
problem57 0 1280863 1
problem58 0 1314775 1
problem59 0 1509839 1
problem60 0 1454407 1
problem61 0 1228351 1
problem62 0 1304759 1
problem63 0 1403055 1
problem64 0 1373735 1
problem65 0 1460511 1
problem66 0 1448343 1
problem67 0 1384335 1
problem68 0 1446663 1
problem69 0 1354751 1
problem70 0 1286775 1
problem71 0 1519215 1
problem72 0 1312743 1
problem73 0 1599199 1
problem74 0 1377111 1
problem75 0 1316175 1
problem76 0 1397959 1
problem77 0 1309119 1
problem78 0 1424439 1
problem79 0 1463343 1
problem80 0 1309095 1
problem81 0 1336479 1
problem82 0 1461527 1
problem83 0 1207055 1
problem84 0 1406599 1
problem85 0 1451903 1
problem86 0 1455607 1
problem87 0 1497583 1
problem88 0 1493863 1
problem89 0 1458783 1
problem90 0 1537751 1
problem91 0 1286351 1
problem92 0 1472583 1
problem93 0 1357119 1
problem94 0 1380279 1
problem95 0 1359791 1
problem96 0 1572135 1
problem97 0 1376287 1
problem98 0 1376407 1
problem99 0 1390223 1
