problem0 0 2721700312181 0 2228.00
problem1 0.00 4446110937911 0 2284.00
problem2 0.01 4142227537520 0 2284.00
problem3 0.00 4600941072742 0 2284.00
problem4 0.00 3968141256778 0 2284.00
problem5 0.01 4014452469489 0 2284.00
problem6 0.00 4335070936520 0 2284.00
problem7 0.01 5103601989774 0 2284.00
problem8 0.00 3723770016594 0 2284.00
problem9 0.00 4006709795975 0 2284.00
problem10 0.01 3607906021136 0 2284.00
problem11 0.00 3477191066367 0 2284.00
problem12 0.01 4780796924016 0 2284.00
problem13 0.00 4574632137792 0 2284.00
problem14 0.00 3663310777629 0 2284.00
problem15 0.01 4305122032376 0 2284.00
problem16 0.00 4363713163265 0 2284.00
problem17 0.01 4815972890805 0 2284.00
problem18 0.00 3321484267595 0 2284.00
problem19 0.00 3961074329583 0 2284.00
problem20 0.01 4321407542950 0 2284.00
problem21 0.00 4120114622255 0 2284.00
problem22 0.00 3729798690730 0 2284.00
problem23 0.01 4185208536300 0 2284.00
problem24 0.00 4179410990101 0 2284.00
problem25 0.01 3774881762116 0 2284.00
problem26 0.00 3970146744089 0 2284.00
problem27 0.00 3806782961575 0 2284.00
problem28 0.01 4290951271705 0 2284.00
problem29 0.00 3431472149536 0 2284.00
problem30 0.01 3994845381866 0 2284.00
problem31 0.00 3479715767077 0 2284.00
problem32 0.00 3994303057873 0 2284.00
problem33 0.01 4891502502607 0 2284.00
problem34 0.00 3784310504135 0 2284.00
problem35 0.00 4146689588123 0 2284.00
problem36 0.01 3873173752850 0 2284.00
problem37 0.00 4069203589400 0 2284.00
problem38 0.01 3837513708219 0 2284.00
problem39 0.00 4686407016239 0 2284.00
problem40 0.00 3624680116179 0 2284.00
problem41 0.01 3658847503379 0 2284.00
problem42 0.00 3585017039979 0 2284.00
problem43 0.00 4198605471517 0 2284.00
problem44 0.01 4081900333986 0 2284.00
problem45 0.00 3446064768376 0 2284.00
problem46 0.01 3660230553656 0 2284.00
problem47 0.00 3661201584336 0 2284.00
problem48 0.00 4345800566598 0 2284.00
problem49 0.01 4366546497696 0 2284.00
problem50 0.00 3670886315858 0 2284.00
problem51 0.01 3892958309101 0 2284.00
problem52 0.00 3947910384015 0 2284.00
problem53 0.00 3591754576849 0 2284.00
problem54 0.01 4430030652387 0 2284.00
problem55 0.00 4176771791278 0 2284.00
problem56 0.00 4297080789989 0 2284.00
problem57 0.01 4100751156823 0 2284.00
problem58 0.00 3264871283717 0 2284.00
problem59 0.01 4799163010824 0 2284.00
problem60 0.00 5587804047964 0 2284.00
problem61 0.00 4747776486158 0 2284.00
problem62 0.01 4282042757861 0 2284.00
problem63 0.00 4666931689659 0 2284.00
problem64 0.01 3593911526168 0 2284.00
problem65 0.00 3905412918998 0 2284.00
problem66 0.00 4170080358646 0 2284.00
problem67 0.01 4128505162915 0 2284.00
problem68 0.00 4790239203501 0 2284.00
problem69 0.01 3858562954360 0 2284.00
problem70 0.00 4004968179388 0 2284.00
problem71 0.00 4160939696214 0 2284.00
problem72 0.01 4852449199675 0 2284.00
problem73 0.00 4223980550011 0 2284.00
problem74 0.00 4066138782484 0 2284.00
problem75 0.01 3528891880704 0 2284.00
problem76 0.00 4502934109720 0 2284.00
problem77 0.01 5105687938412 0 2284.00
problem78 0.00 4091243580943 0 2284.00
problem79 0.00 4317970927599 0 2284.00
problem80 0.01 4179579822518 0 2284.00
problem81 0.00 3588092899377 0 2284.00
problem82 0.01 4185100477509 0 2284.00
problem83 0.00 3809289762738 0 2284.00
problem84 0.00 3391679803656 0 2284.00
problem85 0.01 4002260843724 0 2284.00
problem86 0.00 4072126306413 0 2284.00
problem87 0.00 4812980118668 0 2284.00
problem88 0.01 3964136941764 0 2284.00
problem89 0.00 4126679789189 0 2284.00
problem90 0.01 3879119745292 0 2284.00
problem91 0.00 4560425659075 0 2284.00
problem92 0.00 3726705389734 0 2284.00
problem93 0.01 3871373875349 0 2284.00
problem94 0.00 4137702428657 0 2284.00
problem95 0.01 4168583133512 0 2284.00
problem96 0.00 3763786298365 0 2284.00
problem97 0.00 3829383712387 0 2284.00
problem98 0.01 4344993190351 0 2284.00
problem99 0.00 3998825603029 0 2284.00
