problem0 0 15532009 1
problem1 0 18373143 1
problem2 0 15544565 1
problem3 0 17611779 1
problem4 0 17907393 1
problem5 0 17754287 1
problem6 0 20428109 1
problem7 0 15879195 1
problem8 0 15458457 1
problem9 0 18158151 1
problem10 0 15846565 1
problem11 0 18097971 1
problem12 0 16926065 1
problem13 0 17250015 1
problem14 0 17225469 1
problem15 0 15510859 1
problem16 0 18206025 1
problem17 0 15054455 1
problem18 0 17708117 1
problem19 0 16399971 1
problem20 0 18602017 1
problem21 0 15003919 1
problem22 0 18039981 1
problem23 0 18823803 1
problem24 0 18728441 1
problem25 0 17122983 1
problem26 0 18180101 1
problem27 0 16384403 1
problem28 0 18413265 1
problem29 0 16979775 1
problem30 0 16776797 1
problem31 0 17626027 1
problem32 0 16173737 1
problem33 0 18268887 1
problem34 0 19031989 1
problem35 0 18247875 1
problem36 0 18653569 1
problem37 0 18655599 1
problem38 0 18351117 1
problem39 0 19454171 1
problem40 0 17029977 1
problem41 0 16591623 1
problem42 0 15217509 1
problem43 0 16419827 1
problem44 0 16373809 1
problem45 0 15509407 1
problem46 0 17192381 1
problem47 0 17164811 1
problem48 0 18872329 1
problem49 0 15957815 1
problem50 0 16894741 1
problem51 0 15815459 1
problem52 0 17537761 1
problem53 0 18223567 1
problem54 0 16642925 1
problem55 0 16197435 1
problem56 0 18227385 1
problem57 0 17612647 1
problem58 0 17968837 1
problem59 0 16107091 1
problem60 0 16050577 1
problem61 0 19130367 1
problem62 0 19520797 1
problem63 0 16224363 1
problem64 0 18961769 1
problem65 0 17034135 1
problem66 0 18636405 1
problem67 0 16442755 1
problem68 0 19973185 1
problem69 0 19474991 1
problem70 0 17633997 1
problem71 0 17966491 1
problem72 0 16029209 1
problem73 0 18088903 1
problem74 0 16472613 1
problem75 0 18067635 1
problem76 0 14822129 1
problem77 0 16832607 1
problem78 0 18519165 1
problem79 0 15853259 1
problem80 0 16966345 1
problem81 0 16254967 1
problem82 0 14295509 1
problem83 0 15411171 1
problem84 0 18619809 1
problem85 0 15594127 1
problem86 0 20275757 1
problem87 0 18469883 1
problem88 0 18299769 1
problem89 0 18544679 1
problem90 0 17020293 1
problem91 0 16534291 1
problem92 0 16882769 1
problem93 0 19626175 1
problem94 0 16284637 1
problem95 0 15002923 1
problem96 0 18128937 1
problem97 0 15193175 1
problem98 0 15406389 1
problem99 0 17963587 1
