problem0 0.66 1100073371380943 299 1 0.66 12628.00
problem1 0.14 900441577906293 763 2 0.13 8956.00
problem2 0.08 1173572402747172 199 1 0.08 8960.00
problem3 0.07 1063512007900844 339 1 0.07 8960.00
problem4 0.08 1080778317189677 334 1 0.07 8960.00
problem5 0.07 1097037303664462 341 1 0.07 8960.00
problem6 0.08 1025245976076791 428 1 0.08 8960.00
problem7 0.08 1218469580201400 297 1 0.07 8960.00
problem8 0.08 1035531613043525 430 1 0.08 8960.00
problem9 0.08 1000263774040165 97 1 0.08 8960.00
problem10 0.07 1121785475278017 341 1 0.07 8960.00
problem11 0.08 1288455911144109 321 1 0.08 8960.00
problem12 0.08 990337760641893 362 1 0.08 8960.00
problem13 0.07 905685704088738 432 1 0.07 8960.00
problem14 0.08 1131390068356935 285 1 0.08 8960.00
problem15 0.07 927970130069521 357 1 0.07 8960.00
problem16 0.08 986869691091372 639 1 0.08 8960.00
problem17 0.08 1343593571549395 139 1 0.08 8960.00
problem18 0.08 1008697647924626 486 1 0.08 8960.00
problem19 0.07 1016437503407962 226 1 0.07 8960.00
problem20 0.08 1145934249624568 311 1 0.08 8960.00
problem21 0.07 1147401305907218 178 1 0.07 8960.00
problem22 0.08 942802665105104 527 1 0.08 8960.00
problem23 0.08 897559854206646 369 1 0.08 8960.00
problem24 0.08 1048397760047898 314 1 0.08 8960.00
problem25 0.08 929535988050610 307 1 0.08 8960.00
problem26 0.08 1113083133647225 282 1 0.07 8960.00
problem27 0.08 1082931361481088 411 1 0.07 8960.00
problem28 0.07 1095663082063767 151 1 0.07 8960.00
problem29 0.08 875021807890457 728 1 0.08 8960.00
problem30 0.08 1128814083739467 224 1 0.08 8960.00
problem31 0.08 1318848984198260 274 1 0.08 8960.00
problem32 0.08 1063367551746639 336 1 0.06 8960.00
problem33 0.08 1095996978763136 506 1 0.08 8960.00
problem34 0.08 1240007054111644 249 1 0.08 8960.00
problem35 0.08 1100290688753646 303 1 0.07 8960.00
problem36 0.07 934820448545937 288 1 0.07 8960.00
problem37 0.08 1115463819720894 227 1 0.07 8960.00
problem38 0.08 987624238542993 337 1 0.07 8960.00
problem39 0.07 1184813745789139 190 1 0.07 8960.00
problem40 0.08 1054141237307810 537 1 0.08 8960.00
problem41 0.08 1173396896349236 234 1 0.07 8960.00
problem42 0.07 906300494627980 600 1 0.07 8960.00
problem43 0.08 1092412684069792 183 1 0.07 8960.00
problem44 0.07 1214658272445177 277 1 0.07 8960.00
problem45 0.07 1123280604355055 285 1 0.07 8960.00
problem46 0.08 1090206226543873 486 1 0.07 8960.00
problem47 0.08 966032013458144 392 1 0.07 8960.00
problem48 0.07 1081336933439777 274 1 0.07 8960.00
problem49 0.07 1253776277769329 200 1 0.06 8960.00
problem50 0.08 1130614818777652 482 1 0.07 8960.00
problem51 0.08 1081346959316119 218 1 0.08 8960.00
problem52 0.08 1088026588037158 450 1 0.08 8960.00
problem53 0.08 1115190285834180 284 1 0.08 8960.00
problem54 0.07 964045147348111 333 1 0.07 8960.00
problem55 0.08 1144292979237833 384 1 0.07 8960.00
problem56 0.08 1082145458370860 169 1 0.08 9552.00
problem57 0.08 1187040211905311 250 1 0.08 9552.00
problem58 0.08 1066938235442597 728 1 0.07 9552.00
problem59 0.08 973969749127419 316 1 0.07 9552.00
problem60 0.08 998260879823655 606 1 0.08 9552.00
problem61 0.08 1061759694519906 318 1 0.08 9552.00
problem62 0.07 1170039536730338 288 1 0.07 9552.00
problem63 0.18 992394618555220 799 2 0.16 9552.00
problem64 0.08 984685767835861 746 1 0.07 9552.00
problem65 0.08 875734716474709 300 1 0.08 9552.00
problem66 0.08 931888353444748 405 1 0.07 9552.00
problem67 0.08 985774649577498 333 1 0.07 9552.00
problem68 0.08 989873406666066 93 1 0.07 9552.00
problem69 0.08 1184659924640544 263 1 0.08 9552.00
problem70 0.08 1027042918210662 404 1 0.08 9552.00
problem71 0.08 1060075163622789 481 1 0.08 9552.00
problem72 0.08 1029348448676813 250 1 0.08 9552.00
problem73 0.08 1113208457922084 167 1 0.07 9552.00
problem74 0.08 1199555802822597 248 1 0.07 9552.00
problem75 0.08 952955748911834 767 1 0.08 9552.00
problem76 0.08 1003707878887561 479 1 0.08 9552.00
problem77 0.08 1166618398705608 147 1 0.07 9552.00
problem78 0.09 887022315885601 353 1 0.08 9552.00
problem79 0.19 975917435454943 855 2 0.18 9552.00
problem80 0.09 1017743404103112 426 1 0.08 9552.00
problem81 0.08 1029347383357537 356 1 0.07 9552.00
problem82 0.08 1238844030977859 118 1 0.07 9552.00
problem83 0.08 1303109455662278 321 1 0.08 9552.00
problem84 0.09 1046807569747482 746 1 0.08 9552.00
problem85 0.08 1020323285770952 206 1 0.08 9552.00
problem86 0.08 1172321893752374 326 1 0.08 9552.00
problem87 0.08 1204317141312972 232 1 0.07 9552.00
problem88 0.21 840872938314585 865 2 0.2 9552.00
problem89 0.08 1071478161596188 283 1 0.08 9552.00
problem90 0.08 934181006573161 238 1 0.08 9552.00
problem91 0.07 1220979354449446 140 1 0.07 9552.00
problem92 0.08 956849452311625 723 1 0.07 9552.00
problem93 0.08 961174753192307 230 1 0.08 9552.00
problem94 0.09 998144034124807 497 1 0.08 9552.00
problem95 0.08 1155484632203011 295 1 0.08 9552.00
problem96 0.08 1119744342903177 448 1 0.07 9552.00
problem97 0.08 1110704504355713 370 1 0.08 9552.00
problem98 0.08 977307902240499 350 1 0.08 9552.00
problem99 0.08 945405384934862 279 1 0.08 9552.00
