problem0 1.26 2219256541 1 4444.00
problem1 0.93 2089656469 1 5936.00
problem2 0.61 2121900749 1 5936.00
problem3 1.08 2061232517 1 5936.00
problem4 1.07 2271325373 1 5936.00
problem5 1.48 2051843189 1 5936.00
problem6 0.42 2259355821 1 5936.00
problem7 2.70 1896845669 1 5936.00
problem8 1.00 2227795613 1 5936.00
problem9 1.43 2040295509 1 4448.00
problem10 0.71 2113451661 1 5940.00
problem11 0.57 2310209861 1 5940.00
problem12 2.23 1765574781 1 5940.00
problem13 3.37 2036007989 1 5940.00
problem14 1.65 2002824301 1 5940.00
problem15 0.43 2447653157 1 5940.00
problem16 4.97 1710809693 1 4452.00
problem17 0.67 2162581525 1 5944.00
problem18 3.73 1851845197 1 5944.00
problem19 1.39 2202089733 1 5944.00
