problem0 0 229060594 1
problem1 0 226969810 1
problem2 0 226788786 1
problem3 0 233989778 1
problem4 0 229927794 1
problem5 0 247338066 1
problem6 0 227729714 1
problem7 0 205935122 1
problem8 0 243001074 1
problem9 0 208084946 1
problem10 0 239828146 1
problem11 0 226262418 1
problem12 0 249406066 1
problem13 0 216165202 1
problem14 0 219043890 1
problem15 0 242542866 1
problem16 0 255434226 1
problem17 0 244315858 1
problem18 0 213611442 1
problem19 0 227513490 1
problem20 0 217045362 1
problem21 0.01 265273938 1
problem22 0 229822258 1
problem23 0 246186002 1
problem24 0 199251186 1
problem25 0 251776466 1
problem26 0 240413362 1
problem27 0 220965778 1
problem28 0 250286194 1
problem29 0 218503506 1
problem30 0 226510386 1
problem31 0 225253138 1
problem32 0 225446898 1
problem33 0 255632594 1
problem34 0 236347826 1
problem35 0 256950930 1
problem36 0 223299442 1
problem37 0 252014674 1
problem38 0 234274098 1
problem39 0 246853138 1
problem40 0 224969458 1
problem41 0 222329810 1
problem42 0 218192050 1
problem43 0 234805650 1
problem44 0 211582578 1
problem45 0 214812498 1
problem46 0 202781746 1
problem47 0 218711314 1
problem48 0 248150514 1
problem49 0 244142802 1
problem50 0 219500466 1
problem51 0 230027410 1
problem52 0 231912818 1
problem53 0 241114706 1
problem54 0 241085234 1
problem55 0 207936530 1
problem56 0 227881202 1
problem57 0 212019666 1
problem58 0 248661682 1
problem59 0 242616210 1
problem60 0 217181298 1
problem61 0 247035218 1
problem62 0 231744050 1
problem63 0 248083218 1
problem64 0.01 239658994 1
problem65 0 235012306 1
problem66 0 238566834 1
problem67 0 222240402 1
problem68 0 226108274 1
problem69 0 232574034 1
problem70 0 258644274 1
problem71 0 230099474 1
problem72 0 233152242 1
problem73 0 271177682 1
problem74 0 264713394 1
problem75 0 227620242 1
problem76 0 225139314 1
problem77 0 248062802 1
problem78 0 229511218 1
problem79 0 237871378 1
problem80 0 216749554 1
problem81 0 245018322 1
problem82 0 259992498 1
problem83 0 216812690 1
problem84 0 231051634 1
problem85 0 259947090 1
problem86 0 261785394 1
problem87 0 221067282 1
problem88 0 240782578 1
problem89 0 240420306 1
problem90 0 232792754 1
problem91 0 248538002 1
problem92 0 243845234 1
problem93 0 209506642 1
problem94 0 246414898 1
problem95 0 263573266 1
problem96 0 221365234 1
problem97 0 207051986 1
problem98 0 241834418 1
problem99 0.01 247298706 1
