problem0 0.04 942915 1 2028.00
problem1 0.06 969313 1 2084.00
problem2 0.08 941039 1 2084.00
problem3 0.06 972653 1 2088.00
problem4 0.02 972891 1 2088.00
problem5 0.05 964153 1 2088.00
problem6 0.08 1041543 1 2096.00
problem7 0.07 1004229 1 2096.00
problem8 0.04 969843 1 2096.00
problem9 0.07 940305 1 2096.00
problem10 0.10 1055775 1 2096.00
problem11 0.05 931101 1 2096.00
problem12 0.04 958347 1 2096.00
problem13 0.03 922345 1 2096.00
problem14 0.06 975543 1 2096.00
problem15 0.07 1039989 1 2096.00
problem16 0.04 864675 1 2096.00
problem17 0.03 934849 1 2096.00
problem18 0.08 989263 1 2096.00
problem19 0.06 863949 1 2096.00
problem20 0.06 942779 1 2096.00
problem21 0.06 904089 1 2096.00
problem22 0.08 1023207 1 2096.00
problem23 0.05 984613 1 2096.00
problem24 0.02 856787 1 2096.00
problem25 0.04 821873 1 2096.00
problem26 0.01 938111 1 2096.00
problem27 0.03 935037 1 2096.00
problem28 0.08 958955 1 2096.00
problem29 0.07 909385 1 2096.00
problem30 0.04 955159 1 2096.00
problem31 0.03 903637 1 2096.00
problem32 0.07 913411 1 2096.00
problem33 0.08 961825 1 2096.00
problem34 0.07 1000623 1 2096.00
problem35 0.12 1144365 1 2236.00
problem36 0.03 843035 1 2096.00
problem37 0.04 1102073 1 2100.00
problem38 0.06 1000775 1 2100.00
problem39 0.06 1059205 1 2100.00
problem40 0.06 969011 1 2100.00
problem41 0.08 961489 1 2100.00
problem42 0.06 980191 1 2100.00
problem43 0.03 934877 1 2100.00
problem44 0.03 889931 1 2100.00
problem45 0.10 990633 1 2100.00
problem46 0.04 832375 1 2100.00
problem47 0.03 1025333 1 2100.00
problem48 0.05 859747 1 2100.00
problem49 0.04 1017473 1 2100.00
problem50 0.08 1007887 1 2100.00
problem51 0.05 994701 1 2100.00
problem52 0.07 968571 1 2100.00
problem53 0.05 902745 1 2100.00
problem54 0.05 941479 1 2100.00
problem55 0.08 965861 1 2100.00
problem56 0.05 1011603 1 2100.00
problem57 0.06 998705 1 2100.00
problem58 0.08 1083711 1 2100.00
problem59 0.06 1028925 1 2100.00
problem60 0.05 1013419 1 2100.00
problem61 0.04 772873 1 2100.00
problem62 0.06 967639 1 2100.00
problem63 0.03 848021 1 2100.00
problem64 0.08 933059 1 2100.00
problem65 0.05 905185 1 2100.00
problem66 0.03 945519 1 2100.00
problem67 0.07 873709 1 2100.00
problem68 0.05 827867 1 2100.00
problem69 0.03 928697 1 2100.00
problem70 0.04 845319 1 2100.00
problem71 0.03 966725 1 2100.00
problem72 0.05 886259 1 2100.00
problem73 0.06 867985 1 2100.00
problem74 0.10 986527 1 2100.00
problem75 0.04 922269 1 2100.00
problem76 0.06 1034507 1 2100.00
problem77 0.05 944233 1 2100.00
problem78 0.08 967735 1 2100.00
problem79 0.04 928757 1 2100.00
problem80 0.06 903971 1 2100.00
problem81 0.05 952641 1 2100.00
problem82 0.05 879055 1 2100.00
problem83 0.04 912461 1 2100.00
problem84 0.06 977979 1 2100.00
problem85 0.07 983321 1 2100.00
problem86 0.05 1039975 1 2100.00
problem87 0.06 897957 1 2100.00
problem88 0.07 1018963 1 2100.00
problem89 0.04 897009 1 2100.00
problem90 0.03 918015 1 2100.00
problem91 0.06 1040893 1 2100.00
problem92 0.03 822123 1 2100.00
problem93 0.05 816585 1 2100.00
problem94 0.05 963735 1 2100.00
problem95 0.04 939861 1 2100.00
problem96 0.07 1001859 1 2100.00
problem97 0.05 897697 1 2100.00
problem98 0.04 972335 1 2100.00
problem99 0.06 979885 1 2100.00
