problem0 1.18 168253 5 -2138011944 6.95325e-310 0.00
problem1 1.46 169665 5 -2138011944 6.95325e-310 0.00
problem2 7.5 171464 5 -2138011944 6.95325e-310 0.00
problem3 1.96 163783 5 -2138011944 6.95325e-310 0.00
problem4 0.35 142596 5 -2138011944 6.95325e-310 0.00
problem5 0.81 160775 5 -2138011944 6.95325e-310 0.00
problem6 1.58 168537 5 -2138011944 6.95325e-310 0.00
problem7 3.74 154399 5 -2138011944 6.95325e-310 0.00
problem8 4.93 167437 5 -2138011944 6.95325e-310 0.00
problem9 6.56 153087 5 -2138011944 6.95325e-310 0.00
problem10 2.84 177253 5 -2138011944 6.95325e-310 0.00
problem11 3.6 159016 5 -2138011944 6.95325e-310 0.00
problem12 1.27 200105 5 -2138011944 6.95325e-310 0.00
problem13 8.15 161733 5 -2138011944 6.95325e-310 0.00
problem14 6.29 177698 5 -2138011944 6.95325e-310 0.00
problem15 5.66 190037 5 -2138011944 6.95325e-310 0.00
problem16 4.3 163349 5 -2138011944 6.95325e-310 0.00
problem17 2.28 145411 5 -2138011944 6.95325e-310 0.00
problem18 1 166345 5 -2138011944 6.95325e-310 0.00
problem19 0.74 152456 5 -2138011944 6.95325e-310 0.00
problem20 0.97 178339 5 -2138011944 6.95325e-310 0.00
problem21 2.11 159305 5 -2138011944 6.95325e-310 0.00
problem22 8.11 163335 5 -2138011944 6.95325e-310 0.00
problem23 4.51 178827 5 -2138011944 6.95325e-310 0.00
problem24 3.59 164181 5 -2138011944 6.95325e-310 0.00
problem25 1.36 165753 5 -2138011944 6.95325e-310 0.00
problem26 12.92 168779 5 -2138011944 6.95325e-310 0.00
problem27 1.35 163220 5 -2138011944 6.95325e-310 0.00
problem28 0.94 172871 5 -2138011944 6.95325e-310 0.00
problem29 0.62 158043 5 -2138011944 6.95325e-310 0.00
problem30 0.35 148202 5 -2138011944 6.95325e-310 0.00
problem31 0.62 183574 5 -2138011944 6.95325e-310 0.00
problem32 3.8 170845 5 -2138011944 6.95325e-310 0.00
problem33 2.11 160410 5 -2138011944 6.95325e-310 0.00
problem34 1.95 149052 5 -2138011944 6.95325e-310 0.00
problem35 2.57 166730 5 -2138011944 6.95325e-310 0.00
problem36 3.91 162768 5 -2138011944 6.95325e-310 0.00
problem37 0.62 169781 5 -2138011944 6.95325e-310 0.00
problem38 2.29 155059 5 -2138011944 6.95325e-310 0.00
problem39 4.78 186986 5 -2138011944 6.95325e-310 0.00
problem40 1.62 140559 5 -2138011944 6.95325e-310 0.00
problem41 0.7 163059 5 -2138011944 6.95325e-310 0.00
problem42 7.91 159053 5 -2138011944 6.95325e-310 0.00
problem43 1.56 174820 5 -2138011944 6.95325e-310 0.00
problem44 6.41 156219 5 -2138011944 6.95325e-310 0.00
problem45 2.46 177224 5 -2138011944 6.95325e-310 0.00
problem46 5 170249 5 -2138011944 6.95325e-310 0.00
problem47 2.23 164483 5 -2138011944 6.95325e-310 0.00
problem48 13.03 161618 5 -2138011944 6.95325e-310 0.00
problem49 1.24 149126 5 -2138011944 6.95325e-310 0.00
problem50 2.42 141432 5 -2138011944 6.95325e-310 0.00
problem51 5.57 177477 5 -2138011944 6.95325e-310 0.00
problem52 1.02 168700 5 -2138011944 6.95325e-310 0.00
problem53 4.88 163078 5 -2138011944 6.95325e-310 0.00
problem54 0.27 165556 5 -2138011944 6.95325e-310 0.00
problem55 38.63 164311 5 -2138011944 6.95325e-310 0.00
problem56 2.08 154826 5 -2138011944 6.95325e-310 0.00
problem57 2.73 152288 5 -2138011944 6.95325e-310 0.00
problem58 2.49 162637 5 -2138011944 6.95325e-310 0.00
problem59 2.12 150125 5 -2138011944 6.95325e-310 0.00
problem60 0.69 121020 5 -2138011944 6.95325e-310 0.00
problem61 0.51 175583 5 -2138011944 6.95325e-310 0.00
problem62 3.3 163737 5 -2138011944 6.95325e-310 0.00
problem63 5.11 169172 5 -2138011944 6.95325e-310 0.00
problem64 2.67 172072 5 -2138011944 6.95325e-310 0.00
problem65 0.56 169814 5 -2138011944 6.95325e-310 0.00
problem66 1.78 158045 5 -2138011944 6.95325e-310 0.00
problem67 1.06 133723 5 -2138011944 6.95325e-310 0.00
problem68 10.72 174292 5 -2138011944 6.95325e-310 0.00
problem69 1.52 168320 5 -2138011944 6.95325e-310 0.00
problem70 1.31 143855 5 -2138011944 6.95325e-310 0.00
problem71 2.99 161773 5 -2138011944 6.95325e-310 0.00
problem72 2.5 148727 5 -2138011944 6.95325e-310 0.00
problem73 0.78 169848 5 -2138011944 6.95325e-310 0.00
problem74 8.54 164972 5 -2138011944 6.95325e-310 0.00
problem75 4.47 176516 5 -2138011944 6.95325e-310 0.00
problem76 0.94 161940 5 -2138011944 6.95325e-310 0.00
problem77 3.03 167685 5 -2138011944 6.95325e-310 0.00
problem78 20.67 157795 5 -2138011944 6.95325e-310 0.00
problem79 3.57 161230 5 -2138011944 6.95325e-310 0.00
problem80 0.84 158520 5 -2138011944 6.95325e-310 0.00
problem81 2.07 171502 5 -2138011944 6.95325e-310 0.00
problem82 0.19 169765 5 -2138011944 6.95325e-310 0.00
problem83 0.32 166543 5 -2138011944 6.95325e-310 0.00
problem84 0.48 157695 5 -2138011944 6.95325e-310 0.00
problem85 1.28 149100 5 -2138011944 6.95325e-310 0.00
problem86 2.77 155491 5 -2138011944 6.95325e-310 0.00
problem87 2.19 179374 5 -2138011944 6.95325e-310 0.00
problem88 1.4 165952 5 -2138011944 6.95325e-310 0.00
problem89 0.96 157483 5 -2138011944 6.95325e-310 0.00
problem90 4.7 166054 5 -2138011944 6.95325e-310 0.00
problem91 1.13 173894 5 -2138011944 6.95325e-310 0.00
problem92 2.24 155186 5 -2138011944 6.95325e-310 0.00
problem93 2.12 153528 5 -2138011944 6.95325e-310 0.00
problem94 2.56 174265 5 -2138011944 6.95325e-310 0.00
problem95 2.21 169786 5 -2138011944 6.95325e-310 0.00
problem96 2.51 171933 5 -2138011944 6.95325e-310 0.00
problem97 0.86 190597 5 -2138011944 6.95325e-310 0.00
problem98 0.35 154748 5 -2138011944 6.95325e-310 0.00
problem99 2.26 130300 5 -2138011944 6.95325e-310 0.00
