problem0 0 5957671 1
problem1 0 5987103 1
problem2 0 6146967 1
problem3 0 5403023 1
problem4 0 5047559 1
problem5 0 5553663 1
problem6 0 5395575 1
problem7 0 6291567 1
problem8 0 5339623 1
problem9 0 5109983 1
problem10 0 5649751 1
problem11 0 5924687 1
problem12 0 4998855 1
problem13 0 5704639 1
problem14 0 5598775 1
problem15 0 5613103 1
problem16 0 5860263 1
problem17 0 5764767 1
problem18 0 5898007 1
problem19 0 5881103 1
problem20 0 5302407 1
problem21 0 5683583 1
problem22 0 6285303 1
problem23 0 5417967 1
problem24 0 5553511 1
problem25 0 5330015 1
problem26 0 5187799 1
problem27 0 5665487 1
problem28 0 5040711 1
problem29 0 5752639 1
problem30 0 6013367 1
problem31 0 5706159 1
problem32 0 5467943 1
problem33 0 5771807 1
problem34 0 5878423 1
problem35 0 5277839 1
problem36 0 5524487 1
problem37 0 4863231 1
problem38 0 5700471 1
problem39 0 5429103 1
problem40 0 5734631 1
problem41 0 5517279 1
problem42 0 6134871 1
problem43 0 5504591 1
problem44 0 5180871 1
problem45 0 5898943 1
problem46 0 5739831 1
problem47 0 6421807 1
problem48 0 5173927 1
problem49 0 5877151 1
problem50 0 5432855 1
problem51 0 5428239 1
problem52 0 5189511 1
problem53 0 5320831 1
problem54 0 5738231 1
problem55 0 5145327 1
problem56 0 6145127 1
problem57 0 5278559 1
problem58 0 6262743 1
problem59 0 6097359 1
problem60 0 5812551 1
problem61 0 4701759 1
problem62 0 6088887 1
problem63 0 5925039 1
problem64 0 5109287 1
problem65 0 5032223 1
problem66 0 6134167 1
problem67 0 5676943 1
problem68 0 5870343 1
problem69 0 5090303 1
problem70 0 5743223 1
problem71 0 6139503 1
problem72 0 5474279 1
problem73 0 6055647 1
problem74 0 5964631 1
problem75 0 5215567 1
problem76 0 5756103 1
problem77 0 5437887 1
problem78 0 5618743 1
problem79 0 5264431 1
problem80 0 5798311 1
problem81 0 5596319 1
problem82 0 5360919 1
problem83 0 5237519 1
problem84 0 5076615 1
problem85 0 5351295 1
problem86 0 5453303 1
problem87 0 5790191 1
problem88 0 5426023 1
problem89 0 5620319 1
problem90 0 5633751 1
problem91 0 5087439 1
problem92 0 5273671 1
problem93 0 5485887 1
problem94 0 5246903 1
problem95 0 5750703 1
problem96 0 6061351 1
problem97 0 6127647 1
problem98 0 5341335 1
problem99 0 5551759 1
