problem0 0 49987290 1
problem1 0 55012744 1
problem2 0 52947462 1
problem3 0 48473044 1
problem4 0 50126450 1
problem5 0 48599392 1
problem6 0 53561374 1
problem7 0 46924332 1
problem8 0 50205450 1
problem9 0 48562744 1
problem10 0 51997494 1
problem11 0 50978180 1
problem12 0 46316706 1
problem13 0 54206480 1
problem14 0 45003598 1
problem15 0 52205020 1
problem16 0 48446266 1
problem17 0.01 49367784 1
problem18 0 46366822 1
problem19 0 44534580 1
problem20 0 47967954 1
problem21 0 49603264 1
problem22 0 48116350 1
problem23 0 50470284 1
problem24 0 51197802 1
problem25 0 49760152 1
problem26 0 50932118 1
problem27 0 50834660 1
problem28 0 51082498 1
problem29 0 48093552 1
problem30 0 49464750 1
problem31 0 47683900 1
problem32 0 50268058 1
problem33 0 47315016 1
problem34 0.01 53307078 1
problem35 0 47530644 1
problem36 0 48516914 1
problem37 0 52495392 1
problem38 0 51342558 1
problem39 0 47712492 1
problem40 0 51096522 1
problem41 0 47996152 1
problem42 0 49494006 1
problem43 0 47926340 1
problem44 0 48856418 1
problem45 0 47801040 1
problem46 0 47654926 1
problem47 0 52325532 1
problem48 0 50734074 1
problem49 0 54621608 1
problem50 0 52272422 1
problem51 0 48548340 1
problem52 0 44957586 1
problem53 0 48362880 1
problem54 0 53278526 1
problem55 0.01 49661004 1
problem56 0 46231594 1
problem57 0 47989336 1
problem58 0 49256022 1
problem59 0 52214692 1
problem60 0 50648514 1
problem61 0 52804656 1
problem62 0 52681326 1
problem63 0 45682684 1
problem64 0 47222874 1
problem65 0 47694600 1
problem66 0 46932870 1
problem67 0 55451988 1
problem68 0 54591474 1
problem69 0 48215776 1
problem70 0 50254238 1
problem71 0.01 49500076 1
problem72 0 45515914 1
problem73 0 53409720 1
problem74 0 52839606 1
problem75 0 46398212 1
problem76 0 52788770 1
problem77 0 48948624 1
problem78 0 47242446 1
problem79 0 52396892 1
problem80 0 50744506 1
problem81 0.01 50126952 1
problem82 0 53541350 1
problem83 0 50940084 1
problem84 0 49631314 1
problem85 0 46286912 1
problem86 0 53279742 1
problem87 0 48802572 1
problem88 0 50522346 1
problem89 0 51150104 1
problem90 0 48186134 1
problem91 0 48826980 1
problem92 0 53704322 1
problem93 0 48291568 1
problem94 0 50736942 1
problem95 0 47826620 1
problem96 0 48191770 1
problem97 0 44617160 1
problem98 0 51650630 1
problem99 0.01 50216980 1
