problem0 0 735179850799 0
problem1 0.01 844625176815 0
problem2 0.01 665465323032 0
problem3 0.01 951092042665 0
problem4 0.02 1036767800921 0
problem5 0.02 792815133791 0
problem6 0.02 765404884888 0
problem7 0.02 917980803465 0
problem8 0.01 952630692567 0
problem9 0.02 751324491216 0
problem10 0.01 785524481898 0
problem11 0.02 778965476305 0
problem12 0.01 730662469967 0
problem13 0.01 842701646064 0
problem14 0.01 824140654606 0
problem15 0 641208606281 0
problem16 0.02 869968364787 0
problem17 0.02 941011599024 0
problem18 0.02 931052053728 0
problem19 0.02 855108537076 0
problem20 0.01 848103303419 0
problem21 0.02 977139334369 0
problem22 0.01 948114002427 0
problem23 0.01 837704862314 0
problem24 0.02 854519149906 0
problem25 0.01 829360398983 0
problem26 0.01 826285845660 0
problem27 0.02 827130670869 0
problem28 0.01 783554126538 0
problem29 0.01 855740695557 0
problem30 0.01 689006983534 0
problem31 0.03 890164679482 0
problem32 0.01 910781168083 0
problem33 0.04 963831537034 0
problem34 0 736390492616 0
problem35 0.01 782065994676 0
problem36 0.01 842510933066 0
problem37 0.03 923489099734 0
problem38 0.01 741126520893 0
problem39 0.03 1096778109397 0
problem40 0.01 818668448721 0
problem41 0.02 986515833283 0
problem42 0.01 1017291136816 0
problem43 0.02 854189046532 0
problem44 0.02 790608270063 0
problem45 0.01 914747918425 0
problem46 0.02 1039539240653 0
problem47 0.02 827346968546 0
problem48 0.01 804331250043 0
problem49 0.02 878332546717 0
problem50 0.01 686254648529 0
problem51 0.01 746931284909 0
problem52 0.01 996885855547 0
problem53 0.01 607832653187 0
problem54 0 627732711471 0
problem55 0.02 922829395848 0
problem56 0.02 956845776497 0
problem57 0.02 811658331556 0
problem58 0.01 854373916940 0
problem59 0.03 1093043496532 0
problem60 0.02 1017254647307 0
problem61 0.01 906000522678 0
problem62 0.03 1012790311411 0
problem63 0.02 786304851766 0
problem64 0.01 902601987703 0
problem65 0.01 779617862274 0
problem66 0.01 926326910663 0
problem67 0.01 880568247018 0
problem68 0.01 840842603204 0
problem69 0.01 709371986074 0
problem70 0.02 844731945545 0
problem71 0.02 885597812791 0
problem72 0.01 974339932105 0
problem73 0.01 895389403227 0
problem74 0.02 830270111343 0
problem75 0.02 1046385350246 0
problem76 0.01 744771367720 0
problem77 0.02 779059334760 0
problem78 0.02 817877167810 0
problem79 0.02 978114079650 0
problem80 0.01 957824768005 0
problem81 0.01 1055855113399 0
problem82 0.02 962809221345 0
problem83 0.02 974471214855 0
problem84 0.01 719435588320 0
problem85 0.01 849606299793 0
problem86 0.02 789727323410 0
problem87 0.02 929837510200 0
problem88 0.02 814206432946 0
problem89 0 725510588904 0
problem90 0.02 1223436869201 0
problem91 0.03 818134208549 0
problem92 0.01 907395167797 0
problem93 0.02 778697181773 0
problem94 0.02 937117010376 0
problem95 0.01 829951726654 0
problem96 0.01 766724277521 0
problem97 0.01 902217653103 0
problem98 0.01 925143564311 0
problem99 0.02 987571141504 0
