problem0 0 47830 1 0.00
problem1 0.00 36534 1 0.00
problem2 0.00 38550 1 0.00
problem3 0.00 47734 1 0.00
problem4 0.00 33366 1 0.00
problem5 0.00 32310 1 0.00
problem6 0.00 34326 1 0.00
problem7 0.00 43510 1 0.00
problem8 0.00 37334 1 0.00
problem9 0.00 38326 1 0.00
problem10 0.00 40342 1 0.00
problem11 0.00 35190 1 2396.00
problem12 0.00 43350 1 2396.00
problem13 0.00 40246 1 2396.00
problem14 0.00 36118 1 2396.00
problem15 0.00 43254 1 2396.00
problem16 0.00 41174 1 2396.00
problem17 0.00 40118 1 2396.00
problem18 0.00 40086 1 2396.00
problem19 0.00 36982 1 2396.00
problem20 0.00 38998 1 2396.00
problem21 0.00 39990 1 2396.00
problem22 0.00 44054 1 2396.00
problem23 0.00 42998 1 2396.00
problem24 0.00 34774 1 2396.00
problem25 0.00 35766 1 2396.00
problem26 0.00 45974 1 2396.00
problem27 0.00 51062 1 2396.00
problem28 0.00 36694 1 2396.00
problem29 0.00 37686 1 2396.00
problem30 0.00 41750 1 2396.00
problem31 0.00 40694 1 2396.00
problem32 0.00 38614 1 2396.00
problem33 0.00 39606 1 2396.00
problem34 0.00 43670 1 2396.00
problem35 0.00 42614 1 2396.00
problem36 0.00 38486 1 2396.00
problem37 0.00 37430 1 2396.00
problem38 0.00 41494 1 2396.00
problem39 0.00 34294 1 2396.00
problem40 0.00 44502 1 2396.00
problem41 0.00 41398 1 2396.00
problem42 0.00 45462 1 2396.00
problem43 0.01 40310 1 2396.00
problem44 0.00 42326 1 2396.00
problem45 0.00 39222 1 2396.00
problem46 0.00 41238 1 2396.00
problem47 0.00 46326 1 2396.00
problem48 0.00 50390 1 2396.00
problem49 0.00 49334 1 2396.00
problem50 0.00 41110 1 2396.00
problem51 0.00 40054 1 2396.00
problem52 0.00 40022 1 2396.00
problem53 0.00 41014 1 2396.00
problem54 0.00 38934 1 2396.00
problem55 0.00 39926 1 2396.00
problem56 0.00 46038 1 2396.00
problem57 0.00 47030 1 2396.00
problem58 0.00 36758 1 2396.00
problem59 0.00 43894 1 2396.00
problem60 0.00 41814 1 2396.00
problem61 0.00 40758 1 2396.00
problem62 0.00 40726 1 2396.00
problem63 0.00 41718 1 2396.00
problem64 0.00 39638 1 2396.00
problem65 0.00 40630 1 2396.00
problem66 0.00 42646 1 2396.00
problem67 0.00 43638 1 2396.00
problem68 0.00 37462 1 2396.00
problem69 0.00 40502 1 2396.00
problem70 0.00 42518 1 2396.00
problem71 0.00 43510 1 2396.00
problem72 0.00 41430 1 2396.00
problem73 0.00 38326 1 2396.00
problem74 0.00 42390 1 2396.00
problem75 0.00 35190 1 2396.00
problem76 0.00 43350 1 2396.00
problem77 0.00 40246 1 2396.00
problem78 0.00 40214 1 2396.00
problem79 0.00 39158 1 2396.00
problem80 0.00 39126 1 2396.00
problem81 0.00 44214 1 2396.00
problem82 0.00 42134 1 2396.00
problem83 0.00 43126 1 2396.00
problem84 0.00 43094 1 2396.00
problem85 0.00 42038 1 2396.00
problem86 0.00 39958 1 2396.00
problem87 0.00 42998 1 2396.00
problem88 0.00 45014 1 2396.00
problem89 0.00 41910 1 2396.00
problem90 0.00 43926 1 2396.00
problem91 0.00 44918 1 2396.00
problem92 0.00 40790 1 2396.00
problem93 0.00 41782 1 2396.00
problem94 0.00 43798 1 2396.00
problem95 0.00 38646 1 2396.00
problem96 0.00 42710 1 2396.00
problem97 0.00 37558 1 2396.00
problem98 0.01 35478 1 2396.00
problem99 0.00 36470 1 2396.00
