problem0 4.4 976166223852071 118 1 1.25 397832.00
problem1 4.27 1055919524997841 122 1 1.12 398212.00
problem2 4.18 1028189859883337 97 1 1.05 398220.00
problem3 4.12 970578772836898 145 1 1.00 398216.00
problem4 4.80 937929512892611 166 1 1.61 412936.00
problem5 4.18 1061214054025481 108 1 1.08 398216.00
problem6 4.28 1000870225595079 211 1 1.02 398224.00
problem7 4.20 915005031893969 189 1 1.01 398220.00
problem8 4.17 1079833436408363 148 1 1.05 398220.00
problem9 4.43 955586921644816 157 1 1.24 398224.00
problem10 4.16 1164984961995161 159 1 0.97 398220.00
problem11 4.16 1046886426701036 177 1 1.01 398220.00
problem12 4.23 1025515319546695 143 1 1.08 398224.00
problem13 4.20 951280474788162 135 1 1.05 398220.00
problem14 4.31 849715255080156 141 1 1.20 398224.00
problem15 4.17 1054552535936145 106 1 1.10 398220.00
problem16 4.21 1068546933970839 124 1 1.08 398224.00
problem17 4.24 1117298428566780 162 1 1.01 398220.00
problem18 4.15 1129617369126248 119 1 1.03 398224.00
problem19 4.22 1062644080553322 186 1 0.99 398220.00
problem20 4.32 1045975215488372 197 1 1.14 398224.00
problem21 4.49 1024649888783297 179 1 1.33 398220.00
problem22 4.14 821482016421606 137 1 0.94 398224.00
problem23 4.16 1075887625391320 129 1 1.00 398224.00
problem24 4.14 1116963910286261 144 1 0.95 398224.00
problem25 4.19 1021193331398800 184 1 0.97 398224.00
problem26 4.54 904282714422656 163 1 1.37 398224.00
problem27 4.05 1128096411928075 157 1 0.91 398220.00
problem28 4.34 1082532690890309 121 1 1.15 400272.00
problem29 4.36 1010645074760827 150 1 1.19 398224.00
problem30 4.31 998969459915243 173 1 1.09 398224.00
problem31 4.41 1019907357232840 171 1 1.24 398220.00
problem32 4.19 962548126158318 134 1 1.00 398224.00
problem33 4.54 803122528316408 164 1 1.36 398224.00
problem34 4.34 1015525061423243 128 1 1.18 398224.00
problem35 4.50 977516293718602 208 1 1.20 398220.00
problem36 4.35 905485661616558 150 1 1.21 398220.00
problem37 4.34 918383188395813 134 1 1.16 398224.00
problem38 4.36 980135920909360 92 1 1.26 398220.00
problem39 4.13 1040378036729060 172 1 0.98 398224.00
problem40 4.02 1026525785743319 152 1 0.92 398224.00
problem41 4.29 915004901726045 119 1 1.21 398224.00
problem42 4.26 1239277579477206 170 1 1.13 398220.00
problem43 4.40 1118494443462170 221 1 1.12 398224.00
problem44 4.14 1046651421622929 170 1 0.99 398220.00
problem45 4.27 1102039678932416 152 1 1.13 398224.00
problem46 4.19 1025067432029862 118 1 1.13 398220.00
problem47 4.30 872296754786788 155 1 1.16 398224.00
problem48 4.06 891124416042731 129 1 0.97 398220.00
problem49 4.12 1048188604118723 134 1 1.02 398224.00
problem50 4.24 1026641270449372 153 1 1.06 398224.00
problem51 4.15 1074063389455850 170 1 0.98 398224.00
problem52 4.52 936980772555310 141 1 1.45 398224.00
problem53 4.05 1077006570744689 144 1 0.94 398224.00
problem54 4.19 1041816997028498 177 1 1.04 398224.00
problem55 4.26 1021697478011697 140 1 1.14 398224.00
problem56 4.31 1111568532288442 164 1 1.18 398224.00
problem57 4.28 1055717839155337 162 1 1.18 398224.00
problem58 4.03 1068433446609688 176 1 0.92 398224.00
problem59 4.22 1037795496904572 66 1 1.16 398224.00
problem60 4.01 978126076992281 112 1 0.91 398224.00
problem61 4.17 1113101521320390 148 1 1.06 398224.00
problem62 4.12 1050309678917144 186 1 0.96 398224.00
problem63 4.12 1057745956685512 203 1 0.97 398224.00
problem64 4.21 1199273976952659 165 1 1.07 398224.00
problem65 4.18 999815268548182 185 1 1.03 398220.00
problem66 4.31 930175474412075 54 1 1.26 398224.00
problem67 4.05 1144888766342224 120 1 0.96 398224.00
problem68 4.25 1008195932135790 145 1 1.16 398224.00
problem69 4.22 840109382917491 117 1 1.15 398224.00
problem70 4.10 1224755504518732 141 1 0.99 398220.00
problem71 4.27 1025704300348568 122 1 1.08 398224.00
problem72 4.37 960956911877874 147 1 1.26 398224.00
problem73 4.15 1040755221044649 136 1 1.07 398224.00
problem74 4.29 831456139293283 173 1 1.19 398220.00
problem75 4.23 933737232729085 152 1 1.15 398220.00
problem76 4.13 1123893149871347 106 1 1.02 398224.00
problem77 4.19 1155787034714777 202 1 0.97 398220.00
problem78 4.22 948523917203801 52 1 1.16 398224.00
problem79 4.21 1004976190639504 113 1 1.11 398220.00
problem80 4.30 1058391045361816 201 1 1.07 398224.00
problem81 4.49 840143102850352 169 1 1.35 398220.00
problem82 4.28 976394823490469 144 1 1.17 398224.00
problem83 4.03 1078765457512243 115 1 0.97 398220.00
problem84 3.98 1208320031679290 144 1 0.82 398224.00
problem85 4.45 891653899500664 160 1 1.32 398224.00
problem86 4.20 942454155173713 149 1 1.09 398220.00
problem87 4.28 978358890807224 206 1 1.07 398224.00
problem88 4.29 951170761381697 201 1 1.15 398220.00
problem89 4.23 1120727181672831 225 1 1.00 398224.00
problem90 4.04 1076220849617767 193 1 0.90 398224.00
problem91 4.08 960803525246122 100 1 1.00 398224.00
problem92 4.24 945910600939261 233 1 1.07 398220.00
problem93 4.28 1138456854156060 242 1 1.07 398224.00
problem94 4.49 945907679002221 196 1 1.35 398220.00
problem95 4.16 1113551582356089 195 1 0.98 398224.00
problem96 4.15 1102358145840160 146 1 1.02 398224.00
problem97 4.15 1082818916539756 125 1 1.09 398220.00
problem98 4.15 978078528447447 114 1 1.06 398220.00
problem99 4.44 1073514968683486 187 1 1.23 400272.00
