problem0 0 17576795 1
problem1 0 19381760 1
problem2 0 19889980 1
problem3 0 17596773 1
problem4 0 21805109 1
problem5 0 20031042 1
problem6 0 19241094 1
problem7 0 18993111 1
problem8 0 17387631 1
problem9 0 19591012 1
problem10 0 18322992 1
problem11 0 19764265 1
problem12 0 17118729 1
problem13 0 18070374 1
problem14 0 18752058 1
problem15 0 18554971 1
problem16 0 18940675 1
problem17 0 19860552 1
problem18 0 17843876 1
problem19 0 18196077 1
problem20 0 17609053 1
problem21 0.01 19710986 1
problem22 0 19230062 1
problem23 0 16922719 1
problem24 0 18455319 1
problem25 0 18588844 1
problem26 0 19357848 1
problem27 0 17418289 1
problem28 0 17594929 1
problem29 0 18042926 1
problem30 0 16534050 1
problem31 0 19081187 1
problem32 0 18311339 1
problem33 0 18761872 1
problem34 0 18920460 1
problem35 0 18155893 1
problem36 0 16507013 1
problem37 0 20180946 1
problem38 0 22644822 1
problem39 0 19398375 1
problem40 0 18135999 1
problem41 0.01 20088820 1
problem42 0 20844800 1
problem43 0 19429945 1
problem44 0 18887769 1
problem45 0 16855798 1
problem46 0 20051978 1
problem47 0 17878379 1
problem48 0 16901203 1
problem49 0 18477784 1
problem50 0 17254260 1
problem51 0 20654717 1
problem52 0 18662829 1
problem53 0 19638682 1
problem54 0 17852734 1
problem55 0 17015663 1
problem56 0 18166375 1
problem57 0 18094396 1
problem58 0 19539816 1
problem59 0 22161985 1
problem60 0 16966785 1
problem61 0 18473918 1
problem62 0 16624626 1
problem63 0 17600755 1
problem64 0 18019835 1
problem65 0 15633184 1
problem66 0 19038428 1
problem67 0 19433861 1
problem68 0 16376021 1
problem69 0 19427682 1
problem70 0 18911270 1
problem71 0 19244535 1
problem72 0 18185999 1
problem73 0 19191940 1
problem74 0.01 16917456 1
problem75 0 17258569 1
problem76 0 18287273 1
problem77 0 20046470 1
problem78 0 19785178 1
problem79 0 16708219 1
problem80 0 18161059 1
problem81 0 17863016 1
problem82 0 17358916 1
problem83 0 17147533 1
problem84 0 17150461 1
problem85 0 17221418 1
problem86 0 18906382 1
problem87 0 19302015 1
problem88 0 19407287 1
problem89 0 17909196 1
problem90 0 18646584 1
problem91 0 17859665 1
problem92 0 19867345 1
problem93 0 18722638 1
problem94 0 18425282 1
problem95 0 19952131 1
problem96 0 19061579 1
problem97 0 19170736 1
problem98 0 18933164 1
problem99 0 18547093 1
