problem0 0.22 89255962696 1 2748.00
problem1 0.09 116514378670 1 2804.00
problem2 0.04 120274410885 1 2804.00
problem3 0.13 104821345639 1 2804.00
problem4 0.09 97763576074 1 2804.00
problem5 0.07 122837975496 1 2804.00
problem6 0.14 117192766487 1 2804.00
problem7 0.09 97750569233 1 2804.00
problem8 0.08 114156227052 1 2804.00
problem9 0.12 96530437506 1 2804.00
problem10 0.10 100120602569 1 2804.00
problem11 0.05 114941047643 1 2804.00
problem12 0.17 90474884334 1 2804.00
problem13 0.11 98573183196 1 2804.00
problem14 0.06 122550307483 1 2804.00
problem15 0.10 102413147717 1 2804.00
problem16 0.07 109182931984 1 2804.00
problem17 0.15 102486799830 1 2804.00
problem18 0.10 108915871373 1 2804.00
problem19 0.09 114956458959 1 2804.00
problem20 0.13 108653298002 1 2804.00
problem21 0.15 100616410736 1 2804.00
problem22 0.12 99734357407 1 2804.00
problem23 0.12 115284104697 1 2804.00
problem24 0.16 104457967284 1 2804.00
problem25 0.14 96426345642 1 2804.00
problem26 0.10 99146228177 1 2804.00
problem27 0.14 107902998211 1 2804.00
problem28 0.10 112998225462 1 2804.00
problem29 0.13 105646889604 1 2804.00
problem30 0.10 109272069411 1 2804.00
problem31 0.07 101598545965 1 2804.00
problem32 0.07 109832282584 1 2804.00
problem33 0.15 89936777726 1 2804.00
problem34 0.13 107411435925 1 2804.00
problem35 0.24 88606389303 1 2804.00
problem36 0.21 93600791450 1 2804.00
problem37 0.16 93006841112 1 2804.00
problem38 0.11 104898504999 1 2804.00
problem39 0.12 102379111649 1 2804.00
problem40 0.09 116534248828 1 2804.00
problem41 0.11 100215287250 1 2804.00
problem42 0.14 96253611481 1 2804.00
problem43 0.09 113597514795 1 2804.00
problem44 0.15 95818498430 1 2804.00
problem45 0.11 107402126892 1 2804.00
problem46 0.05 111533535659 1 2804.00
problem47 0.22 97991072789 1 2804.00
problem48 0.15 105394688416 1 2804.00
problem49 0.19 88550696998 1 2804.00
problem50 0.10 104283948701 1 2804.00
problem51 0.09 114000320159 1 2804.00
problem52 0.13 108845152226 1 2804.00
problem53 0.05 108599365056 1 2804.00
problem54 0.12 108113960623 1 2804.00
problem55 0.20 102149266889 1 2804.00
problem56 0.12 100303279684 1 2804.00
problem57 0.13 108856348922 1 2804.00
problem58 0.09 111902075873 1 2804.00
problem59 0.12 108522765203 1 2804.00
problem60 0.16 87558991558 1 2804.00
problem61 0.08 123515587540 1 2804.00
problem62 0.17 100612145203 1 2804.00
problem63 0.17 108419750397 1 2804.00
problem64 0.07 112277513064 1 2804.00
problem65 0.03 120792889422 1 2804.00
problem66 0.11 103644384677 1 2804.00
problem67 0.12 112176186119 1 2804.00
problem68 0.16 99059086890 1 2804.00
problem69 0.16 99405017192 1 2804.00
problem70 0.08 114658240055 1 2804.00
problem71 0.09 108259500209 1 2804.00
problem72 0.10 98698250508 1 2804.00
problem73 0.16 103136112162 1 2804.00
problem74 0.13 103823031273 1 2804.00
problem75 0.11 110090255611 1 2804.00
problem76 0.12 99968769550 1 2804.00
problem77 0.13 106683026300 1 2804.00
problem78 0.08 112060948667 1 2804.00
problem79 0.11 103284752869 1 2804.00
problem80 0.17 105215612720 1 2804.00
problem81 0.13 119497507446 1 2804.00
problem82 0.15 103851230893 1 2804.00
problem83 0.08 113603410287 1 2804.00
problem84 0.13 96125367922 1 2804.00
problem85 0.12 101113294096 1 2804.00
problem86 0.13 101809782719 1 2804.00
problem87 0.08 111767981465 1 2804.00
problem88 0.12 109288857044 1 2804.00
problem89 0.10 108764251466 1 2804.00
problem90 0.14 100298178033 1 2804.00
problem91 0.10 101060249699 1 2804.00
problem92 0.28 100540698454 1 2804.00
problem93 0.13 104351622436 1 2804.00
problem94 0.19 89076519747 1 2804.00
problem95 0.09 113528935373 1 2804.00
problem96 0.09 102231158008 1 2804.00
problem97 0.10 104633271966 1 2804.00
problem98 0.14 106234638773 1 2804.00
problem99 0.23 101013944791 1 2804.00
