problem0 1.37 8766348561 1
problem1 0.14 8732812671 1
problem2 0.07 9404878237 1
problem3 0.15 8085417195 1
problem4 0.84 7963240169 1
problem5 0.89 7681657623 1
problem6 0.37 8672736501 1
problem7 0.04 8765893635 1
problem8 0.12 8574108609 1
problem9 0.36 8553249711 1
problem10 0.03 9740525389 1
problem11 0.25 8004544027 1
problem12 0.08 9635664793 1
problem13 0.03 10319222599 1
problem14 1.73 8999791781 1
problem15 0.67 9810754355 1
problem16 0.37 11158484593 1
problem17 0.32 8946777567 1
problem18 0.18 9197239549 1
problem19 0.16 9531362123 1
problem20 0.28 7374179401 1
problem21 0.02 9369227127 1
problem22 0.1 9326456917 1
problem23 0.11 7297594979 1
problem24 0.27 9778902305 1
problem25 0.25 9270815759 1
problem26 0.74 8746722989 1
problem27 0.07 8855542907 1
problem28 1.73 8705134842 0
problem29 0.09 8909779879 1
problem30 0.14 9959636997 1
problem31 0.24 9485196691 1
problem32 0.68 8176353233 1
problem33 0.06 9935554111 1
problem34 2.8 9843022941 1
problem35 0.7 9326434731 1
problem36 0.27 7879909801 1
problem37 0.1 8568832983 1
problem38 0.02 8333138869 1
problem39 0.43 10182963395 1
problem40 0.16 9567540865 1
problem41 0.12 8914291823 1
problem42 0.55 9859128845 1
problem43 0.23 7762854619 1
problem44 0.01 8155053657 1
problem45 1.03 9161326599 1
problem46 1.95 7866041189 1
problem47 1.56 7809839092 0
problem48 0.52 9397123377 1
problem49 0.38 8991194783 1
problem50 0.29 8797858749 1
problem51 0.4 8680167435 1
problem52 0.21 10249561865 1
problem53 1.47 10273269815 1
problem54 0.49 9104324373 1
problem55 0.54 8347097891 1
problem56 0.42 8491050977 1
problem57 0.12 7292312783 1
problem58 0.2 9023423853 1
problem59 0.19 7915723067 1
problem60 0.18 9928956857 1
problem61 0.55 9993305191 1
problem62 0.11 11063047877 1
