problem0 0.03 81196 382 1 0.01 3092.00
problem1 1.31 89497 1284 3 0.03 3412.00
problem2 0.48 74329 1271 1 0.01 3448.00
problem3 0.02 81981 243 1 0.01 2904.00
problem4 0.03 92304 167 1 0.01 2868.00
problem5 0.21 77463 1806 2 0.06 5712.00
problem6 0.68 86369 1206 1 0.02 3932.00
problem7 0.25 79202 1486 1 0.02 4160.00
problem8 0.06 73130 708 1 0.02 4616.00
problem9 0.06 82129 499 1 0.01 3360.00
problem10 471.05 79721 14847 4 0.08 7696.00
problem11 0.04 75764 344 1 0.02 6332.00
problem12 84.05 90829 6239 1 0.03 7268.00
problem13 1863.53 82703 54732 3 0.34 31452.00
problem14 0.03 99895 199 1 0.01 14140.00
problem15 0.03 70800 373 1 0.02 14140.00
problem16 0.07 76621 1034 1 0.03 14140.00
problem17 0.09 88227 466 1 0.02 14140.00
problem18 1.59 75728 2477 1 0.03 14140.00
problem19 0.06 80984 589 1 0.02 14140.00
problem20 0.04 92497 379 1 0.01 14140.00
problem21 0.43 80917 1301 1 0.02 14140.00
problem22 117.3 84913 7297 1 0.04 14140.00
problem23 0.13 94115 561 1 0.01 14140.00
problem24 11.32 92329 1802 1 0.01 14140.00
problem25 0.23 80705 494 1 0.01 14140.00
problem26 0.02 97499 235 1 0.01 14140.00
problem27 0.11 86474 1150 1 0.02 14140.00
problem28 0.07 84022 455 1 0.02 14140.00
problem29 0.02 82847 382 1 0.01 14140.00
problem30 2.5 84987 3500 1 0.02 14140.00
problem31 111.37 90746 2956 1 0.01 14140.00
problem32 0.13 78035 868 1 0.01 14140.00
problem33 0.06 86797 529 1 0.01 14140.00
problem34 0.04 81718 401 1 0.03 14140.00
problem35 0.25 76349 1393 1 0.03 14140.00
problem36 0.03 93326 211 1 0.02 14140.00
problem37 0.05 77563 503 1 0.02 14140.00
problem38 0.07 79829 659 1 0.02 14140.00
problem39 83.63 93951 4699 1 0.02 14140.00
problem40 0.02 92680 118 1 0.01 14140.00
problem41 41.87 82714 4972 1 0.02 14140.00
problem42 234.83 92067 12126 1 0.04 14140.00
problem43 0.02 100762 156 1 0 14140.00
problem44 100.7 83533 6326 1 0.03 14140.00
problem45 0.08 88220 562 1 0.01 14140.00
problem46 0.14 87236 569 1 0.02 14140.00
problem47 0.02 87177 246 1 0.02 14140.00
problem48 0.05 78990 555 1 0.02 14140.00
problem49 0.03 83214 280 1 0.01 14140.00
problem50 237 90793 9569 1 0.04 14140.00
problem51 105.12 87786 5797 1 0.03 14140.00
problem52 0.02 101722 149 1 0.01 14140.00
problem53 0.16 86555 678 1 0.02 14140.00
problem54 0.22 63931 3190 1 0.05 14140.00
problem55 2.5 75079 1868 1 0.02 14140.00
problem56 0.05 71536 478 1 0.04 14140.00
problem57 30.85 84536 9658 1 0.05 14140.00
problem58 0.21 89254 1015 1 0.02 14140.00
problem59 46.02 85599 4464 1 0.02 14140.00
problem60 0.05 91569 318 1 0.01 14140.00
problem61 0.15 90432 584 1 0.01 14140.00
problem62 4.94 81519 3479 1 0.03 14140.00
problem63 0.93 83852 1780 1 0.03 14140.00
problem64 0.09 92334 670 1 0.01 14140.00
problem65 0.05 79127 623 1 0.02 14140.00
problem66 0.04 88843 414 1 0.02 14140.00
problem67 32.27 91958 2928 1 0.02 14140.00
problem68 0.12 84872 665 1 0.01 14140.00
problem69 0.36 73324 1505 1 0.01 14140.00
problem70 1449.05 104171 11317 1 0.03 14140.00
problem71 0.08 99052 287 1 0.01 14140.00
problem72 0.1 81470 563 1 0.01 14140.00
problem73 0.32 83946 1708 1 0.02 14140.00
problem74 293.57 83181 11104 1 0.04 14140.00
problem75 0.05 78317 736 1 0.02 14140.00
problem76 0.12 90749 320 1 0.01 14140.00
problem77 106.34 99433 3889 1 0.01 14140.00
problem78 0.01 99574 170 1 0 14140.00
problem79 0.18 62291 1962 1 0.06 14140.00
problem80 367.34 87316 6819 1 0.03 14140.00
problem81 0.03 78197 245 1 0.02 14140.00
problem82 52.42 79996 4680 1 0.02 14140.00
problem83 0.73 86014 1592 1 0.01 14140.00
problem84 0.06 85342 459 1 0.02 14140.00
problem85 1.88 81971 1151 1 0.01 14140.00
problem86 0.02 93995 236 1 0.01 14140.00
problem87 0.06 89099 493 1 0.02 14140.00
problem88 39.52 85479 3875 1 0.02 14140.00
problem89 13.22 100440 2342 1 0.02 14140.00
problem90 0.11 100090 295 1 0.01 14140.00
problem91 0 90432 95 1 0 14140.00
problem92 0.11 94382 649 1 0.02 14140.00
problem93 0.02 85666 160 1 0.01 14140.00
problem94 0.34 76235 1370 1 0.01 14140.00
problem95 0.55 103485 425 1 0.01 14140.00
problem96 0.03 73430 422 1 0.02 14140.00
problem97 422.42 93374 6419 1 0.02 14144.00
problem98 0.92 90155 1928 1 0.01 14144.00
problem99 0.45 87982 999 1 0.02 14144.00
