problem0 0.04 775751428 1
problem1 0.01 812366466 1
problem2 0.02 801062800 1
problem3 0 710573486 1
problem4 0.01 707690588 1
problem5 0.02 672552730 1
problem6 0 669775208 1
problem7 0.01 722342598 1
problem8 0.01 672074420 1
problem9 0.01 696564914 1
problem10 0 758213696 1
problem11 0 771596510 1
problem12 0.01 796591628 1
problem13 0 703089482 1
problem14 0 703464472 1
problem15 0.02 680298486 1
problem16 0.01 737333860 1
problem17 0 741761762 1
problem18 0.02 690232560 1
problem19 0 698492942 1
problem20 0.01 744148924 1
problem21 0 732455802 1
problem22 0.02 721032904 1
problem23 0 707387686 1
problem24 0.01 645619220 1
problem25 0.01 725331218 1
problem26 0 725242272 1
problem27 0 747836222 1
problem28 0.02 746642796 1
problem29 0.01 775004074 1
problem30 0.01 684928376 1
problem31 0 693182038 1
problem32 0.01 779857348 1
problem33 0 680500034 1
problem34 0 710347344 1
problem35 0.01 744186478 1
problem36 0.01 702557980 1
problem37 0.02 715063258 1
problem38 0.01 696010792 1
problem39 0.02 648888198 1
problem40 0 637976948 1
problem41 0.02 728575346 1
problem42 0.03 765282048 1
problem43 0.01 734401950 1
problem44 0.02 699122892 1
problem45 0 676037642 1
problem46 0.01 741893848 1
problem47 0 707347638 1
problem48 0.01 661625124 1
problem49 0.01 676291490 1
problem50 0.01 779093936 1
problem51 0.01 769535182 1
problem52 0.02 777428604 1
problem53 0 684862522 1
problem54 0.01 764053896 1
problem55 0 703606246 1
problem56 0 709440724 1
problem57 0.01 653344210 1
problem58 0 745688160 1
problem59 0.01 770615294 1
problem60 0 697547820 1
problem61 0 789444714 1
problem62 0 691384376 1
problem63 0 728562454 1
problem64 0 728142980 1
problem65 0 659405826 1
problem66 0.01 780604688 1
problem67 0.01 729974574 1
problem68 0.01 693509596 1
problem69 0 672786586 1
problem70 0 792517352 1
problem71 0.01 709536838 1
problem72 0.03 702199860 1
problem73 0.01 748674610 1
problem74 0.01 684810688 1
problem75 0 711248478 1
problem76 0 684770188 1
problem77 0.03 726727882 1
problem78 0.02 685967768 1
problem79 0 695484790 1
problem80 0 670605284 1
problem81 0.01 660776034 1
problem82 0.04 716452464 1
problem83 0.01 782266766 1
problem84 0 695643452 1
problem85 0.01 692991226 1
problem86 0.01 766196808 1
problem87 0.01 756333222 1
problem88 0.01 760433556 1
problem89 0.02 743509650 1
problem90 0.01 785549088 1
problem91 0 813726910 1
problem92 0.01 670751468 1
problem93 0 753701162 1
problem94 0 743994104 1
problem95 0.01 680990678 1
problem96 0.01 750631748 1
problem97 0.01 694557890 1
problem98 0.02 755982288 1
problem99 0 646966254 1
