problem0 6e-05 205683691842 1
problem1 4.1e-05 208287655723 1
problem2 3.3e-05 208808138179 1
problem3 7.9e-05 197201547616 1
problem4 3.3e-05 219567809596 1
problem5 5.1e-05 197264322541 1
problem6 3.2e-05 214154673389 1
problem7 0.000117 205234974738 1
problem8 3.9e-05 218033905174 1
problem9 3.3e-05 213051151631 1
problem10 3.4e-05 228749300727 1
problem11 3.3e-05 218674792484 1
problem12 3.7e-05 198054987984 1
problem13 3.2e-05 227421251729 1
problem14 4.3e-05 213094356193 1
problem15 3.2e-05 222680062870 1
problem16 3.1e-05 213051919978 1
problem17 3.5e-05 196090846323 1
problem18 3.4e-05 186049550763 1
problem19 6.3e-05 203059203176 1
problem20 3.4e-05 214568532196 1
problem21 3.6e-05 218964886197 1
problem22 4.6e-05 206415436885 1
problem23 3.3e-05 210431433882 1
problem24 3.2e-05 210379715134 1
problem25 3.3e-05 220862565719 1
problem26 3.8e-05 206439069407 1
problem27 3.9e-05 210837335596 1
problem28 3.5e-05 203939955832 1
problem29 3.2e-05 196164914777 1
problem30 3.4e-05 218843947849 1
problem31 0.000123 205479019294 1
problem32 5.8e-05 214914062738 1
problem33 3.4e-05 209158862779 1
problem34 3.9e-05 222041979795 1
problem35 4.8e-05 195495443824 1
problem36 3.2e-05 218285964172 1
problem37 3.6e-05 198161275773 1
problem38 3.6e-05 206332836285 1
problem39 7.8e-05 211386638114 1
problem40 3.3e-05 216961717350 1
problem41 3.2e-05 206495214495 1
problem42 5.5e-05 206513223623 1
problem43 4.4e-05 233174207028 1
problem44 7.1e-05 217716878880 1
problem45 3.5e-05 215449811489 1
problem46 3.3e-05 215432933297 1
problem47 3.4e-05 202658267302 1
problem48 3.4e-05 214808965818 1
problem49 3.2e-05 192632338691 1
problem50 4.1e-05 206030273403 1
problem51 3.3e-05 208335004792 1
problem52 4.6e-05 212024421428 1
problem53 4.4e-05 212669921861 1
problem54 3.2e-05 211817223461 1
problem55 3.2e-05 203595151274 1
problem56 3.4e-05 210313413774 1
problem57 5.6e-05 210328743911 1
problem58 3.5e-05 200499418799 1
problem59 3.3e-05 213867158588 1
problem60 3.1e-05 207888008648 1
problem61 6.9e-05 199039511529 1
problem62 3.8e-05 211466091033 1
problem63 3.4e-05 209715516462 1
problem64 3.5e-05 220467681762 1
problem65 5.4e-05 213175574603 1
problem66 3.2e-05 213735938403 1
problem67 7.5e-05 203199775104 1
problem68 3.2e-05 208560179932 1
problem69 3.2e-05 211145760525 1
problem70 3.5e-05 212002369165 1
problem71 4e-05 222319830578 1
problem72 3.4e-05 210445730486 1
problem73 4.1e-05 208039369263 1
problem74 3.7e-05 213056656279 1
problem75 3.3e-05 208678184004 1
problem76 5.8e-05 223081483120 1
problem77 6.7e-05 225271587761 1
problem78 4.7e-05 201201582721 1
problem79 4.7e-05 213665496502 1
problem80 3.9e-05 212272303882 1
problem81 4e-05 200338976147 1
problem82 3.6e-05 223486645579 1
problem83 5.5e-05 204934485128 1
problem84 3.3e-05 205567924100 1
problem85 3.9e-05 207563721173 1
problem86 3.6e-05 201875195381 1
problem87 4.2e-05 211729541818 1
problem88 3.6e-05 208208695006 1
problem89 3.2e-05 221329500791 1
problem90 3.4e-05 205608513151 1
problem91 3.5e-05 207810208332 1
problem92 3.4e-05 212333788952 1
problem93 3.5e-05 203258126713 1
problem94 3.2e-05 202803005673 1
problem95 3.2e-05 201764109630 1
problem96 3.5e-05 197614146098 1
problem97 3.9e-05 205465051355 1
problem98 3.3e-05 218892791603 1
problem99 5e-05 205104160144 1
