problem0 0.97 176299 1 1 0.65 67020.00
problem1 0.79 211275 120 1 0.44 74420.00
problem2 1.09 173620 245 1 0.71 73304.00
problem3 1.08 213302 4 1 0.76 79448.00
problem4 0.99 224059 242 1 0.63 73304.00
problem5 0.97 208057 480 1 0.65 83544.00
problem6 0.86 221431 33 1 0.53 64648.00
problem7 1.10 169302 472 1 0.74 76936.00
problem8 1.18 175262 239 1 0.81 78984.00
problem9 0.92 197626 125 1 0.57 71256.00
problem10 0.94 193237 201 1 0.62 83544.00
problem11 0.98 207982 11 1 0.64 73304.00
problem12 0.96 201500 666 1 0.63 83544.00
problem13 0.82 197681 375 1 0.49 64648.00
problem14 1.09 207969 174 1 0.75 73304.00
problem15 0.91 205436 100 1 0.57 71256.00
problem16 0.98 219245 41 1 0.64 83544.00
problem17 1.08 195497 65 1 0.70 73304.00
problem18 0.93 232420 135 1 0.56 89684.00
problem19 1.01 222666 96 1 0.69 73304.00
problem20 0.88 180075 470 1 0.54 83544.00
problem21 1.05 222816 161 1 0.71 73304.00
problem22 0.87 202955 436 1 0.55 71256.00
problem23 1.07 205986 15 1 0.74 73304.00
problem24 0.92 192389 74 1 0.59 81496.00
problem25 1.15 168609 55 1 0.79 76936.00
problem26 1.05 203397 301 1 0.72 89224.00
problem27 1.01 211714 254 1 0.66 74888.00
problem28 0.83 231171 129 1 0.50 70100.00
problem29 0.86 200372 2 1 0.53 71256.00
problem30 0.95 202879 196 1 0.56 71256.00
problem31 0.93 228295 502 1 0.61 83544.00
problem32 1.05 212893 238 1 0.65 73304.00
problem33 0.96 202393 20 1 0.63 73304.00
problem34 0.98 196281 2 1 0.66 83544.00
problem35 1.08 176296 33 1 0.76 73304.00
problem36 0.90 220205 570 1 0.59 71256.00
problem37 0.99 225141 25 1 0.65 71256.00
problem38 0.75 166780 1011 1 0.41 64648.00
problem39 0.97 198637 132 1 0.64 71256.00
problem40 1.01 202348 66 1 0.66 83544.00
problem41 1.01 213758 641 1 0.69 73304.00
problem42 0.93 207559 310 1 0.61 73304.00
problem43 0.98 211204 617 1 0.65 73304.00
problem44 0.97 190479 24 1 0.63 83544.00
problem45 0.91 195309 69 1 0.55 71256.00
problem46 0.93 194131 371 1 0.61 73304.00
problem47 0.85 202442 36 1 0.51 64648.00
problem48 0.75 213416 324 1 0.43 64648.00
problem49 1.01 194514 119 1 0.62 73304.00
problem50 0.80 205636 193 1 0.43 69960.00
problem51 0.86 167814 1 1 0.54 71256.00
problem52 0.95 185291 122 1 0.61 73304.00
problem53 0.89 224393 471 1 0.57 71256.00
problem54 0.90 215888 181 1 0.56 83544.00
problem55 0.98 203430 503 1 0.63 73304.00
problem56 1.08 195776 275 1 0.76 73304.00
problem57 0.75 230090 114 1 0.40 70200.00
problem58 0.99 215086 320 1 0.66 73304.00
problem59 0.88 225177 87 1 0.55 70112.00
problem60 0.93 210495 17 1 0.58 71256.00
problem61 0.85 229304 229 1 0.51 70092.00
problem62 0.91 219176 166 1 0.56 71256.00
problem63 0.91 202773 62 1 0.57 71256.00
problem64 0.95 248902 164 1 0.60 71256.00
problem65 1.01 190585 47 1 0.66 73304.00
problem66 0.86 194950 722 1 0.53 71256.00
problem67 1.09 187857 83 1 0.77 81496.00
problem68 0.89 215767 5 1 0.56 70028.00
problem69 0.90 211212 3 1 0.57 71256.00
problem70 1.20 200485 17 1 0.87 81496.00
problem71 1.03 192278 172 1 0.70 73304.00
problem72 0.93 219486 183 1 0.58 83544.00
problem73 0.90 208241 3 1 0.58 71256.00
problem74 1.17 197891 39 1 0.84 75352.00
problem75 0.95 206821 817 1 0.61 71264.00
problem76 1.02 225683 260 1 0.66 73312.00
problem77 0.88 227460 17 1 0.54 85136.00
problem78 0.83 193752 216 1 0.48 64656.00
problem79 0.96 191840 770 1 0.64 73312.00
problem80 1.09 207003 18 1 0.77 73312.00
problem81 1.04 181243 102 1 0.69 81504.00
problem82 0.86 229759 662 1 0.54 64656.00
problem83 1.04 198977 179 1 0.70 73312.00
problem84 0.97 199284 358 1 0.63 73312.00
problem85 0.80 194958 163 1 0.44 64656.00
problem86 0.94 223554 308 1 0.61 71264.00
problem87 0.90 202630 275 1 0.56 83552.00
problem88 0.93 207941 32 1 0.60 73312.00
problem89 1.10 185660 466 1 0.76 81504.00
problem90 0.86 230871 497 1 0.53 64656.00
problem91 0.81 184222 14 1 0.49 76944.00
problem92 0.98 198595 219 1 0.64 73312.00
problem93 1.14 180413 16 1 0.80 75360.00
problem94 1.04 183396 948 1 0.71 81504.00
problem95 0.91 207093 97 1 0.59 71264.00
problem96 0.78 200066 832 1 0.43 81504.00
problem97 1.00 203938 86 1 0.65 73312.00
problem98 0.96 207078 469 1 0.63 85136.00
problem99 1.06 201174 4 1 0.73 73312.00
