problem0 0.02 469064 1 2748.00
problem1 0.00 414638 1 2748.00
problem2 0.00 417157 1 2748.00
problem3 0.00 396647 1 2748.00
problem4 0.00 379146 1 2748.00
problem5 0.00 377288 1 2748.00
problem6 0.00 455703 1 2748.00
problem7 0.00 397585 1 2748.00
problem8 0.00 428524 1 2748.00
problem9 0.03 447874 1 2804.00
problem10 0.00 354249 1 2804.00
problem11 0.00 373595 1 2804.00
problem12 0.00 404718 1 2804.00
problem13 0.00 436444 1 2804.00
problem14 0.00 379547 1 2804.00
problem15 0.00 400965 1 2804.00
problem16 0.07 398352 1 2804.00
problem17 0.00 374230 1 2804.00
problem18 0.00 347789 1 2804.00
problem19 0.00 400335 1 2804.00
problem20 0.00 459090 1 2804.00
problem21 0.00 382576 1 2804.00
problem22 0.00 443807 1 2804.00
problem23 0.00 415225 1 2804.00
problem24 0.00 366260 1 2804.00
problem25 0.05 427178 1 2804.00
problem26 0.15 336337 1 2804.00
problem27 0.00 415427 1 2804.00
problem28 0.04 415286 1 2804.00
problem29 0.00 367236 1 2804.00
problem30 0.00 390435 1 2804.00
problem31 0.00 362541 1 2804.00
problem32 0.00 336344 1 2804.00
problem33 0.00 348670 1 2804.00
problem34 0.04 389525 1 2804.00
problem35 0.00 373815 1 2804.00
problem36 0.00 408474 1 2804.00
problem37 0.00 410904 1 2804.00
problem38 0.00 420135 1 2804.00
problem39 0.00 410849 1 2804.00
problem40 0.04 411004 1 2804.00
problem41 0.00 388562 1 2804.00
problem42 0.00 363993 1 2804.00
problem43 0.00 443435 1 2804.00
problem44 0.05 409982 1 2804.00
problem45 0.00 419372 1 2804.00
problem46 0.00 422315 1 2804.00
problem47 0.00 384021 1 2804.00
problem48 0.00 397728 1 2804.00
problem49 0.00 452646 1 2804.00
problem50 0.00 411293 1 2804.00
problem51 0.00 448159 1 2804.00
problem52 0.00 407522 1 2804.00
problem53 0.00 396736 1 2804.00
problem54 0.00 417455 1 2804.00
problem55 0.00 400841 1 2804.00
problem56 0.05 398916 1 2804.00
problem57 0.00 364794 1 2804.00
problem58 0.00 404449 1 2804.00
problem59 0.00 424851 1 2804.00
problem60 0.00 421574 1 2804.00
problem61 0.00 478164 1 2804.00
problem62 0.00 393267 1 2804.00
problem63 0.00 383485 1 2804.00
problem64 0.00 402280 1 2804.00
problem65 0.00 456782 1 2804.00
problem66 0.00 380325 1 2804.00
problem67 0.00 410375 1 2804.00
problem68 0.10 390698 1 2804.00
problem69 0.00 356456 1 2804.00
problem70 0.00 386615 1 2804.00
problem71 0.00 417969 1 2804.00
problem72 0.00 428300 1 2804.00
problem73 0.00 355874 1 2804.00
problem74 0.15 343017 1 2804.00
problem75 0.00 441595 1 2804.00
problem76 0.04 417294 1 2804.00
problem77 0.00 363388 1 2804.00
problem78 0.00 401595 1 2804.00
problem79 0.00 360933 1 2804.00
problem80 0.00 382768 1 2804.00
problem81 0.00 410230 1 2804.00
problem82 0.00 411309 1 2804.00
problem83 0.00 358767 1 2804.00
problem84 0.00 407154 1 2804.00
problem85 0.00 388368 1 2804.00
problem86 0.00 376767 1 2804.00
problem87 0.00 413081 1 2804.00
problem88 0.00 433620 1 2804.00
problem89 0.00 427338 1 2804.00
problem90 0.00 441841 1 2804.00
problem91 0.00 362595 1 2804.00
problem92 0.00 397142 1 2804.00
problem93 0.00 402724 1 2804.00
problem94 0.00 365379 1 2804.00
problem95 0.00 398285 1 2804.00
problem96 0.00 322808 1 2804.00
problem97 0.00 444062 1 2804.00
problem98 0.00 373173 1 2804.00
problem99 0.00 457175 1 2804.00
