problem0 0 845573835891 0
problem1 0 767318777961 0
problem2 0.01 812125177313 0
problem3 0.01 989570314862 0
problem4 0 782994315874 0
problem5 0.01 1039251992787 0
problem6 0 830132075422 0
problem7 0.01 864674966176 0
problem8 0 773646480680 0
problem9 0.01 883325347484 0
problem10 0 816384384971 0
problem11 0.01 795379356157 0
problem12 0 872842576803 0
problem13 0 802400376095 0
problem14 0.01 791432388553 0
problem15 0 901890292405 0
problem16 0 851621886708 0
problem17 0.01 731597257570 0
problem18 0 543092162745 0
problem19 0.01 856932251664 0
problem20 0 780865991465 0
problem21 0.01 828569598195 0
problem22 0 897757254758 0
problem23 0.01 744741750693 0
problem24 0 996939297047 0
problem25 0 683229741903 0
problem26 0.01 868539324761 0
problem27 0.01 957987468166 0
problem28 0 761658886421 0
problem29 0 726498375367 0
problem30 0.01 919443625939 0
problem31 0 789020880316 0
problem32 0 770555653612 0
problem33 0.01 821555184850 0
problem34 0 800705679221 0
problem35 0.01 869418556882 0
problem36 0 782052517212 0
problem37 0 985393469715 0
problem38 0.01 888821055047 0
problem39 0 661719748259 0
problem40 0.01 682615865397 0
problem41 0.01 804704293100 0
problem42 0 915234500125 0
problem43 0 830250238042 0
problem44 0.01 658554666656 0
problem45 0 707187277205 0
problem46 0.01 825334226506 0
problem47 0 732859897605 0
problem48 0.01 886782417820 0
problem49 0 896398143025 0
problem50 0.01 744091657154 0
problem51 0 997903527465 0
problem52 0.01 881982632452 0
problem53 0 698914303811 0
problem54 0 735543242967 0
problem55 0.01 672382990820 0
problem56 0 699199208361 0
problem57 0.01 866436646047 0
problem58 0 974589398339 0
problem59 0.01 760999734253 0
problem60 0 830757520043 0
problem61 0 930090117895 0
problem62 0.01 956720380602 0
problem63 0 687101962413 0
problem64 0.01 797514767851 0
problem65 0 746612264597 0
problem66 0 700607070595 0
problem67 0.01 663506558158 0
problem68 0 832487795297 0
problem69 0.01 876309552514 0
problem70 0 576302493645 0
problem71 0.01 902225220464 0
problem72 0.01 884420116989 0
problem73 0 899430703545 0
problem74 0 652406670334 0
problem75 0 755470427294 0
problem76 0.01 858300101123 0
problem77 0 756196383014 0
problem78 0.01 936584429136 0
problem79 0 811600633975 0
problem80 0.01 924599035075 0
problem81 0 781159001010 0
problem82 0.01 928889555162 0
problem83 0 867894456694 0
problem84 0.01 728996800329 0
problem85 0 638050726783 0
problem86 0.01 1030513585677 0
problem87 0.01 789544899815 0
problem88 0 732411825897 0
problem89 0.01 934691189856 0
problem90 0 722719644611 0
problem91 0.01 887616339802 0
problem92 0 733532029219 0
problem93 0.01 852165469053 0
problem94 0 868945020637 0
problem95 0.01 853892187945 0
problem96 0 865247766174 0
problem97 0 859243898869 0
problem98 0.01 931662558874 0
problem99 0 757308198753 0
