problem0 0 13743 1 0.00
problem1 0.00 11559 1 0.00
problem2 0.00 12319 1 0.00
problem3 0.00 15511 1 0.00
problem4 0.00 13967 1 0.00
problem5 0.00 12807 1 0.00
problem6 0.00 14591 1 0.00
problem7 0.00 13687 1 0.00
problem8 0.00 12655 1 0.00
problem9 0.00 12007 1 0.00
problem10 0.00 12767 1 0.00
problem11 0.00 11863 1 0.00
problem12 0.00 14927 1 0.00
problem13 0.00 12231 1 0.00
problem14 0.00 13503 1 0.00
problem15 0.00 12599 1 0.00
problem16 0.00 12591 1 0.00
problem17 0.00 14503 1 0.00
problem18 0.00 14239 1 0.00
problem19 0.00 14359 1 0.00
problem20 0.00 13327 1 0.00
problem21 0.00 11655 1 0.00
problem22 0.00 11903 1 0.00
problem23 0.00 15607 1 0.00
problem24 0.00 14575 1 0.00
problem25 0.00 12391 1 0.00
problem26 0.00 14687 1 0.00
problem27 0.00 13783 1 0.00
problem28 0.00 12751 1 0.00
problem29 0.00 11591 1 0.00
problem30 0.00 12351 1 0.00
problem31 0.00 12983 1 0.00
problem32 0.00 13999 1 0.00
problem33 0.00 12327 1 0.00
problem34 0.00 12575 1 0.00
problem35 0.00 13719 1 0.00
problem36 0.00 14223 1 0.00
problem37 0.00 13063 1 0.00
problem38 0.00 15359 1 0.00
problem39 0.00 12407 1 0.00
problem40 0.00 12911 1 0.00
problem41 0.00 11239 1 0.00
problem42 0.00 15071 1 0.00
problem43 0.00 14167 1 0.00
problem44 0.00 14671 1 0.00
problem45 0.00 12999 1 0.00
problem46 0.00 14783 1 0.00
problem47 0.00 12343 1 0.00
problem48 0.00 12335 1 0.00
problem49 0.00 12711 1 0.00
problem50 0.00 12447 1 0.00
problem51 0.00 13591 1 0.00
problem52 0.00 12559 1 0.00
problem53 0.00 12935 1 0.00
problem54 0.00 12671 1 0.00
problem55 0.00 12791 1 0.00
problem56 0.00 14831 1 0.00
problem57 0.00 14183 1 0.00
problem58 0.00 13919 1 0.00
problem59 0.00 13527 1 0.00
problem60 0.00 11983 1 0.00
problem61 0.00 11335 1 0.00
problem62 0.00 15679 1 0.00
problem63 0.00 14263 1 0.00
problem64 0.00 12719 1 0.00
problem65 0.00 15143 1 0.00
problem66 0.00 13855 1 0.00
problem67 0.00 11927 1 0.00
problem68 0.00 12431 1 0.00
problem69 0.00 12807 1 0.00
problem70 0.00 12031 1 0.00
problem71 0.00 14711 1 0.00
problem72 0.00 12143 1 0.00
problem73 0.00 13543 1 0.00
problem74 0.00 12767 1 0.00
problem75 0.00 12375 1 0.00
problem76 0.00 14415 1 0.00
problem77 0.00 14279 1 0.00
problem78 0.00 14015 1 0.00
problem79 0.00 13623 1 0.00
problem80 0.00 11567 1 0.00
problem81 0.00 12455 1 0.00
problem82 0.00 15263 1 0.00
problem83 0.00 14359 1 0.00
problem84 0.00 12815 1 0.00
problem85 0.00 14727 1 0.00
problem86 0.00 13439 1 0.00
problem87 0.00 12535 1 0.00
problem88 0.00 12015 1 0.00
problem89 0.00 12391 1 0.00
problem90 0.00 12639 1 0.00
problem91 0.00 14295 1 0.00
problem92 0.00 11727 1 0.00
problem93 0.00 13127 1 0.00
problem94 0.00 13887 1 0.00
problem95 0.00 12983 1 0.00
problem96 0.00 13999 1 0.00
problem97 0.00 14887 1 0.00
problem98 0.00 13087 1 0.00
problem99 0.00 12695 1 0.00
