problem0 1307.11 1306077567274630 140733354531832 4 1.16637e-312 0.00
problem1 671.02 1070421541473596 140733354531832 4 1.16637e-312 0.00
problem2 178.85 1181088812974464 140733354531832 4 1.16637e-312 0.00
problem3 586.14 1259483651177086 140733354531832 4 1.16637e-312 0.00
problem4 530.55 1350897892803152 140733354531832 4 1.16637e-312 0.00
problem5 1023.16 1219595556374168 140733354531832 4 1.16637e-312 0.00
problem6 463.09 1266049598735834 140733354531832 4 1.16637e-312 0.00
problem7 731.2 1291521140898444 140733354531832 4 1.16637e-312 0.00
problem8 412.89 1317332348719885 140733354531832 4 1.16637e-312 0.00
problem9 88.63 913262629159570 140733354531832 4 1.16637e-312 0.00
problem10 410.62 1174816493228320 140733354531832 4 1.16637e-312 0.00
problem11 324.14 1228858065807864 140733354531832 4 1.16637e-312 0.00
problem12 451.84 1490523400411746 140733354531832 4 1.16637e-312 0.00
problem13 1008.97 1255188564137141 140733354531832 4 1.16637e-312 0.00
problem14 484.32 1177653038417791 140733354531832 4 1.16637e-312 0.00
problem15 149.05 1522921641546974 140733354531832 4 1.16637e-312 0.00
problem16 598.82 1293607018940811 140733354531832 4 1.16637e-312 0.00
problem17 851.6 1295593236696140 140733354531832 4 1.16637e-312 0.00
problem18 454.79 1204068780000191 140733354531832 4 1.16637e-312 0.00
problem19 258.72 1240447763646903 140733354531832 4 1.16637e-312 0.00
problem20 414.03 1197645224877053 140733354531832 4 1.16637e-312 0.00
problem21 432.09 1143934472282127 140733354531832 4 1.16637e-312 0.00
problem22 648.66 1294377630866364 140733354531832 4 1.16637e-312 0.00
problem23 174.65 1437535184692005 140733354531832 4 1.16637e-312 0.00
problem24 393.27 1448305749982159 140733354531832 4 1.16637e-312 0.00
problem25 924.54 1420729752575361 140733354531832 4 1.16637e-312 0.00
problem26 958.37 1155093852352416 140733354531832 4 1.16637e-312 0.00
problem27 374.25 1165482579809748 140733354531832 4 1.16637e-312 0.00
problem28 287.5 1291315798106759 140733354531832 4 1.16637e-312 0.00
problem29 177.23 1244765924276589 140733354531832 4 1.16637e-312 0.00
problem30 721.71 1259684201051640 140733354531832 4 1.16637e-312 0.00
problem31 873.17 1365187461739107 140733354531832 4 1.16637e-312 0.00
problem32 1012.94 1375560932238660 140733354531832 4 1.16637e-312 0.00
problem33 688.93 1298786859791665 140733354531832 4 1.16637e-312 0.00
problem34 249.11 893443894113131 140733354531832 4 1.16637e-312 0.00
problem35 556.63 1236039363291192 140733354531832 4 1.16637e-312 0.00
problem36 223.6 1307567864756710 140733354531832 4 1.16637e-312 0.00
problem37 508.05 1199582280928241 140733354531832 4 1.16637e-312 0.00
problem38 915.41 1461167891904223 140733354531832 4 1.16637e-312 0.00
problem39 257.1 1293056078122157 140733354531832 4 1.16637e-312 0.00
problem40 719.12 1316026226076576 140733354531832 4 1.16637e-312 0.00
problem41 436.57 1164403310667669 140733354531832 4 1.16637e-312 0.00
problem42 1178.58 1153357636770194 140733354531832 4 1.16637e-312 0.00
problem43 605.69 1303328920065097 140733354531832 4 1.16637e-312 0.00
problem44 589.56 1303653537300557 140733354531832 4 1.16637e-312 0.00
problem45 433.81 1317549983949103 140733354531832 4 1.16637e-312 0.00
problem46 272.41 1174422953885451 140733354531832 4 1.16637e-312 0.00
problem47 926.39 1318384775818787 140733354531832 4 1.16637e-312 0.00
problem48 371.58 1311597013490753 140733354531832 4 1.16637e-312 0.00
problem49 821.04 1235346136990578 140733354531832 4 1.16637e-312 0.00
problem50 248.32 1257221702476388 140733354531832 4 1.16637e-312 0.00
problem51 422.19 1279018915011631 140733354531832 4 1.16637e-312 0.00
problem52 309.71 1357814426523450 140733354531832 4 1.16637e-312 0.00
problem53 411.63 1219618803382043 140733354531832 4 1.16637e-312 0.00
problem54 892.77 1321213844968128 140733354531832 4 1.16637e-312 0.00
problem55 140.84 1106249482967103 140733354531832 4 1.16637e-312 0.00
