problem0 0.08 24611133 1 2792.00
problem1 0.02 29107979 1 2848.00
problem2 0.06 25796361 1 2848.00
problem3 0.08 23582903 1 2848.00
problem4 0.02 27486101 1 2848.00
problem5 0.03 25979683 1 2848.00
problem6 0.09 23621345 1 2848.00
problem7 0.12 20925007 1 2848.00
problem8 0.09 23789805 1 2848.00
problem9 0.00 25338427 1 2848.00
problem10 0.00 26749369 1 2848.00
problem11 0.12 22109927 1 2848.00
problem12 0.03 26457413 1 2848.00
problem13 0.00 24849491 1 2848.00
problem14 0.09 24391569 1 2848.00
problem15 0.04 24147583 1 2848.00
problem16 0.02 28239005 1 2848.00
problem17 0.04 24013163 1 2848.00
problem18 0.03 29614185 1 2848.00
problem19 0.03 26931479 1 2848.00
problem20 0.04 26865397 1 2848.00
problem21 0.05 25213315 1 2848.00
problem22 0.07 23764033 1 2848.00
problem23 0.08 24850095 1 2848.00
problem24 0.06 27145293 1 2848.00
problem25 0.03 25328795 1 2848.00
problem26 0.02 25674521 1 2848.00
problem27 0.06 26709831 1 2848.00
problem28 0.10 22090917 1 2848.00
problem29 0.02 29364915 1 2848.00
problem30 0.10 23508209 1 2848.00
problem31 0.01 30569183 1 2848.00
problem32 0.02 26472445 1 2848.00
problem33 0.04 29481931 1 2848.00
problem34 0.03 27185609 1 2848.00
problem35 0.05 26884471 1 2848.00
problem36 0.09 25437781 1 2848.00
problem37 0.07 24917987 1 2848.00
problem38 0.12 23296417 1 2848.00
problem39 0.05 26821391 1 2848.00
problem40 0.05 24844205 1 2848.00
problem41 0.00 27231995 1 2848.00
problem42 0.04 26479737 1 2848.00
problem43 0.02 29749159 1 2848.00
problem44 0.02 28189701 1 2848.00
problem45 0.04 24652051 1 2848.00
problem46 0.08 23849553 1 2848.00
problem47 0.05 25337663 1 2848.00
problem48 0.02 27175773 1 2848.00
problem49 0.04 27164203 1 2848.00
problem50 0.02 27423529 1 2848.00
problem51 0.06 29209047 1 2848.00
problem52 0.02 27921845 1 2848.00
problem53 0.03 27715139 1 2848.00
problem54 0.07 24839937 1 2848.00
problem55 0.03 27363183 1 2848.00
problem56 0.02 29993741 1 2848.00
problem57 0.06 27378011 1 2848.00
problem58 0.07 27592153 1 2848.00
problem59 0.04 28606471 1 2848.00
problem60 0.04 30597989 1 2848.00
problem61 0.06 24866675 1 2848.00
problem62 0.04 23842737 1 2848.00
problem63 0.09 25754527 1 2848.00
problem64 0.04 23533245 1 2848.00
problem65 0.15 24924299 1 2848.00
problem66 0.06 25609353 1 2848.00
problem67 0.04 23943735 1 2848.00
problem68 0.05 29598997 1 2848.00
problem69 0.01 30983331 1 2848.00
problem70 0.08 24724577 1 2848.00
problem71 0.04 26999759 1 2848.00
problem72 0.10 23195245 1 2848.00
problem73 0.01 27339707 1 2848.00
problem74 0.12 26390329 1 2848.00
problem75 0.03 24854631 1 2848.00
problem76 0.02 28791493 1 2848.00
problem77 0.11 23193043 1 2848.00
problem78 0.08 26109201 1 2848.00
problem79 0.00 27101183 1 2848.00
problem80 0.07 26554909 1 2848.00
problem81 0.03 25383659 1 2848.00
problem82 0.00 26461673 1 2848.00
problem83 0.13 24195735 1 2848.00
problem84 0.06 25750645 1 2848.00
problem85 0.02 27906819 1 2848.00
problem86 0.07 26620353 1 2848.00
problem87 0.02 29401135 1 2848.00
problem88 0.07 26993101 1 2848.00
problem89 0.06 29738523 1 2848.00
problem90 0.01 30738585 1 2848.00
problem91 0.05 25309383 1 2848.00
problem92 0.10 24343077 1 2848.00
problem93 0.12 24349747 1 2848.00
problem94 0.00 20687473 1 2848.00
problem95 0.08 26756191 1 2848.00
problem96 0.00 21036413 1 2848.00
problem97 0.01 30115147 1 2848.00
problem98 0.02 28407625 1 2848.00
problem99 0.01 26295031 1 2848.00
