problem0 0.681678 182999705799 1
problem1 0.502486 172672169769 1
problem2 0.882554 173203403060 1
problem3 0.747352 161117067650 1
problem4 0.493946 163896494921 1
problem5 0.064749 169318476771 1
problem6 0.510596 164641228358 1
problem7 0.098528 170166544524 1
problem8 0.28337 168068430699 1
problem9 2.26106 183836961725 1
problem10 0.326526 163843546616 1
problem11 0.146605 152023155638 1
problem12 2.56547 169425259309 1
problem13 0.674375 171092934839 1
problem14 0.013574 176273136202 1
problem15 6.34452 173370443008 1
problem16 2.39761 153440857231 1
problem17 2.06097 166092281041 1
problem18 0.739802 161666710844 1
problem19 1.17603 159739537002 1
problem20 0.186347 180749496721 1
problem21 1.49886 180706816523 1
problem22 0.227118 169497438414 1
problem23 0.917397 170716971508 1
problem24 1.06291 157201648691 1
problem25 1.53966 167997145701 1
problem26 0.381979 178833399552 1
problem27 2.32738 169657078174 1
problem28 3.06682 164842933877 1
problem29 0.299961 171875520479 1
problem30 0.144062 155874132434 1
problem31 0.697941 177930268520 1
problem32 1.07619 173002205783 1
problem33 0.796261 168355234937 1
problem34 0.640712 157936997188 1
problem35 0.571584 164529608018 1
problem36 1.98597 178299646425 1
problem37 0.935543 163879397939 1
problem38 0.594253 156435658070 1
problem39 0.12379 154118839644 1
problem40 2.15814 169360217851 1
problem41 0.762057 165423541005 1
problem42 0.51276 166757886472 1
problem43 0.178247 167411007878 1
problem44 0.149177 165105691581 1
problem45 0.093375 174474301703 1
problem46 2.22795 178270098266 1
problem47 0.071827 164501969872 1
problem48 3.0945 170160939551 1
problem49 0.034463 172839700001 1
problem50 0.503824 177076826956 1
problem51 0.180207 162319951418 1
problem52 1.83103 164177464353 1
problem53 0.048165 169715127387 1
problem54 2.43487 166005664734 1
problem55 0.221509 178198133444 1
problem56 0.741299 169399573443 1
problem57 0.112436 175955092917 1
problem58 0.72485 164134485776 1
problem59 0.864251 173952652142 1
problem60 6.66954 153572664069 1
problem61 0.56146 158868718639 1
problem62 0.061878 168714637026 1
problem63 0.038896 171090299448 1
problem64 0.641424 163632600039 1
problem65 0.158359 155947899337 1
problem66 2.02649 170254835028 1
problem67 1.78725 167141202210 1
problem68 0.181133 167029031017 1
problem69 0.027465 170275647619 1
problem70 3.50188 178923392102 1
problem71 0.738122 155811011116 1
problem72 1.6953 166846585483 1
problem73 0.263018 173126169181 1
problem74 2.03434 171571142168 1
problem75 0.2894 174079395670 1
problem76 2.0936 169582261325 1
problem77 0.913852 176880347479 1
problem78 1.38179 169862018154 1
problem79 0.234314 179649428128 1
problem80 1.90187 166942277551 1
problem81 0.084689 170118496113 1
problem82 1.51109 175203799388 1
problem83 1.41546 170427182602 1
problem84 0.801141 166856986289 1
problem85 0.124482 164703125163 1
problem86 0.252532 161302304494 1
problem87 0.214731 167973763988 1
problem88 0.252303 159125459795 1
problem89 1.03268 173557125381 1
problem90 3.0179 175375320864 1
problem91 0.925658 168445189438 1
problem92 2.52048 163631243157 1
problem93 2.94906 181045297279 1
problem94 0.543317 167955219442 1
problem95 0.347783 173662350600 1
problem96 0.531962 148830381431 1
problem97 0.485623 168404023065 1
problem98 0.808919 159588552548 1
problem99 1.47365 164234568946 1
