problem0 0 88589653125 1
problem1 0.09 91675892210 1
problem2 0 80957944326 1
problem3 0.01 84942995735 1
problem4 0.01 85637643231 1
problem5 0.08 90707526900 1
problem6 0 85310599248 1
problem7 0.06 79573419209 1
problem8 0 90372617113 1
problem9 0.01 83192225238 1
problem10 0 91934908410 1
problem11 0.01 81443765083 1
problem12 0.01 95143155123 1
problem13 0 76606416536 1
problem14 0.01 87030926084 1
problem15 0.01 83325146829 1
problem16 0 81564376109 1
problem17 0.02 83795886394 1
problem18 0 84044733294 1
problem19 0.07 88498481439 1
problem20 0.01 80141672711 1
problem21 0.05 81628458940 1
problem22 0.03 88583740216 1
problem23 0.02 88276296785 1
problem24 0 79174229569 1
problem25 0 78730040350 1
problem26 0 83890369634 1
problem27 0.05 90709727843 1
problem28 0 96907144667 1
problem29 0.02 95842824288 1
problem30 0.01 82139050220 1
problem31 0.02 88576671061 1
problem32 0.01 73234106837 1
problem33 0 87293372034 1
problem34 0.03 88716081878 1
problem35 0.05 88285912871 1
problem36 0.01 89266719791 1
problem37 0.02 91366930564 1
problem38 0.02 83803102240 1
problem39 0.02 93161910745 1
problem40 0.01 84667379433 1
problem41 0.04 80803694694 1
problem42 0 77803372234 1
problem43 0.02 84361889643 1
problem44 0.02 86794193923 1
problem45 0.01 83607476264 1
problem46 0.01 84012346580 1
problem47 0 93679653341 1
problem48 0 79678922109 1
problem49 0.01 89405901258 1
problem50 0 85472841790 1
problem51 0.01 79701549871 1
problem52 0 94168464727 1
problem53 0.12 91435523916 1
problem54 0.01 78860694280 1
problem55 0 93484756321 1
problem56 0 90706257297 1
problem57 0 81112431278 1
problem58 0.01 80141434674 1
problem59 0.02 76929876595 1
problem60 0.01 86161338411 1
problem61 0.06 90784914928 1
problem62 0.01 85723299516 1
problem63 0.13 90329404517 1
problem64 0 97255184165 1
problem65 0 87670139666 1
problem66 0.01 83226762150 1
problem67 0.12 79262070071 1
problem68 0.02 86779851903 1
problem69 0.01 84080583700 1
problem70 0.02 80899842032 1
problem71 0.02 90057512681 1
problem72 0 74641785401 1
problem73 0 81184844534 1
problem74 0.01 87664358810 1
problem75 0.02 83729746811 1
problem76 0.03 87749974611 1
problem77 0.03 83633308088 1
problem78 0 93353027236 1
problem79 0.01 86878913773 1
problem80 0 83939276493 1
problem81 0.01 82539891290 1
problem82 0 83128032526 1
problem83 0.02 83936597311 1
problem84 0.01 81219596711 1
problem85 0.01 79867856604 1
problem86 0 85175116504 1
problem87 0.02 83237777009 1
problem88 0 87449601249 1
problem89 0.01 82849421630 1
problem90 0 82726609410 1
problem91 0.01 82343502467 1
problem92 0 79979268731 1
problem93 0.01 93168780160 1
problem94 0 82638955660 1
problem95 0.01 82703262581 1
problem96 0.03 78110293109 1
problem97 0.01 80741541794 1
problem98 0 82457597046 1
problem99 0.12 77723370311 1
