problem0 0 120008690 1
problem1 0 113723602 1
problem2 0.01 105153970 1
problem3 0 108160658 1
problem4 0 104098674 1
problem5 0 121508946 1
problem6 0 122872114 1
problem7 0.01 122049042 1
problem8 0 121366258 1
problem9 0 103227346 1
problem10 0.01 105610418 1
problem11 0.02 113016210 1
problem12 0 115188338 1
problem13 0 115501906 1
problem14 0 109991986 1
problem15 0.01 125102354 1
problem16 0 112827890 1
problem17 0 114292434 1
problem18 0.01 117142450 1
problem19 0 105878674 1
problem20 0 116382066 1
problem21 0.01 131056210 1
problem22 0.01 112381746 1
problem23 0.01 128745490 1
problem24 0 111170802 1
problem25 0 117558738 1
problem26 0.01 118778546 1
problem27 0 103525266 1
problem28 0.03 107679858 1
problem29 0 101062994 1
problem30 0 125847090 1
problem31 0.01 128784146 1
problem32 0.01 124783602 1
problem33 0 125609170 1
problem34 0.01 135684530 1
problem35 0 114344594 1
problem36 0.01 105858930 1
problem37 0.01 117796946 1
problem38 0.01 121027890 1
problem39 0 108441106 1
problem40 0 115917554 1
problem41 0 104889298 1
problem42 0.01 121723058 1
problem43 0 121559442 1
problem44 0.01 102530674 1
problem45 0 109954898 1
problem46 0 102118450 1
problem47 0.01 118048018 1
problem48 0 113932786 1
problem49 0 109925074 1
problem50 0.01 114642866 1
problem51 0 112586898 1
problem52 0 93500786 1
problem53 0 119479890 1
problem54 0.02 115256114 1
problem55 0 107273234 1
problem56 0.02 118829298 1
problem57 0.03 119744978 1
problem58 0 110249650 1
problem59 0 120981394 1
problem60 0.01 116518002 1
problem61 0 137983314 1
problem62 0 118497842 1
problem63 0.01 109671186 1
problem64 0.01 109635570 1
problem65 0.01 109183186 1
problem66 0 121126322 1
problem67 0 129965714 1
problem68 0.04 129639282 1
problem69 0 119327826 1
problem70 0 132815154 1
problem71 0.01 129436178 1
problem72 0 107323122 1
problem73 0.01 132765650 1
problem74 0 117912754 1
problem75 0 122762642 1
problem76 0 107698802 1
problem77 0 126427986 1
problem78 0 120459314 1
problem79 0.01 112042258 1
problem80 0.01 111891954 1
problem81 0 131772114 1
problem82 0.01 121580466 1
problem83 0 116149394 1
problem84 0 117805426 1
problem85 0.01 117340754 1
problem86 0.01 119179058 1
problem87 0.02 112015378 1
problem88 0.01 106564850 1
problem89 0 118785490 1
problem90 0 119546546 1
problem91 0.02 122708882 1
problem92 0 122210418 1
problem93 0.01 108843346 1
problem94 0.01 116391474 1
problem95 0 129355538 1
problem96 0 103924722 1
problem97 0.01 118971602 1
problem98 0.01 124393906 1
problem99 0 125663890 1
