problem0 4.8 800035496012247 162 1 0.97 98752.00
problem1 2.92 678678432060497 142 1 1.52 115848.00
problem2 2.49 717444430812552 147 1 1.02 98636.00
problem3 3.53 678216482328426 160 1 1.32 109724.00
problem4 2.24 779285413318961 121 1 1.11 101772.00
problem5 3.14 783996129870008 155 1 1.46 117544.00
problem6 2.85 685989073440446 126 1 1.82 119692.00
problem7 3.01 810974338275235 151 1 1.05 113936.00
problem8 2.66 867318963551592 148 1 0.86 92268.00
problem9 2.74 617922825109320 122 1 1.65 117316.00
problem10 2.09 740518646477493 131 1 1.05 97240.00
problem11 2.19 694776166412894 142 1 1.32 114556.00
problem12 1.86 693275904489693 84 1 0.98 91160.00
problem13 3.18 751655414543706 119 1 1.52 118732.00
problem14 6.28 682594333261620 211 1 1.45 114796.00
problem15 3.24 747715143824899 168 1 1.45 117752.00
problem16 3.57 849323481776061 160 1 0.86 98608.00
problem17 1.94 682206673836819 78 1 1.36 112976.00
problem18 2.47 716388382247071 109 1 1.59 114796.00
problem19 3.53 679447010605702 173 1 1.27 120748.00
problem20 2.55 826706148449233 159 1 1.26 114320.00
problem21 2.08 660905498765908 127 1 1.21 114492.00
problem22 4.01 767031152480216 178 1 0.70 90220.00
problem23 4.11 696031768732779 173 1 1.37 110700.00
problem24 3.95 639778207555236 204 1 0.93 91160.00
problem25 5.08 705151195828198 202 1 1.27 112212.00
problem26 2.30 774945270411606 152 1 0.90 101128.00
problem27 2.33 768724244894131 129 1 1.14 123668.00
problem28 2.22 836948155428724 101 1 1.22 127312.00
problem29 2.69 895003288578396 166 1 0.97 108224.00
problem30 3.74 725350871904595 187 1 0.92 98620.00
problem31 3.20 677872202534533 202 1 1.13 106660.00
problem32 2.54 760782720292868 111 1 1.75 122468.00
problem33 2.27 780460590901872 106 1 1.46 151380.00
problem34 1.82 744027853615502 112 1 0.80 92268.00
problem35 2.10 742547876544404 151 1 1.03 92276.00
problem36 1.63 810736740586004 85 1 0.91 92268.00
problem37 2.05 696607344816207 108 1 1.40 109688.00
problem38 2.02 762085354650989 111 1 1.21 114768.00
problem39 2.41 699146813345772 144 1 1.13 115240.00
problem40 2.66 687193130406897 123 1 1.43 119336.00
problem41 2.66 686851828249233 158 1 1.08 91788.00
problem42 2.69 723389710505206 141 1 1.37 113808.00
problem43 3.46 712323702581500 167 1 1.27 112188.00
problem44 4.46 647647480333815 199 1 1.69 126476.00
problem45 2.65 689292006755064 118 1 1.12 104636.00
problem46 2.60 604305815359611 115 1 1.37 124392.00
problem47 2.66 754145589952382 160 1 1.11 112256.00
problem48 2.23 769603791971127 86 1 1.42 126824.00
problem49 2.50 741863612119800 154 1 0.85 100624.00
problem50 2.75 723220067987672 151 1 1.34 110700.00
problem51 2.52 697254903755545 138 1 1.23 106604.00
problem52 2.41 712331181748803 150 1 0.99 98428.00
problem53 3.63 698606978909988 151 1 1.15 104556.00
problem54 3.12 780814266638298 135 1 1.16 116496.00
problem55 2.11 809326366689863 104 1 1.12 113624.00
problem56 2.88 804852187089227 156 1 1.17 110452.00
problem57 2.25 663426180106213 128 1 1.08 97564.00
problem58 3.01 855091423844645 142 1 1.21 131408.00
problem59 2.42 799350522002378 114 1 1.29 124376.00
problem60 4.23 762727937169362 217 1 1.26 112888.00
problem61 3.15 727875939189312 160 1 1.14 107728.00
problem62 2.55 658335259833924 141 1 1.14 104556.00
problem63 2.79 803777314343569 158 1 1.20 118576.00
problem64 4.25 672313520071564 195 1 1.58 115492.00
problem65 2.45 832993991751383 141 1 1.08 101048.00
problem66 4.41 693612992528345 226 1 1.35 114628.00
problem67 1.44 755774081495562 66 1 0.91 97604.00
problem68 2.12 648440775048670 137 1 1.02 98748.00
problem69 2.11 744797314794662 127 1 1.18 110936.00
problem70 2.07 713417957401584 131 1 1.29 113732.00
problem71 4.04 771765318913483 163 1 1.38 113220.00
problem72 2.74 734368664690679 130 1 1.29 117916.00
problem73 4.50 722261393373535 160 1 1.66 121424.00
problem74 2.40 806327550855858 167 1 1.03 99288.00
problem75 2.10 806796011627297 123 1 1.17 108984.00
problem76 2.30 791757404331274 125 1 0.72 97620.00
problem77 2.72 740606608648030 177 1 0.94 93208.00
problem78 2.87 734382870329500 135 1 1.14 107500.00
problem79 1.97 667339210142882 124 1 0.96 107500.00
problem80 3.46 656711857542526 126 1 2.37 121012.00
problem81 7.73 812984266951881 234 1 1.04 121060.00
problem82 3.59 670631443861058 145 1 2.39 126452.00
problem83 2.42 713232546251271 140 1 1.23 126528.00
problem84 3.25 774119228988270 158 1 1.22 110244.00
problem85 2.61 804160166576658 137 1 1.10 101096.00
problem86 2.50 741841723757115 128 1 1.14 109688.00
problem87 3.86 772288683139097 204 1 1.03 107264.00
problem88 2.29 688693353574346 130 1 1.61 122620.00
problem89 2.92 663071954217663 103 1 2.22 121420.00
problem90 2.68 725392816603787 116 1 1.53 118888.00
problem91 3.54 795971198388081 182 1 1.22 122248.00
problem92 2.06 650587230496424 85 1 1.40 110700.00
problem93 2.10 716091214392870 126 1 0.94 102328.00
problem94 3.85 756509047347179 190 1 1.18 107600.00
problem95 2.26 786171289713919 146 1 0.89 109080.00
problem96 2.03 790583375879568 139 1 1.09 93552.00
problem97 3.44 838773620482260 178 1 0.50 90220.00
problem98 3.76 800719197653041 155 1 0.85 100692.00
problem99 1.92 692412681284577 121 1 0.87 92128.00
