problem0 0 9326648 1 2240.00
problem1 0.00 8699448 1 2296.00
problem2 0.00 9055288 1 2296.00
problem3 0.00 7772728 1 2296.00
problem4 0.00 7997496 1 2296.00
problem5 0.00 7632440 1 2296.00
problem6 0.00 7726136 1 2296.00
problem7 0.00 8802872 1 2296.00
problem8 0.00 7716920 1 2296.00
problem9 0.00 7089720 1 2296.00
problem10 0.00 9018424 1 2296.00
problem11 0.00 8784440 1 2296.00
problem12 0.00 8484920 1 2296.00
problem13 0.00 7595576 1 2296.00
problem14 0.00 7689272 1 2296.00
problem15 0.00 9290296 1 2296.00
problem16 0.00 8204344 1 2296.00
problem17 0.00 9150008 1 2296.00
problem18 0.00 8981560 1 2296.00
problem19 0.00 7699000 1 2296.00
problem20 0.00 8972344 1 2296.00
problem21 0.00 9131576 1 2296.00
problem22 0.00 7652408 1 2296.00
problem23 0.00 8729144 1 2296.00
problem24 0.00 9216056 1 2296.00
problem25 0.00 8588856 1 2296.00
problem26 0.00 7896120 1 2296.00
problem27 0.00 9235000 1 2296.00
problem28 0.00 7362616 1 2296.00
problem29 0.00 8570424 1 2296.00
problem30 0.00 8664120 1 2296.00
problem31 0.00 6595128 1 2296.00
problem32 0.01 9179192 1 2296.00
problem33 0.00 8551992 1 2296.00
problem34 0.00 8383544 1 2296.00
problem35 0.00 8149560 1 2296.00
problem36 0.00 8374328 1 2296.00
problem37 0.00 9057848 1 2296.00
problem38 0.00 10724408 1 2296.00
problem39 0.00 8131128 1 2296.00
problem40 0.00 8093752 1 2296.00
problem41 0.00 8515128 1 2296.00
problem42 0.00 8870968 1 2296.00
problem43 0.00 7588408 1 2296.00
problem44 0.00 8337464 1 2296.00
problem45 0.00 8496696 1 2296.00
problem46 0.00 9114680 1 2296.00
problem47 0.00 9667128 1 2296.00
problem48 0.00 8581176 1 2296.00
problem49 0.00 9526840 1 2296.00
problem50 0.00 7785528 1 2296.00
problem51 0.00 8075832 1 2296.00
problem52 0.00 8300600 1 2296.00
problem53 0.00 6886968 1 2296.00
problem54 0.00 9077816 1 2296.00
problem55 0.00 7533112 1 2296.00
problem56 0.00 8544312 1 2296.00
problem57 0.00 8441400 1 2296.00
problem58 0.00 7224376 1 2296.00
problem59 0.00 6990392 1 2296.00
problem60 0.00 7739448 1 2296.00
problem61 0.00 8947256 1 2296.00
problem62 0.00 7992376 1 2296.00
problem63 0.00 10117688 1 2296.00
problem64 0.00 7458872 1 2296.00
problem65 0.00 9977400 1 2296.00
problem66 0.00 7711800 1 2296.00
problem67 0.00 10099256 1 2296.00
problem68 0.01 8751160 1 2296.00
problem69 0.00 7861816 1 2296.00
problem70 0.00 7955512 1 2296.00
problem71 0.00 7983672 1 2296.00
problem72 0.00 7422008 1 2296.00
problem73 0.00 8367672 1 2296.00
problem74 0.00 8723512 1 2296.00
problem75 0.00 7440952 1 2296.00
problem76 0.00 8714296 1 2296.00
problem77 0.00 9922104 1 2296.00
problem78 0.00 7918648 1 2296.00
problem79 0.00 8471096 1 2296.00
problem80 0.00 7909432 1 2296.00
problem81 0.00 8855096 1 2296.00
problem82 0.00 8686648 1 2296.00
problem83 0.00 7928376 1 2296.00
problem84 0.00 8677432 1 2296.00
problem85 0.00 8312376 1 2296.00
problem86 0.00 8406072 1 2296.00
problem87 0.00 7385656 1 2296.00
problem88 0.00 8921144 1 2296.00
problem89 0.00 9342520 1 2296.00
problem90 0.00 7076920 1 2296.00
problem91 0.00 8940088 1 2296.00
problem92 0.00 8116280 1 2296.00
problem93 0.00 7751224 1 2296.00
problem94 0.00 8369208 1 2296.00
problem95 0.00 8921656 1 2296.00
problem96 0.00 7311416 1 2296.00
problem97 0.00 8257080 1 2296.00
problem98 0.00 9137208 1 2296.00
problem99 0.00 8378936 1 2296.00
