problem0 0.31 12837476182928 1
problem1 1.25 12462584237041 1
problem2 0.34 12606531835825 1
problem3 0.39 12660007296294 1
problem4 1.01 13517354165642 1
problem5 11.11 11172450369139 1
problem6 0.03 11909543428443 1
problem7 0.04 13863449489688 1
problem8 0.04 13343275361636 1
problem9 0.78 12404092410965 1
problem10 0.21 14793784715749 1
problem11 1.05 12475568856426 1
problem12 0.54 12147594155294 1
problem13 1.95 10523401295767 1
problem14 2.12 12234309331791 1
problem15 0.86 12468603421724 1
problem16 0.31 11927372152504 1
problem17 0.3 12779926520377 1
problem18 0.22 12365952253849 1
problem19 9.22 12259549423406 1
problem20 0.07 12724268928050 1
problem21 0.65 12781533646395 1
problem22 2.87 11329277001923 1
problem23 0.45 11546689267872 1
problem24 0.8 13677316130700 1
problem25 0.79 12812325375389 1
problem26 0.22 12434114291917 1
problem27 4.61 12495324547698 1
problem28 1.78 13030703815366 1
problem29 2.44 12492101399135 1
problem30 0.39 13039087718839 1
problem31 1.07 12798846512804 1
problem32 0.49 12891194527712 1
problem33 4.36 13897243004545 1
problem34 0.24 11783460631937 1
problem35 3.72 13100941956918 1
problem36 0.8 14355782406362 1
problem37 3.66 11488341709827 1
problem38 1.02 12769000484395 1
problem39 1.35 11397477819944 1
problem40 0.45 11448838940596 1
problem41 2.5 13540295234789 1
problem42 0.08 13605531514293 1
problem43 2.46 11425389288826 1
problem44 0.14 11802306707054 1
problem45 4.65 12047012512551 1
problem46 7.54 11563849344543 1
problem47 1.74 12300216737580 1
problem48 0.01 11496845909768 1
problem49 3.04 13126124843209 1
problem50 2.71 13245356063081 1
problem51 3.08 12614770289982 1
problem52 3.74 13448813376386 1
problem53 0.12 12523602644939 1
problem54 0.74 12561394452883 1
problem55 0.57 11278994237872 1
problem56 1.29 11502865122780 1
problem57 0.46 14442871239213 1
problem58 0.55 13183225155741 1
problem59 5.09 10193285469826 1
problem60 0.9 13172853587990 1
problem61 0.31 12755773999599 1
problem62 0 12142328047751 1
problem63 1.27 11415200355764 1
problem64 7.06 12057181678640 1
problem65 6.9 12456462608657 1
problem66 5.6 11060041583441 1
problem67 0.14 11939340511558 1
problem68 0.05 11680851604522 1
problem69 0.06 10822510903699 1
problem70 0.28 13080042443515 1
problem71 0.12 11534079652664 1
problem72 0.22 12648290361860 1
problem73 0.12 11758096704885 1
problem74 3.28 12994524658053 1
problem75 1.32 13101463319946 1
problem76 13.27 13851084496830 1
problem77 4.97 11916553668279 1
problem78 0.87 13188549122287 1
problem79 9.4 12865223053884 1
problem80 0.15 12112680220504 1
problem81 1.11 12881854969689 1
problem82 0.97 12977555155769 1
problem83 4.05 12375318121294 1
problem84 1.85 11722746942162 1
problem85 7.69 12775649651035 1
problem86 5.05 12714574629475 1
problem87 2.41 12288131990208 1
problem88 0.3 12952102976556 1
problem89 3 14332635934397 1
problem90 0.54 12857048215661 1
problem91 6.42 11994038188690 1
problem92 0.04 12629283052902 1
problem93 6.06 12117012724095 1
problem94 0.68 13763431659351 1
problem95 0.67 11407287162052 1
problem96 0.23 13631241240704 1
problem97 0.68 11705724672929 1
problem98 0.99 12153767991585 1
problem99 0.7 11866136548182 1
