problem0 8.06 1330439412861868 88 1 1.18 834396.00
problem1 7.90 1188271253345689 120 1 1.04 834784.00
problem2 7.70 1413735645735252 165 1 0.94 834784.00
problem3 7.75 1449791089527893 123 1 0.97 834784.00
problem4 8.23 1175504238758511 89 1 1.47 834784.00
problem5 7.64 1537278661410417 88 1 0.88 834784.00
problem6 7.80 1501832375063317 79 1 1.03 834784.00
problem7 7.91 1376062411430937 104 1 1.13 834784.00
problem8 8.14 1372016335243468 87 1 1.17 834784.00
problem9 7.78 1521459361475976 85 1 1.01 834784.00
problem10 8.65 1050636182203034 109 1 1.87 834784.00
problem11 8.11 1405686316944288 112 1 1.32 834784.00
problem12 7.77 1243982946035343 42 1 1.00 834784.00
problem13 7.78 1317832889016473 123 1 1.00 834784.00
problem14 7.84 1091883120773083 65 1 1.12 834784.00
problem15 8.33 1248907005992488 71 1 1.23 834780.00
problem16 7.81 1299959868850826 83 1 1.08 834784.00
problem17 7.83 1499617471362249 152 1 1.07 834784.00
problem18 8.00 1322216959426721 101 1 1.22 834784.00
problem19 7.84 1448013808079034 66 1 1.09 834784.00
problem20 7.82 1233699486960904 99 1 1.05 834784.00
problem21 7.81 1487238088456253 80 1 1.06 834784.00
problem22 8.21 1312651949955982 106 1 1.12 834784.00
problem23 7.85 1265399225523859 84 1 1.08 834784.00
problem24 7.88 1471383551560625 60 1 1.08 834784.00
problem25 7.67 1602214151015661 90 1 0.86 834784.00
problem26 7.97 1323970643068505 56 1 1.20 834784.00
problem27 8.29 1187806623870342 83 1 1.43 834784.00
problem28 8.27 1172271239536957 60 1 1.46 834784.00
problem29 7.68 1461872538633468 98 1 0.90 834784.00
problem30 7.90 1264386905363213 97 1 1.20 834772.00
problem31 7.98 1152158276447455 60 1 1.27 834784.00
problem32 8.02 1183306787841401 56 1 1.22 834768.00
problem33 7.59 1470285377101191 119 1 0.87 834784.00
problem34 7.80 1448648700583180 196 1 1.05 834784.00
problem35 8.14 1192068195177585 95 1 1.45 834784.00
problem36 7.81 1420522607491535 99 1 1.10 834784.00
problem37 7.71 1494458012441240 79 1 0.98 834784.00
problem38 7.91 1274226099825303 111 1 1.23 834784.00
problem39 8.06 1296225032070181 57 1 1.01 834768.00
problem40 8.20 1177782139563949 111 1 1.27 834784.00
problem41 7.70 1398251899824538 118 1 1.05 834768.00
problem42 7.86 1162609044151080 80 1 1.18 834784.00
problem43 7.95 1323069981337918 90 1 1.20 834784.00
problem44 7.78 1349552579316330 117 1 1.02 834784.00
problem45 7.88 1125947440491652 72 1 1.25 834768.00
problem46 7.80 1404380298419728 53 1 1.10 834784.00
problem47 7.71 1365834634912495 79 1 1.06 834768.00
problem48 8.44 1136768025940506 159 1 1.73 834784.00
problem49 7.61 1517641842473405 121 1 0.96 834768.00
problem50 8.08 1116878433167836 86 1 1.39 834784.00
problem51 8.09 1385743910905223 119 1 1.08 834768.00
problem52 7.94 1395502093728686 115 1 1.11 834784.00
problem53 7.83 1240292228693514 83 1 1.13 834784.00
problem54 7.78 1311395474994327 117 1 1.08 834784.00
problem55 7.79 1351873912321076 52 1 1.00 834768.00
problem56 8.09 1286536096901433 99 1 1.35 834784.00
problem57 7.69 1600058174812468 61 1 0.98 834784.00
problem58 7.74 1373860061826699 120 1 1.03 834784.00
problem59 7.74 1324714857568642 107 1 1.12 834768.00
problem60 7.70 1398851666336284 119 1 1.04 834768.00
problem61 7.98 1277839993536466 61 1 1.29 834784.00
problem62 7.72 1343905176053921 129 1 1.08 834768.00
problem63 7.98 1314553912987830 71 1 1.29 834784.00
problem64 7.93 1356213830005723 74 1 1.27 834768.00
problem65 7.78 1535686218276625 76 1 1.08 834784.00
problem66 7.90 1322891064773507 118 1 1.18 834784.00
problem67 7.61 1421333141270579 82 1 0.92 834784.00
problem68 7.86 1308108814787307 38 1 1.23 834768.00
problem69 7.94 1177511897821587 76 1 1.24 834784.00
problem70 7.69 1332288147321515 89 1 1.07 834768.00
problem71 8.31 1298967386199068 122 1 1.33 834784.00
problem72 7.66 1225176964075733 56 1 1.02 834768.00
problem73 8.21 1192556116452029 76 1 1.52 834784.00
problem74 7.81 1397239909256507 83 1 1.06 834768.00
problem75 7.91 1252217095069385 50 1 1.20 834784.00
problem76 7.91 1320545596060695 107 1 1.02 834780.00
problem77 7.91 1292360155842931 50 1 1.11 834784.00
problem78 7.79 1236060791434703 97 1 1.06 834768.00
problem79 7.87 1250646304088046 84 1 1.05 834784.00
problem80 7.62 1457851954581545 139 1 0.92 834768.00
problem81 7.75 1345410285365159 98 1 1.00 834784.00
problem82 7.64 1300814023389081 156 1 0.94 834768.00
problem83 7.86 1293660452854667 104 1 1.13 834784.00
problem84 7.90 1291101082548094 70 1 1.13 834784.00
problem85 8.38 1348110633947384 126 1 1.51 834784.00
problem86 7.98 1284614612518410 49 1 1.27 834768.00
problem87 7.83 1212594349525936 74 1 1.07 834784.00
problem88 8.06 1305243635930574 74 1 1.29 834784.00
problem89 8.05 1395756091244878 63 1 1.12 834784.00
problem90 7.77 1556272155070137 73 1 1.00 834784.00
problem91 7.91 1429814958239669 151 1 1.13 834784.00
problem92 7.98 1154593890417752 39 1 1.34 834768.00
problem93 7.95 1259440249065045 55 1 1.26 834784.00
problem94 7.93 1329823825404217 71 1 0.93 834784.00
problem95 7.70 1353434415200326 73 1 1.02 834784.00
problem96 7.93 1378947520100295 76 1 1.22 834784.00
problem97 7.80 1145158209182550 106 1 1.10 834784.00
problem98 7.75 1337667085886296 85 1 1.05 834784.00
problem99 7.51 1431197803448924 98 1 0.81 834784.00
