problem0 0.02 244011 5 457393640 6.95317e-310 0.00
problem1 0.01 229346 5 457393640 6.95317e-310 0.00
problem2 0.01 217021 5 457393640 6.95317e-310 0.00
problem3 0.03 216399 5 457393640 6.95317e-310 0.00
problem4 0.01 199394 5 457393640 6.95317e-310 0.00
problem5 0.01 231540 5 457393640 6.95317e-310 0.00
problem6 0.02 228578 5 457393640 6.95317e-310 0.00
problem7 0.03 237318 5 457393640 6.95317e-310 0.00
problem8 0.03 220312 5 457393640 6.95317e-310 0.00
problem9 0.02 224372 5 457393640 6.95317e-310 0.00
problem10 0.01 193323 5 457393640 6.95317e-310 0.00
problem11 0.01 211426 5 457393640 6.95317e-310 0.00
problem12 0.02 241231 5 457393640 6.95317e-310 0.00
problem13 0.01 245291 5 457393640 6.95317e-310 0.00
problem14 0.02 214242 5 457393640 6.95317e-310 0.00
problem15 0.01 185533 5 457393640 6.95317e-310 0.00
problem16 0.02 224701 5 457393640 6.95317e-310 0.00
problem17 0.02 228760 5 457393640 6.95317e-310 0.00
problem18 0.01 207074 5 457393640 6.95317e-310 0.00
problem19 0.02 215814 5 457393640 6.95317e-310 0.00
problem20 0.01 236258 5 457393640 6.95317e-310 0.00
problem21 0.01 230955 5 457393640 6.95317e-310 0.00
problem22 0.03 227992 5 457393640 6.95317e-310 0.00
problem23 0.03 236733 5 457393640 6.95317e-310 0.00
problem24 0.02 191640 5 457393640 6.95317e-310 0.00
problem25 0.02 233149 5 457393640 6.95317e-310 0.00
problem26 0.02 248911 5 457393640 6.95317e-310 0.00
problem27 0.02 220203 5 457393640 6.95317e-310 0.00
problem28 0.01 212559 5 457393640 6.95317e-310 0.00
problem29 0.02 225981 5 457393640 6.95317e-310 0.00
problem30 0.01 204294 5 457393640 6.95317e-310 0.00
problem31 0.02 231759 5 457393640 6.95317e-310 0.00
problem32 0.02 214754 5 457393640 6.95317e-310 0.00
problem33 0.01 237538 5 457393640 6.95317e-310 0.00
problem34 0.01 225213 5 457393640 6.95317e-310 0.00
problem35 0.02 243316 5 457393640 6.95317e-310 0.00
problem36 0.02 245035 5 457393640 6.95317e-310 0.00
problem37 0.05 258456 5 457393640 6.95317e-310 0.00
problem38 0.02 227407 5 457393640 6.95317e-310 0.00
problem39 0.01 179974 5 457393640 6.95317e-310 0.00
problem40 0.02 237867 5 457393640 6.95317e-310 0.00
problem41 0.02 232564 5 457393640 6.95317e-310 0.00
problem42 0.03 248326 5 457393640 6.95317e-310 0.00
problem43 0.03 238342 5 457393640 6.95317e-310 0.00
problem44 0.02 211974 5 457393640 6.95317e-310 0.00
problem45 0.01 197309 5 457393640 6.95317e-310 0.00
problem46 0.02 213071 5 457393640 6.95317e-310 0.00
problem47 0.05 240536 5 457393640 6.95317e-310 0.00
problem48 0.03 242255 5 457393640 6.95317e-310 0.00
problem49 0.03 236952 5 457393640 6.95317e-310 0.00
problem50 0.05 243352 5 457393640 6.95317e-310 0.00
problem51 0.01 214644 5 457393640 6.95317e-310 0.00
problem52 0.02 235087 5 457393640 6.95317e-310 0.00
problem53 0.02 211060 5 457393640 6.95317e-310 0.00
problem54 0.01 217460 5 457393640 6.95317e-310 0.00
problem55 0.02 216838 5 457393640 6.95317e-310 0.00
problem56 0.01 237282 5 457393640 6.95317e-310 0.00
problem57 0.01 194530 5 457393640 6.95317e-310 0.00
problem58 0.01 210292 5 457393640 6.95317e-310 0.00
problem59 0.02 228395 5 457393640 6.95317e-310 0.00
problem60 0.01 202027 5 457393640 6.95317e-310 0.00
problem61 0.02 206086 5 457393640 6.95317e-310 0.00
problem62 0.04 221848 5 457393640 6.95317e-310 0.00
problem63 0.01 230589 5 457393640 6.95317e-310 0.00
problem64 0.02 222946 5 457393640 6.95317e-310 0.00
problem65 0.01 227005 5 457393640 6.95317e-310 0.00
problem66 0.02 224043 5 457393640 6.95317e-310 0.00
problem67 0.01 214059 5 457393640 6.95317e-310 0.00
problem68 0.02 225140 5 457393640 6.95317e-310 0.00
problem69 0.01 210475 5 457393640 6.95317e-310 0.00
problem70 0.02 235599 5 457393640 6.95317e-310 0.00
problem71 0.03 216253 5 457393640 6.95317e-310 0.00
problem72 0.02 255421 5 457393640 6.95317e-310 0.00
problem73 0.01 212669 5 457393640 6.95317e-310 0.00
problem74 0.03 228431 5 457393640 6.95317e-310 0.00
problem75 0.01 227810 5 457393640 6.95317e-310 0.00
problem76 0.03 229528 5 457393640 6.95317e-310 0.00
problem77 0.02 214863 5 457393640 6.95317e-310 0.00
problem78 0.02 211901 5 457393640 6.95317e-310 0.00
problem79 0.07 211279 5 457393640 6.95317e-310 0.00
problem80 0.01 212998 5 457393640 6.95317e-310 0.00
problem81 0.02 235782 5 457393640 6.95317e-310 0.00
problem82 0.02 270269 5 457393640 6.95317e-310 0.00
problem83 0.04 241560 5 457393640 6.95317e-310 0.00
problem84 0.01 224555 5 457393640 6.95317e-310 0.00
problem85 0.02 219252 5 457393640 6.95317e-310 0.00
problem86 0.01 225652 5 457393640 6.95317e-310 0.00
problem87 0.02 225030 5 457393640 6.95317e-310 0.00
problem88 0.02 254836 5 457393640 6.95317e-310 0.00
problem89 0.02 221446 5 457393640 6.95317e-310 0.00
problem90 0.02 199759 5 457393640 6.95317e-310 0.00
problem91 0.01 208500 5 457393640 6.95317e-310 0.00
problem92 0.01 238306 5 457393640 6.95317e-310 0.00
problem93 0.02 214278 5 457393640 6.95317e-310 0.00
problem94 0.04 192591 5 457393640 6.95317e-310 0.00
problem95 0.01 191970 5 457393640 6.95317e-310 0.00
problem96 0.02 203051 5 457393640 6.95317e-310 0.00
problem97 0.02 216472 5 457393640 6.95317e-310 0.00
problem98 0.01 241597 5 457393640 6.95317e-310 0.00
problem99 0.01 250338 5 457393640 6.95317e-310 0.00
