problem0 0 7023535 1
problem1 0 7766823 1
problem2 0 6186015 1
problem3 0 6555287 1
problem4 0 5382799 1
problem5 0 6615047 1
problem6 0 7481087 1
problem7 0 6881143 1
problem8 0 7221615 1
problem9 0 6812903 1
problem10 0 6685151 1
problem11 0 6918231 1
problem12 0 7166031 1
problem13 0 6918599 1
problem14 0 7075007 1
problem15 0 6535479 1
problem16 0 7182127 1
problem17 0 5490343 1
problem18 0 6422431 1
problem19 0 7436823 1
problem20 0 5565967 1
problem21 0 7377799 1
problem22 0 6955647 1
problem23 0 5559031 1
problem24 0 7429359 1
problem25 0 6158439 1
problem26 0 7232863 1
problem27 0 6538199 1
problem28 0 7660495 1
problem29 0 6944071 1
problem30 0 7647295 1
problem31 0 7097527 1
problem32 0 6390447 1
problem33 0 6982183 1
problem34 0 7281439 1
problem35 0 7105943 1
problem36 0 6633871 1
problem37 0 6665991 1
problem38 0 6790655 1
problem39 0 6432375 1
problem40 0 5900399 1
problem41 0 7175143 1
problem42 0 6306015 1
problem43 0 5470039 1
problem44 0 6418255 1
problem45 0 6805703 1
problem46 0 7531455 1
problem47 0 6185015 1
problem48 0 7269935 1
problem49 0 5950887 1
problem50 0 6141599 1
problem51 0 7397655 1
problem52 0 6489359 1
problem53 0 6838919 1
problem54 0 7510399 1
problem55 0 5831159 1
problem56 0 6829039 1
problem57 0 6717287 1
problem58 0 6001759 1
problem59 0 6335191 1
problem60 0 6847183 1
problem61 0 7552071 1
problem62 0 6203199 1
problem63 0 6681527 1
problem64 0 6150575 1
problem65 0 6590759 1
problem66 0 6410783 1
problem67 0 7001239 1
problem68 0 7491727 1
problem69 0 6323719 1
problem70 0 7279871 1
problem71 0 6114679 1
problem72 0 6283119 1
problem73 0 7668455 1
problem74 0 6844383 1
problem75 0 6774359 1
problem76 0 7374415 1
problem77 0 6823879 1
problem78 0 5497535 1
problem79 0 7800631 1
problem80 0 6178095 1
problem81 0 6542503 1
problem82 0 7040415 1
problem83 0 5392407 1
problem84 0 7805967 1
problem85 0 6431111 1
problem86 0 6885503 1
problem87 0 6758647 1
problem88 0 6097647 1
problem89 0 7931495 1
problem90 0 6212447 1
problem91 0 6525399 1
problem92 0 7213519 1
problem93 0 7504711 1
problem94 0 7511615 1
problem95 0 6134455 1
problem96 0 6566063 1
problem97 0 6854695 1
problem98 0 5933343 1
problem99 0 6765463 1
