problem0 1.46 367166183313122 1850 1 0.13 11572.00
problem1 0.58 444145400239028 600 1 0.03 8552.00
problem2 0.32 500790199829919 410 1 0.03 8552.00
problem3 0.21 462524954864373 348 1 0.02 8552.00
problem4 0.1 396204541312387 574 1 0.04 8552.00
problem5 0.16 426458422012136 363 1 0.04 8552.00
problem6 0.3 430996436796860 539 1 0.04 8556.00
problem7 0.75 436910759798862 1083 1 0.05 8556.00
problem8 0.31 366839277221276 525 1 0.03 8556.00
problem9 0.55 388968162835081 778 1 0.04 8556.00
problem10 0.04 430696337088737 216 1 0.03 8556.00
problem11 0.34 364461428882665 797 1 0.04 8556.00
problem12 0.09 395326557058775 290 1 0.03 8556.00
problem13 2.71 385909192869034 2817 2 0.14 10472.00
problem14 0.16 474606331341941 380 1 0.04 10472.00
problem15 0.07 452190688631839 239 1 0.03 10472.00
problem16 0.12 342927939867227 567 1 0.05 10472.00
problem17 0.15 446901724347867 323 1 0.03 10472.00
problem18 0.87 355080029817017 657 1 0.04 10472.00
problem19 0.06 455314248801382 336 1 0.04 10488.00
problem20 0.19 468304368197555 463 1 0.03 10488.00
problem21 0.21 369786934388546 1175 1 0.06 10492.00
problem22 0.16 400281877982622 1277 1 0.07 10496.00
problem23 0.58 377529840313468 1001 1 0.05 10496.00
problem24 0.37 395146531995809 856 1 0.05 10496.00
problem25 14.72 306533296505489 493 1 0.02 10496.00
problem26 0.04 452693761997601 373 1 0.03 10496.00
problem27 0.69 341971354741625 2253 1 0.07 10496.00
problem28 0.41 498017241331551 262 1 0.03 10496.00
problem29 0.55 516738561185087 317 1 0.03 10496.00
problem30 0.05 429365773719483 181 1 0.02 10496.00
problem31 0.23 435867758204024 418 1 0.03 10496.00
problem32 0.48 468019025236385 338 1 0.02 10496.00
problem33 0.07 416064472786382 306 1 0.05 10496.00
problem34 4.69 406225717419938 1510 1 0.05 10496.00
problem35 0.07 449304288622465 215 1 0.04 10496.00
problem36 0.07 394155953234140 364 1 0.04 10496.00
problem37 5.8 430985226570248 1024 1 0.04 10496.00
problem38 0.09 494132816549555 241 1 0.02 10496.00
problem39 0.16 385761248791451 726 1 0.05 10496.00
problem40 0.56 482509335727856 767 1 0.04 10496.00
problem41 0.6 469642215485064 1159 1 0.05 10496.00
problem42 0.34 430645400011640 1207 1 0.06 10496.00
problem43 0.05 406466007698352 281 1 0.02 10496.00
problem44 0.49 368114323083410 956 1 0.06 10496.00
problem45 1.69 381934673772945 2095 1 0.06 10496.00
problem46 9.23 428589226443988 4697 2 0.15 15396.00
problem47 9 454257593529352 763 1 0.02 4584.00
problem48 0.11 468504334808811 338 1 0.03 6252.00
problem49 0.29 434428148711149 635 1 0.05 6812.00
problem50 0.13 400308417941511 641 1 0.07 7700.00
problem51 0.14 432456515741346 1032 1 0.08 8108.00
problem52 2.45 439582668272939 664 1 0.04 8108.00
problem53 0.78 414845928216259 778 1 0.06 8108.00
problem54 1.8 433646974425481 1254 1 0.07 8108.00
problem55 4.26 419735459656457 1496 1 0.06 8108.00
problem56 0.53 372566324985254 2246 1 0.09 8224.00
problem57 0.09 371410594120663 604 1 0.07 8224.00
problem58 0.17 446811072367089 523 1 0.03 8224.00
problem59 0.16 346506988228772 1081 1 0.11 9996.00
problem60 1.51 436000081609840 455 1 0.03 9996.00
problem61 0.1 409825009279848 400 1 0.02 9996.00
problem62 0.18 465387745573766 418 1 0.04 9996.00
problem63 2.55 464699403264991 622 1 0.03 9996.00
problem64 2.42 405806206379917 693 1 0.05 9996.00
problem65 0.36 462863889448984 695 1 0.06 9996.00
problem66 0.05 463353956612508 223 1 0.02 9996.00
problem67 2.63 392297507392127 684 1 0.02 9996.00
problem68 0.7 382689356657499 1564 1 0.1 10180.00
problem69 0.18 500347251388594 211 1 0.03 10180.00
problem70 0.2 362822331901332 1275 1 0.08 10180.00
problem71 0.41 382745258872947 905 1 0.06 10180.00
problem72 0.06 459286564900585 442 1 0.05 10180.00
problem73 0.38 446798621890997 806 1 0.07 10180.00
problem74 0.12 455306657287191 684 1 0.07 10180.00
problem75 0.07 405912589267490 600 1 0.03 10180.00
problem76 0.14 413887107772523 751 1 0.09 10180.00
problem77 0.22 431944670759635 694 1 0.05 10180.00
problem78 0.29 420610693173532 1334 1 0.09 10308.00
problem79 0.26 447396157169573 658 1 0.05 10308.00
problem80 0.42 393553488572565 828 1 0.06 10308.00
problem81 0.14 421035974920224 263 1 0.02 10308.00
problem82 0.21 485547160951168 571 1 0.03 10308.00
problem83 0.31 417817701644401 560 1 0.05 10308.00
problem84 0.21 360584634587997 1479 1 0.09 10308.00
problem85 0.22 405220558531388 929 1 0.07 10308.00
problem86 1.67 406698457526182 1126 1 0.06 10308.00
problem87 0.19 419764145143009 333 1 0.03 10308.00
problem88 0.23 414828348513455 1509 1 0.09 10308.00
problem89 0.17 432493130263533 575 1 0.05 10308.00
problem90 0.21 446334369467472 246 1 0.02 10308.00
problem91 0.08 437976125493611 428 1 0.05 10308.00
problem92 0.54 416157612424221 726 1 0.06 10308.00
problem93 1.56 427997008799569 364 1 0.04 10308.00
problem94 0.66 328796740422763 2517 1 0.11 11844.00
problem95 0.34 402225963713435 1191 1 0.07 11844.00
problem96 30.04 363846653313652 7040 2 0.37 21540.00
problem97 0.1 408541284718035 571 1 0.08 12820.00
problem98 0.27 380612951577061 953 1 0.07 12820.00
problem99 0.05 515952834921875 226 1 0.02 12820.00
