problem0 39.52 2128790546594 1 10064.00
problem1 78.14 2188039433739 1 11768.00
problem2 66.25 2297891334947 1 11768.00
problem3 43.97 2103103042624 1 11768.00
problem4 78.38 2070311093148 1 11768.00
problem5 69.34 2247034632909 1 11768.00
problem6 23.57 2523618292301 1 10072.00
problem7 21.29 2132578660082 1 12404.00
problem8 25.86 2363108914550 1 12404.00
problem9 41.29 2338896647151 1 12404.00
problem10 21.05 2327819524439 1 12404.00
problem11 23.21 2585321755396 1 12404.00
problem12 38.19 2201275615280 1 12404.00
problem13 34.43 2255669382001 1 12404.00
problem14 39.25 2268401654337 1 12404.00
problem15 43.06 2451880747638 1 12404.00
problem16 58.07 1901376005578 1 12404.00
problem17 111.4 2031617758035 1 11344.00
problem18 104.46 1957882449675 1 11772.00
problem19 45.80 2340518035272 1 11772.00
problem20 76.81 2119943673924 1 11772.00
problem21 34.48 2512434740629 1 11772.00
