problem0 0 175801046 1
problem1 0 146081462 1
problem2 0 150312598 1
problem3 0 178762358 1
problem4 0.01 157735510 1
problem5 0 176066102 1
problem6 0.01 174738966 1
problem7 0.01 156604918 1
problem8 0 161214934 1
problem9 0 164156854 1
problem10 0 152552854 1
problem11 0.01 183779702 1
problem12 0 184142166 1
problem13 0 183754038 1
problem14 0.01 182320406 1
problem15 0 149137654 1
problem16 0 157311190 1
problem17 0 174040246 1
problem18 0 169669782 1
problem19 0 151244918 1
problem20 0 170899542 1
problem21 0.02 174861366 1
problem22 0 171224086 1
problem23 0 179615734 1
problem24 0 189255638 1
problem25 0 192508854 1
problem26 0 176497558 1
problem27 0.02 198598518 1
problem28 0 176727894 1
problem29 0.01 166165302 1
problem30 0 166615830 1
problem31 0.01 172541686 1
problem32 0 181550806 1
problem33 0 152453814 1
problem34 0.01 147870358 1
problem35 0 174845558 1
problem36 0 168072790 1
problem37 0 174443062 1
problem38 0 160107030 1
problem39 0 161469942 1
problem40 0 142585302 1
problem41 0 146149814 1
problem42 0.01 159285654 1
problem43 0 180649334 1
problem44 0 170100054 1
problem45 0 182917430 1
problem46 0 168474902 1
problem47 0 154789110 1
problem48 0 156245206 1
problem49 0 173596854 1
problem50 0 177189014 1
problem51 0 148900982 1
problem52 0.03 166032470 1
problem53 0.01 158033974 1
problem54 0 158165014 1
problem55 0 177665014 1
problem56 0.01 163810262 1
problem57 0 142520246 1
problem58 0 159637398 1
problem59 0 138320758 1
problem60 0.01 197813078 1
problem61 0 200455990 1
problem62 0 145954582 1
problem63 0 162988790 1
problem64 0 190446294 1
problem65 0 195526326 1
problem66 0 165351062 1
problem67 0.01 157297270 1
problem68 0 164778582 1
problem69 0 159188534 1
problem70 0.01 165398038 1
problem71 0 177869302 1
problem72 0 194210262 1
problem73 0.01 181620150 1
problem74 0 152386966 1
problem75 0 189053302 1
problem76 0 142426454 1
problem77 0 202003766 1
problem78 0 157775126 1
problem79 0.02 188752118 1
problem80 0 175102166 1
problem81 0 193076406 1
problem82 0 171076758 1
problem83 0 174868598 1
problem84 0.01 155922518 1
problem85 0 186295350 1
problem86 0.01 181806102 1
problem87 0 162082806 1
problem88 0 166676438 1
problem89 0 154397622 1
problem90 0 179477398 1
problem91 0.01 156686198 1
problem92 0 171712342 1
problem93 0 145617718 1
problem94 0 161993494 1
problem95 0 190136054 1
problem96 0.01 177321686 1
problem97 0 166247094 1
problem98 0 169200278 1
problem99 0 168060534 1
