problem0 1.95 252377 5 1745067624 6.95323e-310 0.00
problem1 2.7 254495 5 1745067624 6.95323e-310 0.00
problem2 1.98 257192 5 1745067624 6.95323e-310 0.00
problem3 2.34 245672 5 1745067624 6.95323e-310 0.00
problem4 2.27 213893 5 1745067624 6.95323e-310 0.00
problem5 1.51 241160 5 1745067624 6.95323e-310 0.00
problem6 1.38 252804 5 1745067624 6.95323e-310 0.00
problem7 1.73 231595 5 1745067624 6.95323e-310 0.00
problem8 2.35 251152 5 1745067624 6.95323e-310 0.00
problem9 1.97 229627 5 1745067624 6.95323e-310 0.00
problem10 2.58 265876 5 1745067624 6.95323e-310 0.00
problem11 2.35 238521 5 1745067624 6.95323e-310 0.00
problem12 2.33 300155 5 1745067624 6.95323e-310 0.00
problem13 2.7 242596 5 1745067624 6.95323e-310 0.00
problem14 2.14 266544 5 1745067624 6.95323e-310 0.00
problem15 2.36 285052 5 1745067624 6.95323e-310 0.00
problem16 1.89 245020 5 1745067624 6.95323e-310 0.00
problem17 1.66 218114 5 1745067624 6.95323e-310 0.00
problem18 2.49 249515 5 1745067624 6.95323e-310 0.00
problem19 1.88 228682 5 1745067624 6.95323e-310 0.00
problem20 1.85 267506 5 1745067624 6.95323e-310 0.00
problem21 2.25 238955 5 1745067624 6.95323e-310 0.00
problem22 1.95 244998 5 1745067624 6.95323e-310 0.00
problem23 2.51 268238 5 1745067624 6.95323e-310 0.00
problem24 2.46 246269 5 1745067624 6.95323e-310 0.00
problem25 2.01 248627 5 1745067624 6.95323e-310 0.00
problem26 2.24 253164 5 1745067624 6.95323e-310 0.00
problem27 1.94 244828 5 1745067624 6.95323e-310 0.00
problem28 1.69 259305 5 1745067624 6.95323e-310 0.00
problem29 2.01 237063 5 1745067624 6.95323e-310 0.00
problem30 2.79 222301 5 1745067624 6.95323e-310 0.00
problem31 3.02 275359 5 1745067624 6.95323e-310 0.00
problem32 2.42 256265 5 1745067624 6.95323e-310 0.00
problem33 2.33 240613 5 1745067624 6.95323e-310 0.00
problem34 1.93 223576 5 1745067624 6.95323e-310 0.00
problem35 2.48 250093 5 1745067624 6.95323e-310 0.00
problem36 2.21 244149 5 1745067624 6.95323e-310 0.00
problem37 2.36 254669 5 1745067624 6.95323e-310 0.00
problem38 1.43 232585 5 1745067624 6.95323e-310 0.00
problem39 2.04 280475 5 1745067624 6.95323e-310 0.00
problem40 1.76 210837 5 1745067624 6.95323e-310 0.00
problem41 2.11 244587 5 1745067624 6.95323e-310 0.00
problem42 2.31 238575 5 1745067624 6.95323e-310 0.00
problem43 2.07 262228 5 1745067624 6.95323e-310 0.00
problem44 1.95 234326 5 1745067624 6.95323e-310 0.00
problem45 2.34 265833 5 1745067624 6.95323e-310 0.00
problem46 2.95 255370 5 1745067624 6.95323e-310 0.00
problem47 2.6 246722 5 1745067624 6.95323e-310 0.00
problem48 2.03 242423 5 1745067624 6.95323e-310 0.00
problem49 1.62 223687 5 1745067624 6.95323e-310 0.00
problem50 1.8 212144 5 1745067624 6.95323e-310 0.00
problem51 2.14 266213 5 1745067624 6.95323e-310 0.00
problem52 2.34 253047 5 1745067624 6.95323e-310 0.00
problem53 3.78 244613 5 1745067624 6.95323e-310 0.00
problem54 2.87 248332 5 1745067624 6.95323e-310 0.00
problem55 1.91 246462 5 1745067624 6.95323e-310 0.00
problem56 2.08 232237 5 1745067624 6.95323e-310 0.00
problem57 2.01 228430 5 1745067624 6.95323e-310 0.00
problem58 2.36 243954 5 1745067624 6.95323e-310 0.00
problem59 1.45 225185 5 1745067624 6.95323e-310 0.00
problem60 1.45 181529 5 1745067624 6.95323e-310 0.00
problem61 1.61 263372 5 1745067624 6.95323e-310 0.00
problem62 2.56 245602 5 1745067624 6.95323e-310 0.00
problem63 2.3 253754 5 1745067624 6.95323e-310 0.00
problem64 1.97 258105 5 1745067624 6.95323e-310 0.00
problem65 2.52 254719 5 1745067624 6.95323e-310 0.00
problem66 2.16 237064 5 1745067624 6.95323e-310 0.00
problem67 2.28 200584 5 1745067624 6.95323e-310 0.00
problem68 4.74 261434 5 1745067624 6.95323e-310 0.00
problem69 2.31 252477 5 1745067624 6.95323e-310 0.00
problem70 2.17 215780 5 1745067624 6.95323e-310 0.00
problem71 1.9 242656 5 1745067624 6.95323e-310 0.00
problem72 2.94 223088 5 1745067624 6.95323e-310 0.00
problem73 1.97 254769 5 1745067624 6.95323e-310 0.00
problem74 1.45 247455 5 1745067624 6.95323e-310 0.00
problem75 2.31 264772 5 1745067624 6.95323e-310 0.00
problem76 2.72 242907 5 1745067624 6.95323e-310 0.00
problem77 2.65 251524 5 1745067624 6.95323e-310 0.00
problem78 2.48 236688 5 1745067624 6.95323e-310 0.00
problem79 1.91 241842 5 1745067624 6.95323e-310 0.00
problem80 2.41 237777 5 1745067624 6.95323e-310 0.00
problem81 2.1 257250 5 1745067624 6.95323e-310 0.00
problem82 2.09 254646 5 1745067624 6.95323e-310 0.00
problem83 2.16 249813 5 1745067624 6.95323e-310 0.00
problem84 1.69 236541 5 1745067624 6.95323e-310 0.00
problem85 2.14 223648 5 1745067624 6.95323e-310 0.00
problem86 2.34 233233 5 1745067624 6.95323e-310 0.00
problem87 2.14 269059 5 1745067624 6.95323e-310 0.00
problem88 2.67 248925 5 1745067624 6.95323e-310 0.00
problem89 2 236222 5 1745067624 6.95323e-310 0.00
problem90 1.59 249079 5 1745067624 6.95323e-310 0.00
problem91 3.01 260838 5 1745067624 6.95323e-310 0.00
problem92 1.84 232777 5 1745067624 6.95323e-310 0.00
problem93 1.65 230289 5 1745067624 6.95323e-310 0.00
problem94 2.52 261394 5 1745067624 6.95323e-310 0.00
problem95 1.99 254676 5 1745067624 6.95323e-310 0.00
problem96 2.17 257897 5 1745067624 6.95323e-310 0.00
problem97 2.44 285893 5 1745067624 6.95323e-310 0.00
problem98 2.75 232120 5 1745067624 6.95323e-310 0.00
problem99 2.17 195448 5 1745067624 6.95323e-310 0.00
