problem0 0 2862291 1
problem1 0 2422404 0
problem2 0 2415424 1
problem3 0 2469277 0
problem4 0 2204373 1
problem5 0 2487358 0
problem6 0 2509522 1
problem7 0 2886823 0
problem8 0 2475127 1
problem9 0 2882328 0
problem10 0 2652932 1
problem11 0 2364882 1
problem12 0 2532281 1
problem13 0 2430226 0
problem14 0 2756054 1
problem15 0 2794267 0
problem16 0 2454171 1
problem17 0 2452524 0
problem18 0 2377032 1
problem19 0 2535045 0
problem20 0 2687773 1
problem21 0 2181734 0
problem22 0 2425690 1
problem23 0 2314768 1
problem24 0 2213695 1
problem25 0 2431424 0
problem26 0 2345484 1
problem27 0 2213818 1
problem28 0 2478337 1
problem29 0 2516026 0
problem30 0 2407262 1
problem31 0 2451843 0
problem32 0 2675299 1
problem33 0 2479060 0
problem34 0 2529616 1
problem35 0 2339181 0
problem36 0 2497893 1
problem37 0 2503310 0
problem38 0 2475490 1
problem39 0 2439543 0
problem40 0 2466823 1
problem41 0 2583144 0
problem42 0 2442004 1
problem43 0 2407329 0
problem44 0 2488393 1
problem45 0 2655587 1
problem46 0 2863846 1
problem47 0 2298347 0
problem48 0 2575403 1
problem49 0 2796924 0
problem50 0 2709336 1
problem51 0 2373205 0
problem52 0 2519469 1
problem53 0 2108598 0
problem54 0 2429546 1
problem55 0 2310879 0
problem56 0 2284239 1
problem57 0 2649361 1
problem58 0 2385436 1
problem59 0 2519433 0
problem60 0 2398609 1
problem61 0 2619530 0
problem62 0 2585710 1
problem63 0 2759763 0
problem64 0 2646003 1
problem65 0 2586916 0
problem66 0 2621280 1
problem67 0 2800957 0
problem68 0 2392053 1
problem69 0 2472158 0
problem70 0 2517234 1
problem71 0 2354760 1
problem72 0 2616215 1
problem73 0 2400696 0
problem74 0 2536228 1
problem75 0 2255218 1
problem76 0 2438361 1
problem77 0 2440626 0
problem78 0 2588662 1
problem79 0 2427067 0
problem80 0 2592187 1
problem81 0 2471629 1
problem82 0 2036072 1
problem83 0 2475558 1
problem84 0 2541629 1
problem85 0 2578182 0
problem86 0 2312570 1
problem87 0 2603951 0
problem88 0 2446943 1
problem89 0 2459744 0
problem90 0 2533932 1
problem91 0 2696026 1
problem92 0 2378273 1
problem93 0 2544859 1
problem94 0 2512254 1
problem95 0 2709283 0
problem96 0 2446723 1
problem97 0 2287220 0
problem98 0 2755952 1
problem99 0 2806029 0
