problem0 0.15 469902198228 0
problem1 0.11 561336786573 0
problem2 0.13 503778366545 0
problem3 0.05 503563856491 0
problem4 0.15 623113306875 0
problem5 0.05 485221182539 0
problem6 0.17 584885706375 0
problem7 0.2 544110307223 0
problem8 0.05 515040362286 0
problem9 0.18 453587219417 0
problem10 0.17 625596062440 0
problem11 0.12 535551091201 0
problem12 0.08 531795807722 0
problem13 0.1 577629651063 0
problem14 0.12 539239738258 0
problem15 0.07 456900277227 0
problem16 0.05 482554468762 0
problem17 0.17 599458119146 0
problem18 0.1 463744914046 0
problem19 0.08 535319090541 0
problem20 0.06 478790957947 0
problem21 0.08 460783563378 0
problem22 0.11 536859783880 0
problem23 0.07 532071964640 0
problem24 0.15 604880134365 0
problem25 0.06 410652724430 0
problem26 0.06 358322326298 0
problem27 0.16 470486406074 0
problem28 0.08 502959709929 0
problem29 0.14 505832738670 0
problem30 0.09 421786386740 0
problem31 0.22 597129067827 0
problem32 0.08 375595526064 0
problem33 0.08 534805769202 0
problem34 0.06 436128177626 0
problem35 0.2 579855492434 0
problem36 0.11 557377571607 0
problem37 0.05 520697113745 0
problem38 0.13 517982448992 0
problem39 0.04 511023258534 0
problem40 0.14 571650505319 0
problem41 0.05 472938460185 0
problem42 0.13 455379094484 0
problem43 0.21 576683696605 0
problem44 0.08 472462478754 0
problem45 0.1 497546236198 0
problem46 0.03 504257315387 0
problem47 0.09 552366377280 0
problem48 0.19 643070898231 0
problem49 0.14 495236181511 0
problem50 0.04 434925365048 0
problem51 0.05 436931384355 0
problem52 0.11 597304850175 0
problem53 0.05 446658697729 0
problem54 0.14 450230506191 0
problem55 0.05 465599568545 0
problem56 0.18 579763506929 0
problem57 0.13 557999517001 0
problem58 0.22 629156416070 0
problem59 0.09 526219334027 0
problem60 0.14 546514408518 0
problem61 0.11 506367411497 0
problem62 0.13 547296472547 0
problem63 0.07 450769328300 0
problem64 0.17 525208137669 0
problem65 0.09 503850959456 0
problem66 0.15 543652184475 0
problem67 0.1 502854658355 0
problem68 0.12 454925252908 0
problem69 0.11 525931901020 0
problem70 0.08 535317768893 0
problem71 0.1 441893313032 0
problem72 0.19 546513264611 0
problem73 0.04 501520268051 0
problem74 0.09 500568677386 0
problem75 0.09 420014205115 0
problem76 0.08 415127106642 0
problem77 0.14 482842175697 0
problem78 0.1 547328509044 0
problem79 0.04 512889268361 0
problem80 0.04 462051109645 0
problem81 0.13 475372988193 0
problem82 0.06 501012702670 0
problem83 0.05 440787737914 0
problem84 0.04 576018880269 0
problem85 0.13 553438232655 0
problem86 0.11 559044566640 0
problem87 0.11 508396591761 0
problem88 0.13 486881339069 0
problem89 0.07 539021793585 0
problem90 0.02 340070658574 0
problem91 0.11 561945271757 0
problem92 0.06 429210759029 0
problem93 0.09 480362873507 0
problem94 0.08 543419467607 0
problem95 0.08 501513305475 0
problem96 0.13 501235081320 0
problem97 0.11 495990399536 0
problem98 0.07 429030527946 0
problem99 0.06 470982603959 0
