problem0 938.05 612015176234942 1 23248.00
problem1 761.95 686701985148364 1 36340.00
problem2 222.17 722104082470523 1 36340.00
problem3 735.56 628004509436261 1 36340.00
problem4 408.80 628961971591488 1 36340.00
problem5 774.16 591380757272934 1 23236.00
problem6 502.51 621661336331597 1 36012.00
problem7 664.21 633240141660687 1 36012.00
problem8 640.14 647875422982626 1 36012.00
problem9 618.56 627726165586336 1 36012.00
problem10 503.27 658548828076095 1 36012.00
problem11 1131.38 557387846234201 1 36012.00
problem12 279.61 659365778867108 1 36012.00
problem13 575.79 653848118636666 1 36012.00
problem14 325.69 584071763231057 1 36012.00
problem15 618.31 580194978291267 1 36012.00
problem16 206.65 670812222910598 1 36012.00
problem17 172.48 679969553674228 1 36012.00
problem18 728.25 610894376358531 1 36012.00
problem19 959.30 487931655173581 1 36012.00
problem20 357.93 665815501355656 1 36012.00
problem21 291.26 671733029743118 1 36012.00
problem22 894.56 609583881444821 1 36012.00
problem23 301.44 688342034841847 1 36012.00
problem24 216.80 679440236766122 1 36012.00
problem25 854.22 580090612660424 1 36012.00
problem26 390.59 653788919280967 1 36012.00
problem27 424.35 624237814884801 1 36012.00
problem28 201.54 641151136648684 1 36012.00
problem29 321.51 658560402134562 1 36012.00
problem30 514.29 624057309104857 1 36012.00
problem31 856.79 666163344259627 1 36012.00
problem32 276.57 678005533244238 1 36012.00
problem33 333.99 654903607352348 1 36012.00
problem34 323.23 658344126394507 1 36012.00
problem35 337.04 660691665706037 1 36012.00
problem36 398.30 637152555371984 1 36012.00
problem37 430.07 632252464710838 1 36012.00
problem38 628.11 636670322251869 1 36012.00
problem39 315.47 691590513547743 1 36012.00
problem40 416.95 576936195868530 1 36012.00
problem41 1256.39 561139590310384 1 36012.00
problem42 433.86 610038360626255 1 36012.00
problem43 551.95 654422421511465 1 36012.00
problem44 168.59 632143481047604 1 36012.00
problem45 718.63 623061320861130 1 36012.00
problem46 608.14 649163978839649 1 36012.00
problem47 277.75 654042908536851 1 36012.00
problem48 487.57 665827379042326 1 36012.00
problem49 640.89 581587626095172 1 36012.00
problem50 544.36 610577007292563 1 36012.00
problem51 456.14 560337916509341 1 36012.00
problem52 323.69 710310371873560 1 36012.00
problem53 262.72 725937908328798 1 36012.00
problem54 361.36 656088144024805 1 36012.00
problem55 280.92 709095488490695 1 36012.00
problem56 512.99 586869805432122 1 36012.00
problem57 379.84 650712962991384 1 36012.00
problem58 131.51 701634201113943 1 36012.00
problem59 250.16 621471621614225 1 36012.00
problem60 369.30 681480613591164 1 36012.00
problem61 351.48 685811051822962 1 36012.00
problem62 274.13 643694734975977 1 36012.00
problem63 248.41 691722171924475 1 36012.00
problem64 562.15 631349972305630 1 36012.00
problem65 880.45 602441032151660 1 36012.00
problem66 776.11 681523023794843 1 36012.00
problem67 779.87 629323362588421 1 36012.00
problem68 2659.14 578116778265184 1 36012.00
problem69 707.42 642388097554438 1 36012.00
problem70 175.53 776735919100781 1 36012.00
problem71 1818.42 597776623180207 1 36012.00
problem72 237.11 725643844175106 1 36012.00
problem73 691.33 667267116845632 1 36012.00
problem74 401.81 686312032450655 1 36012.00
problem75 1182.12 655625366368761 1 36012.00
problem76 1727.94 588999212865732 1 36012.00
problem77 1806.89 628767162958618 1 36012.00
problem78 507.34 612362159633265 1 36012.00
problem79 531.98 690382404970979 1 36012.00
