problem0 222.61 713216103217213 41123 2 192.04 3377956.00
problem1 84.58 827709617114932 11424 1 32.26 3189236.00
problem2 68.93 781933921833022 6449 1 23.84 816624.00
problem3 326.62 754996803733971 49769 2 206.44 5089492.00
problem4 212.74 872337988931578 10237 1 29.10 1171860.00
problem5 109.73 764644553242605 20224 1 51.74 2983052.00
problem6 260.56 727798637004920 58347 2 191.47 4402544.00
problem7 148.58 719267181872230 29781 1 54.68 4006500.00
problem8 123.53 834847047351590 15070 1 52.13 3004312.00
problem9 124.84 889737328610852 7728 1 24.30 3004312.00
problem10 116.51 801789566797119 26076 1 66.74 2466072.00
problem11 121.90 828102069272152 13645 1 35.54 1777548.00
problem12 693.85 700755457916347 163834 2 525.53 13614464.00
problem13 207.76 658252125899643 44047 1 163.64 12988432.00
problem14 218.32 780089191489718 44976 1 152.12 8884836.00
problem15 221.16 812461593618612 34909 1 98.12 8884836.00
problem16 153.53 813010601361238 25651 1 93.27 5074192.00
problem17 414.94 748010315361616 93564 1 203.04 11255136.00
problem18 1336.73 784497598236245 237340 2 780.63 26051876.00
problem19 704.82 747389804192374 69684 3 505.83 9781264.00
problem20 145.61 768454017883329 30586 1 70.62 3914916.00
problem21 432.95 762252647043981 78011 2 350.98 8788916.00
problem22 61.93 819533525620051 15428 1 37.48 8154924.00
problem23 688.04 725986631982971 111537 2 257.54 4077580.00
problem24 168.82 853155747491164 12719 1 37.47 3718052.00
problem25 275.28 807355832731799 34134 1 60.73 2946572.00
problem26 120.17 838948377794047 16727 1 61.52 3649084.00
problem27 190.64 750678613631653 20405 1 50.62 2711372.00
problem28 584.90 673689708469716 112729 2 463.91 14974444.00
problem29 180.63 775566721140418 15320 1 65.51 3895984.00
problem30 131.01 769148640982522 19977 1 68.94 3919896.00
problem31 230.48 776169137200351 46859 1 172.57 10554964.00
problem32 267.83 819336540242619 58761 1 82.10 3598160.00
problem33 230.00 780526468013857 26834 1 65.89 3598160.00
problem34 677.25 732303565829831 122120 2 540.27 16733752.00
problem35 80.69 811829253320489 7177 1 30.89 1123752.00
problem36 288.65 755480459099832 47459 1 130.34 8196412.00
problem37 68.23 850196260347062 14177 1 52.47 2805052.00
problem38 478.57 619833885679631 91714 1 218.84 13821440.00
problem39 181.65 781414350770308 29975 1 114.25 6647596.00
problem40 258.43 856414517950912 38351 1 86.31 3617812.00
problem41 688.45 712053733359107 133789 2 410.18 11790364.00
problem42 3141.60 679889856726519 806176 3 3029.45 22123356.00
problem43 111.63 875711769557139 7598 1 72.04 1096544.00
problem44 211.02 693236422656911 30908 1 158.44 7236036.00
problem45 251.90 730206653357424 40096 1 176.44 7405788.00
problem46 147.80 767136518653618 21479 1 135.87 6946116.00
problem47 129.29 798127590477480 13597 1 94.89 2501964.00
problem48 261.91 808029869261064 32419 1 141.89 5437548.00
problem49 318.95 756241700181809 58884 1 217.36 8397344.00
problem50 371.66 676650275105662 90550 1 343.88 18154708.00
problem51 390.00 797795266199158 73493 1 182.82 7409240.00
problem52 132.30 829159331424526 14639 1 102.02 7001236.00
problem53 278.65 668054381663873 33230 1 166.20 6919636.00
problem54 245.85 751306922745853 28525 1 148.19 6425812.00
problem55 327.03 765495137979341 42771 1 200.30 8863112.00
problem56 664.55 710545181508029 161877 1 497.70 15969868.00
problem57 236.21 768328553180490 30597 1 182.15 7947724.00
problem58 309.66 776427486072768 70289 1 252.61 9711544.00
problem59 421.15 798163141693428 123423 1 202.19 4543244.00
problem60 194.92 747183602912345 31430 1 156.67 4901664.00
problem61 350.00 714724690906999 56132 1 177.72 6081980.00
problem62 142.96 818292653453268 11905 1 106.50 5616576.00
problem63 552.02 754384005364580 142264 1 329.26 11692472.00
problem64 260.91 854979320797263 27294 1 137.15 11249776.00
problem65 356.75 756087591923601 71550 1 235.08 8869228.00
problem66 256.72 749524994115802 34147 1 128.81 8386920.00
problem67 118.71 741645838985317 10685 1 82.78 1600384.00
problem68 326.23 748773400525329 58105 1 164.24 4435372.00
problem69 698.89 644820260658655 242852 1 550.35 20383704.00
problem70 286.27 715246492471868 27858 1 192.67 19117196.00
problem71 270.07 712607805036782 82541 1 190.33 6177324.00
problem72 213.79 835477148399960 32210 1 131.08 5676548.00
problem73 236.75 717613743689708 69970 1 175.20 4381040.00
problem74 273.08 727321847502876 55710 1 218.28 8650260.00
problem75 447.48 789627474156112 40134 1 126.88 2972440.00
problem76 226.68 853178075538303 15985 1 108.26 2953780.00
problem77 241.19 795699991161263 38768 1 204.61 7515500.00
problem78 215.32 748053696223152 24216 1 138.40 7011148.00
problem79 295.73 791957815298273 63543 1 152.11 3003296.00
problem80 324.74 814495405113848 52325 1 200.91 6751980.00
problem81 144.22 865666339560687 8903 1 112.05 3083556.00
problem82 92.89 842169691116015 4133 1 75.70 2624940.00
problem83 338.96 820425287097235 17757 1 120.60 3772984.00
problem84 240.43 781025502676961 30515 1 193.53 7599192.00
problem85 426.96 733781326735290 75847 1 307.82 13645096.00
problem86 811.73 663808594457818 324487 1 631.08 26300476.00
problem87 189.66 820848299473909 33878 1 138.10 25761500.00
problem88 455.27 787525156228721 45296 1 164.39 15623504.00
problem89 637.10 717392475241142 212023 1 446.02 20740148.00
problem90 142.98 908391979407111 4458 1 80.32 20301204.00
problem91 287.43 741595385727917 61095 1 187.19 8398728.00
problem92 357.73 779602025275781 56270 1 180.87 7876328.00
problem93 430.70 624528768503373 90771 1 213.31 7139988.00
problem94 265.27 752431981996229 28913 1 192.60 8286056.00
problem95 479.57 711677779296976 126024 1 382.21 15599828.00
problem96 196.17 796059905919729 26062 1 170.94 15078248.00
problem97 253.44 841096028876306 10277 1 77.12 1272832.00
problem98 351.55 709350363232250 49210 1 199.36 8207092.00
problem99 280.24 732996736512901 31931 1 133.33 4377736.00
