problem0 0.996561 147167637246 1
problem1 0.82792 140729739742 1
problem2 1.14934 137517539518 1
problem3 1.22737 135551554462 1
problem4 0.220056 157211771518 1
problem5 0.798447 145856441694 1
problem6 0.889971 151277425726 1
problem7 0.913132 146862094110 1
problem8 0.269144 150624163326 1
problem9 3.14078 154034745566 1
problem10 1.07103 148563904446 1
problem11 1.12609 144706017950 1
problem12 0.015064 136244308350 1
problem13 2.77389 138603557982 1
problem14 0.931525 153114639166 1
problem15 0.458305 138795236894 1
problem16 4.96664 144118103294 1
problem17 1.28411 152090245086 1
problem18 2.11987 149744152254 1
problem19 2.22744 142868193694 1
problem20 0.365602 143893467262 1
problem21 0.450544 143674522462 1
problem22 2.66067 140178399806 1
problem23 2.04104 144625091870 1
problem24 0.410992 147899556862 1
problem25 0.808692 139577081566 1
problem26 0.566714 134464837054 1
problem27 0.360273 144382601374 1
problem28 1.05269 148869740414 1
problem29 0.26672 131390440030 1
problem30 0.38701 148824934718 1
problem31 2.42772 152926374942 1
problem32 0.530734 126384048894 1
problem33 0.45328 142650934750 1
problem34 0.907404 149819604158 1
problem35 1.55761 155003826078 1
problem36 2.20143 156390841982 1
problem37 0.010826 149381826910 1
problem38 2.52202 148838477886 1
problem39 0.453408 143683867422 1
problem40 1.91023 157803737598 1
problem41 0.085277 159550196958 1
problem42 0.42227 146265334718 1
problem43 1.20929 152569165470 1
problem44 0.901457 150199649662 1
problem45 1.95746 148642435166 1
problem46 0.087968 146510485310 1
problem47 0.984345 139832023582 1
problem48 0.155129 135707187454 1
problem49 0.764509 134826169310 1
problem50 0.171395 136535935678 1
problem51 1.49083 149275655582 1
problem52 7.23527 146251295870 1
problem53 0.532431 144590526302 1
problem54 0.690445 135247511102 1
problem55 0.947406 151420395806 1
problem56 1.90791 146916491262 1
problem57 1.65353 137584204510 1
problem58 0.977841 148397699518 1
problem59 0.63511 144435430558 1
problem60 0.871555 143321043838 1
problem61 0.343698 133317008990 1
problem62 1.65342 159995716926 1
problem63 2.44243 147696347166 1
problem64 1.14232 149404722942 1
problem65 2.88673 153177792990 1
problem66 0.020097 134454991038 1
problem67 0.490201 137360624542 1
problem68 0.549359 144479124094 1
problem69 2.91938 136682595678 1
problem70 0.578466 143294696510 1
problem71 0.324054 145151880990 1
problem72 1.37801 152684563966 1
problem73 0.059094 145485588702 1
problem74 5.13814 154686357438 1
problem75 1.41203 153133175454 1
problem76 1.30967 150648283518 1
problem77 0.147168 142188260446 1
problem78 2.89542 142975513406 1
problem79 0.509724 145246615070 1
problem80 7.19285 142646375678 1
problem81 0.353734 147105722334 1
problem82 0.360596 144516294334 1
problem83 3.75648 150263028126 1
problem84 0.119543 152013850750 1
problem85 0.146048 150219879262 1
problem86 0.357354 143854787134 1
problem87 1.53082 158030101790 1
problem88 3.05153 158867610622 1
problem89 0.995921 141244200670 1
problem90 0.053859 146743479742 1
problem91 0.97262 132357283998 1
problem92 0.367549 158088507262 1
problem93 0.80232 141835975262 1
problem94 0.818669 139339071806 1
problem95 0.335353 150602220574 1
problem96 6.71623 152878891774 1
problem97 0.150929 139024317918 1
problem98 1.95314 152626984126 1
problem99 0.651388 150267684766 1
