problem0 0 16884031465 1
problem1 0.31 15600714474 0
problem2 0.47 16576162096 0
problem3 0.13 13867709202 0
problem4 0.44 18409973576 0
problem5 0.13 14618132590 0
problem6 0.34 16808263807 0
problem7 0.52 18895249983 0
problem8 0.23 16443252996 0
problem9 0.11 15475305931 0
problem10 0.53 15134509854 1
problem11 0.42 15687411280 0
problem12 0.37 18924889882 0
problem13 0.5 16260975895 0
problem14 0.45 15114441517 0
problem15 0.58 16838521158 0
problem16 0.36 18923058065 1
problem17 0.41 18066997301 0
problem18 0.26 16713302678 0
problem19 0.19 17597682963 1
problem20 0.03 15526617195 1
problem21 0.35 17128343857 0
problem22 0.13 16256557918 0
problem23 0.46 15954379732 0
problem24 0.27 15719573417 0
problem25 0.42 17630546456 0
problem26 0.27 16373145480 0
problem27 0.28 13210079064 0
problem28 0.23 15525192511 1
problem29 0 19047220436 1
problem30 0.64 18177949969 0
problem31 0.37 14128310730 0
problem32 0.21 18301160761 1
problem33 0.3 16159071098 0
problem34 0.32 16799232517 0
problem35 0.62 16227788060 0
problem36 0.46 15460073364 0
problem37 0.28 16082898939 0
problem38 0.33 15451176006 0
problem39 0.31 14827238223 0
problem40 0.5 19708900430 0
problem41 0.19 15972713577 0
problem42 0.24 15806515702 0
problem43 0.43 16627738208 0
problem44 0.43 17025910137 0
problem45 0.39 15514696349 0
problem46 0.45 19196765435 0
problem47 0.48 17574260824 0
problem48 0.22 14441786595 0
problem49 0.31 18615538881 0
problem50 0.37 17869846372 0
problem51 0.29 18312864550 0
problem52 0.36 17631167680 0
problem53 0.35 15727776968 0
problem54 0.35 19422563122 0
problem55 0.28 16879104223 0
problem56 0.26 17670833913 0
problem57 0.24 15028280486 0
problem58 0.26 15991999065 0
problem59 0.54 15426874233 0
problem60 0.18 17465527703 0
problem61 0.26 12961787496 0
problem62 0.27 15411461858 0
problem63 0.39 17140483307 0
problem64 0.81 17210102412 0
problem65 0.23 17462799367 0
problem66 0.26 13702795983 0
problem67 0.53 15779434289 0
problem68 0.21 13011300330 0
problem69 0.3 17588950925 0
problem70 0.29 18594500653 0
problem71 0.26 14128249952 0
problem72 0.13 17158430621 1
problem73 0.33 13952914161 0
problem74 0.33 17396113605 0
problem75 0.7 15818759792 0
problem76 0.07 15653551031 1
problem77 0.34 17644593200 0
problem78 0.21 17171910347 0
problem79 0.41 18207254380 0
problem80 0.33 18593054264 0
problem81 0.61 16066552152 0
problem82 0.32 18332124214 0
problem83 0.31 15198431545 0
problem84 0.48 22374498576 0
problem85 0.4 19532863576 0
problem86 0.5 21667449606 0
problem87 0.27 15149962727 0
problem88 0.31 18919489095 0
problem89 0.28 16329369395 0
problem90 0.43 20139347240 0
problem91 0.54 12956385152 0
problem92 0.32 17989079012 0
problem93 0.36 15583793140 1
