problem0 0.83 585931077544488 1513 1 0.8 20048.00
problem1 0.08 690049705106113 175 1 0.08 13692.00
problem2 0.09 712438425347191 327 1 0.08 13692.00
problem3 0.1 749055068769240 721 1 0.08 13692.00
problem4 0.13 694096219195530 1410 1 0.11 13692.00
problem5 0.11 597259552959115 995 1 0.09 13692.00
problem6 0.09 693907305234977 550 1 0.09 13692.00
problem7 0.13 628582225408071 940 1 0.1 13692.00
problem8 0.07 741043743317814 491 1 0.07 13692.00
problem9 0.13 649322607097149 1003 1 0.09 13692.00
problem10 0.11 641379208989817 1112 1 0.09 13692.00
problem11 0.09 576746733380935 457 1 0.09 13692.00
problem12 0.32 524969998978338 2305 2 0.28 13692.00
problem13 0.14 699889923947841 987 1 0.11 13692.00
problem14 0.16 622350463764604 1730 1 0.13 13692.00
problem15 0.1 739629168507412 361 1 0.08 13696.00
problem16 0.14 687789499400203 856 1 0.12 13696.00
problem17 0.12 714612141303552 396 1 0.09 13696.00
problem18 0.1 694321620736978 196 1 0.09 13696.00
problem19 0.12 600385345474684 543 1 0.1 13696.00
problem20 0.18 523077732742303 2043 1 0.14 13696.00
problem21 0.15 689295229833004 630 1 0.14 13696.00
problem22 0.13 653238864271233 555 1 0.12 13696.00
problem23 0.13 690464872811436 547 1 0.11 13696.00
problem24 0.11 767646477636792 339 1 0.09 13696.00
problem25 0.15 716321041410621 744 1 0.12 13696.00
problem26 0.15 539213476014568 947 1 0.12 13696.00
problem27 0.12 695424268652120 738 1 0.11 13696.00
problem28 0.12 732826052758604 273 1 0.11 13696.00
problem29 0.12 798643740457419 350 1 0.09 13696.00
problem30 0.16 776691657831703 939 1 0.13 13696.00
problem31 0.14 603561879623252 857 1 0.12 13696.00
problem32 0.1 681075585275970 415 1 0.1 13696.00
problem33 0.12 819092088019832 566 1 0.1 13696.00
problem34 0.13 698484408888350 638 1 0.11 13696.00
problem35 0.11 785188806083504 409 1 0.1 13696.00
problem36 0.48 618883856772102 2981 2 0.43 14052.00
problem37 0.22 644259411691437 2354 1 0.17 14052.00
problem38 0.19 656438027843138 1184 1 0.18 14052.00
problem39 0.15 696540824773956 734 1 0.13 14052.00
problem40 0.19 657735192083410 1188 1 0.14 14052.00
problem41 0.16 644971654204728 876 1 0.14 14052.00
problem42 0.16 698351333694547 1059 1 0.13 14052.00
problem43 0.13 695429248271707 462 1 0.12 14052.00
problem44 0.13 760919502003219 244 1 0.13 14052.00
problem45 0.12 682313482698589 458 1 0.11 14052.00
problem46 0.13 836497703493490 301 1 0.11 14052.00
problem47 0.14 653489031143068 650 1 0.13 14052.00
problem48 0.17 685140016943453 753 1 0.13 14052.00
problem49 0.14 698213935198677 613 1 0.12 14052.00
problem50 0.2 743820511589408 952 1 0.12 14052.00
problem51 0.13 656788023399366 532 1 0.13 14052.00
problem52 0.22 560485248261696 2652 1 0.18 14052.00
problem53 0.22 658379409215220 1781 1 0.14 14052.00
problem54 0.18 669062744268858 915 1 0.15 14052.00
problem55 0.14 782748123860209 816 1 0.13 14052.00
problem56 0.15 726291187363729 802 1 0.12 14052.00
problem57 0.12 738526493287339 574 1 0.11 14052.00
problem58 0.14 830454593686319 483 1 0.12 14052.00
problem59 0.16 645323636929257 807 1 0.15 14052.00
problem60 0.13 738360412055025 356 1 0.12 14052.00
problem61 0.14 697737530598948 618 1 0.13 14052.00
problem62 0.19 637162371488272 1399 1 0.17 14052.00
problem63 0.19 678417041400127 937 1 0.18 14900.00
problem64 0.16 673007149314503 733 1 0.15 14900.00
problem65 0.16 714842874095019 1004 1 0.14 14900.00
problem66 0.2 593656886889617 1244 1 0.18 14900.00
problem67 0.17 672078917894026 942 1 0.14 14900.00
problem68 0.16 711730253842333 670 1 0.15 14900.00
problem69 0.22 627529711065307 2551 1 0.16 14900.00
problem70 0.16 645401743598105 479 1 0.15 14900.00
problem71 0.18 719571147382615 968 1 0.16 14900.00
problem72 0.18 585934914185124 1723 1 0.14 14900.00
problem73 0.14 703528937768126 533 1 0.12 14900.00
problem74 0.14 759848238833944 567 1 0.13 14900.00
problem75 0.15 683423734260989 692 1 0.13 14900.00
problem76 0.19 729764058310646 1180 1 0.13 14900.00
problem77 0.13 736327940193602 689 1 0.11 14900.00
problem78 0.13 730642756249042 459 1 0.12 14900.00
problem79 0.25 670783140085025 2050 1 0.14 14900.00
problem80 0.17 660202452523894 943 1 0.14 14900.00
problem81 0.17 630057795085956 1132 1 0.13 14900.00
problem82 0.14 719720196458314 602 1 0.13 14900.00
problem83 0.14 686730686958220 725 1 0.12 14900.00
problem84 0.17 706985158059248 1088 1 0.13 14900.00
problem85 0.17 729648372750447 772 1 0.15 14900.00
problem86 0.17 625112158774550 1186 1 0.13 14900.00
problem87 0.2 603506976288332 1317 1 0.17 14900.00
problem88 0.1 798976738173484 197 1 0.09 14900.00
problem89 0.17 693642825974639 1169 1 0.14 14900.00
problem90 0.15 661938785714538 528 1 0.11 14900.00
problem91 0.14 731627981068332 439 1 0.13 14900.00
problem92 0.13 774194367386176 605 1 0.11 14900.00
problem93 0.12 781392359471111 274 1 0.11 14900.00
problem94 0.12 820733264253409 256 1 0.12 14900.00
problem95 0.2 612137410958820 2012 1 0.17 14900.00
problem96 0.13 722295596338636 624 1 0.11 14900.00
problem97 0.19 697066171593673 1296 1 0.16 14900.00
problem98 0.18 678482561679233 1531 1 0.14 14900.00
problem99 0.17 678666795928161 1357 1 0.14 14900.00
