problem0 0.01 44997617550 1
problem1 0.07 41798782062 1
problem2 0 39127878990 1
problem3 0.01 35899861550 1
problem4 0.03 37311701774 1
problem5 0.01 37897402350 1
problem6 0 40016488654 1
problem7 0.01 37982762414 1
problem8 0.01 38700277390 1
problem9 0.02 41497125742 1
problem10 0 40507802702 1
problem11 0.01 38866731310 1
problem12 0.06 37131983374 1
problem13 0 34593902318 1
problem14 0.04 39173660622 1
problem15 0.03 39740853422 1
problem16 0.01 39634376078 1
problem17 0.01 36496210542 1
problem18 0 34317466446 1
problem19 0.01 40452036654 1
problem20 0 32565481742 1
problem21 0.01 38326805998 1
problem22 0.02 37932832462 1
problem23 0.05 39505011630 1
problem24 0 39595854990 1
problem25 0.03 36308717934 1
problem26 0.01 35975131726 1
problem27 0.01 37283557166 1
problem28 0 40104200206 1
problem29 0.01 41428925678 1
problem30 0 42048589262 1
problem31 0 36050500270 1
problem32 0.05 42191815566 1
problem33 0.03 44004878446 1
problem34 0.03 37276739918 1
problem35 0.04 36726490670 1
problem36 0.01 38659178254 1
problem37 0 39454299118 1
problem38 0 39021905102 1
problem39 0.03 42111226286 1
problem40 0.07 41365682830 1
problem41 0.01 41180086126 1
problem42 0 41829392462 1
problem43 0.08 41851067694 1
problem44 0.02 33985000974 1
problem45 0.02 35473156846 1
problem46 0 41049816014 1
problem47 0 38208841902 1
problem48 0 37503332750 1
problem49 0.02 40568247918 1
problem50 0 40355288910 1
problem51 0.02 37473907758 1
problem52 0.13 35057478926 1
problem53 0.01 41145663982 1
problem54 0 37780779726 1
problem55 0.02 38150995886 1
problem56 0 37433092238 1
problem57 0.02 36649659758 1
problem58 0 35387788878 1
problem59 0.01 39550143278 1
problem60 0 37967520782 1
problem61 0 38067214574 1
problem62 0.04 44633057742 1
problem63 0 37491725998 1
problem64 0.01 36172128142 1
problem65 0.02 35715777646 1
problem66 0.03 38050186574 1
problem67 0 38265102894 1
problem68 0.01 38806035214 1
problem69 0 40045457390 1
problem70 0.01 38370205902 1
problem71 0.01 40375004590 1
problem72 0 37327541902 1
problem73 0.1 40836832110 1
problem74 0.03 39064681550 1
problem75 0.02 34541533486 1
problem76 0.05 39032640014 1
problem77 0.06 36191979246 1
problem78 0.01 38705453006 1
problem79 0.03 36986160302 1
problem80 0.01 40211467662 1
problem81 0 34681959022 1
problem82 0.02 33448440654 1
problem83 0 35744632878 1
problem84 0.01 39033211150 1
problem85 0.01 36019461614 1
problem86 0.05 41729707726 1
problem87 0.01 42206583726 1
problem88 0.01 36619846798 1
problem89 0 37501258094 1
problem90 0.03 39840950862 1
problem91 0.01 35280955182 1
problem92 0 34898657294 1
problem93 0.02 42598135022 1
problem94 0.06 36017685966 1
problem95 0.05 38705410734 1
problem96 0 34454748046 1
problem97 0.01 38406316142 1
problem98 0.02 38226993486 1
problem99 0 42663181870 1
