problem0 0 11190743 1 2364.00
problem1 0.00 12120085 1 2420.00
problem2 0.01 10175043 1 2420.00
problem3 0.00 10905569 1 2420.00
problem4 0.01 12651631 1 2420.00
problem5 0.00 10991469 1 2420.00
problem6 0.01 12561499 1 2420.00
problem7 0.00 9489081 1 2420.00
problem8 0.01 9858567 1 2420.00
problem9 0.00 11488709 1 2420.00
problem10 0.00 10771827 1 2420.00
problem11 0.01 11971729 1 2420.00
problem12 0.00 10765983 1 2420.00
problem13 0.01 10228509 1 2420.00
problem14 0.00 11580811 1 2420.00
problem15 0.01 10644841 1 2420.00
problem16 0.00 9434679 1 2420.00
problem17 0.01 11954037 1 2420.00
problem18 0.00 12588195 1 2420.00
problem19 0.00 11169089 1 2420.00
problem20 0.01 11721935 1 2420.00
problem21 0.00 10136269 1 2420.00
problem22 0.01 11131579 1 2420.00
problem23 0.01 9505817 1 2420.00
problem24 0.00 9591399 1 2420.00
problem25 0.00 11091237 1 2420.00
problem26 0.00 11102163 1 2420.00
problem27 0.01 9742833 1 2420.00
problem28 0.00 10997503 1 2420.00
problem29 0.01 9862781 1 2420.00
problem30 0.00 10886123 1 2420.00
problem31 0.00 12560073 1 2420.00
problem32 0.00 11049623 1 2420.00
problem33 0.01 12242645 1 2420.00
problem34 0.00 11228931 1 2420.00
problem35 0.01 11035297 1 2420.00
problem36 0.00 9313583 1 2420.00
problem37 0.01 11177517 1 2420.00
problem38 0.00 12089627 1 2420.00
problem39 0.00 10567033 1 2420.00
problem40 0.01 9287367 1 2420.00
problem41 0.00 10361989 1 2420.00
problem42 0.00 10543667 1 2420.00
problem43 0.00 12621649 1 2420.00
problem44 0.01 10536799 1 2420.00
problem45 0.00 12704221 1 2420.00
problem46 0.00 9695819 1 2420.00
problem47 0.01 12636201 1 2420.00
problem48 0.00 10268407 1 2420.00
problem49 0.00 12985909 1 2420.00
problem50 0.01 10815843 1 2420.00
problem51 0.00 9455617 1 2420.00
problem52 0.01 11718031 1 2420.00
problem53 0.00 12018061 1 2420.00
problem54 0.01 11241339 1 2420.00
problem55 0.00 11099865 1 2420.00
problem56 0.01 9470759 1 2420.00
problem57 0.00 10873829 1 2420.00
problem58 0.01 11717779 1 2420.00
problem59 0.00 9598129 1 2420.00
problem60 0.01 12529599 1 2420.00
problem61 0.01 9315645 1 2420.00
problem62 0.00 11155627 1 2420.00
problem63 0.01 10873225 1 2420.00
problem64 0.00 11809623 1 2420.00
problem65 0.00 11038101 1 2420.00
problem66 0.01 10824643 1 2420.00
problem67 0.00 10624353 1 2420.00
problem68 0.01 10546671 1 2420.00
problem69 0.01 9512173 1 2420.00
problem70 0.00 12781019 1 2420.00
problem71 0.01 13201465 1 2420.00
problem72 0.00 11714439 1 2420.00
problem73 0.00 10529605 1 2420.00
problem74 0.00 10954483 1 2420.00
problem75 0.01 10633745 1 2420.00
problem76 0.00 10684447 1 2420.00
problem77 0.01 10707101 1 2420.00
problem78 0.00 11595531 1 2420.00
problem79 0.00 10416873 1 2420.00
problem80 0.01 10954679 1 2420.00
problem81 0.00 12166389 1 2420.00
problem82 0.01 10731043 1 2420.00
problem83 0.00 11395777 1 2420.00
problem84 0.00 10518095 1 2420.00
problem85 0.01 12048461 1 2420.00
problem86 0.00 11465787 1 2420.00
problem87 0.01 10580377 1 2420.00
problem88 0.00 11824103 1 2420.00
problem89 0.00 13523621 1 2420.00
problem90 0.00 9302355 1 2420.00
problem91 0.01 12058481 1 2420.00
problem92 0.00 11292799 1 2420.00
problem93 0.00 10587133 1 2420.00
problem94 0.00 10491243 1 2420.00
problem95 0.01 10742857 1 2420.00
problem96 0.00 11373591 1 2420.00
problem97 0.01 11652181 1 2420.00
problem98 0.00 11583619 1 2420.00
problem99 0.01 10721313 1 2420.00
