problem0 2.42 606073 5 527860168 6.95317e-310 0.00
problem1 1.64 530605 5 527860168 6.95317e-310 0.00
problem2 4.25 486252 5 527860168 6.95317e-310 0.00
problem3 1.54 412853 5 527860168 6.95317e-310 0.00
problem4 2.03 433887 5 527860168 6.95317e-310 0.00
problem5 3.43 567016 5 527860168 6.95317e-310 0.00
problem6 3.54 500177 5 527860168 6.95317e-310 0.00
problem7 1.38 569157 5 527860168 6.95317e-310 0.00
problem8 2.97 550639 5 527860168 6.95317e-310 0.00
problem9 2.45 530552 5 527860168 6.95317e-310 0.00
problem10 7.15 483553 5 527860168 6.95317e-310 0.00
problem11 1.78 529707 5 527860168 6.95317e-310 0.00
problem12 1.7 448425 5 527860168 6.95317e-310 0.00
problem13 1.24 481288 5 527860168 6.95317e-310 0.00
problem14 1.07 452764 5 527860168 6.95317e-310 0.00
problem15 2.3 551184 5 527860168 6.95317e-310 0.00
problem16 2.37 515001 5 527860168 6.95317e-310 0.00
problem17 0.97 435608 5 527860168 6.95317e-310 0.00
problem18 1.65 533420 5 527860168 6.95317e-310 0.00
problem19 1.74 497056 5 527860168 6.95317e-310 0.00
problem20 1.65 548297 5 527860168 6.95317e-310 0.00
problem21 2.69 606504 5 527860168 6.95317e-310 0.00
problem22 1.79 523452 5 527860168 6.95317e-310 0.00
problem23 6.24 405552 5 527860168 6.95317e-310 0.00
problem24 2.02 455471 5 527860168 6.95317e-310 0.00
problem25 1.85 551608 5 527860168 6.95317e-310 0.00
problem26 1.72 592161 5 527860168 6.95317e-310 0.00
problem27 2.05 467819 5 527860168 6.95317e-310 0.00
problem28 1.08 471359 5 527860168 6.95317e-310 0.00
problem29 0.66 418376 5 527860168 6.95317e-310 0.00
problem30 2.11 603015 5 527860168 6.95317e-310 0.00
problem31 2.01 481787 5 527860168 6.95317e-310 0.00
problem32 3.92 503119 5 527860168 6.95317e-310 0.00
problem33 2.95 485336 5 527860168 6.95317e-310 0.00
problem34 1.58 528705 5 527860168 6.95317e-310 0.00
problem35 1.36 529376 5 527860168 6.95317e-310 0.00
problem36 2.12 523444 5 527860168 6.95317e-310 0.00
problem37 1.74 463037 5 527860168 6.95317e-310 0.00
problem38 3.76 516689 5 527860168 6.95317e-310 0.00
problem39 1.42 539589 5 527860168 6.95317e-310 0.00
problem40 1.56 439492 5 527860168 6.95317e-310 0.00
problem41 1.97 520781 5 527860168 6.95317e-310 0.00
problem42 1.56 474124 5 527860168 6.95317e-310 0.00
problem43 2.11 419584 5 527860168 6.95317e-310 0.00
problem44 1.95 507945 5 527860168 6.95317e-310 0.00
problem45 2.33 500189 5 527860168 6.95317e-310 0.00
problem46 6.09 461084 5 527860168 6.95317e-310 0.00
problem47 3.9 447888 5 527860168 6.95317e-310 0.00
problem48 4.41 461199 5 527860168 6.95317e-310 0.00
problem49 3.9 505027 5 527860168 6.95317e-310 0.00
problem50 2.18 428417 5 527860168 6.95317e-310 0.00
problem51 0.83 531659 5 527860168 6.95317e-310 0.00
problem52 3.04 490399 5 527860168 6.95317e-310 0.00
problem53 1.48 507987 5 527860168 6.95317e-310 0.00
problem54 2.78 436199 5 527860168 6.95317e-310 0.00
problem55 2.28 446981 5 527860168 6.95317e-310 0.00
problem56 2.55 568239 5 527860168 6.95317e-310 0.00
problem57 3.84 438072 5 527860168 6.95317e-310 0.00
problem58 1.24 544503 5 527860168 6.95317e-310 0.00
problem59 3.78 537920 5 527860168 6.95317e-310 0.00
problem60 3.05 470804 5 527860168 6.95317e-310 0.00
problem61 2.02 530120 5 527860168 6.95317e-310 0.00
problem62 1.52 463879 5 527860168 6.95317e-310 0.00
problem63 1.73 580560 5 527860168 6.95317e-310 0.00
problem64 4.12 498468 5 527860168 6.95317e-310 0.00
problem65 3.13 494680 5 527860168 6.95317e-310 0.00
problem66 2.84 538391 5 527860168 6.95317e-310 0.00
problem67 1.7 525749 5 527860168 6.95317e-310 0.00
problem68 1.16 449161 5 527860168 6.95317e-310 0.00
problem69 1.63 501053 5 527860168 6.95317e-310 0.00
problem70 2.44 544124 5 527860168 6.95317e-310 0.00
problem71 1.48 542789 5 527860168 6.95317e-310 0.00
problem72 2.31 492185 5 527860168 6.95317e-310 0.00
problem73 0.98 521933 5 527860168 6.95317e-310 0.00
problem74 3.11 475617 5 527860168 6.95317e-310 0.00
problem75 2.1 495147 5 527860168 6.95317e-310 0.00
problem76 1.29 491007 5 527860168 6.95317e-310 0.00
problem77 1.57 486323 5 527860168 6.95317e-310 0.00
problem78 1.08 524017 5 527860168 6.95317e-310 0.00
problem79 3.2 508432 5 527860168 6.95317e-310 0.00
problem80 1.48 505700 5 527860168 6.95317e-310 0.00
problem81 1.36 585368 5 527860168 6.95317e-310 0.00
problem82 2.47 487255 5 527860168 6.95317e-310 0.00
problem83 1.78 489803 5 527860168 6.95317e-310 0.00
problem84 4.08 465268 5 527860168 6.95317e-310 0.00
problem85 2.84 420392 5 527860168 6.95317e-310 0.00
problem86 2.25 490940 5 527860168 6.95317e-310 0.00
problem87 2.19 477488 5 527860168 6.95317e-310 0.00
problem88 1 539012 5 527860168 6.95317e-310 0.00
problem89 3.39 466531 5 527860168 6.95317e-310 0.00
problem90 1.93 464076 5 527860168 6.95317e-310 0.00
problem91 2.27 553408 5 527860168 6.95317e-310 0.00
problem92 5.63 568553 5 527860168 6.95317e-310 0.00
problem93 1.44 543560 5 527860168 6.95317e-310 0.00
problem94 2.07 488583 5 527860168 6.95317e-310 0.00
problem95 3.28 449957 5 527860168 6.95317e-310 0.00
problem96 3.85 439204 5 527860168 6.95317e-310 0.00
problem97 4.99 493101 5 527860168 6.95317e-310 0.00
problem98 2.01 493463 5 527860168 6.95317e-310 0.00
problem99 1.93 533045 5 527860168 6.95317e-310 0.00
