problem0 9.61 2176795901423079 51 1 1.39 962548.00
problem1 9.22 1784035872953051 11 1 0.93 961768.00
problem2 35.37 1968481346005302 17 1 1.47 962432.00
problem3 8.95 2099139386437365 32 1 0.81 962816.00
problem4 9.08 2251496458192451 17 1 0.86 962820.00
problem5 9.34 2032659219468999 34 1 1.18 962816.00
problem6 9.10 2110082638619758 7 1 0.90 962820.00
problem7 9.32 2152535201446813 34 1 1.18 962816.00
problem8 31.10 2195553880746994 30 1 0.90 962820.00
problem9 9.00 1522104375312632 12 1 0.86 962816.00
problem10 9.46 1958027469796510 20 1 1.27 962820.00
problem11 9.16 2048096742750219 21 1 1.03 962816.00
problem12 8.88 2484205631974241 28 1 0.68 962820.00
problem13 9.47 2091980895643500 14 1 1.34 962812.00
problem14 9.54 1962755045694381 10 1 1.38 962816.00
problem15 9.00 2538202726747127 43 1 0.78 962820.00
problem16 9.05 2156011664546134 6 1 0.90 962816.00
problem17 9.16 2159322031912661 21 1 1.01 962820.00
problem18 9.30 2006781276434455 27 1 1.15 962812.00
problem19 9.01 2067412911875300 27 1 0.84 962820.00
problem20 9.23 1996075333844394 10 1 1.08 962816.00
problem21 9.08 1906557420972874 23 1 0.93 962820.00
problem22 13.11 2157296009899530 12 1 0.95 962816.00
problem23 8.97 2395891956226438 18 1 0.78 962820.00
problem24 9.07 2413842894266592 49 1 0.90 962816.00
problem25 9.14 2367882887962931 11 1 0.92 962820.00
problem26 10.87 1925156382463723 25 1 2.70 962816.00
problem27 32.10 1942470941608403 25 1 0.98 962820.00
problem28 9.24 2152192971900734 34 1 0.87 962816.00
problem29 9.24 2074609848120634 69 1 0.91 962820.00
problem30 9.43 2099473637444572 54 1 1.22 962816.00
problem31 9.46 2275312394712042 9 1 1.12 962820.00
problem32 9.13 2292601507434129 9 1 0.84 962816.00
problem33 9.18 2164644731871710 18 1 0.86 962820.00
problem34 9.76 1489073134543196 14 1 1.49 962816.00
problem35 9.63 2060065575085066 26 1 1.31 962820.00
problem36 9.11 2179279735007675 29 1 0.84 962816.00
problem37 9.49 1999303781132725 51 1 1.17 962820.00
problem38 20.39 2435279788792800 17 1 1.09 962812.00
problem39 39.73 2155093425472689 30 1 0.79 962820.00
problem40 91.61 2193376994713830 52 1 1.31 962816.00
problem41 9.63 1940672166598001 3 1 1.34 962820.00
problem42 12.97 1922262689931989 4 1 1.06 962812.00
problem43 9.18 2172214838912064 49 1 0.86 962820.00
problem44 9.12 2172755867465907 34 1 0.89 962816.00
problem45 29.28 2195916611088501 21 1 0.80 962820.00
problem46 38.85 1957371572978542 12 1 0.93 962816.00
problem47 8.97 2197307915806100 5 1 0.77 962820.00
problem48 9.12 2185994998668700 21 1 0.90 962812.00
problem49 9.18 2058910170376813 14 1 0.89 962816.00
problem50 9.73 2095369496614075 12 1 1.39 962820.00
problem51 9.18 2131698148569399 7 1 0.90 962816.00
problem52 9.15 2263024012145074 46 1 0.83 962820.00
problem53 9.47 2032697974948548 42 1 1.19 962816.00
problem54 9.72 2202023031310935 33 1 1.40 962820.00
problem55 9.18 1843749126163591 7 1 0.94 962816.00
problem56 8.85 2087980000069925 19 1 0.58 962820.00
problem57 9.51 2062900497666589 13 1 1.23 962816.00
problem58 9.79 1946211368631478 17 1 1.48 962820.00
problem59 9.09 1908784482064855 9 1 0.81 962816.00
problem60 16.44 2081367772264318 35 1 0.83 962820.00
problem61 8.90 2073784182664998 16 1 0.72 962816.00
problem62 9.26 2033192809960218 4 1 1.09 962820.00
problem63 10.30 2255653632614669 15 1 2.11 962816.00
problem64 50.50 1750214467564210 20 1 1.47 962820.00
problem65 9.00 2691300804188101 43 1 0.85 962816.00
problem66 9.41 1943267027839009 27 1 1.22 962820.00
problem67 9.48 1782380696124804 27 1 1.35 962816.00
problem68 9.29 2086133484676319 11 1 1.07 962820.00
problem69 8.99 2197278674646385 17 1 0.84 962816.00
problem70 8.77 2343500846851625 42 1 0.59 962820.00
problem71 8.98 1971573626304427 18 1 0.84 962816.00
problem72 9.11 1982459103907395 36 1 0.91 962820.00
problem73 9.26 1827750409506473 42 1 1.07 962816.00
problem74 9.06 2344087994305621 42 1 0.77 962820.00
problem75 9.23 2060338415660645 14 1 0.93 962816.00
problem76 9.17 2519560087682769 49 1 0.78 962820.00
problem77 9.02 2317281761705564 14 1 0.76 962816.00
problem78 27.98 1995357711931151 24 1 2.31 962820.00
problem79 10.12 1617663109510903 10 1 1.84 962816.00
problem80 9.31 2193892857093795 29 1 0.94 962820.00
problem81 9.90 2120967599229667 59 1 1.54 962812.00
problem82 9.30 2214804800137085 26 1 0.97 962816.00
problem83 9.49 2153607521375945 22 1 1.12 962820.00
problem84 46.87 2245868622869522 32 1 1.10 962816.00
problem85 8.99 2360198883556668 11 1 0.77 962820.00
problem86 9.01 2275691670739223 37 1 0.85 962816.00
problem87 20.87 1940687331695955 2 1 1.15 962820.00
problem88 14.42 2160987385347371 6 1 0.89 962816.00
problem89 9.67 2009420517781061 4 1 1.45 962820.00
problem90 9.27 1947214498357475 44 1 1.14 962812.00
problem91 9.29 2151740024947385 8 1 1.01 962820.00
problem92 9.19 2146470683603262 23 1 0.91 962816.00
problem93 14.22 2102524092534218 51 1 0.91 962820.00
problem94 9.29 1702382919702853 18 1 1.06 962816.00
problem95 9.42 1904509068573624 30 1 1.10 962820.00
problem96 8.95 2116426998355181 18 1 0.70 962816.00
problem97 21.25 2296572206989280 19 1 1.11 962820.00
problem98 9.44 2099574182202668 49 1 1.17 962816.00
problem99 12.19 2055356229920369 17 1 0.98 962820.00
