problem0 0.71 21578461621 1
problem1 0.08 22783574015 1
problem2 0.11 24373886690 1
problem3 0.37 22937789688 1
problem4 0.16 23098370679 1
problem5 0.79 23565816505 1
problem6 0.78 22012252084 1
problem7 0.64 22991787906 1
problem8 0.4 24525087705 1
problem9 0.07 23962383251 1
problem10 1.1 24202724902 1
problem11 0.03 23527516460 1
problem12 0.67 22737883099 1
problem13 0.05 24811916429 1
problem14 0.46 25017377848 1
problem15 0.77 23011693558 1
problem16 0.72 25602457725 1
problem17 0.17 20947412903 1
problem18 0.3 20779879402 1
problem19 0.41 22468653536 1
problem20 0.57 22688540607 1
problem21 0.69 23226412769 1
problem22 0.57 23851253564 1
problem23 0.02 22056353002 1
problem24 0.07 24549676961 1
problem25 0.2 22782553147 1
problem26 0 22386712622 1
problem27 0.05 24841899796 1
