problem0 3.37 28994534226890 1
problem1 12.12 27146280254291 1
problem2 0.76 23129906553547 1
problem3 1.02 27522063109768 1
problem4 0.17 27573587303620 1
problem5 0.07 28867555331861 1
problem6 2.36 29643974736373 1
problem7 1.94 27912865815098 1
problem8 0.61 28895713740958 1
problem9 1.4 28656498238263 1
problem10 1.4 28640148514047 1
problem11 0.07 28047515239244 1
problem12 0.22 26013202794840 1
problem13 0.56 30021878516153 1
problem14 1.55 26798226038249 1
problem15 1.82 29986736491454 1
problem16 0.71 25869603440882 1
problem17 21.48 28810694636699 1
problem18 0.24 27910435487411 1
problem19 3.08 27750826366352 1
problem20 1.54 29284037628268 1
problem21 1.04 27484400055773 1
problem22 3.32 29372334195037 1
problem23 1.06 26799952650946 1
problem24 0.26 27624160513222 1
problem25 6.46 27483521040255 1
problem26 0.8 25727015059431 1
problem27 4.17 24060806255956 1
problem28 3.03 25133142803712 1
problem29 0.49 26244804109185 1
problem30 1.4 29132891288657 1
problem31 1.21 25772006960966 1
problem32 0.28 24544696624154 1
problem33 0.41 27402073871331 1
problem34 0.22 27843524688027 1
problem35 0.07 29162115945112 1
problem36 0.77 24507095086100 1
problem37 5.69 27189824217765 1
problem38 0.25 25523702417093 1
problem39 2.51 26329431081290 1
problem40 10.86 27257280208622 1
problem41 6.05 26918710133191 1
problem42 0.02 28750522874063 1
problem43 0.33 25687181352284 1
problem44 0.42 24671737786024 1
problem45 24.54 28205812581193 1
problem46 0.71 27751986366649 1
problem47 0.3 27944972003534 1
problem48 1.84 27336786005314 1
problem49 0.59 29083666700587 1
problem50 0.75 26606259294339 1
problem51 3.56 29345679017376 1
problem52 0.04 24817361421500 1
problem53 5.52 30742762902893 1
problem54 1.16 26373731813933 1
problem55 2.63 28568255460818 1
problem56 0.01 25457608081174 1
problem57 0.75 26477286844943 1
problem58 0.05 27210849144759 1
problem59 4.45 26602014694244 1
problem60 1 28371900122704 1
problem61 2.07 25249644275985 1
problem62 0.04 29782317603617 1
problem63 1.76 28604875995222 1
problem64 3.95 27605788083306 1
problem65 1.17 30525625697395 1
problem66 0.21 27355880310379 1
problem67 8.24 27614020693672 1
problem68 2.71 23281885332324 1
problem69 0.98 27709511126581 1
problem70 0.56 28320357419925 1
problem71 6.09 26876111994970 1
problem72 3.65 26931859860798 1
problem73 6.74 28068302305367 1
problem74 0.66 29866449994911 1
problem75 0.11 27557182230380 1
problem76 0.71 26491215203320 1
problem77 2.77 26609915303129 1
problem78 0.36 27323487857545 1
problem79 0.17 25640350637534 1
problem80 0.71 26069667989906 1
problem81 5.87 26536224626107 1
problem82 0.05 27066467572307 1
problem83 0.23 29961077984688 1
problem84 0.07 22524149870604 1
problem85 2.72 27201172524285 1
problem86 0.12 28583612533501 1
problem87 1.15 27535008260322 1
problem88 8.3 25966118332774 1
problem89 6.01 23503933025439 1
problem90 1.99 26699574941575 1
problem91 0.12 27162048608628 1
problem92 0.43 28362759585696 1
problem93 28.74 29563142997665 1
problem94 0.18 27048408463857 1
problem95 2.53 25302234585446 1
problem96 1.85 27525903047866 1
problem97 4.09 29263717698819 1
problem98 5.1 28724096732219 1
problem99 16.13 30201005138616 1
