problem0 0.15 668008969346156 140733898076856 4 1.16637e-312 0.00
problem1 0.02 663867501770601 140733898076856 4 1.16637e-312 0.00
problem2 0.03 616841302954265 140733898076856 4 1.16637e-312 0.00
problem3 0.04 602833220060230 140733898076856 4 1.16637e-312 0.00
problem4 0.07 714056876285205 140733898076856 4 1.16637e-312 0.00
problem5 0.05 740720648577074 140733898076856 4 1.16637e-312 0.00
problem6 0.06 676005815552987 140733898076856 4 1.16637e-312 0.00
problem7 0.03 539925443137716 140733898076856 4 1.16637e-312 0.00
problem8 0.05 590857800689568 140733898076856 4 1.16637e-312 0.00
problem9 0.02 549700714656491 140733898076856 4 1.16637e-312 0.00
problem10 0.05 567387237173334 140733898076856 4 1.16637e-312 0.00
problem11 0.03 719507588669575 140733898076856 4 1.16637e-312 0.00
problem12 0.05 727124747542708 140733898076856 4 1.16637e-312 0.00
problem13 0.04 512651620397149 140733898076856 4 1.16637e-312 0.00
problem14 0.05 616282023467421 140733898076856 4 1.16637e-312 0.00
problem15 0.04 657989035009353 140733898076856 4 1.16637e-312 0.00
problem16 0.07 725220764208309 140733898076856 4 1.16637e-312 0.00
problem17 0.03 609058456081130 140733898076856 4 1.16637e-312 0.00
problem18 0.01 580801325102104 140733898076856 4 1.16637e-312 0.00
problem19 0.05 539821000214125 140733898076856 4 1.16637e-312 0.00
problem20 0.03 622378586477901 140733898076856 4 1.16637e-312 0.00
problem21 0.08 538190834428610 140733898076856 4 1.16637e-312 0.00
problem22 0.1 685412480035001 140733898076856 4 1.16637e-312 0.00
problem23 0.03 639626766575191 140733898076856 4 1.16637e-312 0.00
problem24 0.04 632955144752103 140733898076856 4 1.16637e-312 0.00
problem25 0.06 682018942825080 140733898076856 4 1.16637e-312 0.00
problem26 0.04 713301584570490 140733898076856 4 1.16637e-312 0.00
problem27 0.1 723552222793628 140733898076856 4 1.16637e-312 0.00
problem28 0.03 808048025330307 140733898076856 4 1.16637e-312 0.00
problem29 0.03 600006032273459 140733898076856 4 1.16637e-312 0.00
problem30 0.07 734456404140769 140733898076856 4 1.16637e-312 0.00
problem31 0.03 538424764909539 140733898076856 4 1.16637e-312 0.00
problem32 0.06 552465022006899 140733898076856 4 1.16637e-312 0.00
problem33 0.02 522406540191008 140733898076856 4 1.16637e-312 0.00
problem34 0.09 710485424910934 140733898076856 4 1.16637e-312 0.00
problem35 0.02 690085210040263 140733898076856 4 1.16637e-312 0.00
problem36 0.08 653319328418550 140733898076856 4 1.16637e-312 0.00
problem37 0.03 637088732390153 140733898076856 4 1.16637e-312 0.00
problem38 0.04 592629492577766 140733898076856 4 1.16637e-312 0.00
problem39 0.03 636424176832679 140733898076856 4 1.16637e-312 0.00
problem40 0.06 579793321194192 140733898076856 4 1.16637e-312 0.00
problem41 0.06 615760880467776 140733898076856 4 1.16637e-312 0.00
problem42 0.07 771248836026449 140733898076856 4 1.16637e-312 0.00
problem43 0.06 548996451658462 140733898076856 4 1.16637e-312 0.00
problem44 0.03 617305703085058 140733898076856 4 1.16637e-312 0.00
problem45 0.01 520579659259595 140733898076856 4 1.16637e-312 0.00
problem46 0.03 698665264370478 140733898076856 4 1.16637e-312 0.00
problem47 0.05 619432273655765 140733898076856 4 1.16637e-312 0.00
problem48 0.03 672024341748399 140733898076856 4 1.16637e-312 0.00
problem49 0.07 566755228809514 140733898076856 4 1.16637e-312 0.00
problem50 0.05 625249318631878 140733898076856 4 1.16637e-312 0.00
problem51 0.04 527351899151748 140733898076856 4 1.16637e-312 0.00
problem52 0.08 624787785987917 140733898076856 4 1.16637e-312 0.00
problem53 0.01 662018072376775 140733898076856 4 1.16637e-312 0.00
problem54 0.03 611083478731173 140733898076856 4 1.16637e-312 0.00
problem55 0.04 668820177718131 140733898076856 4 1.16637e-312 0.00
problem56 0.09 632411595763501 140733898076856 4 1.16637e-312 0.00
problem57 0.03 595873383420215 140733898076856 4 1.16637e-312 0.00
problem58 0.05 718649808964390 140733898076856 4 1.16637e-312 0.00
problem59 0.05 695494759144915 140733898076856 4 1.16637e-312 0.00
problem60 0.02 709120845242258 140733898076856 4 1.16637e-312 0.00
problem61 0.08 777219365979363 140733898076856 4 1.16637e-312 0.00
problem62 0.09 613887989319807 140733898076856 4 1.16637e-312 0.00
problem63 0.01 547106459966939 140733898076856 4 1.16637e-312 0.00
problem64 0.02 469775313753539 140733898076856 4 1.16637e-312 0.00
problem65 0.02 674144519414127 140733898076856 4 1.16637e-312 0.00
problem66 0.05 801674068433824 140733898076856 4 1.16637e-312 0.00
problem67 0.1 548997718448741 140733898076856 4 1.16637e-312 0.00
problem68 0.09 592380149234036 140733898076856 4 1.16637e-312 0.00
problem69 0.03 643989500571233 140733898076856 4 1.16637e-312 0.00
problem70 0.05 642881286126598 140733898076856 4 1.16637e-312 0.00
problem71 0.13 608575045911162 140733898076856 4 1.16637e-312 0.00
problem72 0.04 672978561447935 140733898076856 4 1.16637e-312 0.00
problem73 0.05 607560219170888 140733898076856 4 1.16637e-312 0.00
problem74 0.05 692118920663976 140733898076856 4 1.16637e-312 0.00
problem75 0.04 568981016417741 140733898076856 4 1.16637e-312 0.00
problem76 0.04 634022784878374 140733898076856 4 1.16637e-312 0.00
problem77 0.08 743694035606308 140733898076856 4 1.16637e-312 0.00
problem78 0.09 580604003604297 140733898076856 4 1.16637e-312 0.00
problem79 0.05 758315780352744 140733898076856 4 1.16637e-312 0.00
problem80 0.03 558708275330356 140733898076856 4 1.16637e-312 0.00
problem81 0.08 622066684643611 140733898076856 4 1.16637e-312 0.00
problem82 0.04 650961361948734 140733898076856 4 1.16637e-312 0.00
problem83 0.02 567772117422600 140733898076856 4 1.16637e-312 0.00
problem84 0.05 529567473723791 140733898076856 4 1.16637e-312 0.00
problem85 0.04 645436111252048 140733898076856 4 1.16637e-312 0.00
problem86 0.05 639785194251471 140733898076856 4 1.16637e-312 0.00
problem87 0.06 491781619772450 140733898076856 4 1.16637e-312 0.00
problem88 0.05 696484720742055 140733898076856 4 1.16637e-312 0.00
problem89 0.05 631218484295552 140733898076856 4 1.16637e-312 0.00
problem90 0.07 725044555597002 140733898076856 4 1.16637e-312 0.00
problem91 0.02 585439118756854 140733898076856 4 1.16637e-312 0.00
problem92 0.02 588462511310769 140733898076856 4 1.16637e-312 0.00
problem93 0.01 584959752860824 140733898076856 4 1.16637e-312 0.00
problem94 0.04 661059178348108 140733898076856 4 1.16637e-312 0.00
problem95 0.11 633328052808735 140733898076856 4 1.16637e-312 0.00
problem96 0.14 581524825296172 140733898076856 4 1.16637e-312 0.00
problem97 0.04 562571397323305 140733898076856 4 1.16637e-312 0.00
problem98 0.13 636862928391618 140733898076856 4 1.16637e-312 0.00
problem99 0.02 633882787130859 140733898076856 4 1.16637e-312 0.00
