problem0 111.57 83142951118734 1 20116.00
problem1 60.19 83221356661870 1 32836.00
problem2 85.11 83005011135822 1 32836.00
problem3 80.08 85831092824622 1 32836.00
problem4 109.74 82190372397838 1 32836.00
problem5 218.39 80652286064622 1 32836.00
problem6 402.44 77465391933646 1 32836.00
problem7 314.71 80522448663982 1 32836.00
problem8 55.72 82377518309006 1 32836.00
problem9 148.77 82611169649518 1 32836.00
problem10 235.21 76221416473678 1 32836.00
problem11 105.96 81948188033326 1 32836.00
problem12 168.95 76631431256590 1 32836.00
problem13 145.00 76636409368302 1 32836.00
problem14 338.98 71917598842830 1 32836.00
problem15 57.75 80143028407470 1 32836.00
problem16 420.43 72629950387598 1 32836.00
problem17 98.51 79096106711662 1 32836.00
problem18 209.52 82239991511886 1 32836.00
problem19 134.32 75125070305326 1 32836.00
problem20 175.45 81497357668622 1 20128.00
problem21 209.33 74405685536238 1 32632.00
problem22 90.78 81437226768078 1 32632.00
problem23 250.27 73288024761262 1 32632.00
problem24 106.72 82310768151694 1 32632.00
problem25 203.51 77390817202542 1 32632.00
problem26 257.08 81375139525198 1 32632.00
problem27 447.88 72798324518702 1 32632.00
problem28 158.25 76766473717774 1 32632.00
problem29 23.82 87898206190830 1 32632.00
problem30 250.16 80649994800590 1 32632.00
problem31 108.03 88574653823662 1 32632.00
problem32 244.26 73477542642574 1 32632.00
problem33 216.48 73993678039150 1 32632.00
problem34 205.99 70876319836494 1 32632.00
problem35 169.68 84908501485102 1 32632.00
problem36 102.44 65674349395726 1 32632.00
problem37 230.66 78305569592302 1 32632.00
problem38 172.36 78159108310222 1 32632.00
problem39 141.28 79608527868334 1 32632.00
problem40 108.23 85870918384270 1 32632.00
problem41 111.66 75878491373422 1 32632.00
problem42 134.83 79221698977870 1 32632.00
problem43 80.45 83218187722030 1 32632.00
problem44 94.78 84609407251982 1 32632.00
problem45 129.78 84914764344046 1 32632.00
problem46 63.37 89057468251086 1 32632.00
problem47 97.23 88810887882926 1 32632.00
problem48 67.79 84082497122702 1 32632.00
problem49 74.83 79603763664494 1 32632.00
problem50 198.52 79256732096334 1 32632.00
problem51 128.82 79377331024942 1 32632.00
problem52 152.92 81067131710734 1 32632.00
problem53 117.31 81072146153966 1 32632.00
problem54 208.94 81051601400526 1 32632.00
problem55 292.31 70397231497134 1 32632.00
problem56 121.15 88396721531022 1 32632.00
problem57 157.63 72412217306478 1 32632.00
problem58 109.44 83851674570318 1 32632.00
problem59 192.69 77644240472878 1 32632.00
problem60 170.19 75278278353934 1 32632.00
problem61 429.32 74238995962094 1 32632.00
problem62 148.00 76716241742286 1 32632.00
problem63 169.58 82791847843502 1 32632.00
problem64 238.43 76934340337550 1 32632.00
problem65 251.47 77310767367278 1 32632.00
problem66 96.52 87627465737550 1 32632.00
problem67 178.86 73786074800686 1 32632.00
problem68 87.51 77745501838094 1 32632.00
problem69 126.60 85100799012846 1 32632.00
problem70 88.45 75429004894414 1 32632.00
problem71 60.92 89616212929966 1 32632.00
problem72 276.53 72513826920078 1 32632.00
problem73 223.82 75005196016494 1 32632.00
problem74 96.25 83448403311694 1 32632.00
problem75 136.56 80367609837870 1 32632.00
problem76 131.93 79347751244302 1 32632.00
problem77 191.72 76098989049582 1 32632.00
problem78 297.63 80858178803662 1 32632.00
problem79 65.63 77336733811886 1 32632.00
problem80 296.55 75581170011534 1 32632.00
problem81 134.94 75368408330862 1 32632.00
problem82 136.97 78914817798990 1 32632.00
problem83 252.22 72875168747566 1 32632.00
problem84 275.13 81027084028174 1 32632.00
problem85 253.80 75675762253294 1 32632.00
problem86 57.32 84470049328846 1 32632.00
problem87 192.66 73956446264238 1 32632.00
problem88 97.80 76304501605518 1 32632.00
problem89 141.65 81156548577646 1 32632.00
problem90 97.64 79870398081614 1 32632.00
problem91 268.89 67781947598638 1 32632.00
problem92 308.85 75096968347662 1 32632.00
problem93 284.05 76019495859438 1 32632.00
problem94 145.19 79822551401934 1 32632.00
problem95 76.62 77546758976174 1 32632.00
problem96 212.57 73265794628494 1 32632.00
problem97 94.32 75914372309102 1 32632.00
problem98 111.99 82705610023246 1 32632.00
problem99 146.39 77468038626862 1 32632.00
