problem0 5.09 572417757761092 5 659407720 6.95318e-310 0.00
problem1 17.06 562475985084471 5 659407720 6.95318e-310 0.00
problem2 2.26 602543937955785 5 659407720 6.95318e-310 0.00
problem3 2.5 616671729772801 5 659407720 6.95318e-310 0.00
problem4 2.87 643286108978248 5 659407720 6.95318e-310 0.00
problem5 11.84 596713040683511 5 659407720 6.95318e-310 0.00
problem6 2.31 581234886270375 5 659407720 6.95318e-310 0.00
problem7 2.13 602308678123403 5 659407720 6.95318e-310 0.00
problem8 2.96 631488320557662 5 659407720 6.95318e-310 0.00
problem9 8.17 556293740826515 5 659407720 6.95318e-310 0.00
problem10 106.19 668484285069553 5 659407720 6.95318e-310 0.00
problem11 16.72 576806723510716 5 659407720 6.95318e-310 0.00
problem12 2.19 536074091969166 5 659407720 6.95318e-310 0.00
problem13 4.1 638001226537752 5 659407720 6.95318e-310 0.00
problem14 3.97 551915999301989 5 659407720 6.95318e-310 0.00
problem15 16.31 604523805453198 5 659407720 6.95318e-310 0.00
problem16 13.68 529070328925641 5 659407720 6.95318e-310 0.00
problem17 15.61 482332933079075 5 659407720 6.95318e-310 0.00
problem18 5.01 517287924060508 5 659407720 6.95318e-310 0.00
problem19 8.12 545610540728436 5 659407720 6.95318e-310 0.00
problem20 11.18 582866014321978 5 659407720 6.95318e-310 0.00
problem21 15.93 541003695391490 5 659407720 6.95318e-310 0.00
problem22 4.38 528732808420778 5 659407720 6.95318e-310 0.00
problem23 5.32 570813776183662 5 659407720 6.95318e-310 0.00
problem24 2.16 627360666777231 5 659407720 6.95318e-310 0.00
problem25 14.42 527417012810617 5 659407720 6.95318e-310 0.00
problem26 21.17 612849672313140 5 659407720 6.95318e-310 0.00
problem27 13.61 561051251549715 5 659407720 6.95318e-310 0.00
problem28 3.69 576351575450898 5 659407720 6.95318e-310 0.00
problem29 3.25 639920813653670 5 659407720 6.95318e-310 0.00
problem30 9.3 525559327901705 5 659407720 6.95318e-310 0.00
problem31 5 605029359224325 5 659407720 6.95318e-310 0.00
problem32 8.6 615736802330687 5 659407720 6.95318e-310 0.00
problem33 2.46 590735788576318 5 659407720 6.95318e-310 0.00
problem34 13.27 573919606859699 5 659407720 6.95318e-310 0.00
problem35 7.16 585946429332837 5 659407720 6.95318e-310 0.00
problem36 2.52 559625845432412 5 659407720 6.95318e-310 0.00
problem37 13.42 568362617589023 5 659407720 6.95318e-310 0.00
problem38 2.06 579041722461051 5 659407720 6.95318e-310 0.00
problem39 8.19 555884476175658 5 659407720 6.95318e-310 0.00
problem40 15.62 621361046032231 5 659407720 6.95318e-310 0.00
problem41 9.18 656120405736859 5 659407720 6.95318e-310 0.00
problem42 7.45 573330706995952 5 659407720 6.95318e-310 0.00
problem43 6.99 595371661884216 5 659407720 6.95318e-310 0.00
problem44 3.75 514144503725838 5 659407720 6.95318e-310 0.00
problem45 26.9 618831489381639 5 659407720 6.95318e-310 0.00
problem46 3.12 485278592999849 5 659407720 6.95318e-310 0.00
problem47 7.16 518654491036128 5 659407720 6.95318e-310 0.00
problem48 8.58 613172496128388 5 659407720 6.95318e-310 0.00
problem49 19.78 651440081507505 5 659407720 6.95318e-310 0.00
problem50 4.9 683975083543856 5 659407720 6.95318e-310 0.00
problem51 12.53 622707998397468 5 659407720 6.95318e-310 0.00
problem52 13.05 504351981115961 5 659407720 6.95318e-310 0.00
problem53 7.12 583290799227455 5 659407720 6.95318e-310 0.00
problem54 4.77 531635086557377 5 659407720 6.95318e-310 0.00
problem55 2.16 497234709540847 5 659407720 6.95318e-310 0.00
problem56 2.41 761657486042651 5 659407720 6.95318e-310 0.00
problem57 1.95 564237564040809 5 659407720 6.95318e-310 0.00
problem58 2.28 717682856648086 5 659407720 6.95318e-310 0.00
problem59 22.98 544013867452418 5 659407720 6.95318e-310 0.00
problem60 5.44 640692760478661 5 659407720 6.95318e-310 0.00
problem61 2.47 635226536795486 5 659407720 6.95318e-310 0.00
problem62 32.89 499011051273136 5 659407720 6.95318e-310 0.00
problem63 3.13 604002102309262 5 659407720 6.95318e-310 0.00
problem64 3.2 560906467728871 5 659407720 6.95318e-310 0.00
problem65 21.52 553160650429047 5 659407720 6.95318e-310 0.00
problem66 12.51 500058574144176 5 659407720 6.95318e-310 0.00
problem67 17.34 604028985350697 5 659407720 6.95318e-310 0.00
problem68 4.51 547074949632132 5 659407720 6.95318e-310 0.00
problem69 2.82 552586120345513 5 659407720 6.95318e-310 0.00
problem70 7.74 585949534956180 5 659407720 6.95318e-310 0.00
problem71 2.97 512393642914802 5 659407720 6.95318e-310 0.00
problem72 10.46 614131477247226 5 659407720 6.95318e-310 0.00
problem73 8.57 555809825891180 5 659407720 6.95318e-310 0.00
problem74 15.47 537690331397123 5 659407720 6.95318e-310 0.00
problem75 2.93 604795955387685 5 659407720 6.95318e-310 0.00
problem76 6.42 509859133708444 5 659407720 6.95318e-310 0.00
problem77 12.37 603378098144100 5 659407720 6.95318e-310 0.00
problem78 4.47 601142140088904 5 659407720 6.95318e-310 0.00
problem79 4.64 581880198962892 5 659407720 6.95318e-310 0.00
problem80 8.02 611067371761664 5 659407720 6.95318e-310 0.00
problem81 9.65 626691496707641 5 659407720 6.95318e-310 0.00
problem82 2.8 571174933710136 5 659407720 6.95318e-310 0.00
problem83 14.91 562249853887010 5 659407720 6.95318e-310 0.00
problem84 2.37 502589246300573 5 659407720 6.95318e-310 0.00
problem85 18.71 562759535055383 5 659407720 6.95318e-310 0.00
problem86 18.42 568931519382567 5 659407720 6.95318e-310 0.00
problem87 11.35 583423041244729 5 659407720 6.95318e-310 0.00
problem88 8.72 606924821532279 5 659407720 6.95318e-310 0.00
problem89 14.18 434774748916813 5 659407720 6.95318e-310 0.00
problem90 6.59 531444334282518 5 659407720 6.95318e-310 0.00
problem91 23.58 554348193426447 5 659407720 6.95318e-310 0.00
problem92 7.23 560254373569194 5 659407720 6.95318e-310 0.00
problem93 17.63 633173499836518 5 659407720 6.95318e-310 0.00
problem94 5.53 557710748565575 5 659407720 6.95318e-310 0.00
problem95 15.9 611691360284567 5 659407720 6.95318e-310 0.00
problem96 5.25 566769532156865 5 659407720 6.95318e-310 0.00
problem97 2.24 645762756839850 5 659407720 6.95318e-310 0.00
problem98 3.94 603909642050782 5 659407720 6.95318e-310 0.00
problem99 8.98 596119401059467 5 659407720 6.95318e-310 0.00
