problem0 0 99769 1 0.00
problem1 0.00 94710 1 0.00
problem2 0.00 87546 1 0.00
problem3 0.00 100891 1 0.00
problem4 0.00 89363 1 0.00
problem5 0.00 110968 1 0.00
problem6 0.00 90436 1 0.00
problem7 0.00 94029 1 0.00
problem8 0.00 100045 1 0.00
problem9 0.00 94426 1 0.00
problem10 0.00 92142 1 0.00
problem11 0.00 100703 1 0.00
problem12 0.00 99559 1 0.00
problem13 0.00 98844 1 0.00
problem14 0.00 117752 1 0.00
problem15 0.00 96849 1 0.00
problem16 0.00 94561 1 0.00
problem17 0.00 102206 1 0.00
problem18 0.00 94050 1 0.00
problem19 0.00 105507 1 0.00
problem20 0.00 97851 1 0.00
problem21 0.00 96832 1 0.00
problem22 0.00 97324 1 0.00
problem23 0.00 98517 1 0.00
problem24 0.00 97653 1 0.00
problem25 0.00 93474 1 0.00
problem26 0.00 97366 1 0.00
problem27 0.00 92775 1 0.00
problem28 0.00 100623 1 0.00
problem29 0.00 98788 1 0.00
problem30 0.00 104928 1 0.00
problem31 0.00 103129 1 0.00
problem32 0.00 101129 1 0.00
problem33 0.00 100998 1 0.00
problem34 0.00 95946 1 0.00
problem35 0.00 87083 1 0.00
problem36 0.00 99683 1 0.00
problem37 0.00 94472 1 0.00
problem38 0.00 99604 1 0.00
problem39 0.00 79965 1 0.00
problem40 0.00 90653 1 0.00
problem41 0.00 96106 1 0.00
problem42 0.00 93886 1 0.00
problem43 0.00 96623 1 0.00
problem44 0.00 97079 1 0.00
problem45 0.00 90028 1 0.00
problem46 0.00 97736 1 0.00
problem47 0.00 90465 1 0.00
problem48 0.00 111281 1 0.00
problem49 0.00 91086 1 0.00
problem50 0.00 93234 1 0.00
problem51 0.00 98867 1 0.00
problem52 0.00 92811 1 0.00
problem53 0.00 93648 1 0.00
problem54 0.00 99324 1 0.00
problem55 0.00 103909 1 0.00
problem56 0.00 93381 1 0.00
problem57 0.00 116658 1 0.00
problem58 0.00 102182 1 0.00
problem59 0.00 93815 1 0.00
problem60 0.00 101215 1 0.00
problem61 0.00 99188 1 0.00
problem62 0.00 102320 1 0.00
problem63 0.00 95721 1 0.00
problem64 0.00 100441 1 0.00
problem65 0.00 94998 1 0.00
problem66 0.00 96154 1 0.00
problem67 0.00 97851 1 0.00
problem68 0.00 95667 1 0.00
problem69 0.00 98456 1 0.00
problem70 0.00 90340 1 0.00
problem71 0.00 102765 1 0.00
problem72 0.00 101741 1 0.00
problem73 0.00 97786 1 0.00
problem74 0.00 105870 1 0.00
problem75 0.00 100735 1 0.00
problem76 0.00 100743 1 0.00
problem77 0.00 97596 1 0.00
problem78 0.00 85912 1 0.00
problem79 0.00 98417 1 0.00
problem80 0.00 97281 1 0.00
problem81 0.00 100446 1 0.00
problem82 0.00 78082 1 0.00
problem83 0.00 94275 1 0.00
problem84 0.00 91867 1 0.00
problem85 0.00 94560 1 0.00
problem86 0.00 97228 1 0.00
problem87 0.00 97013 1 0.00
problem88 0.00 87061 1 0.00
problem89 0.00 100930 1 0.00
problem90 0.00 88566 1 0.00
problem91 0.00 111239 1 0.00
problem92 0.00 91567 1 0.00
problem93 0.00 95492 1 0.00
problem94 0.00 95616 1 0.00
problem95 0.00 96505 1 0.00
problem96 0.00 89513 1 0.00
problem97 0.00 101286 1 0.00
problem98 0.00 102506 1 0.00
problem99 0.00 96331 1 0.00
