problem0 0.2 117419 5 968933880 6.95319e-310 0.00
problem1 0.27 137889 5 968933880 6.95319e-310 0.00
problem2 0.26 117768 5 968933880 6.95319e-310 0.00
problem3 0.53 116095 5 968933880 6.95319e-310 0.00
problem4 0.2 148653 5 968933880 6.95319e-310 0.00
problem5 0.25 139106 5 968933880 6.95319e-310 0.00
problem6 1.11 129114 5 968933880 6.95319e-310 0.00
problem7 0.35 119347 5 968933880 6.95319e-310 0.00
problem8 0.19 105420 5 968933880 6.95319e-310 0.00
problem9 0.19 119868 5 968933880 6.95319e-310 0.00
problem10 0.33 121086 5 968933880 6.95319e-310 0.00
problem11 0.2 132954 5 968933880 6.95319e-310 0.00
problem12 0.22 130237 5 968933880 6.95319e-310 0.00
problem13 0.26 128551 5 968933880 6.95319e-310 0.00
problem14 0.38 122505 5 968933880 6.95319e-310 0.00
problem15 0.27 131515 5 968933880 6.95319e-310 0.00
problem16 0.46 138229 5 968933880 6.95319e-310 0.00
problem17 0.47 116999 5 968933880 6.95319e-310 0.00
problem18 0.22 131186 5 968933880 6.95319e-310 0.00
problem19 0.22 87812 5 968933880 6.95319e-310 0.00
problem20 0.33 144362 5 968933880 6.95319e-310 0.00
problem21 0.35 129935 5 968933880 6.95319e-310 0.00
problem22 0.35 143201 5 968933880 6.95319e-310 0.00
problem23 0.15 118481 5 968933880 6.95319e-310 0.00
problem24 0.23 147517 5 968933880 6.95319e-310 0.00
problem25 0.31 130141 5 968933880 6.95319e-310 0.00
problem26 0.25 159939 5 968933880 6.95319e-310 0.00
problem27 0.27 112605 5 968933880 6.95319e-310 0.00
problem28 0.28 137296 5 968933880 6.95319e-310 0.00
problem29 0.23 122269 5 968933880 6.95319e-310 0.00
problem30 1.03 144728 5 968933880 6.95319e-310 0.00
problem31 0.43 132166 5 968933880 6.95319e-310 0.00
problem32 0.18 137925 5 968933880 6.95319e-310 0.00
problem33 0.26 131059 5 968933880 6.95319e-310 0.00
problem34 0.51 117198 5 968933880 6.95319e-310 0.00
problem35 0.33 128156 5 968933880 6.95319e-310 0.00
problem36 0.24 142686 5 968933880 6.95319e-310 0.00
problem37 0.2 121089 5 968933880 6.95319e-310 0.00
problem38 0.17 124363 5 968933880 6.95319e-310 0.00
problem39 0.15 100654 5 968933880 6.95319e-310 0.00
problem40 0.18 106674 5 968933880 6.95319e-310 0.00
problem41 0.39 135261 5 968933880 6.95319e-310 0.00
problem42 0.42 138581 5 968933880 6.95319e-310 0.00
problem43 0.2 120809 5 968933880 6.95319e-310 0.00
problem44 0.2 128743 5 968933880 6.95319e-310 0.00
problem45 0.21 127285 5 968933880 6.95319e-310 0.00
problem46 0.7 115850 5 968933880 6.95319e-310 0.00
problem47 0.16 148631 5 968933880 6.95319e-310 0.00
problem48 0.43 131162 5 968933880 6.95319e-310 0.00
problem49 0.26 121804 5 968933880 6.95319e-310 0.00
problem50 0.18 112169 5 968933880 6.95319e-310 0.00
problem51 0.17 135159 5 968933880 6.95319e-310 0.00
problem52 0.33 114516 5 968933880 6.95319e-310 0.00
problem53 0.19 134438 5 968933880 6.95319e-310 0.00
problem54 0.42 116366 5 968933880 6.95319e-310 0.00
problem55 0.3 116851 5 968933880 6.95319e-310 0.00
problem56 0.26 128531 5 968933880 6.95319e-310 0.00
problem57 0.67 157143 5 968933880 6.95319e-310 0.00
problem58 0.17 129867 5 968933880 6.95319e-310 0.00
problem59 0.25 121134 5 968933880 6.95319e-310 0.00
problem60 0.34 97310 5 968933880 6.95319e-310 0.00
problem61 0.29 128969 5 968933880 6.95319e-310 0.00
problem62 0.17 137812 5 968933880 6.95319e-310 0.00
problem63 0.48 137243 5 968933880 6.95319e-310 0.00
problem64 0.29 125198 5 968933880 6.95319e-310 0.00
problem65 0.14 111117 5 968933880 6.95319e-310 0.00
problem66 0.2 137983 5 968933880 6.95319e-310 0.00
problem67 0.28 167069 5 968933880 6.95319e-310 0.00
problem68 0.31 103515 5 968933880 6.95319e-310 0.00
problem69 0.29 126307 5 968933880 6.95319e-310 0.00
problem70 0.2 119192 5 968933880 6.95319e-310 0.00
problem71 0.3 137923 5 968933880 6.95319e-310 0.00
problem72 0.28 103856 5 968933880 6.95319e-310 0.00
problem73 0.18 122899 5 968933880 6.95319e-310 0.00
problem74 0.2 111941 5 968933880 6.95319e-310 0.00
problem75 0.18 128207 5 968933880 6.95319e-310 0.00
problem76 0.17 115833 5 968933880 6.95319e-310 0.00
problem77 0.23 127362 5 968933880 6.95319e-310 0.00
problem78 0.35 108698 5 968933880 6.95319e-310 0.00
problem79 0.21 127106 5 968933880 6.95319e-310 0.00
problem80 0.17 127313 5 968933880 6.95319e-310 0.00
problem81 0.35 113415 5 968933880 6.95319e-310 0.00
problem82 0.29 114564 5 968933880 6.95319e-310 0.00
problem83 0.28 121939 5 968933880 6.95319e-310 0.00
problem84 0.26 124282 5 968933880 6.95319e-310 0.00
problem85 0.37 111225 5 968933880 6.95319e-310 0.00
problem86 0.48 118239 5 968933880 6.95319e-310 0.00
problem87 0.22 142054 5 968933880 6.95319e-310 0.00
problem88 0.23 127316 5 968933880 6.95319e-310 0.00
problem89 0.6 119948 5 968933880 6.95319e-310 0.00
problem90 0.32 143087 5 968933880 6.95319e-310 0.00
problem91 0.71 112832 5 968933880 6.95319e-310 0.00
problem92 0.28 133363 5 968933880 6.95319e-310 0.00
problem93 0.17 137052 5 968933880 6.95319e-310 0.00
problem94 0.15 137745 5 968933880 6.95319e-310 0.00
problem95 0.38 125475 5 968933880 6.95319e-310 0.00
problem96 0.34 130226 5 968933880 6.95319e-310 0.00
problem97 0.25 143457 5 968933880 6.95319e-310 0.00
problem98 0.17 143786 5 968933880 6.95319e-310 0.00
problem99 0.18 138173 5 968933880 6.95319e-310 0.00
