problem0 153.73 21700087386 11397 1 153.05 345824.00
problem1 153.17 23043803881 4557 1 152.83 339732.00
problem2 150.09 21309721509 9839 1 149.80 128580.00
problem3 146.38 23638309006 6467 1 146.10 174944.00
problem4 151.03 22008248730 5220 1 150.87 174944.00
problem5 139.52 24798399544 5939 1 139.01 244932.00
problem6 155.08 19879144852 6394 1 154.93 44928.00
problem7 301.53 19870156248 20029 2 301.00 72552.00
problem8 151.22 19510710841 7254 1 151.03 62784.00
problem9 145.35 22937871740 7011 1 145.06 202960.00
problem10 153.57 22358277344 4339 1 153.39 154156.00
problem11 155.26 22200167207 13371 1 154.78 154156.00
problem12 295.77 20296161334 20303 2 295.26 107124.00
problem13 149.82 21571895665 9422 1 149.52 109032.00
problem14 153.22 21560834436 12320 1 152.85 109040.00
problem15 152.92 21619632240 17051 1 152.36 91104.00
problem16 142.67 22470129198 6551 1 142.18 104588.00
problem17 162.67 21435129881 15700 1 161.79 57260.00
problem18 147.89 19407763662 8538 1 147.60 96296.00
problem19 154.12 23551043678 5299 1 153.95 292396.00
problem20 302.35 15976027850 47518 2 301.36 294440.00
problem21 165.47 21139915107 25618 1 164.68 93408.00
problem22 158.58 21737492504 9441 1 158.27 143400.00
problem23 155.18 22615162969 7277 1 154.83 198480.00
problem24 147.08 22502559596 8753 1 146.67 196648.00
problem25 151.15 22723940348 4342 1 150.92 226800.00
problem26 152.29 20947102226 14246 1 151.72 201284.00
problem27 164.88 19631932834 13823 1 164.48 128652.00
problem28 142.74 23721970361 5717 1 142.33 102084.00
problem29 167.27 21449695559 10226 1 166.94 77996.00
problem30 160.45 23014830421 4238 1 160.32 76156.00
problem31 160.61 21441520369 17470 1 159.98 74664.00
problem32 163.21 19808979116 18797 1 162.47 75628.00
problem33 160.50 22805383831 14999 1 159.96 200796.00
problem34 165.60 22267138213 7567 1 165.24 172576.00
problem35 167.88 19966351414 13418 1 167.59 89616.00
problem36 146.19 22819369977 10078 1 145.71 149604.00
problem37 143.66 22998611587 3203 1 143.51 423096.00
problem38 152.20 17663794499 36393 1 151.53 424820.00
problem39 161.53 23528580488 8983 1 160.87 177244.00
problem40 446.47 22867124718 13967 1 160.80 178228.00
problem41 154.99 20230677804 18575 1 154.14 77496.00
problem42 143.56 23356337294 4449 1 143.32 404204.00
problem43 151.52 20879739591 9832 1 151.34 73452.00
problem44 153.00 20873548425 11939 1 152.64 250748.00
problem45 155.37 23107551521 11187 1 154.90 88116.00
problem46 146.98 20548648581 16442 1 146.52 95548.00
problem47 143.84 20392314906 7987 1 143.40 455776.00
problem48 150.16 19798377942 10170 1 149.78 432952.00
problem49 145.97 18248660238 30306 1 145.48 109648.00
problem50 156.19 19595023143 29280 1 155.43 104948.00
problem51 146.91 21247674381 8977 1 146.59 153580.00
problem52 154.81 20165857568 15584 1 154.39 153580.00
problem53 149.00 20215884725 11506 1 148.40 134844.00
problem54 157.92 21882333809 8825 1 157.57 134844.00
problem55 148.19 21847045470 12934 1 147.49 174812.00
problem56 142.94 19885782123 11256 1 142.57 174812.00
problem57 149.41 20510822311 17351 1 149.04 77808.00
problem58 144.50 22514386024 11139 1 143.97 188604.00
problem59 151.17 22495869604 7468 1 150.82 661560.00
problem60 150.19 24096130310 3226 1 150.04 661560.00
problem61 144.15 22471396264 11949 1 143.23 152384.00
problem62 149.11 23017862752 5508 1 148.59 507960.00
problem63 148.52 21645705879 10196 1 148.22 90164.00
problem64 153.21 22077615534 12380 1 152.59 180980.00
problem65 150.71 19618062223 8944 1 150.50 82828.00
problem66 152.80 20425949262 10346 1 152.48 139932.00
problem67 147.14 22157724982 9072 1 146.88 140008.00
problem68 159.30 22866123000 10062 1 158.86 164120.00
problem69 146.38 19812999388 30905 1 145.75 109736.00
problem70 153.67 22131761736 6985 1 153.25 206144.00
problem71 152.78 21102161879 7537 1 152.49 64564.00
problem72 149.60 23577325970 3757 1 149.41 169016.00
problem73 149.94 19311349627 9769 1 149.65 150288.00
problem74 149.68 19223758563 27347 1 149.12 150288.00
problem75 154.18 19600949202 24510 1 153.29 89440.00
problem76 142.72 19965147019 10507 1 142.28 249152.00
problem77 153.06 19762129771 6426 1 152.92 70708.00
problem78 152.07 21382349702 15748 1 151.64 82876.00
problem79 139.83 21932932375 5289 1 139.57 116788.00
problem80 137.77 22706842324 3472 1 137.55 340520.00
problem81 149.51 20870995816 9110 1 149.15 139652.00
problem82 161.14 19477889748 25361 1 160.17 139652.00
problem83 150.13 20322527162 19169 1 149.54 87656.00
problem84 157.44 18569339081 18385 1 156.98 87656.00
problem85 148.87 17357974363 39663 1 148.15 124096.00
problem86 157.48 18319803589 25465 1 156.80 92336.00
problem87 142.50 22678050051 5332 1 142.19 243764.00
problem88 149.06 22485713935 2996 1 148.93 243764.00
problem89 149.75 21684997972 8024 1 149.46 75472.00
problem90 151.98 20729416039 11405 1 151.54 182168.00
problem91 154.13 23063818150 14735 1 153.53 111964.00
problem92 165.09 20825833312 12195 1 164.71 128520.00
problem93 149.51 23074758820 16188 1 148.84 207980.00
problem94 139.85 21634371758 6012 1 139.59 207980.00
problem95 147.61 21564372889 6645 1 147.31 246196.00
problem96 150.34 22041176065 8043 1 149.98 276532.00
problem97 146.96 22407317992 7297 1 146.66 221144.00
problem98 142.88 22922063864 4649 1 142.71 231616.00
problem99 148.29 21242211556 9102 1 147.90 241964.00
