problem0 0.18 194325 266 1 0.17 12036.00
problem1 0.01 221171 140 1 0.01 8428.00
problem2 0.01 187787 146 1 0.01 8428.00
problem3 0.01 217001 92 1 0.01 8428.00
problem4 0.01 151887 113 1 0 8428.00
problem5 0.02 142306 282 2 0.01 8428.00
problem6 0.01 235309 75 1 0.01 8428.00
problem7 0.01 188364 59 1 0.01 8428.00
problem8 0.01 239399 133 1 0.01 8428.00
problem9 0.01 186014 108 1 0.01 8428.00
problem10 0.01 207979 122 1 0.01 8428.00
problem11 0.01 221680 65 1 0.01 8428.00
problem12 0.01 204541 152 1 0.01 8428.00
problem13 0.01 244162 79 1 0.01 8428.00
problem14 0.01 181161 217 1 0.01 8428.00
problem15 0.01 195706 240 1 0.01 8428.00
problem16 0.01 175109 127 1 0.01 8428.00
problem17 0.01 234827 54 1 0.01 8428.00
problem18 0.01 217111 97 1 0.01 8428.00
problem19 0.01 198916 151 1 0.01 8428.00
problem20 0.01 213366 150 1 0.01 8428.00
problem21 0.01 194056 90 1 0.01 8428.00
problem22 0.01 194593 177 1 0.01 8428.00
problem23 0.01 188710 87 1 0.01 8428.00
problem24 0.01 224281 106 1 0.01 8428.00
problem25 0.01 210322 154 1 0.01 8428.00
problem26 0.01 188970 140 1 0.01 8428.00
problem27 0.01 174922 189 1 0.01 8428.00
problem28 0.03 165258 285 2 0.03 8428.00
problem29 0.01 136167 116 1 0.01 8428.00
problem30 0.01 196967 76 1 0.01 8428.00
problem31 0.01 246023 82 1 0.01 8428.00
problem32 0.01 177195 12 1 0.01 8428.00
problem33 0.01 178033 127 1 0.01 8428.00
problem34 0.01 215306 49 1 0.01 8428.00
problem35 0.03 189024 350 2 0.03 8428.00
problem36 0.01 191287 196 1 0.01 8428.00
problem37 0.01 214676 45 1 0.01 8428.00
problem38 0.01 214497 155 1 0.01 8428.00
problem39 0.01 171035 249 1 0.01 8428.00
problem40 0.02 217357 89 1 0.01 8428.00
problem41 0.01 164177 124 1 0.01 8428.00
problem42 0.01 204369 192 1 0.01 8428.00
problem43 0.01 188785 176 1 0.01 8428.00
problem44 0.01 173486 66 1 0.01 8428.00
problem45 0.01 206761 91 1 0.01 8428.00
problem46 0.01 194752 81 1 0.01 8428.00
problem47 0.02 173459 148 1 0.02 8428.00
problem48 0.01 200581 84 1 0.01 8428.00
problem49 0.01 247396 45 1 0.01 8428.00
problem50 0.01 182372 72 1 0.01 8428.00
problem51 0.01 213533 142 1 0.01 8428.00
problem52 0.01 164291 261 1 0.01 8428.00
problem53 0.03 164847 260 1 0.01 8428.00
problem54 0.01 203272 153 1 0.01 8428.00
problem55 0.01 213979 177 1 0.01 8428.00
problem56 0.01 192408 73 1 0.01 8428.00
problem57 0.01 204868 99 1 0.01 8428.00
problem58 0.01 162423 224 1 0.01 8428.00
problem59 0.01 210839 142 1 0.01 8428.00
problem60 0.01 242340 115 1 0.01 8428.00
problem61 0.01 233115 62 1 0.01 8428.00
problem62 0.01 161408 204 1 0.01 8428.00
problem63 0.02 200840 178 1 0.02 8428.00
problem64 0.01 179731 162 1 0.01 8428.00
problem65 0.01 206987 53 1 0.01 8428.00
problem66 0.01 170737 223 1 0.01 8428.00
problem67 0.02 167595 283 1 0 8428.00
problem68 0.01 197917 151 1 0.01 8428.00
problem69 0.01 175637 211 1 0.01 8428.00
problem70 0.01 200239 242 1 0.01 8428.00
problem71 0.01 199578 95 1 0.01 8428.00
problem72 0.05 149442 631 2 0.04 8428.00
problem73 0.01 214430 66 1 0.01 8428.00
problem74 0.02 154883 63 1 0.02 8428.00
problem75 0.02 201762 30 1 0.02 8428.00
problem76 0.01 201416 106 1 0.01 8428.00
problem77 0.02 175913 275 1 0.02 8428.00
problem78 0.02 188685 59 1 0.02 8428.00
problem79 0.02 157767 327 1 0.02 8428.00
problem80 0.02 193285 58 1 0.02 8428.00
problem81 0.02 200985 145 1 0.02 8428.00
problem82 0.02 180402 271 1 0.01 8428.00
problem83 0.02 169169 159 1 0.01 8428.00
problem84 0.01 213519 58 1 0.01 8428.00
problem85 0.02 194619 105 1 0.02 8428.00
problem86 0.02 218504 138 1 0.02 8428.00
problem87 0.01 167155 120 1 0.01 8428.00
problem88 0.02 206411 23 1 0.01 8428.00
problem89 0.02 192864 192 1 0.02 8428.00
problem90 0.02 207965 56 1 0.02 8428.00
problem91 0.01 200879 29 1 0.01 8428.00
problem92 0.02 234224 100 1 0.02 8428.00
problem93 0.01 205544 70 1 0.01 8428.00
problem94 0.02 171725 88 1 0.02 8428.00
problem95 0.02 214637 96 1 0.01 8432.00
problem96 0.02 215033 169 1 0.02 8432.00
problem97 0.02 229388 123 1 0.01 8432.00
problem98 0.01 211365 151 1 0.01 8432.00
problem99 0.02 165828 221 1 0.02 8432.00
