problem0 10.73 670170029945850 5 1934584680 6.95324e-310 0.00
problem1 8.52 812067655385843 5 1934584680 6.95324e-310 0.00
problem2 9.37 915829957434983 5 1934584680 6.95324e-310 0.00
problem3 19.75 845796228893562 5 1934584680 6.95324e-310 0.00
problem4 18.65 724615342072871 5 1934584680 6.95324e-310 0.00
problem5 8.63 780365052550620 5 1934584680 6.95324e-310 0.00
problem6 17.59 788088719136701 5 1934584680 6.95324e-310 0.00
problem7 3.6 798055900137776 5 1934584680 6.95324e-310 0.00
problem8 17.03 670596043078744 5 1934584680 6.95324e-310 0.00
problem9 8.36 710994085945512 5 1934584680 6.95324e-310 0.00
problem10 6.81 788149126589715 5 1934584680 6.95324e-310 0.00
problem11 7.92 665979175140074 5 1934584680 6.95324e-310 0.00
problem12 6.83 723370338095684 5 1934584680 6.95324e-310 0.00
problem13 3.93 703750703618281 5 1934584680 6.95324e-310 0.00
problem14 8.47 868405251338536 5 1934584680 6.95324e-310 0.00
problem15 39.93 827289554756718 5 1934584680 6.95324e-310 0.00
problem16 14.36 627481927934264 5 1934584680 6.95324e-310 0.00
problem17 3.94 817447630009492 5 1934584680 6.95324e-310 0.00
problem18 17.04 648840991236580 5 1934584680 6.95324e-310 0.00
problem19 23.51 833437965403937 5 1934584680 6.95324e-310 0.00
problem20 4.83 855609322791666 5 1934584680 6.95324e-310 0.00
problem21 6.97 675484129164475 5 1934584680 6.95324e-310 0.00
problem22 20.39 731761717010853 5 1934584680 6.95324e-310 0.00
problem23 34.13 689517233578270 5 1934584680 6.95324e-310 0.00
problem24 12.16 722369214814097 5 1934584680 6.95324e-310 0.00
problem25 26.59 559277241198614 5 1934584680 6.95324e-310 0.00
problem26 13.55 828085815515496 5 1934584680 6.95324e-310 0.00
problem27 13.62 624057744901152 5 1934584680 6.95324e-310 0.00
problem28 18.64 910868725241879 5 1934584680 6.95324e-310 0.00
problem29 13.03 945374026964447 5 1934584680 6.95324e-310 0.00
problem30 31 785946679703688 5 1934584680 6.95324e-310 0.00
problem31 6.25 796697374522017 5 1934584680 6.95324e-310 0.00
problem32 15.82 855798444935299 5 1934584680 6.95324e-310 0.00
problem33 16.6 761672272218225 5 1934584680 6.95324e-310 0.00
problem34 19.79 740546297624815 5 1934584680 6.95324e-310 0.00
problem35 3.86 822487864903790 5 1934584680 6.95324e-310 0.00
problem36 21.11 721616366526643 5 1934584680 6.95324e-310 0.00
problem37 16.49 785909279064289 5 1934584680 6.95324e-310 0.00
problem38 8.95 903812678346424 5 1934584680 6.95324e-310 0.00
problem39 5.25 705423409435516 5 1934584680 6.95324e-310 0.00
problem40 33.85 881330756880060 5 1934584680 6.95324e-310 0.00
problem41 3.05 857534589558963 5 1934584680 6.95324e-310 0.00
problem42 7.77 786658076668414 5 1934584680 6.95324e-310 0.00
problem43 22.42 743497479168151 5 1934584680 6.95324e-310 0.00
problem44 3.57 673088480087839 5 1934584680 6.95324e-310 0.00
problem45 14.05 696732087395934 5 1934584680 6.95324e-310 0.00
problem46 4.53 779600410330579 5 1934584680 6.95324e-310 0.00
problem47 10.53 827477182340400 5 1934584680 6.95324e-310 0.00
problem48 13.03 857238355753442 5 1934584680 6.95324e-310 0.00
problem49 23.05 794012376825617 5 1934584680 6.95324e-310 0.00
problem50 9.56 732077583683936 5 1934584680 6.95324e-310 0.00
problem51 2.98 790539856964248 5 1934584680 6.95324e-310 0.00
problem52 3.68 803110521836823 5 1934584680 6.95324e-310 0.00
problem53 25.9 758029642221476 5 1934584680 6.95324e-310 0.00
problem54 10.84 791646025550416 5 1934584680 6.95324e-310 0.00
problem55 22.15 764535821880856 5 1934584680 6.95324e-310 0.00
problem56 33.53 679787040158746 5 1934584680 6.95324e-310 0.00
problem57 16.14 679665513966041 5 1934584680 6.95324e-310 0.00
problem58 24.7 816858364391240 5 1934584680 6.95324e-310 0.00
problem59 3.74 634049592475306 5 1934584680 6.95324e-310 0.00
problem60 8.01 796774946372584 5 1934584680 6.95324e-310 0.00
problem61 17.23 749318370754152 5 1934584680 6.95324e-310 0.00
problem62 5.04 851495270497584 5 1934584680 6.95324e-310 0.00
problem63 14.32 847290444645942 5 1934584680 6.95324e-310 0.00
problem64 4.38 741343693209400 5 1934584680 6.95324e-310 0.00
problem65 6.19 846031920963100 5 1934584680 6.95324e-310 0.00
problem66 6.39 847466933068040 5 1934584680 6.95324e-310 0.00
problem67 12.43 716003523105626 5 1934584680 6.95324e-310 0.00
problem68 7.36 699340489044386 5 1934584680 6.95324e-310 0.00
problem69 4.11 915494003100996 5 1934584680 6.95324e-310 0.00
problem70 9.25 663141870164353 5 1934584680 6.95324e-310 0.00
problem71 19.77 699452669055493 5 1934584680 6.95324e-310 0.00
problem72 5.79 839889629052300 5 1934584680 6.95324e-310 0.00
problem73 18.64 816659440357521 5 1934584680 6.95324e-310 0.00
problem74 2.92 832531997368132 5 1934584680 6.95324e-310 0.00
problem75 3.82 742385499036853 5 1934584680 6.95324e-310 0.00
problem76 5.63 757415656137777 5 1934584680 6.95324e-310 0.00
problem77 17.16 789450853852240 5 1934584680 6.95324e-310 0.00
problem78 4.5 768612334920164 5 1934584680 6.95324e-310 0.00
problem79 5.96 817931743977378 5 1934584680 6.95324e-310 0.00
problem80 10.2 719046554747535 5 1934584680 6.95324e-310 0.00
problem81 6.06 770360673333066 5 1934584680 6.95324e-310 0.00
problem82 4.57 887581330326778 5 1934584680 6.95324e-310 0.00
problem83 13.78 763942950153619 5 1934584680 6.95324e-310 0.00
problem84 9.5 658768488372791 5 1934584680 6.95324e-310 0.00
problem85 3.88 740647352185651 5 1934584680 6.95324e-310 0.00
problem86 4.36 742702117822981 5 1934584680 6.95324e-310 0.00
problem87 29.39 767474076503195 5 1934584680 6.95324e-310 0.00
problem88 22.07 758278321952972 5 1934584680 6.95324e-310 0.00
problem89 6.11 791583644146507 5 1934584680 6.95324e-310 0.00
problem90 7.93 815948073372781 5 1934584680 6.95324e-310 0.00
problem91 9.56 801377802955133 5 1934584680 6.95324e-310 0.00
problem92 15.45 760595442893873 5 1934584680 6.95324e-310 0.00
problem93 6.95 782388891214319 5 1934584680 6.95324e-310 0.00
problem94 4.07 600496282916951 5 1934584680 6.95324e-310 0.00
problem95 10.54 734845759785488 5 1934584680 6.95324e-310 0.00
problem96 5.76 662727650548340 5 1934584680 6.95324e-310 0.00
problem97 5.54 747707706351163 5 1934584680 6.95324e-310 0.00
problem98 15.66 695413871361947 5 1934584680 6.95324e-310 0.00
problem99 12.94 943833987123511 5 1934584680 6.95324e-310 0.00
