problem0 2.2 11743881812 1
problem1 2.28 11624401029 1
problem2 0.47 12145411509 1
problem3 2.31 12295201850 1
problem4 0.3 11111790414 1
problem5 0.42 11286256775 1
problem6 0.54 10201682783 1
problem7 0.22 12757142188 1
problem8 0.31 12459367464 1
problem9 0.48 10593799657 1
problem10 0.27 11342041577 1
problem11 0.69 11101903742 1
problem12 0.63 12739363554 1
problem13 1.51 11309387435 1
problem14 5.01 10909621075 1
problem15 0.89 10776049840 1
problem16 1.56 13352646012 1
problem17 0.97 10797281485 1
problem18 1.19 10726828445 1
