problem0 663.21 299044327844940 1
problem1 472.39 277175607112290 1
problem2 252.26 320200452443657 1
problem3 214.38 284936985607899 1
problem4 1184.65 293301456822414 1
problem5 158.25 265685244029052 1
problem6 262.84 279411291624731 1
problem7 162.74 286392453654405 1
problem8 981.69 293126928621296 1
problem9 42.39 313188298608182 1
problem10 1881.47 260136472265549 1
problem11 594.16 293440429906127 1
problem12 202.67 285598762592626 1
problem13 61.08 281781406858640 1
problem14 1024.18 314311164619423 1
problem15 1030.41 326001173118137 1
problem16 262.94 296141259153940 1
problem17 869.93 267056156782730 1
problem18 8.92 282601331686673 1
