problem0 0.57 64250691 1 3800.00
problem1 1.99 55888481 1 4532.00
problem2 2.10 57269231 1 4524.00
problem3 0.00 58283885 1 4524.00
problem4 0.76 58284123 1 4524.00
problem5 0.39 69088825 1 4524.00
problem6 0.88 55534727 1 4524.00
problem7 0.45 62608069 1 4524.00
problem8 1.40 65162355 1 4524.00
problem9 0.83 59791633 1 4524.00
problem10 1.05 58596383 1 3808.00
problem11 2.02 57718045 1 4540.00
problem12 0.32 66101131 1 4532.00
problem13 0.00 59740905 1 4532.00
problem14 1.41 62218935 1 4532.00
problem15 1.24 53206645 1 4532.00
problem16 0.00 60928419 1 4532.00
problem17 0.62 66864065 1 4532.00
problem18 1.09 61904975 1 4532.00
problem19 3.24 52113101 1 3808.00
problem20 0.93 63890107 1 4540.00
problem21 0.00 53660569 1 4540.00
problem22 0.71 59186407 1 4532.00
problem23 1.06 61408805 1 4532.00
problem24 0.00 63804115 1 4532.00
problem25 0.85 59476593 1 4532.00
problem26 0.95 57430143 1 4532.00
problem27 0.72 60540029 1 4532.00
problem28 1.07 55517675 1 4532.00
