problem0 0 12795703765 1
problem1 0 12227082765 1
problem2 0 13206987461 1
problem3 0 11200439293 1
problem4 0 11491882421 1
problem5 0 12864622573 1
problem6 0 12495055525 1
problem7 0 13673856477 1
problem8 0 12060721557 1
problem9 0 11341180365 1
problem10 0 12585122437 1
problem11 0 13948477373 1
problem12 0.01 12530767221 1
problem13 0 12012409773 1
problem14 0 11241493093 1
problem15 0 12022073757 1
problem16 0 12952219989 1
problem17 0 12263031181 1
problem18 0 12545094213 1
problem19 0 12464208765 1
problem20 0 11101967669 1
problem21 0 12170508141 1
problem22 0 12397959717 1
problem23 0 13678818653 1
problem24 0.01 11610390805 1
problem25 0 12625999181 1
problem26 0 13018745349 1
problem27 0 12467615549 1
problem28 0 13344896245 1
problem29 0 11844696877 1
problem30 0 13279052261 1
problem31 0 11546280221 1
problem32 0.01 12094271701 1
problem33 0 12345149709 1
problem34 0 11119346117 1
problem35 0 12296704765 1
problem36 0 13185152181 1
problem37 0 12359327469 1
problem38 0 12138891685 1
problem39 0 11814202589 1
problem40 0 12691538069 1
problem41 0 12275072205 1
problem42 0 13221190021 1
problem43 0 12571184829 1
problem44 0 12198745205 1
problem45 0 13293920941 1
problem46 0 12466090341 1
problem47 0 13558790301 1
problem48 0 13166260309 1
problem49 0 12330832013 1
problem50 0 12142580037 1
problem51 0 12434369149 1
problem52 0 12095902773 1
problem53 0 13020038765 1
problem54 0.01 13320075557 1
problem55 0 12769240157 1
problem56 0 12074549269 1
problem57 0 12024841293 1
problem58 0 11036584197 1
problem59 0 11700659773 1
problem60 0 12842021877 1
problem61 0 12996250157 1
problem62 0 10941702373 1
problem63 0 12279853085 1
problem64 0 12938571733 1
problem65 0 11809036301 1
problem66 0 12653617349 1
problem67 0 12466160125 1
problem68 0 12389233589 1
problem69 0 12936293869 1
problem70 0 12711897253 1
problem71 0.01 12643228637 1
problem72 0 11361648533 1
problem73 0 10927393741 1
problem74 0 12630554757 1
problem75 0 13471530429 1
problem76 0 12581983093 1
problem77 0 11345949101 1
problem78 0 12187160677 1
problem79 0 11861829533 1
problem80 0 12744994645 1
problem81 0 11174027149 1
problem82 0 12375633989 1
problem83 0 11712600445 1
problem84 0.01 12983014197 1
problem85 0 13307663725 1
problem86 0 13795629093 1
problem87 0 12635738973 1
problem88 0 12155059989 1
problem89 0 12866655053 1
problem90 0.01 12894439429 1
problem91 0 11835610429 1
problem92 0 12752417525 1
problem93 0 13300685101 1
problem94 0 13241286629 1
problem95 0 12698984221 1
problem96 0 11503398613 1
problem97 0 12699117325 1
problem98 0 12642418629 1
problem99 0 12178567421 1
