problem0 0 20838426510 1
problem1 0 19250203758 1
problem2 0.04 18189913422 1
problem3 0.01 18719992366 1
problem4 0.01 19058090766 1
problem5 0.01 18033178606 1
problem6 0.02 16931039438 1
problem7 0 20802893230 1
problem8 0.02 18299182734 1
problem9 0 21096031086 1
problem10 0.03 19032966222 1
problem11 0 18465636654 1
problem12 0.04 21562726926 1
problem13 0 16340291310 1
problem14 0 19846307790 1
problem15 0 18266016942 1
problem16 0 19770152334 1
problem17 0.01 19853212270 1
problem18 0 18211339086 1
problem19 0.02 18440329262 1
problem20 0.02 18606838030 1
problem21 0 17925711342 1
problem22 0 18605479630 1
problem23 0.01 20177658798 1
problem24 0 20268502158 1
problem25 0 20202590574 1
problem26 0.03 17721520718 1
problem27 0.01 20103687982 1
problem28 0.02 17555621902 1
problem29 0 17806605550 1
problem30 0.01 21110623694 1
problem31 0.01 15112534702 1
problem32 0.01 19643237262 1
problem33 0 19845687406 1
problem34 0.01 19559999822 1
problem35 0 20620363310 1
problem36 0 18794954510 1
problem37 0.01 19590075374 1
problem38 0 20231423182 1
problem39 0 19025777070 1
problem40 0 20427717262 1
problem41 0 21315862382 1
problem42 0.01 19280814158 1
problem43 0 20376231214 1
problem44 0.01 18952615438 1
problem45 0.03 17756416750 1
problem46 0.01 20111850446 1
problem47 0 20492101806 1
problem48 0 20323463566 1
problem49 0 18556540526 1
problem50 0.03 19954194254 1
problem51 0.01 20294038574 1
problem52 0 18951351566 1
problem53 0.01 19670827502 1
problem54 0.02 18453426894 1
problem55 0.03 18823643054 1
problem56 0 18642610318 1
problem57 0 20006661486 1
problem58 0.01 17671048782 1
problem59 0 18612177710 1
problem60 0 21324522510 1
problem61 0 19276732654 1
problem62 0.01 21547608526 1
problem63 0 17090631342 1
problem64 0.01 18455388046 1
problem65 0.01 15851553902 1
problem66 0 18722833742 1
problem67 0.01 18937750062 1
problem68 0 18941811470 1
problem69 0 21254975470 1
problem70 0.01 19042853070 1
problem71 0 19437039022 1
problem72 0.01 20147672718 1
problem73 0.01 19361995630 1
problem74 0.01 18126715982 1
problem75 0 18435406126 1
problem76 0.01 20242158094 1
problem77 0.01 19012110062 1
problem78 0.01 20451841998 1
problem79 0 20343162030 1
problem80 0 18199760270 1
problem81 0 19649573486 1
problem82 0.01 17879184206 1
problem83 0.01 18564763694 1
problem84 0.01 19168987406 1
problem85 0 15618366958 1
problem86 0 19181129422 1
problem87 0.01 21268618158 1
problem88 0.01 20513719438 1
problem89 0 17637034350 1
problem90 0.01 19976727118 1
problem91 0.01 18637956910 1
problem92 0.01 17718788110 1
problem93 0 18438943982 1
problem94 0 18300945870 1
problem95 0.01 17230574254 1
problem96 0.02 18348620686 1
problem97 0 19615834222 1
problem98 0 19436511566 1
problem99 0 21725216302 1
