problem0 0.13 1427918 1 2108.00
problem1 0.16 1336284 1 2152.00
problem2 0.24 1458490 1 2168.00
problem3 0.15 1368424 1 2168.00
problem4 0.22 1390566 1 2168.00
problem5 0.19 1313844 1 2168.00
problem6 0.16 1235410 1 2168.00
problem7 0.11 1224768 1 2168.00
problem8 0.14 1184510 1 2168.00
problem9 0.14 1235340 1 2168.00
problem10 0.12 1150826 1 2168.00
problem11 0.09 1365016 1 2168.00
problem12 0.19 1260310 1 2168.00
problem13 0.21 1420260 1 2168.00
problem14 0.19 1360386 1 2168.00
problem15 0.19 1289456 1 2168.00
problem16 0.13 1118254 1 2168.00
problem17 0.16 1270588 1 2168.00
problem18 0.13 1331610 1 2168.00
problem19 0.14 1284808 1 2168.00
problem20 0.17 1274438 1 2168.00
problem21 0.19 1335188 1 2168.00
problem22 0.14 1285682 1 2168.00
problem23 0.18 1277344 1 2168.00
problem24 0.16 1360222 1 2168.00
problem25 0.18 1343724 1 2168.00
problem26 0.12 1247178 1 2168.00
problem27 0.18 1226104 1 2168.00
problem28 0.14 1269110 1 2168.00
problem29 0.19 1255236 1 2168.00
problem30 0.14 1175138 1 2168.00
problem31 0.16 1385040 1 2168.00
problem32 0.13 1255054 1 2168.00
problem33 0.18 1356444 1 2168.00
problem34 0.11 1257978 1 2168.00
problem35 0.17 1221672 1 2168.00
problem36 0.10 1080486 1 2168.00
problem37 0.06 1377012 1 2168.00
problem38 0.19 1356434 1 2168.00
problem39 0.16 1317632 1 2168.00
problem40 0.23 1523646 1 2176.00
problem41 0.09 1177676 1 2176.00
problem42 0.16 1232938 1 2176.00
problem43 0.12 1173208 1 2176.00
problem44 0.13 1298390 1 2176.00
problem45 0.16 1340068 1 2176.00
problem46 0.16 1436354 1 2176.00
problem47 0.11 1304496 1 2176.00
problem48 0.16 1314030 1 2176.00
problem49 0.10 1167868 1 2176.00
problem50 0.24 1434202 1 2176.00
problem51 0.11 1179016 1 2176.00
problem52 0.16 1234694 1 2176.00
problem53 0.13 1242708 1 2176.00
problem54 0.19 1251058 1 2176.00
problem55 0.11 1149024 1 2176.00
problem56 0.19 1281566 1 2176.00
problem57 0.21 1294252 1 2176.00
problem58 0.08 1075338 1 2176.00
problem59 0.19 1402936 1 2176.00
problem60 0.16 1184310 1 2176.00
problem61 0.18 1379844 1 2176.00
problem62 0.15 1423138 1 2176.00
problem63 0.20 1309968 1 2176.00
problem64 0.16 1327950 1 2176.00
problem65 0.13 1229148 1 2176.00
problem66 0.12 1270458 1 2176.00
problem67 0.22 1320680 1 2176.00
problem68 0.13 1180006 1 2176.00
problem69 0.22 1391028 1 2176.00
problem70 0.19 1330002 1 2176.00
problem71 0.14 1263040 1 2176.00
problem72 0.13 1191038 1 2176.00
problem73 0.12 1267468 1 2176.00
problem74 0.16 1233130 1 2176.00
problem75 0.16 1325464 1 2176.00
problem76 0.19 1352854 1 2176.00
problem77 0.11 1210724 1 2176.00
problem78 0.18 1397634 1 2176.00
problem79 0.20 1368688 1 2176.00
problem80 0.12 1296814 1 2176.00
problem81 0.13 1245372 1 2176.00
problem82 0.18 1356570 1 2176.00
problem83 0.14 1253448 1 2176.00
problem84 0.13 1244102 1 2176.00
problem85 0.16 1133844 1 2176.00
problem86 0.16 1298354 1 2176.00
problem87 0.19 1266464 1 2176.00
problem88 0.11 1219294 1 2176.00
problem89 0.14 1425004 1 2176.00
problem90 0.14 1247562 1 2176.00
problem91 0.13 1268472 1 2176.00
problem92 0.15 1279734 1 2176.00
problem93 0.16 1324228 1 2176.00
problem94 0.19 1327074 1 2176.00
problem95 0.10 1120208 1 2176.00
problem96 0.14 1253390 1 2176.00
problem97 0.12 1282076 1 2176.00
problem98 0.18 1299322 1 2176.00
problem99 0.10 1108392 1 2176.00
