problem0 0 1234091 1
problem1 0 1134179 1
problem2 0 1155995 1
problem3 0 1182803 1
problem4 0 1065099 1
problem5 0 1013827 1
problem6 0 1174395 1
problem7 0 1135155 1
problem8 0 1205355 1
problem9 0 907811 1
problem10 0 1174363 1
problem11 0 1069075 1
problem12 0 1032267 1
problem13 0 881667 1
problem14 0 1123131 1
problem15 0 1115635 1
problem16 0 1070123 1
problem17 0 1164771 1
problem18 0 1053467 1
problem19 0 1045459 1
problem20 0 1155083 1
problem21 0 1068995 1
problem22 0 1030907 1
problem23 0 1186227 1
problem24 0 992235 1
problem25 0 1053091 1
problem26 0 1153755 1
problem27 0 1111955 1
problem28 0 1171403 1
problem29 0 1149827 1
problem30 0 1159867 1
problem31 0 986483 1
problem32 0 1135531 1
problem33 0 1129827 1
problem34 0 1082011 1
problem35 0 1235795 1
problem36 0 1146763 1
problem37 0 1124163 1
problem38 0 1051259 1
problem39 0 942387 1
problem40 0 1041259 1
problem41 0 1067299 1
problem42 0 1002075 1
problem43 0 1220371 1
problem44 0 1015627 1
problem45 0 1188611 1
problem46 0 1163835 1
problem47 0 1021171 1
problem48 0 1102635 1
problem49 0 931043 1
problem50 0 1012251 1
problem51 0 1229523 1
problem52 0 1171211 1
problem53 0 1081027 1
problem54 0 1235451 1
problem55 0 1026227 1
problem56 0 1188587 1
problem57 0 1245347 1
problem58 0 1047003 1
problem59 0 1197715 1
problem60 0 1220299 1
problem61 0 1129091 1
problem62 0 1069499 1
problem63 0 1285235 1
problem64 0 1036971 1
problem65 0 1092707 1
problem66 0 1073563 1
problem67 0 1124947 1
problem68 0 1064587 1
problem69 0 1005123 1
problem70 0 1091963 1
problem71 0 1142835 1
problem72 0 1172075 1
problem73 0 1062947 1
problem74 0 993627 1
problem75 0 1207827 1
problem76 0 1097291 1
problem77 0 1036803 1
problem78 0 1106235 1
problem79 0 1352691 1
problem80 0 1069611 1
problem81 0 1188835 1
problem82 0 1167643 1
problem83 0 1216979 1
problem84 0 1220107 1
problem85 0 1125827 1
problem86 0 1177851 1
problem87 0 1161139 1
problem88 0 1122795 1
problem89 0 1011619 1
problem90 0 1071323 1
problem91 0 1021331 1
problem92 0 1170891 1
problem93 0 1042819 1
problem94 0 1110203 1
problem95 0 1092467 1
problem96 0 1102251 1
problem97 0 1186659 1
problem98 0 1130651 1
problem99 0 1079635 1
