problem0 0.01 515071267682901 140734551987432 4 1.16637e-312 0.00
problem1 0.01 405974973112046 140734551987432 4 1.16637e-312 0.00
problem2 0 359183838395139 140734551987432 4 1.16637e-312 0.00
problem3 0.03 363749129245211 140734551987432 4 1.16637e-312 0.00
problem4 0.02 378256827666517 140734551987432 4 1.16637e-312 0.00
problem5 0.09 494903015279946 140734551987432 4 1.16637e-312 0.00
problem6 0.02 377855868449757 140734551987432 4 1.16637e-312 0.00
problem7 0.03 425712812049792 140734551987432 4 1.16637e-312 0.00
problem8 0.04 502490200007251 140734551987432 4 1.16637e-312 0.00
problem9 0.03 461425184982623 140734551987432 4 1.16637e-312 0.00
problem10 0.05 421269249628005 140734551987432 4 1.16637e-312 0.00
problem11 0.01 344439448328257 140734551987432 4 1.16637e-312 0.00
problem12 0 465061517700801 140734551987432 4 1.16637e-312 0.00
problem13 0.01 482337487860043 140734551987432 4 1.16637e-312 0.00
problem14 0 420757372469855 140734551987432 4 1.16637e-312 0.00
problem15 0.02 476027792517198 140734551987432 4 1.16637e-312 0.00
problem16 0.05 428353687591767 140734551987432 4 1.16637e-312 0.00
problem17 0.02 515398898491523 140734551987432 4 1.16637e-312 0.00
problem18 0.03 386850393102705 140734551987432 4 1.16637e-312 0.00
problem19 0.01 482614567260684 140734551987432 4 1.16637e-312 0.00
problem20 0.04 502881768718978 140734551987432 4 1.16637e-312 0.00
problem21 0.02 485335516609950 140734551987432 4 1.16637e-312 0.00
problem22 0.02 549048381106367 140734551987432 4 1.16637e-312 0.00
problem23 0.01 449455738383827 140734551987432 4 1.16637e-312 0.00
problem24 0.03 472608951656503 140734551987432 4 1.16637e-312 0.00
problem25 0.02 410890223992907 140734551987432 4 1.16637e-312 0.00
problem26 0.02 392703017425073 140734551987432 4 1.16637e-312 0.00
problem27 0.01 439892245265276 140734551987432 4 1.16637e-312 0.00
problem28 0.02 462412935153681 140734551987432 4 1.16637e-312 0.00
problem29 0.01 437481394380417 140734551987432 4 1.16637e-312 0.00
problem30 0.01 482344673823274 140734551987432 4 1.16637e-312 0.00
problem31 0.02 456956443388342 140734551987432 4 1.16637e-312 0.00
problem32 0.02 503691658198170 140734551987432 4 1.16637e-312 0.00
problem33 0.02 457455792605215 140734551987432 4 1.16637e-312 0.00
problem34 0.01 507686912802620 140734551987432 4 1.16637e-312 0.00
problem35 0.04 395248568123074 140734551987432 4 1.16637e-312 0.00
problem36 0.01 409534269968313 140734551987432 4 1.16637e-312 0.00
problem37 0 390979740579418 140734551987432 4 1.16637e-312 0.00
problem38 0.01 388586231609994 140734551987432 4 1.16637e-312 0.00
problem39 0.02 445405485781884 140734551987432 4 1.16637e-312 0.00
problem40 0.03 471585749285964 140734551987432 4 1.16637e-312 0.00
problem41 0.02 467946789035509 140734551987432 4 1.16637e-312 0.00
problem42 0.02 510535349551538 140734551987432 4 1.16637e-312 0.00
problem43 0.02 477251553214732 140734551987432 4 1.16637e-312 0.00
problem44 0.01 421740525246535 140734551987432 4 1.16637e-312 0.00
problem45 0.02 420563123707795 140734551987432 4 1.16637e-312 0.00
problem46 0.01 400264278452290 140734551987432 4 1.16637e-312 0.00
problem47 0.03 475382925318379 140734551987432 4 1.16637e-312 0.00
problem48 0.01 424175390985381 140734551987432 4 1.16637e-312 0.00
problem49 0.05 547307984888982 140734551987432 4 1.16637e-312 0.00
problem50 0.02 413675387319859 140734551987432 4 1.16637e-312 0.00
problem51 0.01 586466900923002 140734551987432 4 1.16637e-312 0.00
problem52 0.01 562500454016064 140734551987432 4 1.16637e-312 0.00
problem53 0.04 483327735664087 140734551987432 4 1.16637e-312 0.00
problem54 0.02 547957343647265 140734551987432 4 1.16637e-312 0.00
problem55 0.02 361925197282572 140734551987432 4 1.16637e-312 0.00
problem56 0 365516929819917 140734551987432 4 1.16637e-312 0.00
problem57 0.04 579410221407388 140734551987432 4 1.16637e-312 0.00
problem58 0.01 367518161132264 140734551987432 4 1.16637e-312 0.00
problem59 0 452945754263298 140734551987432 4 1.16637e-312 0.00
problem60 0.09 433103241283164 140734551987432 4 1.16637e-312 0.00
problem61 0.02 388809267601020 140734551987432 4 1.16637e-312 0.00
problem62 0 545971963285057 140734551987432 4 1.16637e-312 0.00
problem63 0.02 533160037437664 140734551987432 4 1.16637e-312 0.00
problem64 0.04 456527251619243 140734551987432 4 1.16637e-312 0.00
problem65 0.01 500482463182959 140734551987432 4 1.16637e-312 0.00
problem66 0.05 471209300521456 140734551987432 4 1.16637e-312 0.00
problem67 0.01 456273713548886 140734551987432 4 1.16637e-312 0.00
problem68 0.02 452931575561065 140734551987432 4 1.16637e-312 0.00
problem69 0.02 492971847919324 140734551987432 4 1.16637e-312 0.00
problem70 0.01 467866966722784 140734551987432 4 1.16637e-312 0.00
problem71 0.05 461464411225979 140734551987432 4 1.16637e-312 0.00
problem72 0.02 458122416898299 140734551987432 4 1.16637e-312 0.00
problem73 0.02 491548266067562 140734551987432 4 1.16637e-312 0.00
problem74 0.02 410003021831998 140734551987432 4 1.16637e-312 0.00
problem75 0.01 470682480308778 140734551987432 4 1.16637e-312 0.00
problem76 0.02 538533782946880 140734551987432 4 1.16637e-312 0.00
problem77 0.03 418963177389938 140734551987432 4 1.16637e-312 0.00
problem78 0.06 473570557847401 140734551987432 4 1.16637e-312 0.00
problem79 0.07 500919390578175 140734551987432 4 1.16637e-312 0.00
problem80 0.02 471506791527550 140734551987432 4 1.16637e-312 0.00
problem81 0.01 420931858909236 140734551987432 4 1.16637e-312 0.00
problem82 0.01 489572342748543 140734551987432 4 1.16637e-312 0.00
problem83 0.31 569776638335089 140734551987432 4 1.16637e-312 0.00
problem84 0.12 490414648925724 140734551987432 4 1.16637e-312 0.00
problem85 0.01 435353964139520 140734551987432 4 1.16637e-312 0.00
problem86 0.03 496392422959062 140734551987432 4 1.16637e-312 0.00
problem87 0.07 511703141724880 140734551987432 4 1.16637e-312 0.00
problem88 0.04 439659409133477 140734551987432 4 1.16637e-312 0.00
problem89 0.03 386735000023266 140734551987432 4 1.16637e-312 0.00
problem90 0.02 393793581501186 140734551987432 4 1.16637e-312 0.00
problem91 0.02 523347934905255 140734551987432 4 1.16637e-312 0.00
problem92 0.08 526483850500308 140734551987432 4 1.16637e-312 0.00
problem93 0.02 491352520534212 140734551987432 4 1.16637e-312 0.00
problem94 0.04 513882809657558 140734551987432 4 1.16637e-312 0.00
problem95 0.02 430933399240139 140734551987432 4 1.16637e-312 0.00
problem96 0.04 488355796216989 140734551987432 4 1.16637e-312 0.00
problem97 0.06 503210231086022 140734551987432 4 1.16637e-312 0.00
problem98 0.01 476869766136323 140734551987432 4 1.16637e-312 0.00
problem99 0.05 422008263196450 140734551987432 4 1.16637e-312 0.00
