problem0 0.93 1005235858925024 140734121946584 4 1.16637e-312 0.00
problem1 1.81 1218083659029401 140734121946584 4 1.16637e-312 0.00
problem2 1.9 1373731099927461 140734121946584 4 1.16637e-312 0.00
problem3 3.01 1268672375335631 140734121946584 4 1.16637e-312 0.00
problem4 1.51 1086906478721482 140734121946584 4 1.16637e-312 0.00
problem5 1.46 1170536663576861 140734121946584 4 1.16637e-312 0.00
problem6 1.14 1182111001697144 140734121946584 4 1.16637e-312 0.00
problem7 2.23 1197076680982498 140734121946584 4 1.16637e-312 0.00
problem8 1.51 1005882026274286 140734121946584 4 1.16637e-312 0.00
problem9 2.26 1066473854591938 140734121946584 4 1.16637e-312 0.00
problem10 2.58 1182204644068777 140734121946584 4 1.16637e-312 0.00
problem11 0.92 998954695378416 140734121946584 4 1.16637e-312 0.00
problem12 3.05 1085041193175910 140734121946584 4 1.16637e-312 0.00
problem13 1.07 1055592864249242 140734121946584 4 1.16637e-312 0.00
problem14 2.1 1302582296690271 140734121946584 4 1.16637e-312 0.00
problem15 3.7 1240912015170422 140734121946584 4 1.16637e-312 0.00
problem16 2.36 941202795597047 140734121946584 4 1.16637e-312 0.00
problem17 2.34 1226162206628965 140734121946584 4 1.16637e-312 0.00
problem18 1.72 973244207372848 140734121946584 4 1.16637e-312 0.00
problem19 2.17 1250137203878347 140734121946584 4 1.16637e-312 0.00
problem20 2.32 1283397548369032 140734121946584 4 1.16637e-312 0.00
problem21 2.12 1013210028905546 140734121946584 4 1.16637e-312 0.00
problem22 1.84 1097626535003745 140734121946584 4 1.16637e-312 0.00
problem23 1.95 1034261985842079 140734121946584 4 1.16637e-312 0.00
problem24 2.47 1083536616228637 140734121946584 4 1.16637e-312 0.00
problem25 1.41 838903344903106 140734121946584 4 1.16637e-312 0.00
problem26 1.09 1242100429648225 140734121946584 4 1.16637e-312 0.00
problem27 1.19 936060508973271 140734121946584 4 1.16637e-312 0.00
problem28 2.63 1366289245888303 140734121946584 4 1.16637e-312 0.00
problem29 2.76 1418032298605916 140734121946584 4 1.16637e-312 0.00
problem30 2.94 1178898728672358 140734121946584 4 1.16637e-312 0.00
problem31 1.84 1195030071957955 140734121946584 4 1.16637e-312 0.00
problem32 1.58 1283673755759490 140734121946584 4 1.16637e-312 0.00
problem33 2.68 1142488530594846 140734121946584 4 1.16637e-312 0.00
problem34 1.1 1110792826038322 140734121946584 4 1.16637e-312 0.00
problem35 2.26 1233715622402367 140734121946584 4 1.16637e-312 0.00
problem36 1.63 1082396982599040 140734121946584 4 1.16637e-312 0.00
problem37 2.12 1178838862703387 140734121946584 4 1.16637e-312 0.00
problem38 1.97 1355698804474643 140734121946584 4 1.16637e-312 0.00
problem39 2.33 1058125106619210 140734121946584 4 1.16637e-312 0.00
problem40 3.88 1321973329985430 140734121946584 4 1.16637e-312 0.00
problem41 1.02 1286288913162987 140734121946584 4 1.16637e-312 0.00
problem42 1.65 1179968140118019 140734121946584 4 1.16637e-312 0.00
problem43 2.3 1115224777796623 140734121946584 4 1.16637e-312 0.00
problem44 0.9 1009613760758524 140734121946584 4 1.16637e-312 0.00
problem45 3.55 1045078742921959 140734121946584 4 1.16637e-312 0.00
problem46 1.58 1169386092375126 140734121946584 4 1.16637e-312 0.00
problem47 1.93 1241194388563722 140734121946584 4 1.16637e-312 0.00
problem48 1.82 1285831371722675 140734121946584 4 1.16637e-312 0.00
problem49 3.02 1190981243013700 140734121946584 4 1.16637e-312 0.00
problem50 2.03 1098096490227369 140734121946584 4 1.16637e-312 0.00
problem51 1.01 1185802659645687 140734121946584 4 1.16637e-312 0.00
problem52 2.54 1204656439578355 140734121946584 4 1.16637e-312 0.00
problem53 1.27 1137028911592701 140734121946584 4 1.16637e-312 0.00
problem54 1.98 1187449898934850 140734121946584 4 1.16637e-312 0.00
problem55 1.38 1146785082292756 140734121946584 4 1.16637e-312 0.00
problem56 1.91 1019662413270665 140734121946584 4 1.16637e-312 0.00
problem57 2.84 1019473700726348 140734121946584 4 1.16637e-312 0.00
problem58 3.4 1225252493255203 140734121946584 4 1.16637e-312 0.00
problem59 0.99 951057559121465 140734121946584 4 1.16637e-312 0.00
problem60 2.93 1195145344390413 140734121946584 4 1.16637e-312 0.00
problem61 1.25 1123957930197054 140734121946584 4 1.16637e-312 0.00
problem62 2.09 1277225293169029 140734121946584 4 1.16637e-312 0.00
problem63 1.98 1270915593712327 140734121946584 4 1.16637e-312 0.00
problem64 1.27 1111997722259176 140734121946584 4 1.16637e-312 0.00
problem65 2.2 1269030099774603 140734121946584 4 1.16637e-312 0.00
problem66 1.67 1271188073772976 140734121946584 4 1.16637e-312 0.00
problem67 1.6 1073991947237751 140734121946584 4 1.16637e-312 0.00
problem68 1.83 1048987644221407 140734121946584 4 1.16637e-312 0.00
problem69 2.57 1373227093444816 140734121946584 4 1.16637e-312 0.00
problem70 2.27 994687317573027 140734121946584 4 1.16637e-312 0.00
problem71 1.89 1049157108633444 140734121946584 4 1.16637e-312 0.00
problem72 1.23 1259823258418560 140734121946584 4 1.16637e-312 0.00
problem73 2.67 1224972100178683 140734121946584 4 1.16637e-312 0.00
problem74 2.18 1248783100829321 140734121946584 4 1.16637e-312 0.00
problem75 0.81 1113568696463222 140734121946584 4 1.16637e-312 0.00
problem76 1.27 1136099573628075 140734121946584 4 1.16637e-312 0.00
problem77 0.69 1184159907196164 140734121946584 4 1.16637e-312 0.00
problem78 1.95 1152893546201933 140734121946584 4 1.16637e-312 0.00
problem79 1.3 1226878277404050 140734121946584 4 1.16637e-312 0.00
problem80 2.83 1078549546083320 140734121946584 4 1.16637e-312 0.00
problem81 4.11 1155533039773405 140734121946584 4 1.16637e-312 0.00
problem82 1.78 1331362802025819 140734121946584 4 1.16637e-312 0.00
problem83 3.41 1145896080834537 140734121946584 4 1.16637e-312 0.00
problem84 1.75 988146230665845 140734121946584 4 1.16637e-312 0.00
problem85 1.78 1110955401649785 140734121946584 4 1.16637e-312 0.00
problem86 1.67 1114047568026935 140734121946584 4 1.16637e-312 0.00
problem87 1.43 1151194237283749 140734121946584 4 1.16637e-312 0.00
problem88 3.07 1137404554238693 140734121946584 4 1.16637e-312 0.00
problem89 1.71 1187363845601683 140734121946584 4 1.16637e-312 0.00
problem90 1.38 1223910838032395 140734121946584 4 1.16637e-312 0.00
problem91 2.06 1202048117051249 140734121946584 4 1.16637e-312 0.00
problem92 1.58 1140882971041363 140734121946584 4 1.16637e-312 0.00
problem93 1.64 1173564647658783 140734121946584 4 1.16637e-312 0.00
problem94 1.6 900736574387978 140734121946584 4 1.16637e-312 0.00
problem95 2.11 1102252731349187 140734121946584 4 1.16637e-312 0.00
problem96 0.65 994065740490117 140734121946584 4 1.16637e-312 0.00
problem97 2.52 1121550830040544 140734121946584 4 1.16637e-312 0.00
problem98 1.84 1043105773829402 140734121946584 4 1.16637e-312 0.00
problem99 2.16 1415719274124658 140734121946584 4 1.16637e-312 0.00
