problem0 0 192981 1
problem1 0 174605 1
problem2 0 172741 1
problem3 0 189437 1
problem4 0 181685 1
problem5 0 180205 1
problem6 0 187045 1
problem7 0 196061 1
problem8 0 192917 1
problem9 0 196045 1
problem10 0 182917 1
problem11 0 208829 1
problem12 0 206197 1
problem13 0 172973 1
problem14 0 184933 1
problem15 0 207261 1
problem16 0 184661 1
problem17 0 201101 1
problem18 0 193093 1
problem19 0 191357 1
problem20 0 181557 1
problem21 0 198509 1
problem22 0 186917 1
problem23 0 185693 1
problem24 0 192789 1
problem25 0 173389 1
problem26 0 170501 1
problem27 0 190269 1
problem28 0 189685 1
problem29 0 211757 1
problem30 0 192997 1
problem31 0 192797 1
problem32 0 213205 1
problem33 0 166157 1
problem34 0 176581 1
problem35 0 185085 1
problem36 0 189621 1
problem37 0 179949 1
problem38 0 186789 1
problem39 0 171229 1
problem40 0 176277 1
problem41 0 199885 1
problem42 0 194949 1
problem43 0 196285 1
problem44 0 173173 1
problem45 0 197293 1
problem46 0 196965 1
problem47 0 207005 1
problem48 0 196693 1
problem49 0 188557 1
problem50 0 188741 1
problem51 0 182909 1
problem52 0 181301 1
problem53 0 177773 1
problem54 0 182565 1
problem55 0 197725 1
problem56 0 192533 1
problem57 0 214093 1
problem58 0 190725 1
problem59 0 177725 1
problem60 0 189429 1
problem61 0 182829 1
problem62 0 192741 1
problem63 0 180253 1
problem64 0 188373 1
problem65 0 186381 1
problem66 0 184517 1
problem67 0 188925 1
problem68 0 193461 1
problem69 0 179693 1
problem70 0 207013 1
problem71 0 195549 1
problem72 0 196501 1
problem73 0 187341 1
problem74 0 186501 1
problem75 0 187837 1
problem76 0 172917 1
problem77 0 180653 1
problem78 0 204901 1
problem79 0 198557 1
problem80 0 188245 1
problem81 0 180109 1
problem82 0 176197 1
problem83 0 174461 1
problem84 0 201525 1
problem85 0 177517 1
problem86 0 182309 1
problem87 0 185181 1
problem88 0 175893 1
problem89 0 185165 1
problem90 0 182277 1
problem91 0 169277 1
problem92 0 193269 1
problem93 0 178477 1
problem94 0 176101 1
problem95 0 192285 1
problem96 0 192213 1
problem97 0 190221 1
problem98 0 196549 1
problem99 0 188669 1
