problem0 6.24 189787 5 -2072565288 6.95325e-310 0.00
problem1 9.72 178381 5 -2072565288 6.95325e-310 0.00
problem2 10.62 168795 5 -2072565288 6.95325e-310 0.00
problem3 10.21 168311 5 -2072565288 6.95325e-310 0.00
problem4 8.99 155084 5 -2072565288 6.95325e-310 0.00
problem5 11.96 180087 5 -2072565288 6.95325e-310 0.00
problem6 16.22 177784 5 -2072565288 6.95325e-310 0.00
problem7 7.91 184581 5 -2072565288 6.95325e-310 0.00
problem8 12.3 171355 5 -2072565288 6.95325e-310 0.00
problem9 11.86 174512 5 -2072565288 6.95325e-310 0.00
problem10 15.32 150363 5 -2072565288 6.95325e-310 0.00
problem11 11.75 164443 5 -2072565288 6.95325e-310 0.00
problem12 9.03 187625 5 -2072565288 6.95325e-310 0.00
problem13 9.16 190782 5 -2072565288 6.95325e-310 0.00
problem14 10.68 166633 5 -2072565288 6.95325e-310 0.00
problem15 6.63 144304 5 -2072565288 6.95325e-310 0.00
problem16 10.77 174768 5 -2072565288 6.95325e-310 0.00
problem17 26.96 177926 5 -2072565288 6.95325e-310 0.00
problem18 15.67 161058 5 -2072565288 6.95325e-310 0.00
problem19 8.42 167856 5 -2072565288 6.95325e-310 0.00
problem20 8.14 183756 5 -2072565288 6.95325e-310 0.00
problem21 9.5 179632 5 -2072565288 6.95325e-310 0.00
problem22 8.15 177328 5 -2072565288 6.95325e-310 0.00
problem23 12.72 184126 5 -2072565288 6.95325e-310 0.00
problem24 8.09 149054 5 -2072565288 6.95325e-310 0.00
problem25 12.22 181339 5 -2072565288 6.95325e-310 0.00
problem26 22.99 193599 5 -2072565288 6.95325e-310 0.00
problem27 10.2 171269 5 -2072565288 6.95325e-310 0.00
problem28 7.41 165324 5 -2072565288 6.95325e-310 0.00
problem29 7.99 175763 5 -2072565288 6.95325e-310 0.00
problem30 5.42 158896 5 -2072565288 6.95325e-310 0.00
problem31 25.43 180258 5 -2072565288 6.95325e-310 0.00
problem32 5.88 167031 5 -2072565288 6.95325e-310 0.00
problem33 11.85 184752 5 -2072565288 6.95325e-310 0.00
problem34 8.11 175166 5 -2072565288 6.95325e-310 0.00
problem35 27.45 189246 5 -2072565288 6.95325e-310 0.00
problem36 11.87 190583 5 -2072565288 6.95325e-310 0.00
problem37 10.81 201022 5 -2072565288 6.95325e-310 0.00
problem38 8.25 176873 5 -2072565288 6.95325e-310 0.00
problem39 9.84 139981 5 -2072565288 6.95325e-310 0.00
problem40 11.93 185008 5 -2072565288 6.95325e-310 0.00
problem41 39.44 180884 5 -2072565288 6.95325e-310 0.00
problem42 12.27 193143 5 -2072565288 6.95325e-310 0.00
problem43 11.33 185378 5 -2072565288 6.95325e-310 0.00
problem44 10.12 164869 5 -2072565288 6.95325e-310 0.00
problem45 6.57 153463 5 -2072565288 6.95325e-310 0.00
problem46 14.59 165723 5 -2072565288 6.95325e-310 0.00
problem47 12.99 187084 5 -2072565288 6.95325e-310 0.00
problem48 23.74 188422 5 -2072565288 6.95325e-310 0.00
problem49 9.34 184297 5 -2072565288 6.95325e-310 0.00
problem50 10.4 189275 5 -2072565288 6.95325e-310 0.00
problem51 7.78 166946 5 -2072565288 6.95325e-310 0.00
problem52 7.72 182846 5 -2072565288 6.95325e-310 0.00
problem53 20.91 164159 5 -2072565288 6.95325e-310 0.00
problem54 9.18 169136 5 -2072565288 6.95325e-310 0.00
problem55 12.53 168653 5 -2072565288 6.95325e-310 0.00
problem56 6 184553 5 -2072565288 6.95325e-310 0.00
problem57 15.57 151301 5 -2072565288 6.95325e-310 0.00
problem58 19.48 163561 5 -2072565288 6.95325e-310 0.00
problem59 8.5 177641 5 -2072565288 6.95325e-310 0.00
problem60 8.51 157132 5 -2072565288 6.95325e-310 0.00
problem61 14.76 160290 5 -2072565288 6.95325e-310 0.00
problem62 17.61 172550 5 -2072565288 6.95325e-310 0.00
problem63 26.08 179348 5 -2072565288 6.95325e-310 0.00
problem64 18.34 173402 5 -2072565288 6.95325e-310 0.00
problem65 11.95 176560 5 -2072565288 6.95325e-310 0.00
problem66 10.09 174256 5 -2072565288 6.95325e-310 0.00
problem67 14.45 166491 5 -2072565288 6.95325e-310 0.00
problem68 39.89 175110 5 -2072565288 6.95325e-310 0.00
problem69 6.5 163703 5 -2072565288 6.95325e-310 0.00
problem70 34.42 183245 5 -2072565288 6.95325e-310 0.00
problem71 9.83 168197 5 -2072565288 6.95325e-310 0.00
problem72 18.16 198661 5 -2072565288 6.95325e-310 0.00
problem73 12.08 165410 5 -2072565288 6.95325e-310 0.00
problem74 10.45 177669 5 -2072565288 6.95325e-310 0.00
problem75 8.65 177186 5 -2072565288 6.95325e-310 0.00
problem76 11.11 178523 5 -2072565288 6.95325e-310 0.00
problem77 6.03 167116 5 -2072565288 6.95325e-310 0.00
problem78 15.53 164812 5 -2072565288 6.95325e-310 0.00
problem79 11.72 164329 5 -2072565288 6.95325e-310 0.00
problem80 19.95 165666 5 -2072565288 6.95325e-310 0.00
problem81 7.15 183387 5 -2072565288 6.95325e-310 0.00
problem82 12.83 210210 5 -2072565288 6.95325e-310 0.00
problem83 11.4 187881 5 -2072565288 6.95325e-310 0.00
problem84 8.66 174654 5 -2072565288 6.95325e-310 0.00
problem85 7.26 170530 5 -2072565288 6.95325e-310 0.00
problem86 13.02 175507 5 -2072565288 6.95325e-310 0.00
problem87 8.37 175024 5 -2072565288 6.95325e-310 0.00
problem88 11.98 198206 5 -2072565288 6.95325e-310 0.00
problem89 9.77 172236 5 -2072565288 6.95325e-310 0.00
problem90 9.99 155369 5 -2072565288 6.95325e-310 0.00
problem91 10.69 162167 5 -2072565288 6.95325e-310 0.00
problem92 11.73 185349 5 -2072565288 6.95325e-310 0.00
problem93 13.18 166661 5 -2072565288 6.95325e-310 0.00
problem94 15.27 149794 5 -2072565288 6.95325e-310 0.00
problem95 5.83 149310 5 -2072565288 6.95325e-310 0.00
problem96 10.17 157929 5 -2072565288 6.95325e-310 0.00
problem97 6.33 168368 5 -2072565288 6.95325e-310 0.00
problem98 18.64 187909 5 -2072565288 6.95325e-310 0.00
problem99 7.57 194707 5 -2072565288 6.95325e-310 0.00
