problem0 104.67 569682336011435 1 11816.00
problem1 49.92 592997606837859 1 18056.00
problem2 92.07 521141277139867 1 18056.00
problem3 48.99 556938352036947 1 18056.00
problem4 53.56 545363022790795 1 18056.00
problem5 32.63 564291180329027 1 18056.00
problem6 56.28 600097864838011 1 18056.00
problem7 64.78 585945703305779 1 18056.00
problem8 41.61 649439237039211 1 18056.00
problem9 29.61 593969095465507 1 18056.00
problem10 95.92 551000544537435 1 18056.00
problem11 33.62 626203459309587 1 18056.00
problem12 63.53 553359064612939 1 18056.00
problem13 30.27 684385426207747 1 18056.00
problem14 35.56 543376064619323 1 18056.00
problem15 127.10 505078353855987 1 18056.00
problem16 38.48 593693177861163 1 18056.00
problem17 60.66 618746283312611 1 18056.00
problem18 94.93 588274857808667 1 18056.00
problem19 52.98 574608505304019 1 18056.00
problem20 40.40 639568602669067 1 18056.00
problem21 33.35 644928200527811 1 18056.00
problem22 39.71 628207119481595 1 18056.00
problem23 23.91 642270771354035 1 18056.00
problem24 61.66 656889445327851 1 18056.00
problem25 65.16 587785167049123 1 18056.00
problem26 76.27 545955543685851 1 18056.00
problem27 38.30 654060400867219 1 18056.00
problem28 64.51 592200439979979 1 18056.00
problem29 23.80 659891887246211 1 18056.00
problem30 52.48 617831274951355 1 18056.00
problem31 48.64 682370099285363 1 18056.00
problem32 58.49 576748897915819 1 18056.00
problem33 32.44 643601082006883 1 18056.00
problem34 63.46 544402331927195 1 18056.00
problem35 52.25 568313205283667 1 18056.00
problem36 38.31 586528919289739 1 18056.00
problem37 110.95 591217110394691 1 18056.00
problem38 38.49 627709246605947 1 18056.00
problem39 54.86 535705908732211 1 18056.00
problem40 115.04 523679076442987 1 18056.00
problem41 57.24 542996470057251 1 18056.00
problem42 32.99 641945826642523 1 18056.00
problem43 74.96 593078417202963 1 18056.00
problem44 65.93 558704871178059 1 18056.00
problem45 70.76 580190106460931 1 18056.00
problem46 108.50 494385365860923 1 18056.00
problem47 37.96 656656512652531 1 18056.00
problem48 78.94 552650477753131 1 18056.00
problem49 46.68 612794182186211 1 18056.00
problem50 35.95 633659698541083 1 18056.00
problem51 56.26 618058289070803 1 18056.00
problem52 42.19 615306515537675 1 18056.00
problem53 43.33 638682096893635 1 18056.00
problem54 92.31 602303144188411 1 18056.00
problem55 48.36 618389838506163 1 18056.00
problem56 129.60 545455014388459 1 18056.00
problem57 63.14 574717246439587 1 18056.00
problem58 32.64 604397853833691 1 18056.00
problem59 35.78 646931559990931 1 18056.00
problem60 75.68 561082037575371 1 18056.00
problem61 36.54 642809916373635 1 11400.00
problem62 60.90 579767302705595 1 18428.00
problem63 50.54 623300347042931 1 18428.00
problem64 84.39 590570102117035 1 18428.00
problem65 31.99 619869426297955 1 18428.00
problem66 48.12 635207649747355 1 18428.00
problem67 56.21 591452723554899 1 18428.00
problem68 37.92 603169605533323 1 18428.00
problem69 49.78 553096036406851 1 18428.00
problem70 47.61 613942499125627 1 18428.00
problem71 116.66 618709625794611 1 18428.00
problem72 69.15 569175352205931 1 18428.00
problem73 99.87 545876290910243 1 18428.00
problem74 31.72 613097203050843 1 18428.00
problem75 63.32 555933481659923 1 18428.00
problem76 51.53 592966923468363 1 18428.00
problem77 103.46 579653007528451 1 18428.00
problem78 112.00 529445403812155 1 18428.00
problem79 49.88 571452238242803 1 18428.00
problem80 41.25 583395170570795 1 18428.00
problem81 68.48 580677122335715 1 18428.00
problem82 51.35 548777070612763 1 18428.00
problem83 83.41 556575221649875 1 18428.00
problem84 92.87 602807900151307 1 18428.00
problem85 58.26 535928320208323 1 18428.00
problem86 48.60 553587612842235 1 18428.00
problem87 17.82 617117247420339 1 18428.00
problem88 117.18 537917403537899 1 18428.00
problem89 84.38 515267939266467 1 18428.00
problem90 56.73 610727929993435 1 18428.00
problem91 59.15 608038377133459 1 18428.00
problem92 52.71 568054434356683 1 18428.00
problem93 42.45 615217312098691 1 18428.00
problem94 136.85 548899351949499 1 18428.00
problem95 72.46 591364204702579 1 18428.00
problem96 93.69 581430076527019 1 18428.00
problem97 56.93 593464101935971 1 18428.00
problem98 44.36 594119283359899 1 18428.00
problem99 89.72 561522160925011 1 18428.00
