problem0 0.02 266827236677130 0 2252.00
problem1 0.02 315512116935818 0 2308.00
problem2 0.02 336028347193412 0 2308.00
problem3 0.02 332204041471283 0 2308.00
problem4 0.02 348115277400769 0 2308.00
problem5 0.02 280832587640119 0 2308.00
problem6 0.03 261335503497430 0 2308.00
problem7 0.02 313084696378755 0 2308.00
problem8 0.02 362128298140492 0 2308.00
problem9 0.02 308535335172930 0 2308.00
problem10 0.02 277891124287683 0 2308.00
problem11 0.02 272052410984006 0 2308.00
problem12 0.02 344487749972670 0 2308.00
problem13 0.02 290567775574841 0 2308.00
problem14 0.02 282855011580049 0 2308.00
problem15 0.03 347709682001357 0 2308.00
problem16 0.02 269599076746130 0 2308.00
problem17 0.02 286015375509767 0 2308.00
problem18 0.02 292732657239537 0 2308.00
problem19 0.02 319798406025979 0 2308.00
problem20 0.02 310898045809554 0 2308.00
problem21 0.02 275407198944483 0 2308.00
problem22 0.02 300117335111823 0 2308.00
problem23 0.03 301266554539278 0 2308.00
problem24 0.02 290411681657574 0 2308.00
problem25 0.02 266716031450119 0 2308.00
problem26 0.02 337942227271931 0 2308.00
problem27 0.02 299712413568300 0 2308.00
problem28 0.02 303757307375004 0 2308.00
problem29 0.02 268486047165022 0 2308.00
problem30 0.02 351729457820817 0 2308.00
problem31 0.03 288662201177797 0 2308.00
problem32 0.02 296157243375023 0 2308.00
problem33 0.02 258779499109290 0 2308.00
problem34 0.02 348013138650264 0 2308.00
problem35 0.02 304976510767035 0 2308.00
problem36 0.02 327419794347095 0 2308.00
problem37 0.02 336647647590854 0 2308.00
problem38 0.02 265198540753712 0 2308.00
problem39 0.02 252544230689477 0 2308.00
problem40 0.03 321388883987644 0 2308.00
problem41 0.02 275421433419986 0 2308.00
problem42 0.02 332382598108176 0 2308.00
problem43 0.02 314368167629860 0 2308.00
problem44 0.02 326092863887253 0 2308.00
problem45 0.02 338038568906349 0 2308.00
problem46 0.03 362820455037530 0 2308.00
problem47 0.02 285849867336292 0 2308.00
problem48 0.02 288477006172052 0 2308.00
problem49 0.02 284453845887695 0 2308.00
problem50 0.02 318867385506504 0 2308.00
problem51 0.02 320355771566693 0 2308.00
problem52 0.02 284298893942868 0 2308.00
problem53 0.03 362730628901736 0 2308.00
problem54 0.02 323551889259881 0 2308.00
problem55 0.02 347290611401740 0 2308.00
problem56 0.02 271314266644850 0 2308.00
problem57 0.02 318826728868838 0 2308.00
problem58 0.02 312385179021727 0 2308.00
problem59 0.02 232590313902304 0 2308.00
problem60 0.03 335477109046187 0 2308.00
problem61 0.02 324548245446711 0 2308.00
problem62 0.02 322131965022486 0 2308.00
problem63 0.02 285979384377672 0 2308.00
problem64 0.02 311732856924959 0 2308.00
problem65 0.03 334776329414711 0 2308.00
problem66 0.02 298875982016488 0 2308.00
problem67 0.02 331918870717405 0 2308.00
problem68 0.02 331774108443624 0 2308.00
problem69 0.02 316195630559942 0 2308.00
problem70 0.02 292756856289531 0 2308.00
problem71 0.02 352947380975621 0 2308.00
problem72 0.02 319685323731733 0 2308.00
problem73 0.03 333667637820961 0 2308.00
problem74 0.02 259329473428588 0 2308.00
problem75 0.02 343460200206821 0 2308.00
problem76 0.02 313652457114967 0 2308.00
problem77 0.03 366011690834720 0 2308.00
problem78 0.02 288209305801463 0 2308.00
problem79 0.02 288638072930269 0 2308.00
problem80 0.02 315423837111416 0 2308.00
problem81 0.02 332744624362989 0 2308.00
problem82 0.02 274135386711333 0 2308.00
problem83 0.02 358802676477997 0 2308.00
problem84 0.02 294152284839596 0 2308.00
problem85 0.02 261492744700886 0 2308.00
problem86 0.03 352129841799435 0 2308.00
problem87 0.02 327145661882563 0 2308.00
problem88 0.02 334991469333654 0 2308.00
problem89 0.02 338861585977857 0 2308.00
problem90 0.02 301956837300143 0 2308.00
problem91 0.03 322091189787404 0 2308.00
problem92 0.02 294783073830726 0 2308.00
problem93 0.02 306346111463498 0 2308.00
problem94 0.02 300000478300205 0 2308.00
problem95 0.02 346736386186881 0 2308.00
problem96 0.02 305364026886197 0 2308.00
problem97 0.02 296062839720237 0 2308.00
problem98 0.03 344188500250202 0 2308.00
problem99 0.01 246560611368738 0 2308.00
