problem0 3769.28 1133432891748323 72959 3 3767.37 620944.00
problem1 882.19 1365935782465556 16229 1 880.34 3196388.00
problem2 662.46 1280214987321326 8212 1 661.29 6329828.00
problem3 2498.92 1152020747750262 111400 2 2495.33 6276056.00
problem4 1055.73 1330332456909125 19763 1 1054.55 2585724.00
problem5 556.77 1427995226675702 6158 1 555.63 3058388.00
problem6 1004.56 1348982363620963 16788 1 1002.36 4430500.00
problem7 1093.43 1275581898319141 50237 1 1089.8 4430500.00
problem8 773.8 1463480572294265 14678 1 771.39 1617380.00
problem9 833.57 1310882717739544 18608 1 831.39 1617380.00
problem10 570.63 1496778608147157 9262 1 567.84 1645028.00
problem11 1182.8 1207226861452097 50228 1 1180.29 2873216.00
problem12 889.41 1411066279028997 14418 1 886.81 5736612.00
problem13 1182.31 1224001067137951 30954 1 1180.69 5736612.00
problem14 1266.63 1233295283687662 26310 1 1265.16 7984904.00
problem15 953.72 1322083047473236 23073 1 950.13 7984904.00
problem16 1172.6 1207998527107522 36149 1 1169.4 3997748.00
problem17 1264.51 1099161720805776 100733 1 1255.58 6105252.00
problem18 1111.57 1184024620408250 25175 1 1110.44 3830252.00
problem19 1042.57 1209318200095605 22378 1 1041.16 6484636.00
problem20 910.52 1299513186853291 18989 1 908.9 3794876.00
problem21 529.75 1322429564883106 10275 1 527.07 2080472.00
problem22 1186.83 1312420079165132 35245 1 1184.87 3301772.00
problem23 1128.45 1216690885352461 47995 1 1125.92 3248976.00
problem24 575.42 1468431434764900 9771 1 574.23 1905768.00
problem25 848.17 1308222386095685 15749 1 846.5 10492496.00
problem26 1025.83 1365866120658884 22587 1 1024.64 4466816.00
problem27 1157.07 1262619768913726 25319 1 1155.78 4559664.00
problem28 962.97 1255291573688828 14121 1 962.35 5077732.00
problem29 1276.52 1212318455647721 66237 1 1274.16 5077732.00
problem30 1106.02 1272031983621668 32918 1 1103.88 1674988.00
problem31 723.39 1373896115081092 13286 1 721.91 2148820.00
problem32 888.82 1432819277274444 30553 1 885.76 2148820.00
problem33 686.66 1343581351714718 7729 1 685.77 2959108.00
problem34 1277.01 1174669101276739 38096 1 1275.9 2544776.00
problem35 1111.29 1188119816451638 57206 1 1106.15 5617884.00
problem36 1144.24 1194598172544592 20120 1 1143.12 1946140.00
problem37 1210.36 1228973651816177 50736 1 1208.05 1946140.00
problem38 1053.9 1361211652400606 25535 1 1051.34 2663132.00
problem39 968.91 1308217203694559 34898 1 964.81 2663132.00
problem40 1108.9 1226083061581621 33421 1 1107.79 1616364.00
problem41 757.02 1253991080658597 15871 1 754.2 2724312.00
problem42 1010.15 1244549562517010 30880 1 1007.26 2822752.00
problem43 814.85 1491244801212826 12907 1 813.78 2822752.00
problem44 2771.22 1100990261270079 184777 2 2765.56 1022120.00
problem45 1049.57 1363410790232759 24220 1 1046.95 2315704.00
problem46 732.22 1430806813412137 14859 1 729.5 1198196.00
problem47 677.07 1274016496099459 15404 1 674.15 1859700.00
problem48 1165.05 1260280381877714 47791 1 1158.7 593584.00
problem49 698.48 1367557486597515 13263 1 696.65 2144372.00
problem50 1191.69 1264608812894937 40121 1 1188.64 1440248.00
problem51 1065.5 1306710794229860 23404 1 1062.61 4573764.00
problem52 1159.65 1154124155581254 36371 1 1157.27 4573764.00
problem53 861.83 1340007252175140 18908 1 857.57 2923972.00
problem54 1062.53 1263965246419912 18712 1 1061.24 2853804.00
problem55 983.21 1189100666144921 24937 1 981.99 2319752.00
problem56 904.39 1395373183105759 18677 1 901.76 5667264.00
problem57 851.84 1316166365130711 15601 1 849.99 1804400.00
problem58 1094.12 1271485456101691 35596 1 1090.19 3390484.00
problem59 999.84 1261218759367799 16222 1 998.73 3656416.00
problem60 992.91 1272603140067596 27550 1 991.67 3592984.00
problem61 1271.15 1108069879138511 41789 1 1269.28 1375680.00
problem62 1008.79 1341358678271936 41628 1 1003.94 1854052.00
problem63 786.29 1323436340907522 14210 1 784.22 2381940.00
problem64 1221.58 1227517758553211 65598 1 1218.78 2383792.00
problem65 906.43 1336131315396002 18256 1 904.35 4980656.00
problem66 1084.3 1117225219972203 37800 1 1080.7 4980656.00
problem67 842.98 1473343278179382 11775 1 842.39 1155184.00
problem68 1234.09 1292621099589505 32431 1 1233.06 1158212.00
problem69 964.98 1337108524240923 24175 1 963 1307300.00
problem70 1272.58 1154586278071723 63647 1 1269.89 3214732.00
problem71 1261.83 1257079990971708 50742 1 1258.25 1270708.00
problem72 689.78 1322192355762578 11741 1 687.26 3199092.00
problem73 1114.62 1273771167462533 27525 1 1113.17 2846868.00
problem74 1013.46 1271406041394536 22925 1 1011.14 2846868.00
problem75 767.15 1404091571420958 14302 1 765.02 3539056.00
problem76 1201.46 1344178984784223 35848 1 1198.27 3541572.00
problem77 1261.92 1181434307300822 76392 1 1259.01 803684.00
problem78 960.39 1372260512633227 31396 1 955.51 2048084.00
problem79 871.87 1332702334514326 17634 1 869.89 3477584.00
problem80 1149.68 1268239119263651 33857 1 1147.91 3415976.00
problem81 1254 1255460762704428 58598 1 1251.91 591384.00
problem82 1239.08 1178576698197362 62957 1 1236.56 2597380.00
problem83 1312.02 1158279964815178 65604 1 1309.98 2592872.00
problem84 1016.76 1242792340143011 27538 1 1014.32 3044428.00
problem85 943.83 1370504943583602 18837 1 941.27 5573088.00
problem86 1194.72 1148700671834758 70839 1 1188.55 1584200.00
problem87 1303.06 1194677084011787 26319 1 1302.42 735804.00
problem88 588.58 1457352115719709 10942 1 584.18 1470576.00
problem89 729.8 1379485019957118 17746 1 726.11 1904956.00
problem90 1330.19 1323838022229774 58726 1 1327.49 1904956.00
problem91 1315.41 1102742936195658 84000 1 1312.65 2189232.00
problem92 1250.14 1184077821115161 52411 1 1247.2 2189232.00
problem93 1018.53 1280281919552660 44970 1 1013.88 1491172.00
problem94 1013.14 1312417968787370 40074 1 1008.82 1491172.00
problem95 1321.53 1138355946790275 86391 1 1314.81 2760396.00
problem96 540.24 1522245270447090 6464 1 537.82 2760396.00
problem97 1180.14 1223667629794516 35368 1 1177.48 944568.00
problem98 574.71 1428419628000977 6449 1 573.83 2154612.00
problem99 1274.76 1288048201896121 50042 1 1270.25 4028836.00
