problem0 0.02 208860704424 1
problem1 0.02 197613014184 1
problem2 0.01 185850800808 1
problem3 0.03 219401029800 1
problem4 0.01 203430487720 1
problem5 0 194503558312 1
problem6 0.04 177243923112 1
problem7 0.01 184593645736 1
problem8 0.04 203323891368 1
problem9 0 212689632424 1
problem10 0.08 223084354216 1
problem11 0 207320578216 1
problem12 0 203709077160 1
problem13 0.03 195799790760 1
problem14 0.01 202576138920 1
problem15 0.01 201145610408 1
problem16 0 221229043368 1
problem17 0.01 212016639144 1
problem18 0.03 205376719528 1
problem19 0 199891609768 1
problem20 0.01 199512344232 1
problem21 0 209263699112 1
problem22 0.01 226654257832 1
problem23 0.01 207316672680 1
problem24 0.01 180971781800 1
problem25 0 204183968936 1
problem26 0.02 214332275368 1
problem27 0.02 222883928232 1
problem28 0 216610092712 1
problem29 0.01 213420446888 1
problem30 0 202233639592 1
problem31 0.01 190221930664 1
problem32 0.02 198516223656 1
problem33 0 206371490984 1
problem34 0.02 211296316072 1
problem35 0.01 190398187688 1
problem36 0 203462715048 1
problem37 0.03 199680099496 1
problem38 0.01 223803564712 1
problem39 0.02 209990926504 1
problem40 0 200847924904 1
problem41 0.04 197104368808 1
problem42 0 213448710824 1
problem43 0.01 214103537832 1
problem44 0.02 215904786088 1
problem45 0.01 193812460712 1
problem46 0 226939523752 1
problem47 0 210789085352 1
problem48 0.04 213736689320 1
problem49 0.04 193562471592 1
problem50 0 233674361512 1
problem51 0.01 233870436520 1
problem52 0.01 202396698280 1
problem53 0 204407465128 1
problem54 0.02 194461647528 1
problem55 0.01 196911374504 1
problem56 0.01 198527811240 1
problem57 0.01 195745799336 1
problem58 0.01 198958824104 1
problem59 0.04 215339145384 1
problem60 0.02 197298189992 1
problem61 0.13 222875178152 1
problem62 0.04 203679347368 1
problem63 0.03 202717532328 1
problem64 0.05 206760898216 1
problem65 0.02 207949319336 1
problem66 0 199496411816 1
problem67 0.02 201459337384 1
problem68 0 183429392040 1
problem69 0.01 206265926824 1
problem70 0.02 228822819496 1
problem71 0.01 206732722344 1
problem72 0.01 216961113768 1
problem73 0.02 195813293224 1
problem74 0 209517320872 1
problem75 0 213705849000 1
problem76 0.01 186560108200 1
problem77 0.02 219004220584 1
problem78 0.01 192582652584 1
problem79 0 221841846440 1
problem80 0.02 207653621416 1
problem81 0 223762230440 1
problem82 0 216136649384 1
problem83 0.03 204834039976 1
problem84 0.01 206690338472 1
problem85 0.01 183780648104 1
problem86 0.01 206627996328 1
problem87 0.01 226570068136 1
problem88 0 234672996008 1
problem89 0.02 210191752360 1
problem90 0.01 206469495464 1
problem91 0.01 200613714088 1
problem92 0 205165377192 1
problem93 0 195084489896 1
problem94 0 215124275880 1
problem95 0 195147583656 1
problem96 0.04 207824924328 1
problem97 0 193756564648 1
problem98 0.01 206285662888 1
problem99 0.03 201044871336 1
