problem0 0.69 305055813691 0
problem1 0.44 233993190979 0
problem2 0.48 234901613652 0
problem3 0.62 290928368217 0
problem4 0.47 315427522663 0
problem5 0.34 255039141592 0
problem6 0.47 244308108367 0
problem7 0.42 210547135038 0
problem8 0.55 268973752437 0
problem9 0.77 276033711675 0
problem10 1.08 293257452615 0
problem11 0.9 312382196320 0
problem12 0.83 255351945279 0
problem13 0.63 300734998084 0
problem14 0.79 213709050958 0
problem15 1.24 308133872212 0
problem16 0.41 295500066886 0
problem17 0.68 229821881922 0
problem18 1.03 249939168398 0
problem19 0.57 287459605161 0
problem20 0.37 341636606061 0
problem21 0.48 290390758996 0
problem22 0.27 268266947669 0
problem23 0.68 305657098822 0
problem24 0.57 277260574790 0
problem25 0.52 297221164619 0
problem26 0.39 306810223729 0
problem27 0.84 297764973119 0
problem28 0.37 243569023035 0
problem29 0.74 236891326053 0
problem30 0.27 266247877765 0
problem31 0.48 284721193543 0
problem32 0.76 227140178014 0
problem33 0.65 284958031476 0
problem34 0.53 270597090381 0
problem35 0.63 287463725682 0
problem36 0.51 231732136010 0
problem37 0.94 256200816207 0
problem38 0.86 237716612174 0
problem39 1.15 258211058248 0
problem40 0.7 295462731837 0
problem41 0.66 257456991809 0
problem42 0.48 240084016221 0
problem43 0.64 286620633672 0
problem44 0.42 267471239374 0
problem45 0.81 240945047112 0
problem46 0.72 247097660489 0
problem47 0.83 239011594816 0
problem48 1.04 254594969730 0
