problem0 0 4202945809 1 2252.00
problem1 0.00 3900974463 1 2308.00
problem2 0.01 4304604573 1 2308.00
problem3 0.00 4595756267 1 2308.00
problem4 0.00 4205143785 1 2308.00
problem5 0.00 4460432151 1 2308.00
problem6 0.01 4377769205 1 2308.00
problem7 0.00 4470926339 1 2308.00
problem8 0.00 3742270401 1 2308.00
problem9 0.01 4795153327 1 2308.00
problem10 0.00 4640251725 1 2308.00
problem11 0.01 3441141275 1 2308.00
problem12 0.00 5072262041 1 2308.00
problem13 0.00 4950513479 1 2308.00
problem14 0.01 5241695397 1 2308.00
problem15 0.00 4173609779 1 2308.00
problem16 0.00 4984469105 1 2308.00
problem17 0.01 4114939359 1 2308.00
problem18 0.00 4902272253 1 2308.00
problem19 0.00 3894217547 1 2308.00
problem20 0.01 4689824841 1 2308.00
problem21 0.00 5342695287 1 2308.00
problem22 0.01 4226183253 1 2308.00
problem23 0.00 3807934051 1 2308.00
problem24 0.00 4947064097 1 2308.00
problem25 0.01 4170542095 1 2308.00
problem26 0.00 4183320237 1 2308.00
problem27 0.00 4023704699 1 2308.00
problem28 0.00 4410167545 1 2308.00
problem29 0.00 4883248039 1 2308.00
problem30 0.01 5127798789 1 2308.00
problem31 0.00 4921793939 1 2308.00
problem32 0.01 3612950481 1 2308.00
problem33 0.00 4298409535 1 2308.00
problem34 0.00 5011184733 1 2308.00
problem35 0.01 4494596523 1 2308.00
problem36 0.00 4121813417 1 2308.00
problem37 0.00 4810736599 1 2308.00
problem38 0.00 4306607029 1 2308.00
problem39 0.01 4814254275 1 2308.00
problem40 0.00 5004138113 1 2308.00
problem41 0.00 4350889071 1 2308.00
problem42 0.01 4758855181 1 2308.00
problem43 0.00 5078500059 1 2308.00
problem44 0.00 3860086361 1 2308.00
problem45 0.01 4597923847 1 2308.00
problem46 0.00 5181686629 1 2308.00
problem47 0.01 3246436339 1 2308.00
problem48 0.00 4028414257 1 2308.00
problem49 0.01 5233098399 1 2308.00
problem50 0.00 4771326909 1 2308.00
problem51 0.01 5190506507 1 2308.00
problem52 0.00 5417723657 1 2308.00
problem53 0.01 5441431607 1 2308.00
problem54 0.00 3467179797 1 2308.00
problem55 0.00 4589001507 1 2308.00
problem56 0.01 3927648225 1 2308.00
problem57 0.00 4339522767 1 2308.00
problem58 0.00 4728456557 1 2308.00
problem59 0.00 3889191227 1 2308.00
problem60 0.01 5097118649 1 2308.00
problem61 0.00 3819289703 1 2308.00
problem62 0.00 5157467845 1 2308.00
problem63 0.01 4937249363 1 2308.00
problem64 0.00 4735066769 1 2308.00
problem65 0.00 5754562303 1 2308.00
problem66 0.01 5060881181 1 2308.00
problem67 0.00 4708451947 1 2308.00
problem68 0.00 4984609897 1 2308.00
problem69 0.01 5181144215 1 2308.00
problem70 0.00 5052334709 1 2308.00
problem71 0.00 4727584131 1 2308.00
problem72 0.01 4617431361 1 2308.00
problem73 0.00 4414840111 1 2308.00
problem74 0.00 4534099149 1 2308.00
problem75 0.00 4383219611 1 2308.00
problem76 0.00 4897417497 1 2308.00
problem77 0.01 4352469191 1 2308.00
problem78 0.00 4473707045 1 2308.00
problem79 0.00 4979418291 1 2308.00
problem80 0.01 4706876401 1 2308.00
problem81 0.01 4362813279 1 2308.00
problem82 0.00 5348743805 1 2308.00
problem83 0.00 4929053899 1 2308.00
problem84 0.01 5336433097 1 2308.00
problem85 0.00 5130354935 1 2308.00
problem86 0.00 4286332373 1 2308.00
problem87 0.00 4342382563 1 2308.00
problem88 0.01 4269071009 1 2308.00
problem89 0.00 4788129167 1 2308.00
problem90 0.00 4013777965 1 2308.00
problem91 0.01 4783773179 1 2308.00
problem92 0.00 5070300793 1 2308.00
problem93 0.00 4714251559 1 2308.00
problem94 0.01 4092472709 1 2308.00
problem95 0.00 3928164115 1 2308.00
problem96 0.01 4461315409 1 2308.00
problem97 0.00 3785721791 1 2308.00
problem98 0.00 4499831261 1 2308.00
problem99 0.01 4176163627 1 2308.00
