problem0 0 417861093 1 2220.00
problem1 0.00 505138461 1 2284.00
problem2 0.00 494585047 0 2284.00
problem3 0.00 404532495 0 2284.00
problem4 0.00 470400456 0 2284.00
problem5 0.00 443723517 1 2284.00
problem6 0.01 476625079 0 2284.00
problem7 0.00 504730351 0 2284.00
problem8 0.00 477328805 1 2284.00
problem9 0.00 428153056 0 2284.00
problem10 0.00 386774168 0 2284.00
problem11 0.00 533266637 1 2284.00
problem12 0.00 488846725 1 2284.00
problem13 0.00 426838717 1 2284.00
problem14 0.01 413644917 1 2284.00
problem15 0.00 496301741 1 2284.00
problem16 0.00 429325672 0 2284.00
problem17 0.00 483689629 1 2284.00
problem18 0.00 519357527 0 2284.00
problem19 0.00 441939085 1 2284.00
problem20 0.00 499961157 1 2284.00
problem21 0.00 483231357 1 2284.00
problem22 0.01 372430901 1 2284.00
problem23 0.00 460225135 0 2284.00
problem24 0.00 474129701 1 2284.00
problem25 0.00 385486941 1 2284.00
problem26 0.00 455078936 0 2284.00
problem27 0.00 448268368 0 2284.00
problem28 0.00 368477445 1 2284.00
problem29 0.00 494412349 1 2284.00
problem30 0.01 385488885 1 2284.00
problem31 0.00 412229165 1 2284.00
problem32 0.00 476474597 1 2284.00
problem33 0.00 484817951 0 2284.00
problem34 0.00 494879701 1 2284.00
problem35 0.00 467319821 1 2284.00
problem36 0.00 529554629 1 2284.00
problem37 0.01 442555904 0 2284.00
problem38 0.00 485324728 0 2284.00
problem39 0.00 502260207 0 2284.00
problem40 0.00 535975077 1 2284.00
problem41 0.00 428312541 1 2284.00
problem42 0.00 402830231 0 2284.00
problem43 0.01 414158799 0 2284.00
problem44 0.00 378164357 1 2284.00
problem45 0.00 511162813 1 2284.00
problem46 0.00 536672120 0 2284.00
problem47 0.00 511165869 1 2284.00
problem48 0.00 416701543 0 2284.00
problem49 0.00 500134813 1 2284.00
problem50 0.00 479871829 1 2284.00
problem51 0.01 438731664 0 2284.00
problem52 0.00 416574540 0 2284.00
problem53 0.00 413971840 0 2284.00
problem54 0.00 437819189 1 2284.00
problem55 0.00 421120368 0 2284.00
problem56 0.00 486704168 0 2284.00
problem57 0.00 514686813 1 2284.00
problem58 0.00 557183765 1 2284.00
problem59 0.01 422549328 0 2284.00
problem60 0.00 442409989 1 2284.00
problem61 0.00 569364801 0 2284.00
problem62 0.00 523261685 1 2284.00
problem63 0.00 583396653 1 2284.00
problem64 0.00 375835623 0 2284.00
problem65 0.00 353479455 0 2284.00
problem66 0.01 499499735 0 2284.00
problem67 0.00 448449293 1 2284.00
problem68 0.00 555285448 0 2284.00
problem69 0.00 456199421 1 2284.00
problem70 0.00 456406711 0 2284.00
problem71 0.00 510406895 0 2284.00
problem72 0.01 519254951 0 2284.00
problem73 0.00 502003423 0 2284.00
problem74 0.00 406434453 1 2284.00
problem75 0.00 431496912 0 2284.00
problem76 0.00 485716869 1 2284.00
problem77 0.00 425748671 0 2284.00
problem78 0.00 403977848 0 2284.00
problem79 0.01 452760752 0 2284.00
problem80 0.00 479705957 1 2284.00
problem81 0.00 606888605 1 2284.00
problem82 0.00 511820373 1 2284.00
problem83 0.00 454529677 1 2284.00
problem84 0.00 501091144 0 2284.00
problem85 0.00 493741183 0 2284.00
problem86 0.01 398480949 1 2284.00
problem87 0.00 526850159 0 2284.00
problem88 0.00 423912229 1 2284.00
problem89 0.00 448982621 1 2284.00
problem90 0.00 479064597 1 2284.00
problem91 0.00 432612944 0 2284.00
problem92 0.00 466141962 0 2284.00
problem93 0.01 474579007 0 2284.00
problem94 0.00 438867445 1 2284.00
problem95 0.00 446413869 1 2284.00
problem96 0.00 451488485 1 2284.00
problem97 0.00 446667293 1 2284.00
problem98 0.00 474890709 1 2284.00
problem99 0.00 448584209 0 2284.00
