problem0 0 6136973475983 0 2216.00
problem1 0.00 7364388590809 0 2272.00
problem2 0.00 6172244513436 0 2272.00
problem3 0.00 7380481672708 0 2272.00
problem4 0.00 6417991394348 0 2272.00
problem5 0.00 7636321759801 0 2272.00
problem6 0.00 5984092769932 0 2272.00
problem7 0.00 6499672068742 0 2272.00
problem8 0.00 7645594205865 0 2272.00
problem9 0.00 6449602960448 0 2272.00
problem10 0.00 8100649360546 0 2272.00
problem11 0.00 6705254357048 0 2272.00
problem12 0.00 6713998114376 0 2272.00
problem13 0.00 6093800112503 0 2272.00
problem14 0.00 6907466058522 0 2272.00
problem15 0.00 7361521154032 0 2272.00
problem16 0.00 7998447467253 0 2272.00
problem17 0.00 5885558332299 0 2272.00
problem18 0.00 5078577859893 0 2272.00
problem19 0.01 6766807451770 0 2272.00
problem20 0.00 7377935827950 0 2272.00
problem21 0.00 6532286398132 0 2272.00
problem22 0.00 6395315386260 0 2272.00
problem23 0.00 6517177987718 0 2272.00
problem24 0.00 8143764927121 0 2272.00
problem25 0.00 6249507433895 0 2272.00
problem26 0.00 6366097662339 0 2272.00
problem27 0.00 6524265359892 0 2272.00
problem28 0.00 7771045553930 0 2272.00
problem29 0.00 7323568567062 0 2272.00
problem30 0.00 7035477288852 0 2272.00
problem31 0.00 7179932377276 0 2272.00
problem32 0.00 5580919073826 0 2272.00
problem33 0.00 5082162765901 0 2272.00
problem34 0.00 7054178228180 0 2272.00
problem35 0.00 5473623374480 0 2272.00
problem36 0.00 6554488574136 0 2272.00
problem37 0.00 8750694356119 0 2272.00
problem38 0.00 7142293831059 0 2272.00
problem39 0.00 8701898726004 0 2272.00
problem40 0.01 6455052114072 0 2272.00
problem41 0.00 5134031332593 0 2272.00
problem42 0.00 6756390336219 0 2272.00
problem43 0.00 6396528000354 0 2272.00
problem44 0.00 6637149684896 0 2272.00
problem45 0.00 5861148332137 0 2272.00
problem46 0.00 6254172889553 0 2272.00
problem47 0.00 6024259909291 0 2272.00
problem48 0.00 7415132984507 0 2272.00
problem49 0.00 6668834201624 0 2272.00
problem50 0.00 6860125150334 0 2272.00
problem51 0.00 7663692791938 0 2272.00
problem52 0.00 6379540974438 0 2272.00
problem53 0.00 5509278561234 0 2272.00
problem54 0.00 7332614414688 0 2272.00
problem55 0.00 6719696998655 0 2272.00
problem56 0.00 7158830716921 0 2272.00
problem57 0.00 6363994785972 0 2272.00
problem58 0.00 6678306031075 0 2272.00
problem59 0.00 5983680191839 0 2272.00
problem60 0.00 6190876705452 0 2272.00
problem61 0.00 8764110530497 0 2272.00
problem62 0.00 5767083771837 0 2272.00
problem63 0.00 5153868148390 0 2272.00
problem64 0.00 5882756050700 0 2272.00
problem65 0.00 5556975678991 0 2272.00
problem66 0.00 5098653680029 0 2272.00
problem67 0.00 6298503752392 0 2272.00
problem68 0.00 6879802086063 0 2272.00
problem69 0.00 5961550952408 0 2272.00
problem70 0.00 6417458015959 0 2272.00
problem71 0.00 6124905482514 0 2272.00
problem72 0.00 6931734107350 0 2272.00
problem73 0.00 5847233268714 0 2272.00
problem74 0.00 6081245275625 0 2272.00
problem75 0.00 6940223384806 0 2272.00
problem76 0.00 6355858317718 0 2272.00
problem77 0.00 5841437756785 0 2272.00
problem78 0.00 5472070133567 0 2272.00
problem79 0.00 7271231648044 0 2272.00
problem80 0.00 6353437836504 0 2272.00
problem81 0.00 6347436657007 0 2272.00
problem82 0.00 7113642987302 0 2272.00
problem83 0.01 6228013748699 0 2272.00
problem84 0.00 6776310967796 0 2272.00
problem85 0.00 6410486965906 0 2272.00
problem86 0.00 6390633086632 0 2272.00
problem87 0.00 6218383647140 0 2272.00
problem88 0.00 6642287103485 0 2272.00
problem89 0.00 6982005225529 0 2272.00
problem90 0.00 6357717361083 0 2272.00
problem91 0.00 7415966566808 0 2272.00
problem92 0.00 8498832937439 0 2272.00
problem93 0.00 7586674221983 0 2272.00
problem94 0.00 6710100545315 0 2272.00
problem95 0.00 4977061029224 0 2272.00
problem96 0.00 5744331349549 0 2272.00
problem97 0.00 7387594371152 0 2272.00
problem98 0.00 7047696028731 0 2272.00
problem99 0.00 5498952188054 0 2272.00
