problem0 0 4692 1 0.00
problem1 0.00 5253 1 0.00
problem2 0.00 4277 1 0.00
problem3 0.00 5434 1 0.00
problem4 0.00 5966 1 0.00
problem5 0.00 5767 1 0.00
problem6 0.00 5727 1 0.00
problem7 0.00 5292 1 0.00
problem8 0.00 5928 1 0.00
problem9 0.00 6121 1 0.00
problem10 0.00 5609 1 0.00
problem11 0.00 5758 1 0.00
problem12 0.00 4834 1 0.00
problem13 0.00 5035 1 0.00
problem14 0.00 4435 1 0.00
problem15 0.00 5808 1 0.00
problem16 0.00 5756 1 0.00
problem17 0.00 5837 1 0.00
problem18 0.00 5277 1 0.00
problem19 0.00 5442 1 0.00
problem20 0.00 5878 1 0.00
problem21 0.00 5967 1 0.00
problem22 0.00 5831 1 0.00
problem23 0.00 5684 1 0.00
problem24 0.00 4944 1 0.00
problem25 0.00 4913 1 0.00
problem26 0.00 4561 1 0.00
problem27 0.00 6022 1 0.00
problem28 0.00 5514 1 0.00
problem29 0.00 6003 1 0.00
problem30 0.00 5307 1 0.00
problem31 0.00 5432 1 0.00
problem32 0.00 5796 1 0.00
problem33 0.00 5909 1 0.00
problem34 0.00 5765 1 0.00
problem35 0.00 5706 1 0.00
problem36 0.00 5022 1 0.00
problem37 0.00 4631 1 0.00
problem38 0.00 4911 1 0.00
problem39 0.00 5564 1 0.00
problem40 0.00 6008 1 0.00
problem41 0.00 5753 1 0.00
problem42 0.00 5305 1 0.00
problem43 0.00 5518 1 0.00
problem44 0.00 5938 1 0.00
problem45 0.00 5947 1 0.00
problem46 0.00 5411 1 0.00
problem47 0.00 5824 1 0.00
problem48 0.00 5068 1 0.00
problem49 0.00 4701 1 0.00
problem50 0.00 4717 1 0.00
problem51 0.00 5458 1 0.00
problem52 0.00 6470 1 0.00
problem53 0.00 5599 1 0.00
problem54 0.00 5271 1 0.00
problem55 0.00 5444 1 0.00
problem56 0.00 6304 1 0.00
problem57 0.00 5825 1 0.00
problem58 0.00 5281 1 0.00
problem59 0.00 5526 1 0.00
problem60 0.00 5338 1 0.00
problem61 0.00 4355 1 0.00
problem62 0.00 5003 1 0.00
problem63 0.00 5704 1 0.00
problem64 0.00 6132 1 0.00
problem65 0.00 5797 1 0.00
problem66 0.00 5205 1 0.00
problem67 0.00 5466 1 0.00
problem68 0.00 6638 1 0.00
problem69 0.00 5287 1 0.00
problem70 0.00 5631 1 0.00
problem71 0.00 5068 1 0.00
problem72 0.00 5832 1 0.00
problem73 0.00 4361 1 0.00
problem74 0.00 4745 1 0.00
problem75 0.00 5534 1 0.00
problem76 0.00 6274 1 0.00
problem77 0.00 5835 1 0.00
problem78 0.00 5107 1 0.00
problem79 0.00 5584 1 0.00
problem80 0.00 6684 1 0.00
problem81 0.00 5357 1 0.00
problem82 0.00 5693 1 0.00
problem83 0.00 4962 1 0.00
problem84 0.00 5782 1 0.00
problem85 0.00 4207 1 0.00
problem86 0.00 4967 1 0.00
problem87 0.00 5716 1 0.00
problem88 0.00 5872 1 0.00
problem89 0.00 5969 1 0.00
problem90 0.00 4977 1 0.00
problem91 0.00 5798 1 0.00
problem92 0.00 6698 1 0.00
problem93 0.00 5267 1 0.00
problem94 0.00 5979 1 0.00
problem95 0.00 4696 1 0.00
problem96 0.00 5444 1 0.00
problem97 0.00 4405 1 0.00
problem98 0.00 5157 1 0.00
problem99 0.00 5738 1 0.00
