problem0 16.69 848836967956290 1 5216.00
problem1 7.57 1125564517206960 1 6772.00
problem2 14.12 1104480857155822 1 6772.00
problem3 24.75 1061061307229820 1 6772.00
problem4 7.57 1135427842795482 1 6772.00
problem5 5.71 1163626014672008 1 6772.00
problem6 22.09 861892567902214 1 6772.00
problem7 14.47 972889546912212 1 6772.00
problem8 18.31 997180853818738 1 6772.00
problem9 19.39 1026098963757664 1 6772.00
problem10 10.32 1170217185270814 1 6772.00
problem11 13.42 1063978352781868 1 6772.00
problem12 14.23 1132521569183754 1 6772.00
problem13 15.66 1109792957451576 1 6772.00
problem14 4.78 1278962309719350 1 6772.00
problem15 23.41 1030273618472836 1 6772.00
problem16 14.73 1199485006856098 1 6772.00
problem17 15.05 985490380922128 1 6772.00
problem18 14.06 1039943863706446 1 6772.00
problem19 7.53 1209853249266140 1 6772.00
problem20 8.63 1072758500686906 1 6772.00
problem21 15.87 1026549112965608 1 6772.00
problem22 7.93 1131562866603622 1 6772.00
problem23 11.68 1049730230133044 1 6772.00
problem24 13.79 1015241644080594 1 6772.00
problem25 5.68 1223398900134848 1 6772.00
problem26 8.21 1061919739821694 1 6772.00
problem27 6.28 1153184439553420 1 6772.00
problem28 11.10 1090154278691946 1 6772.00
problem29 11.74 981189299354264 1 6772.00
problem30 12.82 993845257165718 1 6772.00
problem31 7.83 1162895231289060 1 6772.00
problem32 16.08 1060289605947394 1 6772.00
problem33 11.99 1115369149087344 1 6772.00
problem34 14.51 998626111565230 1 6772.00
problem35 3.72 1250630263745852 1 6772.00
problem36 12.10 1173560912076954 1 6772.00
problem37 10.14 1074388338237256 1 6772.00
problem38 13.52 1066260248401094 1 6772.00
problem39 11.52 1041613982638228 1 6772.00
problem40 11.21 1020392787260978 1 6772.00
problem41 14.11 1064494052769056 1 6772.00
problem42 15.69 1049695598702814 1 6772.00
problem43 14.35 1183018899685612 1 6772.00
problem44 11.39 1016610015129802 1 6772.00
problem45 23.25 907894350772216 1 6772.00
problem46 11.02 1085274653467126 1 6772.00
problem47 10.54 1092782735879748 1 6772.00
problem48 10.49 1078888071671906 1 6772.00
problem49 14.68 1032710769717200 1 6772.00
problem50 11.66 1150617803130894 1 6772.00
problem51 12.41 1096013025183900 1 6772.00
problem52 16.70 1013982816769274 1 6772.00
problem53 16.11 1083518246421672 1 6772.00
problem54 18.80 1105361127539494 1 6772.00
problem55 4.56 1137730747363316 1 6772.00
problem56 11.61 1114609584389778 1 6772.00
problem57 17.41 1074255762839168 1 6772.00
problem58 7.24 1048610711466814 1 6772.00
problem59 13.87 1049399179215948 1 6772.00
problem60 11.58 976829197290794 1 6772.00
problem61 12.44 1098422312076632 1 6772.00
problem62 9.05 1186235159656534 1 6772.00
problem63 16.65 1021468636784036 1 6772.00
problem64 15.52 1033495332479170 1 6772.00
problem65 15.03 1051031679562032 1 6772.00
problem66 9.64 1053403258532462 1 6772.00
problem67 8.98 1074080635761660 1 6772.00
problem68 8.69 1162194845112666 1 6772.00
problem69 13.96 1019928482052616 1 6772.00
problem70 10.44 1044168958099846 1 6772.00
problem71 12.57 1088019665588052 1 6772.00
problem72 7.18 1199235791001330 1 6772.00
problem73 10.95 1213238343434208 1 6772.00
problem74 10.87 1144059028751774 1 6772.00
problem75 12.93 1074812232243116 1 6772.00
problem76 16.97 1028194510813578 1 6772.00
problem77 6.39 1199296080339640 1 6772.00
problem78 6.90 1078055647747766 1 6772.00
problem79 16.59 915447446908164 1 6772.00
problem80 17.92 1083899063132450 1 6772.00
problem81 15.11 965758020289168 1 6772.00
problem82 14.80 1038783164918990 1 6772.00
problem83 8.69 1118537361796956 1 6772.00
problem84 7.48 1189399753158074 1 6772.00
problem85 6.23 1144871383809896 1 6772.00
problem86 7.09 1043978872868838 1 6772.00
problem87 12.13 1107749319016116 1 6772.00
problem88 14.35 1085235427622738 1 6772.00
problem89 13.09 1092453214157120 1 6772.00
problem90 10.06 1090273530865662 1 6772.00
problem91 9.80 1064890594622220 1 6772.00
problem92 13.49 1063876271027690 1 6772.00
problem93 8.64 1208286145482776 1 6772.00
problem94 10.44 1025923455964438 1 6772.00
problem95 7.34 1048466848253028 1 6772.00
problem96 10.97 1127996274356610 1 6772.00
problem97 7.64 1164551993910256 1 6772.00
problem98 12.59 1054427407447854 1 6772.00
problem99 11.09 1099072928217788 1 6772.00
