problem0 0.02 644419240507758 50 1 0.02 3508.00
problem1 0.01 792514227027505 63 2 0.01 3056.00
problem2 0 720112059533631 57 1 0 3056.00
problem3 0 567475356819065 38 1 0 3056.00
problem4 0 563161239870825 60 1 0 3056.00
problem5 0.01 683999212244582 78 2 0.01 3056.00
problem6 0 572202561168935 38 1 0 3056.00
problem7 0.01 835656566267984 27 1 0.01 3056.00
problem8 0 612470899245071 42 1 0 3056.00
problem9 0.01 688856071454211 93 2 0.01 3056.00
problem10 0 714460768493632 41 1 0 3056.00
problem11 0 702885002461612 24 1 0 3056.00
problem12 0.01 621120510785580 74 1 0.01 3056.00
problem13 0 653425025823208 53 1 0 3056.00
problem14 0 587783844361119 70 1 0 3056.00
problem15 0.01 904008146912950 25 1 0.01 3056.00
problem16 0 661215259539865 60 1 0 3056.00
problem17 0.01 672922933149276 65 1 0 3056.00
problem18 0 729753752414403 43 1 0 3056.00
problem19 0 538866810278241 49 1 0 3056.00
problem20 0 821955098692948 35 1 0 3056.00
problem21 0.01 725793242018066 78 1 0.01 3056.00
problem22 0 737304052147500 29 1 0 3056.00
problem23 0 611375592001177 62 1 0 3056.00
problem24 0.01 626070377335975 38 1 0.01 3056.00
problem25 0 796386748663765 22 1 0 3056.00
problem26 0 756439627360061 38 1 0 3056.00
problem27 0.01 735449683640683 56 1 0.01 3056.00
problem28 0 735482545241685 46 1 0 3056.00
problem29 0.01 472032644129729 94 2 0.01 3056.00
problem30 0.01 644552478104058 42 1 0.01 3056.00
problem31 0 777072500589194 77 1 0 3056.00
problem32 0.01 583519852213869 95 2 0.01 3056.00
problem33 0.01 602340918218429 130 2 0.01 3056.00
problem34 0 633553963587226 36 1 0 3056.00
problem35 0.01 562350716083770 72 1 0 3056.00
problem36 0 717694634492610 93 1 0 3056.00
problem37 0.01 717655775354024 71 1 0.01 3056.00
problem38 0 734996503421671 54 1 0 3056.00
problem39 0.01 692483785060457 26 1 0.01 3056.00
problem40 0 730729575864935 40 1 0 3056.00
problem41 0 594955888172254 32 1 0 3056.00
problem42 0 688678692057301 58 1 0 3056.00
problem43 0.01 580393326695172 106 1 0.01 3056.00
problem44 0 720733312749164 59 1 0 3056.00
problem45 0.01 789726288658498 67 1 0.01 3056.00
problem46 0 624016674830159 43 1 0 3056.00
problem47 0.01 690117598576044 39 1 0.01 3056.00
problem48 0 759325333063407 51 1 0 3056.00
problem49 0 671517130120960 97 1 0 3056.00
problem50 0.01 632399516042674 68 1 0.01 3056.00
problem51 0 535951479396107 75 1 0 3056.00
problem52 0.01 624010125904470 259 2 0.01 3056.00
problem53 0.01 719811260309148 33 1 0.01 3056.00
problem54 0 601336191489077 42 1 0 3056.00
problem55 0.01 657465391143331 57 1 0.01 3056.00
problem56 0.01 635331843153783 26 1 0.01 3056.00
problem57 0 802622034160199 28 1 0 3056.00
problem58 0.01 649030492839283 78 1 0.01 3056.00
problem59 0 691655390247125 36 1 0 3056.00
problem60 0.01 563124009889317 104 1 0.01 3056.00
problem61 0.01 631249359930741 106 1 0.01 3056.00
problem62 0 807307703681245 56 1 0 3056.00
problem63 0.01 522425786066643 86 1 0.01 3056.00
problem64 0.01 592625406756121 52 1 0.01 3056.00
problem65 0.01 758758200935061 41 1 0.01 3056.00
problem66 0 685139778052273 47 1 0 3056.00
problem67 0.01 677931650913803 62 1 0.01 3056.00
problem68 0.01 698797039255517 34 1 0.01 3056.00
problem69 0 857685995097252 29 1 0 3056.00
problem70 0.01 690129254051441 99 1 0.01 3056.00
problem71 0.01 682507728141798 80 1 0.01 3056.00
problem72 0 730496672981907 38 1 0 3056.00
problem73 0.01 566461927358012 81 1 0.01 3056.00
problem74 0.01 582853283306572 91 1 0.01 3056.00
problem75 0.01 823111476562135 44 1 0.01 3056.00
problem76 0.01 589194173403883 102 1 0.01 3056.00
problem77 0 768305272460209 30 1 0 3056.00
problem78 0.01 603540937702968 110 1 0.01 3056.00
problem79 0.01 631416715796507 22 1 0.01 3056.00
problem80 0.01 781570286588729 57 1 0.01 3056.00
problem81 0.01 684096799850025 51 1 0.01 3056.00
problem82 0 550871928383764 29 1 0 3056.00
problem83 0.01 611692727761948 70 1 0.01 3056.00
problem84 0.01 702055846282766 25 1 0.01 3056.00
problem85 0 744394874427480 39 1 0 3056.00
problem86 0.01 644858878223824 166 1 0.01 3056.00
problem87 0.01 627301715429031 47 1 0.01 3056.00
problem88 0 779415901692380 40 1 0 3056.00
problem89 0.01 600999156285230 59 1 0.01 3056.00
problem90 0.01 622523727584231 48 1 0 3056.00
problem91 0 745881968733751 58 1 0 3056.00
problem92 0.01 550792166789744 72 1 0.01 3056.00
problem93 0 609358322156526 46 1 0 3056.00
problem94 0.01 788044003388873 39 1 0.01 3056.00
problem95 0 713304797003753 76 1 0 3056.00
problem96 0.01 713967353410853 35 1 0.01 3056.00
problem97 0.01 758208917204743 69 1 0.01 3056.00
problem98 0 675866767390962 81 1 0 3056.00
problem99 0.01 590505770211981 54 1 0.01 3056.00
