problem0 0 179087 0
problem1 0 195569 1
problem2 0 186288 0
problem3 0 183590 1
problem4 0 165257 0
problem5 0 188019 1
problem6 0 192858 0
problem7 0 200984 1
problem8 0 189795 0
problem9 0 171093 1
problem10 0 178660 0
problem11 0 171370 1
problem12 0 197917 0
problem13 0 173975 1
problem14 0 187214 0
problem15 0 177180 1
problem16 0 171703 0
problem17 0 188985 1
problem18 0 176024 0
problem19 0 169774 1
problem20 0 191537 0
problem21 0 175675 1
problem22 0 172226 0
problem23 0 194720 1
problem24 0 186251 0
problem25 0 187805 1
problem26 0 194764 0
problem27 0 195186 1
problem28 0 191173 0
problem29 0 205407 1
problem30 0 176566 0
problem31 0 179876 1
problem32 0 200671 0
problem33 0 196225 1
problem34 0 189824 0
problem35 0 186166 1
problem36 0 192729 0
problem37 0 181251 1
problem38 0 196138 0
problem39 0 189992 1
problem40 0 182195 0
problem41 0 185573 1
problem42 0 177588 0
problem43 0 171386 1
problem44 0 183917 0
problem45 0 193319 1
problem46 0 194078 0
problem47 0 196396 1
problem48 0 192263 0
problem49 0 213193 1
problem50 0 182632 0
problem51 0 154942 1
problem52 0 172929 0
problem53 0 188363 1
problem54 0 203154 0
problem55 0 158128 1
problem56 0 194011 0
problem57 0 168493 1
problem58 0 192668 0
problem59 0 177794 1
problem60 0 200725 0
problem61 0 186863 1
problem62 0 186502 0
problem63 0 185780 1
problem64 0 212015 0
problem65 0 182545 1
problem66 0 195408 0
problem67 0 198982 1
problem68 0 177193 0
problem69 0 176531 1
problem70 0 180986 0
problem71 0 189240 1
problem72 0 176643 0
problem73 0 181621 1
problem74 0 211332 0
problem75 0 193930 1
problem76 0 188350 1
problem77 0 177847 1
problem78 0 182510 0
problem79 0 193084 1
problem80 0 186199 0
problem81 0 173913 1
problem82 0 195384 0
problem83 0 174926 1
problem84 0 189137 0
problem85 0 186715 1
problem86 0 178787 1
problem87 0 193216 1
problem88 0 207915 0
problem89 0 196285 1
problem90 0 180332 0
problem91 0 191122 1
problem92 0 183653 0
problem93 0 186751 1
problem94 0 165718 0
problem95 0 185540 1
problem96 0 196735 0
problem97 0 203681 1
problem98 0 182560 0
problem99 0 172886 1
