problem0 0.07 84966216923660 0 2284.00
problem1 0.07 78467898268816 0 2340.00
problem2 0.07 83995978135717 0 2340.00
problem3 0.07 81524074357619 0 2340.00
problem4 0.07 80709058343579 0 2340.00
problem5 0.07 81774214311377 0 2340.00
problem6 0.07 87014042850017 0 2340.00
problem7 0.07 86287745944818 0 2340.00
problem8 0.07 81941657929290 0 2340.00
problem9 0.07 81733671554945 0 2340.00
problem10 0.06 73275555821367 0 2340.00
problem11 0.07 89729386527509 0 2340.00
problem12 0.07 65714381460316 0 2340.00
problem13 0.07 91578674257949 0 2340.00
problem14 0.07 79695297906060 0 2340.00
problem15 0.07 68124895119640 0 2340.00
problem16 0.07 65839979231667 0 2340.00
problem17 0.07 82438492455789 0 2340.00
problem18 0.07 72031154379482 0 2340.00
problem19 0.07 95779249051826 0 2340.00
problem20 0.07 94065190754236 0 2340.00
problem21 0.07 71344911849204 0 2340.00
problem22 0.07 83215842794355 0 2340.00
problem23 0.07 84458111044199 0 2340.00
problem24 0.07 92116990299976 0 2340.00
problem25 0.07 89631902874665 0 2340.00
problem26 0.07 82306412979183 0 2340.00
problem27 0.07 81693734173471 0 2340.00
problem28 0.07 73940990165115 0 2340.00
problem29 0.07 80889504617114 0 2340.00
problem30 0.07 77653614515593 0 2340.00
problem31 0.06 86547264605594 0 2340.00
problem32 0.07 72366629063165 0 2340.00
problem33 0.08 109959508736339 0 2340.00
problem34 0.07 87354895716128 0 2340.00
problem35 0.07 81111815004431 0 2340.00
problem36 0.07 85250790427876 0 2340.00
problem37 0.07 83859918246234 0 2340.00
problem38 0.07 85318699250097 0 2340.00
problem39 0.07 81313094440329 0 2340.00
problem40 0.07 84484977977574 0 2340.00
problem41 0.07 87955149945403 0 2340.00
problem42 0.07 84319155592691 0 2340.00
problem43 0.07 96601165482939 0 2340.00
problem44 0.07 89953402650070 0 2340.00
problem45 0.08 90207967024374 0 2340.00
problem46 0.06 69094409253727 0 2340.00
problem47 0.07 84114846818767 0 2340.00
problem48 0.07 82105794341890 0 2340.00
problem49 0.08 86593540882341 0 2340.00
problem50 0.07 82154923135433 0 2340.00
problem51 0.07 95325343677052 0 2340.00
problem52 0.07 98829676237540 0 2340.00
problem53 0.07 87574221626331 0 2340.00
problem54 0.07 74749682031119 0 2340.00
problem55 0.07 94359961678394 0 2340.00
problem56 0.07 88525531468348 0 2340.00
problem57 0.08 86879311743247 0 2340.00
problem58 0.07 76895047559598 0 2340.00
problem59 0.06 77570800298931 0 2340.00
problem60 0.07 76725588232991 0 2340.00
problem61 0.07 77143201408970 0 2340.00
problem62 0.07 79561615811342 0 2340.00
problem63 0.07 97244339684994 0 2340.00
problem64 0.07 95564106620110 0 2340.00
problem65 0.07 73876008785594 0 2340.00
problem66 0.07 86716562564356 0 2340.00
problem67 0.07 80694758957532 0 2340.00
problem68 0.07 90942021216157 0 2340.00
problem69 0.07 85326490760761 0 2340.00
problem70 0.07 91506397073536 0 2340.00
problem71 0.07 86125632184076 0 2340.00
problem72 0.07 62086090083157 0 2340.00
problem73 0.06 78222053517204 0 2340.00
problem74 0.07 87381690729796 0 2340.00
problem75 0.08 95404223962081 0 2340.00
problem76 0.07 81547160070191 0 2340.00
problem77 0.07 84203570219336 0 2340.00
problem78 0.07 80104689934864 0 2340.00
problem79 0.07 78041763347090 0 2340.00
problem80 0.07 107839826992843 0 2340.00
problem81 0.07 79675172469822 0 2340.00
problem82 0.06 80049739974990 0 2340.00
problem83 0.08 86780650544178 0 2340.00
problem84 0.07 83742786587876 0 2340.00
problem85 0.07 83503641387284 0 2340.00
problem86 0.07 89665696667674 0 2340.00
problem87 0.07 94886893820718 0 2340.00
problem88 0.07 70284189685229 0 2340.00
problem89 0.07 83847088215531 0 2340.00
problem90 0.07 74856101408819 0 2340.00
problem91 0.07 83766393773313 0 2340.00
problem92 0.07 83148309222904 0 2340.00
problem93 0.07 80767631735841 0 2340.00
problem94 0.07 67637447537255 0 2340.00
problem95 0.07 91553128201967 0 2340.00
problem96 0.07 68172844101515 0 2340.00
problem97 0.07 93952029799466 0 2340.00
problem98 0.07 81517813677048 0 2340.00
problem99 0.07 80926726906499 0 2340.00
