problem0 2.56 569358 5 1935489672 6.95324e-310 0.00
problem1 6.08 535139 5 1935489672 6.95324e-310 0.00
problem2 1.37 506382 5 1935489672 6.95324e-310 0.00
problem3 2.24 504931 5 1935489672 6.95324e-310 0.00
problem4 2.36 465251 5 1935489672 6.95324e-310 0.00
problem5 3.14 540259 5 1935489672 6.95324e-310 0.00
problem6 3.85 533347 5 1935489672 6.95324e-310 0.00
problem7 3.77 553742 5 1935489672 6.95324e-310 0.00
problem8 1.92 514062 5 1935489672 6.95324e-310 0.00
problem9 3.48 523534 5 1935489672 6.95324e-310 0.00
problem10 5.36 451086 5 1935489672 6.95324e-310 0.00
problem11 5.16 493326 5 1935489672 6.95324e-310 0.00
problem12 1.56 562872 5 1935489672 6.95324e-310 0.00
problem13 1.46 572344 5 1935489672 6.95324e-310 0.00
problem14 3.47 499896 5 1935489672 6.95324e-310 0.00
problem15 2.32 432910 5 1935489672 6.95324e-310 0.00
problem16 2.27 524302 5 1935489672 6.95324e-310 0.00
problem17 1.44 533774 5 1935489672 6.95324e-310 0.00
problem18 1.98 483171 5 1935489672 6.95324e-310 0.00
problem19 2.65 503566 5 1935489672 6.95324e-310 0.00
problem20 4.04 551267 5 1935489672 6.95324e-310 0.00
problem21 1.23 538894 5 1935489672 6.95324e-310 0.00
problem22 1.94 531982 5 1935489672 6.95324e-310 0.00
problem23 4.03 552376 5 1935489672 6.95324e-310 0.00
problem24 3.8 447160 5 1935489672 6.95324e-310 0.00
problem25 4.8 544014 5 1935489672 6.95324e-310 0.00
problem26 1.23 580792 5 1935489672 6.95324e-310 0.00
problem27 3.42 513806 5 1935489672 6.95324e-310 0.00
problem28 3.8 495971 5 1935489672 6.95324e-310 0.00
problem29 2.47 527288 5 1935489672 6.95324e-310 0.00
problem30 2.26 476686 5 1935489672 6.95324e-310 0.00
problem31 2.2 540771 5 1935489672 6.95324e-310 0.00
problem32 1.27 501091 5 1935489672 6.95324e-310 0.00
problem33 2.86 554254 5 1935489672 6.95324e-310 0.00
problem34 1.67 525496 5 1935489672 6.95324e-310 0.00
problem35 1.82 567736 5 1935489672 6.95324e-310 0.00
problem36 3.71 571747 5 1935489672 6.95324e-310 0.00
problem37 2.3 603064 5 1935489672 6.95324e-310 0.00
problem38 1.61 530616 5 1935489672 6.95324e-310 0.00
problem39 2.35 419939 5 1935489672 6.95324e-310 0.00
problem40 4.16 555022 5 1935489672 6.95324e-310 0.00
problem41 4.52 542648 5 1935489672 6.95324e-310 0.00
problem42 3.35 579427 5 1935489672 6.95324e-310 0.00
problem43 3.01 556131 5 1935489672 6.95324e-310 0.00
problem44 3.93 494606 5 1935489672 6.95324e-310 0.00
problem45 2.87 460387 5 1935489672 6.95324e-310 0.00
problem46 2.15 497166 5 1935489672 6.95324e-310 0.00
problem47 3.18 561251 5 1935489672 6.95324e-310 0.00
problem48 4.16 565262 5 1935489672 6.95324e-310 0.00
problem49 3.35 552888 5 1935489672 6.95324e-310 0.00
problem50 2.65 567822 5 1935489672 6.95324e-310 0.00
problem51 2.44 500835 5 1935489672 6.95324e-310 0.00
problem52 1.88 548536 5 1935489672 6.95324e-310 0.00
problem53 3.61 492472 5 1935489672 6.95324e-310 0.00
problem54 3.65 507406 5 1935489672 6.95324e-310 0.00
problem55 2.88 505955 5 1935489672 6.95324e-310 0.00
problem56 1.49 553656 5 1935489672 6.95324e-310 0.00
problem57 7.85 453902 5 1935489672 6.95324e-310 0.00
problem58 6.28 490680 5 1935489672 6.95324e-310 0.00
problem59 1.77 532920 5 1935489672 6.95324e-310 0.00
problem60 3.19 471395 5 1935489672 6.95324e-310 0.00
problem61 1.31 480867 5 1935489672 6.95324e-310 0.00
problem62 3.38 517646 5 1935489672 6.95324e-310 0.00
problem63 3.02 538040 5 1935489672 6.95324e-310 0.00
problem64 1.66 520206 5 1935489672 6.95324e-310 0.00
problem65 3.86 529678 5 1935489672 6.95324e-310 0.00
problem66 3.86 522766 5 1935489672 6.95324e-310 0.00
problem67 1.17 499470 5 1935489672 6.95324e-310 0.00
problem68 4.06 525326 5 1935489672 6.95324e-310 0.00
problem69 2.06 491107 5 1935489672 6.95324e-310 0.00
problem70 1.11 549731 5 1935489672 6.95324e-310 0.00
problem71 3.14 504590 5 1935489672 6.95324e-310 0.00
problem72 3.68 595982 5 1935489672 6.95324e-310 0.00
problem73 1.28 496227 5 1935489672 6.95324e-310 0.00
problem74 3.74 533006 5 1935489672 6.95324e-310 0.00
problem75 3.56 531555 5 1935489672 6.95324e-310 0.00
problem76 2.82 535566 5 1935489672 6.95324e-310 0.00
problem77 1.59 501347 5 1935489672 6.95324e-310 0.00
problem78 5.37 494435 5 1935489672 6.95324e-310 0.00
problem79 4.76 492984 5 1935489672 6.95324e-310 0.00
problem80 1.76 496995 5 1935489672 6.95324e-310 0.00
problem81 1.32 550158 5 1935489672 6.95324e-310 0.00
problem82 2.67 630627 5 1935489672 6.95324e-310 0.00
problem83 3.42 563640 5 1935489672 6.95324e-310 0.00
problem84 4.08 523960 5 1935489672 6.95324e-310 0.00
problem85 4.51 511587 5 1935489672 6.95324e-310 0.00
problem86 2.65 526520 5 1935489672 6.95324e-310 0.00
problem87 1.82 525070 5 1935489672 6.95324e-310 0.00
problem88 3.83 594616 5 1935489672 6.95324e-310 0.00
problem89 2.77 516707 5 1935489672 6.95324e-310 0.00
problem90 2.36 466104 5 1935489672 6.95324e-310 0.00
problem91 1.02 486499 5 1935489672 6.95324e-310 0.00
problem92 2.83 556046 5 1935489672 6.95324e-310 0.00
problem93 3.09 499982 5 1935489672 6.95324e-310 0.00
problem94 6.26 449379 5 1935489672 6.95324e-310 0.00
problem95 2.24 447928 5 1935489672 6.95324e-310 0.00
problem96 2.95 473784 5 1935489672 6.95324e-310 0.00
problem97 2.46 505102 5 1935489672 6.95324e-310 0.00
problem98 3.41 563726 5 1935489672 6.95324e-310 0.00
problem99 2.88 584120 5 1935489672 6.95324e-310 0.00
