problem0 0.44 647286248438056 2718 1 0.34
problem1 0.21 655046874728321 1182 1 0.11
problem2 0.12 758460160883255 445 1 0.09
problem3 0.14 608433404309452 829 1 0.11
problem4 0.47 610273835802971 2738 2 0.37
problem5 0.21 671983521402523 908 1 0.1
problem6 0.17 605369884753726 1269 1 0.14
problem7 0.17 571452274437219 1424 1 0.14
problem8 0.47 654552898568458 2901 2 0.33
problem9 0.19 660523159311580 1633 1 0.12
problem10 0.2 635243873548370 1193 1 0.16
problem11 0.11 712074164736049 578 1 0.08
problem12 0.21 678696602349435 1488 1 0.13
problem13 0.22 682702393396632 439 1 0.07
problem14 0.48 673940127902878 2932 2 0.37
problem15 0.17 707080422018947 561 1 0.1
problem16 0.15 687955816749332 737 1 0.09
problem17 0.5 640424219445924 1782 1 0.12
problem18 0.12 625869741589837 467 1 0.11
problem19 0.15 645369674582136 1035 1 0.1
problem20 0.22 700269358743615 863 1 0.09
problem21 0.18 680525449150473 1488 1 0.12
problem22 0.2 747945029645324 535 1 0.11
problem23 0.1 726221995200533 343 1 0.08
problem24 0.32 603097620830230 1923 1 0.12
problem25 0.19 708856606219392 659 1 0.13
problem26 0.15 619370938160534 962 1 0.1
problem27 0.16 627404003963234 1306 1 0.13
problem28 0.19 622254229279070 1909 1 0.14
problem29 0.14 723354208172765 420 1 0.09
problem30 0.17 636674904980582 1324 1 0.15
problem31 0.14 697547621175662 582 1 0.09
problem32 0.18 667628533480068 1088 1 0.12
problem33 0.13 673517243448860 542 1 0.1
problem34 0.11 765623883704989 322 1 0.09
problem35 0.26 654985690650336 1202 1 0.1
problem36 0.24 642170694447182 1960 1 0.19
problem37 0.15 559554828479019 935 1 0.11
problem38 0.17 664307812279404 1096 1 0.14
problem39 0.21 702302820040585 933 1 0.11
problem40 0.61 623954882100306 4538 2 0.46
problem41 0.12 659517217878214 215 1 0.12
problem42 0.19 617390358159619 950 1 0.16
problem43 0.24 708426359636813 1129 1 0.15
problem44 0.25 579423036595500 963 1 0.16
problem45 0.18 662942845870603 636 1 0.14
problem46 0.19 732014106886764 570 1 0.11
problem47 0.16 677626194483254 633 1 0.13
problem48 0.17 662836274913615 734 1 0.12
problem49 0.2 675496055956738 807 1 0.13
problem50 0.2 631260242532013 1223 1 0.16
problem51 0.23 637075345598910 766 1 0.13
problem52 0.34 650799754920785 3758 1 0.2
problem53 0.21 656147966220143 707 1 0.15
problem54 0.19 612736629364597 822 1 0.16
problem55 0.22 656483826441641 902 1 0.13
problem56 0.38 475702090088668 3769 1 0.26
problem57 0.28 643167507755699 1677 1 0.2
problem58 0.17 662560956663208 653 1 0.14
problem59 0.21 670353874240785 800 1 0.18
problem60 0.24 574994138612641 1550 1 0.16
problem61 0.29 592233431558934 2036 1 0.19
problem62 0.18 728536515219397 506 1 0.12
problem63 0.24 663199771031401 1091 1 0.15
problem64 0.13 712854511525338 316 1 0.09
problem65 0.25 575437898033346 1517 1 0.18
problem66 0.3 609324607848449 2494 1 0.2
problem67 0.46 731983276150469 1078 1 0.11
problem68 0.22 622586493571288 1299 1 0.14
problem69 0.21 602389368345476 1379 1 0.17
problem70 0.18 659381486967900 590 1 0.17
problem71 0.22 737675965310833 815 1 0.12
problem72 0.24 704270702631714 882 1 0.13
problem73 0.32 647885984635169 2052 1 0.17
problem74 0.15 695930003118001 525 1 0.12
problem75 0.15 655510564979018 631 1 0.14
problem76 0.25 649300362960327 1371 1 0.2
problem77 0.27 566874365442628 1882 1 0.23
problem78 0.16 672863052709778 710 1 0.13
problem79 0.19 596995101604385 855 1 0.18
problem80 0.16 763485474762069 557 1 0.13
problem81 0.27 614002364117352 1616 1 0.19
problem82 0.37 683844554964026 1325 1 0.16
problem83 1 469245535463052 7848 2 0.84
problem84 0.32 548061947479199 1627 1 0.24
problem85 0.24 647032322823643 557 1 0.23
problem86 0.2 682352866974348 313 1 0.18
problem87 0.33 589857295645985 1709 1 0.23
problem88 0.22 686910357267185 633 1 0.21
problem89 0.26 618550942763077 678 1 0.21
problem90 0.26 705259206233252 990 1 0.21
problem91 0.53 579029978621228 3723 1 0.3
problem92 0.35 683827127682661 1236 1 0.22
problem93 0.27 636630676002343 847 1 0.24
problem94 0.26 710269780878210 376 1 0.17
problem95 0.48 719644296890625 1479 1 0.22
problem96 0.35 635697103381797 1609 1 0.27
problem97 0.44 704981510397759 1761 1 0.22
problem98 0.24 739940781051095 486 1 0.19
problem99 0.2 744522813294341 289 1 0.19
