problem0 0.96 477157336003759 5 -1969951752 6.95326e-310 0.00
problem1 18.3 468971690861442 5 -1969951752 6.95326e-310 0.00
problem2 4.64 502238069451925 5 -1969951752 6.95326e-310 0.00
problem3 4.37 514108078558420 5 -1969951752 6.95326e-310 0.00
problem4 1.03 536147055422918 5 -1969951752 6.95326e-310 0.00
problem5 4.72 497345196660535 5 -1969951752 6.95326e-310 0.00
problem6 4.28 484553140877341 5 -1969951752 6.95326e-310 0.00
problem7 1.24 502080163292636 5 -1969951752 6.95326e-310 0.00
problem8 1.54 526405152277420 5 -1969951752 6.95326e-310 0.00
problem9 9.11 463759957385041 5 -1969951752 6.95326e-310 0.00
problem10 4.71 557208607486407 5 -1969951752 6.95326e-310 0.00
problem11 1 480865999701147 5 -1969951752 6.95326e-310 0.00
problem12 0.78 446870305599659 5 -1969951752 6.95326e-310 0.00
problem13 1.29 531836140746446 5 -1969951752 6.95326e-310 0.00
problem14 2.54 460207016310109 5 -1969951752 6.95326e-310 0.00
problem15 1.06 503850608904613 5 -1969951752 6.95326e-310 0.00
problem16 3.71 441006004647036 5 -1969951752 6.95326e-310 0.00
problem17 0.94 402123672004189 5 -1969951752 6.95326e-310 0.00
problem18 0.94 431172685679511 5 -1969951752 6.95326e-310 0.00
problem19 0.87 454961628411803 5 -1969951752 6.95326e-310 0.00
problem20 1.5 485863522792091 5 -1969951752 6.95326e-310 0.00
problem21 1.33 450987419408405 5 -1969951752 6.95326e-310 0.00
problem22 1.82 440859596016038 5 -1969951752 6.95326e-310 0.00
problem23 2.54 475825429600585 5 -1969951752 6.95326e-310 0.00
problem24 2.86 523168146866798 5 -1969951752 6.95326e-310 0.00
problem25 8.83 439810961713034 5 -1969951752 6.95326e-310 0.00
problem26 1.53 510930597864218 5 -1969951752 6.95326e-310 0.00
problem27 1.07 467693847829508 5 -1969951752 6.95326e-310 0.00
problem28 1.92 480488459685352 5 -1969951752 6.95326e-310 0.00
problem29 4.08 533528584982679 5 -1969951752 6.95326e-310 0.00
problem30 1.24 438063883082285 5 -1969951752 6.95326e-310 0.00
problem31 2.73 504538484493611 5 -1969951752 6.95326e-310 0.00
problem32 3.65 513286901420875 5 -1969951752 6.95326e-310 0.00
problem33 1.75 492429251367605 5 -1969951752 6.95326e-310 0.00
problem34 2 478449160382658 5 -1969951752 6.95326e-310 0.00
problem35 6.32 488457050274422 5 -1969951752 6.95326e-310 0.00
problem36 1.29 466478721453358 5 -1969951752 6.95326e-310 0.00
problem37 1.84 473747150494548 5 -1969951752 6.95326e-310 0.00
problem38 4 482725439999664 5 -1969951752 6.95326e-310 0.00
problem39 1.11 463484799396255 5 -1969951752 6.95326e-310 0.00
problem40 1.41 517952419584123 5 -1969951752 6.95326e-310 0.00
problem41 1.11 546941854859345 5 -1969951752 6.95326e-310 0.00
problem42 0.93 477967620622764 5 -1969951752 6.95326e-310 0.00
problem43 1.39 496319653119349 5 -1969951752 6.95326e-310 0.00
problem44 2.09 428628679200504 5 -1969951752 6.95326e-310 0.00
problem45 0.9 515883254588531 5 -1969951752 6.95326e-310 0.00
problem46 3.53 404644534851635 5 -1969951752 6.95326e-310 0.00
problem47 2.66 432322551077821 5 -1969951752 6.95326e-310 0.00
problem48 0.84 511149139608482 5 -1969951752 6.95326e-310 0.00
problem49 1.51 543046732619878 5 -1969951752 6.95326e-310 0.00
problem50 1.07 570247113517991 5 -1969951752 6.95326e-310 0.00
problem51 1.18 519029095644762 5 -1969951752 6.95326e-310 0.00
problem52 4.29 420469923131100 5 -1969951752 6.95326e-310 0.00
problem53 2.19 486192612677129 5 -1969951752 6.95326e-310 0.00
problem54 1.2 443148094902720 5 -1969951752 6.95326e-310 0.00
problem55 2.28 414505925965092 5 -1969951752 6.95326e-310 0.00
problem56 1.44 634925011835501 5 -1969951752 6.95326e-310 0.00
problem57 0.75 470335784130864 5 -1969951752 6.95326e-310 0.00
problem58 1.04 598310178493052 5 -1969951752 6.95326e-310 0.00
problem59 0.94 453486762015571 5 -1969951752 6.95326e-310 0.00
problem60 1 534004040412542 5 -1969951752 6.95326e-310 0.00
problem61 0.93 529526941086686 5 -1969951752 6.95326e-310 0.00
problem62 0.96 415919345161252 5 -1969951752 6.95326e-310 0.00
problem63 1.07 503551485920020 5 -1969951752 6.95326e-310 0.00
problem64 0.99 467546318056211 5 -1969951752 6.95326e-310 0.00
problem65 1.26 461004442233354 5 -1969951752 6.95326e-310 0.00
problem66 0.98 416857604437435 5 -1969951752 6.95326e-310 0.00
problem67 0.86 503453054374418 5 -1969951752 6.95326e-310 0.00
problem68 1.8 456031725952652 5 -1969951752 6.95326e-310 0.00
problem69 3.35 460631201440881 5 -1969951752 6.95326e-310 0.00
problem70 1.07 488450102783823 5 -1969951752 6.95326e-310 0.00
problem71 1.67 427132744053743 5 -1969951752 6.95326e-310 0.00
problem72 1.5 512121035439985 5 -1969951752 6.95326e-310 0.00
problem73 1.13 463314067329120 5 -1969951752 6.95326e-310 0.00
problem74 7.51 448332909806206 5 -1969951752 6.95326e-310 0.00
problem75 6.62 504167214058935 5 -1969951752 6.95326e-310 0.00
problem76 1.43 425166081986258 5 -1969951752 6.95326e-310 0.00
problem77 2.37 502987385878256 5 -1969951752 6.95326e-310 0.00
problem78 2.42 501133113079422 5 -1969951752 6.95326e-310 0.00
problem79 1.68 485160352394451 5 -1969951752 6.95326e-310 0.00
problem80 2.34 509362264651166 5 -1969951752 6.95326e-310 0.00
problem81 1.02 522437749397469 5 -1969951752 6.95326e-310 0.00
problem82 0.93 476121271324990 5 -1969951752 6.95326e-310 0.00
problem83 0.8 468716728647401 5 -1969951752 6.95326e-310 0.00
problem84 1.87 419027717325841 5 -1969951752 6.95326e-310 0.00
problem85 0.84 469160723564953 5 -1969951752 6.95326e-310 0.00
problem86 0.99 474187551747275 5 -1969951752 6.95326e-310 0.00
problem87 0.92 486354839259603 5 -1969951752 6.95326e-310 0.00
problem88 0.95 505941544844309 5 -1969951752 6.95326e-310 0.00
problem89 2 362583391998074 5 -1969951752 6.95326e-310 0.00
problem90 0.98 442984691066846 5 -1969951752 6.95326e-310 0.00
problem91 1 462104493849091 5 -1969951752 6.95326e-310 0.00
problem92 4.24 467060488840102 5 -1969951752 6.95326e-310 0.00
problem93 7.89 527989379279200 5 -1969951752 6.95326e-310 0.00
problem94 2.28 464947864971960 5 -1969951752 6.95326e-310 0.00
problem95 2.58 509886711645420 5 -1969951752 6.95326e-310 0.00
problem96 3.35 472468018315151 5 -1969951752 6.95326e-310 0.00
problem97 1.46 538411672392119 5 -1969951752 6.95326e-310 0.00
problem98 0.95 503453403477338 5 -1969951752 6.95326e-310 0.00
problem99 0.91 496900432472796 5 -1969951752 6.95326e-310 0.00
