problem0 0 41431 1 0.00
problem1 0.00 36885 1 0.00
problem2 0.00 33347 1 0.00
problem3 0.00 45025 1 0.00
problem4 0.00 44143 1 0.00
problem5 0.00 34669 1 0.00
problem6 0.00 40027 1 0.00
problem7 0.00 41657 1 0.00
problem8 0.00 42503 1 0.00
problem9 0.00 42437 1 0.00
problem10 0.00 38259 1 0.00
problem11 0.00 46225 1 0.00
problem12 0.00 42655 1 0.00
problem13 0.00 43805 1 0.00
problem14 0.00 40331 1 0.00
problem15 0.00 38249 1 0.00
problem16 0.00 40503 1 0.00
problem17 0.00 46965 1 0.00
problem18 0.00 42147 1 0.00
problem19 0.00 44353 1 0.00
problem20 0.00 33999 1 0.00
problem21 0.00 45773 1 0.00
problem22 0.00 51899 1 0.00
problem23 0.00 46105 1 0.00
problem24 0.00 35431 1 0.00
problem25 0.00 42277 1 0.00
problem26 0.00 42963 1 0.00
problem27 0.00 41457 1 0.00
problem28 0.00 40703 1 0.00
problem29 0.00 46717 1 0.00
problem30 0.00 44011 1 0.00
problem31 0.00 40649 1 0.00
problem32 0.00 39575 1 0.00
problem33 0.00 40661 1 0.00
problem34 0.00 40707 1 0.00
problem35 0.00 47777 1 0.00
problem36 0.00 40239 1 0.00
problem37 0.00 48685 1 0.00
problem38 0.00 39195 1 0.00
problem39 0.00 46457 1 0.00
problem40 0.00 42695 1 0.00
problem41 0.00 44165 1 0.00
problem42 0.00 51763 1 0.00
problem43 0.00 51025 1 0.00
problem44 0.00 48991 1 0.00
problem45 0.00 45533 1 0.00
problem46 0.00 37451 1 0.00
problem47 0.00 43049 1 0.00
problem48 0.00 40695 1 0.00
problem49 0.00 42549 1 0.00
problem50 0.00 47459 1 0.00
problem51 0.00 49153 1 0.00
problem52 0.00 38287 1 0.00
problem53 0.00 47501 1 0.00
problem54 0.00 42875 1 0.00
problem55 0.00 42713 1 0.00
problem56 0.00 43815 1 0.00
problem57 0.00 41957 1 0.00
problem58 0.00 42131 1 0.00
problem59 0.00 44209 1 0.00
problem60 0.00 42943 1 0.00
problem61 0.00 44349 1 0.00
problem62 0.00 39083 1 0.00
problem63 0.00 45449 1 0.00
problem64 0.00 43863 1 0.00
problem65 0.00 44437 1 0.00
problem66 0.00 41923 1 0.00
problem67 0.00 46433 1 0.00
problem68 0.00 36335 1 0.00
problem69 0.00 44269 1 0.00
problem70 0.00 42459 1 0.00
problem71 0.00 43065 1 0.00
problem72 0.00 40839 1 0.00
problem73 0.00 41797 1 0.00
problem74 0.00 44787 1 0.00
problem75 0.00 41489 1 0.00
problem76 0.00 49183 1 0.00
problem77 0.00 43165 1 0.00
problem78 0.00 44811 1 0.00
problem79 0.00 43753 1 0.00
problem80 0.00 47031 1 0.00
problem81 0.00 44277 1 0.00
problem82 0.00 44579 1 0.00
problem83 0.00 51905 1 0.00
problem84 0.00 38479 1 0.00
problem85 0.00 45133 1 0.00
problem86 0.00 44091 1 0.00
problem87 0.00 41369 1 0.00
problem88 0.00 46055 1 0.00
problem89 0.00 39589 1 0.00
problem90 0.00 37203 1 0.00
problem91 0.00 38769 1 0.00
problem92 0.00 41087 1 0.00
problem93 0.00 48125 1 0.00
problem94 0.00 44395 1 0.00
problem95 0.00 40009 1 0.00
problem96 0.00 42007 1 0.00
problem97 0.00 48213 1 0.00
problem98 0.00 36995 1 0.00
problem99 0.00 32801 1 0.00
