problem0 13.19 76942979034188 1 7520.00
problem1 58.14 63870351323746 1 11652.00
problem2 28.34 76108871077385 1 11652.00
problem3 50.99 65034660052699 1 11652.00
problem4 46.21 62404014989454 1 11652.00
problem5 16.41 72171197540476 1 11652.00
problem6 51.38 61707989325083 1 11652.00
problem7 52.59 68689151354757 1 11652.00
problem8 14.71 71025579810544 1 11652.00
problem9 26.94 77892810264118 1 11652.00
problem10 47.83 66622425776973 1 11652.00
problem11 24.74 71339081095375 1 11652.00
problem12 45.73 65696437037426 1 11652.00
problem13 19.29 72874197581200 1 11652.00
problem14 25.66 70219583253151 1 11652.00
problem15 39.13 68715452218553 1 11652.00
problem16 16.79 78437956854292 1 11652.00
problem17 27.26 77940156805258 1 11652.00
problem18 41.03 73694122409233 1 11652.00
problem19 48.38 65464628124995 1 11652.00
problem20 38.73 75482848250582 1 11652.00
problem21 16.86 72127286739236 1 11652.00
problem22 29.05 65681389391011 1 11652.00
problem23 21.70 73676839363693 1 11652.00
problem24 34.85 70761413461432 1 11652.00
problem25 22.88 70780673665374 1 11652.00
problem26 34.73 72422628739925 1 11652.00
problem27 22.38 76098258476087 1 11652.00
problem28 27.46 76837854975162 1 11652.00
problem29 33.89 71567475344184 1 11652.00
problem30 38.29 69458590501671 1 11652.00
problem31 17.57 74139329293985 1 11652.00
problem32 41.96 69264163133916 1 11652.00
problem33 32.86 80187844757682 1 11652.00
problem34 25.40 69537107983897 1 11652.00
problem35 37.49 70435119998379 1 11652.00
problem36 44.12 71119136151326 1 11652.00
problem37 19.12 77084103431116 1 11652.00
problem38 24.72 69326127560235 1 11652.00
problem39 19.28 75160580352853 1 11652.00
problem40 42.36 58170945236608 1 11652.00
problem41 27.89 74485150293638 1 11652.00
problem42 56.67 70027139048797 1 11652.00
problem43 16.58 78040429234591 1 11652.00
problem44 15.45 79942003532290 1 11652.00
problem45 22.14 70426040877792 1 11652.00
problem46 45.49 66618586488239 1 11652.00
problem47 23.70 74205359630985 1 11652.00
problem48 17.76 67910400578468 1 11652.00
problem49 11.34 73944362236634 1 11652.00
problem50 37.99 65467724550433 1 11652.00
problem51 24.33 72087170652179 1 11652.00
problem52 24.46 70197564835174 1 11652.00
problem53 33.49 69877516673140 1 11652.00
problem54 39.77 69812313248179 1 11652.00
problem55 22.22 71669072673853 1 11652.00
problem56 27.23 72343252654408 1 11652.00
problem57 23.43 76594367311278 1 11652.00
problem58 19.77 76341835632997 1 11652.00
problem59 23.30 77791794471175 1 11652.00
problem60 26.06 73656661938506 1 11652.00
problem61 33.78 67337271655560 1 11652.00
problem62 43.19 72408483947063 1 11652.00
problem63 20.44 71252956557425 1 11652.00
problem64 37.41 69789453569900 1 11652.00
problem65 20.29 78301972023042 1 11652.00
problem66 8.16 88385846720041 1 11652.00
problem67 45.65 74758727365755 1 11652.00
problem68 31.57 66753706907054 1 11652.00
problem69 43.00 64130016798492 1 11652.00
problem70 7.88 82810109501243 1 11652.00
problem71 26.77 65505127012133 1 11652.00
problem72 41.85 71297055491600 1 11652.00
problem73 69.46 64550618027734 1 11652.00
problem74 29.02 71665838280557 1 11652.00
problem75 26.09 74270309638767 1 11652.00
problem76 59.64 69085419332242 1 11652.00
problem77 27.45 77822164627504 1 11652.00
problem78 34.61 72812765485247 1 11652.00
problem79 15.56 75096632475737 1 11652.00
problem80 40.05 69377705053492 1 11652.00
problem81 15.97 79629037907242 1 11652.00
problem82 31.67 72218580020529 1 11652.00
problem83 23.06 75946804525795 1 11652.00
problem84 53.39 63876861020150 1 11652.00
problem85 23.44 75464368203716 1 11652.00
problem86 20.40 73205602279107 1 11652.00
problem87 15.90 77992397634573 1 11652.00
problem88 21.38 73765236634840 1 11652.00
problem89 25.50 76108308781566 1 11652.00
problem90 43.77 66061771480949 1 11652.00
problem91 14.53 75081250229719 1 11652.00
problem92 50.39 67283254089178 1 11652.00
problem93 41.28 69746061958616 1 11652.00
problem94 23.06 81067164533063 1 11652.00
problem95 20.10 65586366290497 1 11652.00
problem96 11.85 69993837546748 1 11652.00
problem97 33.16 67309118647634 1 11652.00
problem98 6.62 78054648903225 1 11652.00
problem99 8.97 83733910776651 1 11652.00
