problem0 0.07 338181322530 0 2288.00
problem1 0.00 265133743166 1 2344.00
problem2 0.03 347195078508 1 2344.00
problem3 0.04 280472985642 1 2344.00
problem4 0.01 324450431480 1 2344.00
problem5 0.06 324454509654 1 2344.00
problem6 0.05 341602816708 1 2344.00
problem7 0.01 354040286402 1 2344.00
problem8 0.01 320099435984 1 2344.00
problem9 0.07 335451360624 0 2344.00
problem10 0.02 329831266076 1 2344.00
problem11 0.05 342527162970 1 2344.00
problem12 0.03 379338953384 1 2344.00
problem13 0.01 319209152390 1 2344.00
problem14 0.07 307122406518 0 2344.00
problem15 0.03 350311188722 1 2344.00
problem16 0.05 264418556032 1 2344.00
problem17 0.05 318717756062 1 2344.00
problem18 0.02 305200536268 1 2344.00
problem19 0.02 379435473034 1 2344.00
problem20 0.01 349004355416 1 2344.00
problem21 0.05 340512511670 1 2344.00
problem22 0.01 357333719588 1 2344.00
problem23 0.04 328291649826 1 2344.00
problem24 0.01 290589511472 1 2344.00
problem25 0.05 382482463694 1 2344.00
problem26 0.01 306897363580 1 2344.00
problem27 0.06 364233456314 1 2344.00
problem28 0.07 325250711562 0 2344.00
problem29 0.07 298738274792 0 2344.00
problem30 0.02 344203187156 1 2344.00
problem31 0.03 338681040210 1 2344.00
problem32 0.00 279897967072 1 2344.00
problem33 0.02 317583603966 1 2344.00
problem34 0.07 321678429742 0 2344.00
problem35 0.07 349249970412 0 2344.00
problem36 0.03 347876920504 1 2344.00
problem37 0.00 331394273558 1 2344.00
problem38 0.07 329886396804 1 2344.00
problem39 0.03 310011237762 1 2344.00
problem40 0.04 337978714256 1 2344.00
problem41 0.02 337817106990 1 2344.00
problem42 0.01 326775152092 1 2344.00
problem43 0.02 307998706458 1 2344.00
problem44 0.04 343204986216 1 2344.00
problem45 0.07 340071322696 0 2344.00
problem46 0.01 271853302580 1 2344.00
problem47 0.02 311444939186 1 2344.00
problem48 0.01 329617025856 1 2344.00
problem49 0.07 402137186145 0 2344.00
problem50 0.05 275666604428 1 2344.00
problem51 0.07 320667089229 0 2344.00
problem52 0.04 303126467096 1 2344.00
problem53 0.05 317666040694 1 2344.00
problem54 0.03 395208202468 1 2344.00
problem55 0.07 334537634276 0 2344.00
problem56 0.07 392802554354 0 2344.00
problem57 0.01 292771055758 1 2344.00
problem58 0.02 307190737212 1 2344.00
problem59 0.05 330108447610 1 2344.00
problem60 0.04 309530102472 1 2344.00
problem61 0.05 332006287014 1 2344.00
problem62 0.02 259339657876 1 2344.00
problem63 0.02 281158010386 1 2344.00
problem64 0.03 336091733152 1 2344.00
problem65 0.02 311808939454 1 2344.00
problem66 0.04 319000437996 1 2344.00
problem67 0.04 327330914730 1 2344.00
problem68 0.01 318211270520 1 2344.00
problem69 0.05 372037645782 1 2344.00
problem70 0.03 384370921540 1 2344.00
problem71 0.06 380905086530 1 2344.00
problem72 0.07 410359712594 0 2344.00
problem73 0.01 311346767598 1 2344.00
problem74 0.05 400013051036 1 2344.00
problem75 0.03 365187636186 1 2344.00
problem76 0.06 303558699050 0 2344.00
problem77 0.04 348628732166 1 2344.00
problem78 0.02 355737182708 1 2344.00
problem79 0.03 354394897010 1 2344.00
problem80 0.03 311025769984 1 2344.00
problem81 0.00 321356708894 1 2344.00
problem82 0.01 352326830156 1 2344.00
problem83 0.03 314368940554 1 2344.00
problem84 0.04 317341830360 1 2344.00
problem85 0.02 335894667318 1 2344.00
problem86 0.06 330376910756 1 2344.00
problem87 0.01 363253570210 1 2344.00
problem88 0.03 362122106032 1 2344.00
problem89 0.02 249844766030 1 2344.00
problem90 0.05 278289281020 1 2344.00
problem91 0.04 237869800506 1 2344.00
problem92 0.07 358519625098 0 2344.00
problem93 0.07 331484216168 0 2344.00
problem94 0.01 326720074068 1 2344.00
problem95 0.04 293663096530 1 2344.00
problem96 0.04 329540693856 1 2344.00
problem97 0.04 338922615422 1 2344.00
problem98 0.03 308572044204 1 2344.00
problem99 0.02 318780695146 1 2344.00
