problem0 0.01 73537667349 1
problem1 0 83385826979 1
problem2 0.01 84860568417 1
problem3 0 88341812943 1
problem4 0 99092524141 1
problem5 0.01 94238458811 1
problem6 0 89556551737 1
problem7 0.01 93117428071 1
problem8 0 93316162245 1
problem9 0 88848894931 1
problem10 0 81869948945 1
problem11 0.01 82613747455 1
problem12 0 98381612061 1
problem13 0.01 88396035819 1
problem14 0.01 90416095977 1
problem15 0 90103291799 1
problem16 0.02 92291936373 1
problem17 0.02 78491870467 1
problem18 0.02 100121147585 1
problem19 0.01 96694809391 1
problem20 0.01 93930768333 1
problem21 0.03 84637005339 1
problem22 0.01 86808308121 1
problem23 0 84642879943 1
problem24 0.01 86382045733 1
problem25 0 85272742451 1
problem26 0 89096590705 1
problem27 0 89315341151 1
problem28 0.01 76346521469 1
problem29 0 90994704715 1
problem30 0 89978838089 1
problem31 0 90904748023 1
problem32 0 81349136341 1
problem33 0.01 89280297827 1
problem34 0 88183610913 1
problem35 0 78743830415 1
problem36 0 81244476205 1
problem37 0.01 88805726331 1
problem38 0 86590520057 1
problem39 0 94951420455 1
problem40 0.03 90786619781 1
problem41 0 82963937427 1
problem42 0.01 94335767249 1
problem43 0 79167707071 1
problem44 0 89122888413 1
problem45 0.01 80759864235 1
problem46 0 80330868137 1
problem47 0.01 77019533399 1
problem48 0.02 85384372021 1
problem49 0 86971367875 1
problem50 0 97237889921 1
problem51 0 84318780399 1
problem52 0 94887448205 1
problem53 0.01 87410453211 1
problem54 0 86274931801 1
problem55 0.01 89634552455 1
problem56 0.02 92518287589 1
problem57 0.02 84381914867 1
problem58 0.04 82258870321 1
problem59 0 79015963679 1
problem60 0 91476717117 1
problem61 0 94292583947 1
problem62 0 93035896585 1
problem63 0.01 80174936247 1
problem64 0 85386436245 1
problem65 0 83788855331 1
problem66 0.01 95681476833 1
problem67 0 93657671759 1
problem68 0 96437238253 1
problem69 0 91383115067 1
problem70 0.01 89340194233 1
problem71 0 84950971111 1
problem72 0.02 89041068101 1
problem73 0.01 85744985427 1
problem74 0.01 86593871249 1
problem75 0 86915526783 1
problem76 0 86156849565 1
problem77 0 80348430443 1
problem78 0.01 88455129193 1
problem79 0 86128673047 1
problem80 0.01 99589541365 1
problem81 0.01 85715410563 1
problem82 0.03 90231025217 1
problem83 0 96863519919 1
problem84 0.01 82569336141 1
problem85 0 94677098395 1
problem86 0.02 90339479321 1
problem87 0.02 94139472711 1
problem88 0 93589563301 1
problem89 0 92062720947 1
problem90 0.01 76308687601 1
problem91 0 78574560479 1
problem92 0.02 91682710781 1
problem93 0 93110995659 1
problem94 0 91038736841 1
problem95 0.01 84061012343 1
problem96 0.01 91131522389 1
problem97 0 101082494179 1
problem98 0.01 87267644321 1
problem99 0.01 81019441423 1
