problem0 0 656086 1
problem1 0 657078 1
problem2 0 693910 1
problem3 0 569974 1
problem4 0 645718 1
problem5 0 626230 1
problem6 0 642582 1
problem7 0 727542 1
problem8 0 618966 1
problem9 0 677302 1
problem10 0 705942 1
problem11 0 639350 1
problem12 0 674134 1
problem13 0 679222 1
problem14 0 687382 1
problem15 0 698614 1
problem16 0 614614 1
problem17 0 664758 1
problem18 0 619670 1
problem19 0 610422 1
problem20 0 637014 1
problem21 0 568374 1
problem22 0 633878 1
problem23 0 604150 1
problem24 0 708566 1
problem25 0 750518 1
problem26 0 697238 1
problem27 0 745334 1
problem28 0 599894 1
problem29 0 752438 1
problem30 0 547606 1
problem31 0 706294 1
problem32 0 573142 1
problem33 0 574134 1
problem34 0 774806 1
problem35 0 683638 1
problem36 0 693846 1
problem37 0 707126 1
problem38 0 559638 1
problem39 0 579062 1
problem40 0 634326 1
problem41 0 627126 1
problem42 0 655766 1
problem43 0 687478 1
problem44 0 656726 1
problem45 0 661814 1
problem46 0 604438 1
problem47 0 713974 1
problem48 0 695510 1
problem49 0 680118 1
problem50 0 766102 1
problem51 0 691318 1
problem52 0 619606 1
problem53 0 714806 1
problem54 0 649238 1
problem55 0 685046 1
problem56 0 592854 1
problem57 0 536502 1
problem58 0 679830 1
problem59 0 662390 1
problem60 0 779094 1
problem61 0 702262 1
problem62 0 595734 1
problem63 0 721654 1
problem64 0 752342 1
problem65 0 655030 1
problem66 0 691862 1
problem67 0 600694 1
problem68 0 610902 1
problem69 0 689718 1
problem70 0 738838 1
problem71 0 528886 1
problem72 0 616918 1
problem73 0 708022 1
problem74 0 638358 1
problem75 0 702838 1
problem76 0 639318 1
problem77 0 742710 1
problem78 0 587030 1
problem79 0 663798 1
problem80 0 612566 1
problem81 0 662710 1
problem82 0 683158 1
problem83 0 641142 1
problem84 0 667734 1
problem85 0 533558 1
problem86 0 631830 1
problem87 0 700406 1
problem88 0 673750 1
problem89 0 682934 1
problem90 0 662422 1
problem91 0 644982 1
problem92 0 761686 1
problem93 0 750390 1
problem94 0 709398 1
problem95 0 671478 1
problem96 0 734934 1
problem97 0 735926 1
problem98 0 674454 1
problem99 0 779894 1
