problem0 0.01 8191945437 1
problem1 0.13 7928127637 1
problem2 2.22 8631460557 1
problem3 0.05 8906336645 1
problem4 0.34 7774252221 1
problem5 0.91 8360076405 1
problem6 0.2 8634697901 1
problem7 0.03 6997119333 1
problem8 1.61 9140008605 1
problem9 0.1 8415637589 1
problem10 0.46 7482160781 1
problem11 0.39 7544701253 1
problem12 0.03 9080440957 1
problem13 0.39 8612676661 1
problem14 0.93 8042622061 1
problem15 0.33 8487450917 1
problem16 0.28 7549280861 1
problem17 0.16 7665508373 1
problem18 0.02 7757425229 1
problem19 0.05 7839234309 1
problem20 0.44 7931200573 1
problem21 0.44 7585170421 1
problem22 0.21 7498854445 1
problem23 0.07 9058124005 1
problem24 0.28 7915007517 1
problem25 0.11 7236972501 1
problem26 0.45 7812038157 1
problem27 0.16 7893061829 1
problem28 0.1 8352014333 1
problem29 0.13 7440769973 1
problem30 0.35 9451820013 1
problem31 1.35 7953115301 1
problem32 1.65 7887329757 1
problem33 0.34 8555044757 1
problem34 0.39 8282485197 1
problem35 0.05 8627882117 1
problem36 0.04 7523261373 1
problem37 1.62 8597857141 1
problem38 0.03 8162662317 1
problem39 0.08 7234973797 1
problem40 0.03 7666525597 1
problem41 0.18 7810248533 1
problem42 0.21 8597292429 1
problem43 0.1 7609950277 1
problem44 0.02 8128247677 1
problem45 0.19 7314064181 1
problem46 0.73 8495725421 1
problem47 0.04 6952982565 1
problem48 0.12 7587090781 1
problem49 0.11 7232904981 1
problem50 0.74 8319203661 1
