problem0 0.01 119311181740463 0 2244.00
problem1 0.01 157978581022953 0 2300.00
problem2 0.01 152614125543812 0 2300.00
problem3 0.01 118418484973354 0 2300.00
problem4 0.01 133118503329522 0 2300.00
problem5 0.01 159641654091903 0 2300.00
problem6 0.01 147606230242796 0 2300.00
problem7 0.01 115964183315892 0 2300.00
problem8 0.01 155787893047392 0 2300.00
problem9 0.01 162622089298206 0 2300.00
problem10 0.01 121405215035685 0 2300.00
problem11 0.01 150729610684511 0 2300.00
problem12 0.01 111796079661798 0 2300.00
problem13 0.01 158452426447992 0 2300.00
problem14 0.01 159850308980760 0 2300.00
problem15 0.01 142061877187459 0 2300.00
problem16 0.01 123186242504845 0 2300.00
problem17 0.01 138951260047450 0 2300.00
problem18 0.02 169676881962755 0 2300.00
problem19 0.01 134124731566062 0 2300.00
problem20 0.01 156664603939792 0 2300.00
problem21 0.01 161647747949230 0 2300.00
problem22 0.01 163354692206046 0 2300.00
problem23 0.01 133383192304095 0 2300.00
problem24 0.01 143971247902278 0 2300.00
problem25 0.01 164878307031134 0 2300.00
problem26 0.01 144439869690371 0 2300.00
problem27 0.01 139290246515874 0 2300.00
problem28 0.01 164118870862065 0 2300.00
problem29 0.01 126866662794447 0 2300.00
problem30 0.02 141181337838396 0 2300.00
problem31 0.01 138259205844598 0 2300.00
problem32 0.01 166013696014477 0 2300.00
problem33 0.01 129933836757970 0 2300.00
problem34 0.01 119318916954862 0 2300.00
problem35 0.01 145262159907648 0 2300.00
problem36 0.01 168080356779865 0 2300.00
problem37 0.01 158653995536419 0 2300.00
problem38 0.01 142938088525441 0 2300.00
problem39 0.01 145924684671466 0 2300.00
problem40 0.01 145855361184803 0 2300.00
problem41 0.01 144855687751433 0 2300.00
problem42 0.01 134524368972642 0 2300.00
problem43 0.01 119386414650603 0 2300.00
problem44 0.01 128066995234580 0 2300.00
problem45 0.01 155016373170800 0 2300.00
problem46 0.02 130952006259246 0 2300.00
problem47 0.01 151423282825333 0 2300.00
problem48 0.01 143940413353774 0 2300.00
problem49 0.01 147754341792674 0 2300.00
problem50 0.01 146702868487080 0 2300.00
problem51 0.01 146193131436685 0 2300.00
problem52 0.01 157512266800449 0 2300.00
problem53 0.01 136607061682360 0 2300.00
problem54 0.01 149487732497050 0 2300.00
problem55 0.01 138526779842633 0 2300.00
problem56 0.01 156960602193625 0 2300.00
problem57 0.01 156582464005811 0 2300.00
problem58 0.01 128335720861797 0 2300.00
problem59 0.01 142895949112039 0 2300.00
problem60 0.02 173674734932743 0 2300.00
problem61 0.01 136853073222788 0 2300.00
problem62 0.01 135524118254811 0 2300.00
problem63 0.01 131700883817711 0 2300.00
problem64 0.01 130524777172836 0 2300.00
problem65 0.01 145521671415261 0 2300.00
problem66 0.01 158634432194115 0 2300.00
problem67 0.01 124881926047683 0 2300.00
problem68 0.01 127649621755129 0 2300.00
problem69 0.01 134013636261107 0 2300.00
problem70 0.01 168582946402320 0 2300.00
problem71 0.01 136784808455138 0 2300.00
problem72 0.01 153497068749907 0 2300.00
problem73 0.01 118978196653489 0 2300.00
problem74 0.01 149008752571862 0 2300.00
problem75 0.01 168851446871732 0 2300.00
problem76 0.01 134748013557265 0 2300.00
problem77 0.01 151704060382464 0 2300.00
problem78 0.01 141947310377710 0 2300.00
problem79 0.02 149179816912530 0 2300.00
problem80 0.01 142793168462062 0 2300.00
problem81 0.01 129634052502083 0 2300.00
problem82 0.01 173430531643233 0 2300.00
problem83 0.01 145544542747782 0 2300.00
problem84 0.01 164296308238742 0 2300.00
problem85 0.01 128440152115530 0 2300.00
problem86 0.01 143420535434521 0 2300.00
problem87 0.01 147345353440343 0 2300.00
problem88 0.01 137357724943037 0 2300.00
problem89 0.01 140519613946528 0 2300.00
problem90 0.01 143245038649963 0 2300.00
problem91 0.01 169888482130911 0 2300.00
problem92 0.02 144314605413215 0 2300.00
problem93 0.01 156901602953767 0 2300.00
problem94 0.01 130214875313483 0 2300.00
problem95 0.01 119830951439446 0 2300.00
problem96 0.01 96970799213800 0 2300.00
problem97 0.01 149630705976665 0 2300.00
problem98 0.01 124682396704987 0 2300.00
problem99 0.01 122241243311761 0 2300.00
