problem0 0 404672 0
problem1 0 357550 0
problem2 0 423500 0
problem3 0 387354 0
problem4 0 389272 0
problem5 0 416838 0
problem6 0 386980 0
problem7 0 375346 0
problem8 0 411504 0
problem9 0 413406 0
problem10 0 416764 0
problem11 0 386634 0
problem12 0 397640 0
problem13 0 404598 0
problem14 0 389972 0
problem15 0 396642 0
problem16 0 405024 0
problem17 0 414990 0
problem18 0 396716 0
problem19 0 397178 0
problem20 0 384504 0
problem21 0 379046 0
problem22 0 379652 0
problem23 0 396434 0
problem24 0 401617 1
problem25 0 370494 0
problem26 0 428892 0
problem27 0 402602 0
problem28 0 415400 0
problem29 0 413910 0
problem30 0 405172 0
problem31 0 407490 0
problem32 0 376704 0
problem33 0 402798 0
problem34 0 398604 0
problem35 0 402906 0
problem36 0 400216 0
problem37 0 410886 0
problem38 0 368228 0
problem39 0 405234 0
problem40 0 387632 0
problem41 0 413598 0
problem42 0 412348 0
problem43 0 414474 0
problem44 0 371720 0
problem45 0 378166 0
problem46 0 375316 0
problem47 0 414242 0
problem48 0 401632 0
problem49 0 402894 0
problem50 0 363628 0
problem51 0 420922 0
problem52 0 403640 0
problem53 0 422246 0
problem54 0 385476 0
problem55 0 368978 0
problem56 0 410512 0
problem57 0 362494 0
problem58 0 399900 0
problem59 0 381290 0
problem60 0 422248 0
problem61 0 354710 0
problem62 0 415092 0
problem63 0 310402 0
problem64 0 430656 0
problem65 0 407086 0
problem66 0 439244 0
problem67 0 410266 0
problem68 0 386584 0
problem69 0 421318 0
problem70 0 431396 0
problem71 0 394162 0
problem72 0 412912 0
problem73 0 413790 0
problem74 0 391548 0
problem75 0 376778 0
problem76 0 419528 0
problem77 0 409078 0
problem78 0 401620 0
problem79 0 407266 0
problem80 0 398240 0
problem81 0 358030 0
problem82 0 355116 0
problem83 0 395514 0
problem84 0 447352 0
problem85 0 399910 0
problem86 0 366724 0
problem87 0 439826 0
problem88 0 403024 0
problem89 0 403646 0
problem90 0 411868 0
problem91 0 409130 0
problem92 0 429096 0
problem93 0 410198 0
problem94 0 408628 0
problem95 0 409922 0
problem96 0 402688 0
problem97 0 378606 0
problem98 0 389772 0
problem99 0 417626 0
