problem0 11.19 1576213988677128 295 1 2.85 11332.00
problem1 3.66 1745891791574706 622 2 3.65 8028.00
problem2 3.92 1829566007224380 837 2 3.92 5012.00
problem3 3.77 1558402705206823 858 2 3.75 5832.00
problem4 1.91 1901479154755556 294 1 1.91 5832.00
problem5 1.95 1960071494901617 198 1 1.94 5832.00
problem6 1.94 1786661674304437 143 1 1.93 5832.00
problem7 1.81 1394023312720138 364 1 1.8 5832.00
problem8 1.77 1531017249877218 773 1 1.77 5832.00
problem9 3.7 1625563737707264 897 2 3.68 6060.00
problem10 1.71 1392821276904714 689 1 1.7 6060.00
problem11 1.92 1617915250215239 593 1 1.9 6060.00
problem12 1.83 1533629980409115 750 1 1.82 6060.00
problem13 1.89 1786573040871612 361 1 1.87 6060.00
problem14 1.92 1860447358680437 442 1 1.92 6060.00
problem15 1.87 1616700763423862 502 1 1.85 6060.00
problem16 1.74 1441465013416846 857 1 1.73 6060.00
problem17 1.87 1707143496350142 584 1 1.85 6060.00
problem18 1.84 1623970639647649 611 1 1.83 6060.00
problem19 1.83 1525196749231328 729 1 1.83 6060.00
problem20 1.93 1775150486946380 502 1 1.92 6060.00
problem21 1.98 1743712578214429 482 1 1.96 6060.00
problem22 1.85 1534514880309073 408 1 1.85 6060.00
problem23 3.7 1531450642374896 1060 2 3.67 6060.00
problem24 1.83 1434560829109782 669 1 1.83 6060.00
problem25 1.86 1511767557060289 824 1 1.85 6060.00
problem26 3.71 1715834197333267 1086 2 3.69 6416.00
problem27 1.91 1701771276389026 204 1 1.9 6416.00
problem28 10 1693528308912993 782 1 1.83 6416.00
problem29 1.82 1556516652413024 1004 1 1.8 6416.00
problem30 1.87 1620677330159105 972 1 1.86 6416.00
problem31 1.8 1530779772748142 462 1 1.8 6416.00
problem32 1.88 1660507918137632 359 1 1.86 6416.00
problem33 1.85 1654021221080347 247 1 1.85 6416.00
problem34 1.98 1832587645971497 463 1 1.97 6416.00
problem35 1.84 1641964062597628 612 1 1.83 6416.00
problem36 1.85 1668615600056749 402 1 1.83 6416.00
problem37 1.85 1603967658738826 331 1 1.85 6416.00
problem38 1.89 1788180286840785 622 1 1.87 6416.00
problem39 1.84 1576911898720693 553 1 1.84 6416.00
problem40 1.87 1834188876462566 672 1 1.85 6416.00
problem41 1.89 1798641520148122 506 1 1.89 6416.00
problem42 1.95 1796086998696726 452 1 1.93 6416.00
problem43 1.68 1395009982953912 676 1 1.68 6416.00
problem44 1.88 1678686943842662 236 1 1.86 6416.00
problem45 1.85 1739963398991546 579 1 1.85 6416.00
problem46 1.85 1695559009713660 627 1 1.84 6416.00
problem47 1.99 1866174093755907 468 1 1.97 6416.00
problem48 1.87 1591586631701386 593 1 1.87 6416.00
problem49 1.82 1481662599128199 595 1 1.8 6416.00
problem50 3.75 1639737090658279 1158 2 3.74 6564.00
problem51 1.93 1611494540242465 395 1 1.91 6564.00
problem52 1.85 1557193817286499 459 1 1.85 6564.00
problem53 1.79 1574557930435086 1094 1 1.77 6564.00
problem54 1.64 1284576160366996 708 1 1.63 6564.00
problem55 1.91 1593593982695469 486 1 1.91 6564.00
problem56 1.9 1606284894586563 159 1 1.89 6564.00
problem57 1.91 1705095388320066 130 1 1.91 6564.00
problem58 1.81 1532597284690928 759 1 1.8 6564.00
problem59 1.94 1713087877739236 325 1 1.92 6564.00
problem60 1.82 1633562347061454 594 1 1.82 6564.00
problem61 1.84 1493708023306748 714 1 1.83 6564.00
problem62 1.75 1416902951145482 1151 1 1.73 6564.00
problem63 1.95 1903884732759311 310 1 1.93 6564.00
problem64 1.9 1866567002230340 320 1 1.89 6564.00
problem65 1.85 1413152941539061 293 1 1.85 6564.00
problem66 1.87 1611825803226540 1031 1 1.85 6564.00
problem67 1.86 1709863993118335 234 1 1.86 6564.00
problem68 1.84 1561358302257509 537 1 1.83 6564.00
problem69 1.91 1725355960466223 335 1 1.9 6564.00
problem70 1.74 1440103422326750 581 1 1.73 6564.00
problem71 1.86 1675022376303772 566 1 1.85 6564.00
problem72 1.84 1520481893451408 733 1 1.83 6564.00
problem73 1.99 1800294885873561 413 1 1.98 6564.00
problem74 1.79 1701569073007393 866 1 1.77 6564.00
problem75 1.84 1600026280535567 630 1 1.83 6564.00
problem76 1.91 1750911865737940 465 1 1.9 6564.00
problem77 1.92 1705214016566856 900 1 1.9 6564.00
problem78 1.87 1607301876238740 187 1 1.86 6564.00
problem79 1.85 1534417989866557 541 1 1.84 6564.00
problem80 3.72 1455091840233528 1627 2 3.71 6740.00
problem81 1.96 1744168563903438 405 1 1.95 6740.00
problem82 1.84 1596447818730388 495 1 1.83 6740.00
problem83 1.91 1845396145684552 658 1 1.91 6740.00
problem84 1.89 1665312959630894 933 1 1.87 6740.00
problem85 1.86 1683285918373819 762 1 1.84 6740.00
problem86 1.95 1845667131540031 227 1 1.95 6740.00
problem87 1.91 1546476435210957 423 1 1.89 6740.00
problem88 2.01 1846089257583884 589 1 2.01 6740.00
problem89 1.89 1597280171047304 822 1 1.88 6740.00
problem90 1.9 1662758725735639 459 1 1.88 6740.00
problem91 1.84 1475285578036693 952 1 1.84 6740.00
problem92 1.77 1433577514949702 770 1 1.76 6740.00
problem93 1.9 1816066071494490 631 1 1.88 6740.00
problem94 2.02 1804535780030797 98 1 2.01 6740.00
problem95 1.85 1461198396265820 829 1 1.84 6740.00
problem96 1.91 1709204565249789 673 1 1.91 6740.00
problem97 1.92 1686978349498136 499 1 1.91 6740.00
problem98 2.02 1875193127581441 699 1 2 6740.00
problem99 1.91 1693526820130467 412 1 1.91 6740.00
