problem0 0 170901781 1
problem1 0 175029923 1
problem2 0 164987745 1
problem3 0 156571343 1
problem4 0 169864301 1
problem5 0 189580219 1
problem6 0 180127801 1
problem7 0 167457127 1
problem8 0 169059013 1
problem9 0 177114067 1
problem10 0 152324113 1
problem11 0 195673855 1
problem12 0 184566813 1
problem13 0 181434091 1
problem14 0 179839721 1
problem15 0 152248215 1
problem16 0 168243317 1
problem17 0 175826179 1
problem18 0 170883265 1
problem19 0 162902831 1
problem20 0 171296717 1
problem21 0 180499995 1
problem22 0 179153305 1
problem23 0 173791687 1
problem24 0 172321317 1
problem25 0 195480115 1
problem26 0 156374385 1
problem27 0 177992543 1
problem28 0 194738045 1
problem29 0 192217419 1
problem30 0 191372361 1
problem31 0 169369591 1
problem32 0 180965333 1
problem33 0 180697955 1
problem34 0 161947169 1
problem35 0 159350671 1
problem36 0 168579885 1
problem37 0 171694203 1
problem38 0 175274745 1
problem39 0 176927271 1
problem40 0 156098949 1
problem41 0 172570771 1
problem42 0 186225361 1
problem43 0 167991231 1
problem44 0 182672093 1
problem45 0 162118571 1
problem46 0 173524393 1
problem47 0 179884119 1
problem48 0 160309045 1
problem49 0 170246595 1
problem50 0 169112449 1
problem51 0 176847855 1
problem52 0 163286669 1
problem53 0 177318619 1
problem54 0 174259289 1
problem55 0 161659527 1
problem56 0 176490725 1
problem57 0 172873459 1
problem58 0 176341041 1
problem59 0 184019999 1
problem60 0 158330429 1
problem61 0 151430667 1
problem62 0 178200329 1
problem63 0 172781751 1
problem64 0 191733397 1
problem65 0 162822179 1
problem66 0 168786145 1
problem67 0 183412815 1
problem68 0 165378541 1
problem69 0 157003067 1
problem70 0 165096889 1
problem71 0 179892967 1
problem72 0 163766341 1
problem73 0 168600915 1
problem74 0 161848721 1
problem75 0 152154239 1
problem76 0 173617565 1
problem77 0 157532267 1
problem78 0 165029993 1
problem79 0 174801175 1
problem80 0 180342261 1
problem81 0 168386179 1
problem82 0 162541121 1
problem83 0 176424111 1
problem84 0 189011277 1
problem85 0 162652059 1
problem86 0 157749017 1
problem87 0 174480199 1
problem88 0 186607525 1
problem89 0 173908915 1
problem90 0 169487089 1
problem91 0 166241503 1
problem92 0 162997501 1
problem93 0 190384843 1
problem94 0 164946377 1
problem95 0 183320951 1
problem96 0 165457237 1
problem97 0 175928547 1
problem98 0 168727457 1
problem99 0 182620431 1
