problem0 0 145969536429143 0 2228.00
problem1 0.01 144651845640952 0 2284.00
problem2 0.00 153019417469591 0 2284.00
problem3 0.01 157873243210576 0 2284.00
problem4 0.00 118118199469588 0 2284.00
problem5 0.00 115163765089204 0 2284.00
problem6 0.01 134540552747251 0 2284.00
problem7 0.01 156358926125695 0 2284.00
problem8 0.00 148451586803853 0 2284.00
problem9 0.01 142897226138220 0 2284.00
problem10 0.00 139774444084740 0 2284.00
problem11 0.01 120310205188731 0 2284.00
problem12 0.00 129016120156486 0 2284.00
problem13 0.01 147202642734645 0 2284.00
problem14 0.00 139560749389202 0 2284.00
problem15 0.01 142207099638996 0 2284.00
problem16 0.00 142344475615279 0 2284.00
problem17 0.01 145140717031764 0 2284.00
problem18 0.00 164431282720531 0 2284.00
problem19 0.01 107502375493430 0 2284.00
problem20 0.00 141210429010590 0 2284.00
problem21 0.01 141349469706969 0 2284.00
problem22 0.00 144687934979726 0 2284.00
problem23 0.01 128411854219692 0 2284.00
problem24 0.00 138938584292825 0 2284.00
problem25 0.01 138537842053558 0 2284.00
problem26 0.00 142201265484321 0 2284.00
problem27 0.01 118995615393476 0 2284.00
problem28 0.00 153153657873884 0 2284.00
problem29 0.01 142997434764231 0 2284.00
problem30 0.00 139195519470497 0 2284.00
problem31 0.01 144494680709322 0 2284.00
problem32 0.00 139960146827363 0 2284.00
problem33 0.01 136417877942614 0 2284.00
problem34 0.00 140705969257343 0 2284.00
problem35 0.01 114944183936980 0 2284.00
problem36 0.00 124191554593935 0 2284.00
problem37 0.01 145415758266904 0 2284.00
problem38 0.00 127681206575046 0 2284.00
problem39 0.01 139075130908645 0 2284.00
problem40 0.00 169751447747884 0 2284.00
problem41 0.01 165270208185669 0 2284.00
problem42 0.00 111661333904620 0 2284.00
problem43 0.01 155803681624460 0 2284.00
problem44 0.00 136779522068256 0 2284.00
problem45 0.01 123467907175211 0 2284.00
problem46 0.00 152054596650456 0 2284.00
problem47 0.01 135146909138986 0 2284.00
problem48 0.00 117725536742743 0 2284.00
problem49 0.01 144972688070451 0 2284.00
problem50 0.00 136335836897285 0 2284.00
problem51 0.01 135224957093511 0 2284.00
problem52 0.00 118553359946115 0 2284.00
problem53 0.01 143539576178757 0 2284.00
problem54 0.00 149976058221424 0 2284.00
problem55 0.01 147418009230187 0 2284.00
problem56 0.01 146000388014404 0 2284.00
problem57 0.00 155156763215508 0 2284.00
problem58 0.01 158169572740429 0 2284.00
problem59 0.00 157148952910851 0 2284.00
problem60 0.01 119608682409027 0 2284.00
problem61 0.00 153547305242284 0 2284.00
problem62 0.01 126372275704483 0 2284.00
problem63 0.00 127594849118353 0 2284.00
problem64 0.01 150336770539644 0 2284.00
problem65 0.00 146703480870270 0 2284.00
problem66 0.01 141180687889022 0 2284.00
problem67 0.00 132964344708586 0 2284.00
problem68 0.01 130848452594434 0 2284.00
problem69 0.00 149675724421176 0 2284.00
problem70 0.01 117809146357282 0 2284.00
problem71 0.00 140680749655524 0 2284.00
problem72 0.01 138417110964950 0 2284.00
problem73 0.00 131949979575344 0 2284.00
problem74 0.01 131946980318705 0 2284.00
problem75 0.00 131039164834997 0 2284.00
problem76 0.01 162500708840141 0 2284.00
problem77 0.00 121129279990262 0 2284.00
problem78 0.01 134701977700113 0 2284.00
problem79 0.00 134095275132789 0 2284.00
problem80 0.01 119967365963517 0 2284.00
problem81 0.00 127829998406866 0 2284.00
problem82 0.01 137669886477448 0 2284.00
problem83 0.00 139975297728169 0 2284.00
problem84 0.01 119246371681217 0 2284.00
problem85 0.00 126223925639019 0 2284.00
problem86 0.01 140311405496001 0 2284.00
problem87 0.00 129131530631908 0 2284.00
problem88 0.01 150926890404755 0 2284.00
problem89 0.00 141983252118491 0 2284.00
problem90 0.00 110372881612110 0 2284.00
problem91 0.01 115716154137863 0 2284.00
problem92 0.00 134709237226691 0 2284.00
problem93 0.01 138324268149925 0 2284.00
problem94 0.00 144577479107953 0 2284.00
problem95 0.01 145705521093785 0 2284.00
problem96 0.00 103359274630278 0 2284.00
problem97 0.01 139887359866636 0 2284.00
problem98 0.00 137483124279624 0 2284.00
problem99 0.01 141262886567944 0 2284.00
