problem0 2.15 1128355045079319 42 1 0.99 173716.00
problem1 1.92 1249099719593791 114 1 0.73 192464.00
problem2 2.03 1196816706672691 76 1 0.85 174108.00
problem3 1.98 1005343065186464 74 1 0.83 174108.00
problem4 2.19 931473040593592 66 1 0.99 174108.00
problem5 1.96 1115235075263900 71 1 0.80 174108.00
problem6 1.93 1341723088445963 62 1 0.76 174108.00
problem7 2.02 1085681808944220 86 1 0.83 174108.00
problem8 1.82 1120370634455752 28 1 0.66 174108.00
problem9 1.83 1102531541238535 79 1 0.68 174108.00
problem10 1.94 1143152956571660 46 1 0.74 174108.00
problem11 1.85 1177080756079007 67 1 0.71 174108.00
problem12 1.99 1037347989042217 72 1 0.82 174108.00
problem13 1.92 1035756067963847 37 1 0.78 174108.00
problem14 2.24 877821356310882 58 1 1.07 174108.00
problem15 1.90 1222535456951536 59 1 0.75 174108.00
problem16 2.12 1111304075600427 80 1 0.91 174108.00
problem17 2.15 1015543108901128 85 1 0.98 174108.00
problem18 1.96 1003067973639482 83 1 0.78 174108.00
problem19 1.92 998448098796520 62 1 0.76 174108.00
problem20 2.01 1074903356340571 44 1 0.87 174108.00
problem21 2.01 963455986493522 63 1 0.86 174108.00
problem22 1.89 1203187083498696 87 1 0.72 174108.00
problem23 1.95 1064596199186531 55 1 0.80 174108.00
problem24 2.04 952743014265990 77 1 0.88 174108.00
problem25 2.09 1013703797299375 78 1 0.92 174108.00
problem26 1.98 908044723857337 93 1 0.82 193724.00
problem27 1.89 1105177762485504 93 1 0.73 174108.00
problem28 1.90 1074767846509982 96 1 0.73 174108.00
problem29 1.77 982520522426291 51 1 0.62 174108.00
problem30 2.07 863382784075627 70 1 0.94 174108.00
problem31 1.92 981456029698514 62 1 0.75 174108.00
problem32 2.06 1124838584094713 55 1 0.92 174108.00
problem33 2.16 930461403933925 85 1 1.00 174108.00
problem34 1.86 964674471539560 51 1 0.72 193668.00
problem35 1.96 1079531998073396 72 1 0.80 174108.00
problem36 1.96 1201296986236402 31 1 0.82 174108.00
problem37 1.73 1190277921948488 57 1 0.57 174108.00
problem38 1.94 1064080339862324 65 1 0.80 174108.00
problem39 1.70 1091029538836244 52 1 0.54 174108.00
problem40 2.07 990485259002607 52 1 0.93 174108.00
problem41 1.86 1032471536334248 64 1 0.72 193656.00
problem42 2.11 964574523188439 38 1 0.93 174108.00
problem43 1.91 1108963212719833 67 1 0.76 174108.00
problem44 1.96 1205259111345103 59 1 0.78 174108.00
problem45 1.96 1179600456754552 52 1 0.81 174108.00
problem46 1.96 1091225424995519 59 1 0.81 174108.00
problem47 2.01 1125245739562149 45 1 0.85 174108.00
problem48 1.90 1063801438391687 56 1 0.75 174108.00
problem49 2.01 950883397835664 67 1 0.85 174108.00
problem50 1.89 1138000991118633 66 1 0.71 174108.00
problem51 1.86 1138831911060854 64 1 0.69 174108.00
problem52 1.92 1111804472037334 67 1 0.69 174108.00
problem53 1.90 1183521303258864 51 1 0.73 174108.00
problem54 2.00 1111565900636512 77 1 0.84 174108.00
problem55 2.10 996523522221109 81 1 0.87 174108.00
problem56 1.73 1184011265847697 66 1 0.56 174108.00
problem57 1.94 1033320672808289 90 1 0.78 174108.00
problem58 2.09 1031951476878522 79 1 0.93 174108.00
problem59 1.76 1100293417601778 63 1 0.60 174108.00
problem60 2.06 1051348602532564 66 1 0.91 174108.00
problem61 1.95 1080322081010435 110 1 0.76 174108.00
problem62 1.84 1048730539849410 111 1 0.69 174108.00
problem63 1.94 1013531873334718 61 1 0.78 174108.00
problem64 1.86 1145984584125235 57 1 0.71 174108.00
problem65 2.04 1059903142921919 68 1 0.86 174108.00
problem66 1.99 1216837111428819 55 1 0.85 174108.00
problem67 2.01 939017499795399 78 1 0.84 174108.00
problem68 2.08 1073029050802952 69 1 0.92 174108.00
problem69 1.99 986801988270314 99 1 0.83 193648.00
problem70 1.86 1048176523481145 65 1 0.72 174108.00
problem71 2.06 999665981062226 64 1 0.92 174108.00
problem72 1.91 1026561905188359 51 1 0.77 174108.00
problem73 2.00 1047911751625642 46 1 0.87 174108.00
problem74 1.87 1196431053073053 45 1 0.72 174108.00
problem75 1.99 1164189404518150 73 1 0.83 174108.00
problem76 1.94 1006340655350114 70 1 0.80 174108.00
problem77 1.83 1045358630976429 61 1 0.67 174108.00
problem78 1.96 1092656086668901 114 1 0.80 174108.00
problem79 2.14 875001962686801 52 1 1.00 174108.00
problem80 1.89 1049433492625726 75 1 0.76 193728.00
problem81 2.15 1011853645254425 23 1 1.01 174108.00
problem82 1.90 1086834706299590 32 1 0.75 174108.00
problem83 1.95 1001520280471889 95 1 0.82 174108.00
problem84 1.92 1022958856558377 107 1 0.76 174108.00
problem85 2.10 1083279533276865 49 1 0.96 174108.00
problem86 1.97 1153218443494829 83 1 0.83 174108.00
problem87 1.78 1110736845272101 44 1 0.64 174108.00
problem88 1.77 1042448727086609 18 1 0.65 174108.00
problem89 1.81 1119655739872389 67 1 0.65 174108.00
problem90 1.90 1142857417225603 81 1 0.75 174108.00
problem91 1.86 1015251162690999 66 1 0.73 174108.00
problem92 1.95 1181680962462010 57 1 0.80 174108.00
problem93 2.13 1174485707630626 53 1 0.89 174108.00
problem94 1.81 1126249725989142 42 1 0.65 174108.00
problem95 1.97 972539525486480 90 1 0.80 174108.00
problem96 1.82 925151795788732 49 1 0.65 174108.00
problem97 1.96 988243241030897 73 1 0.81 174108.00
problem98 2.01 1021137877688023 51 1 0.86 174108.00
problem99 1.86 1184255218133892 60 1 0.71 174108.00
