problem0 0.03 461736548804979 228 1 0.01 3304.00
problem1 0 566994960830898 75 1 0 2972.00
problem2 0.01 514992473774346 97 1 0.01 2972.00
problem3 0.03 407118723216851 499 2 0.02 3076.00
problem4 0.01 402940802832823 184 1 0.01 3076.00
problem5 0.01 489583511347231 121 1 0.01 3076.00
problem6 0.01 409563466819316 161 1 0.01 3076.00
problem7 0.01 597614365512901 26 1 0 3076.00
problem8 0.01 438055088662752 92 1 0.01 3076.00
problem9 0.01 493227636954726 158 1 0.01 3076.00
problem10 0.02 511178082046043 110 1 0.01 3076.00
problem11 0 502617295405737 56 1 0 3076.00
problem12 0.02 444308482800712 216 1 0.02 3076.00
problem13 0.01 467683787916665 125 1 0.01 3076.00
problem14 0.01 420752679196227 167 1 0.01 3076.00
problem15 0.01 646507352416557 37 1 0 3076.00
problem16 0.01 472883680111453 92 1 0.01 3076.00
problem17 0.02 481740576088288 167 1 0.01 3076.00
problem18 0.01 522420954844501 151 1 0 3076.00
problem19 0.01 385604964691206 193 1 0.01 3076.00
problem20 0.03 589928351433709 191 1 0.01 3076.00
problem21 0.01 519278722254597 82 1 0.01 3076.00
problem22 0.01 527058604674506 48 1 0.01 3076.00
problem23 0 437110594293757 94 1 0 3076.00
problem24 0.02 447933923754833 134 1 0.02 3076.00
problem25 4.65 580482981691487 1681 3 0.04 4096.00
problem26 0.01 540955119400594 65 1 0.01 2968.00
problem27 0.01 525937386925806 61 1 0.01 2968.00
problem28 0.01 525948440155634 60 1 0.01 3368.00
problem29 0.04 337795776208741 369 1 0.03 3836.00
problem30 0.02 460801644172615 60 1 0.02 3428.00
problem31 0.01 555343832571870 39 1 0.01 3440.00
problem32 0.03 417689298480095 264 1 0.03 3764.00
problem33 0.03 431830544606212 239 1 0.01 3344.00
problem34 0.02 454087316030249 261 1 0.02 3400.00
problem35 0.02 402085552218186 104 1 0.02 3492.00
problem36 0.01 513570857221915 129 1 0.01 3492.00
problem37 0.02 513055648511017 66 1 0.02 3492.00
problem38 0.01 526475689440514 211 1 0.01 3492.00
problem39 0.02 496236861771422 280 1 0.02 3516.00
problem40 0.02 522502963128321 69 1 0.02 3516.00
problem41 0.02 425835214293669 166 1 0.01 3516.00
problem42 0.01 492468071672062 60 1 0 3516.00
problem43 0.02 415845170387746 335 1 0.02 3516.00
problem44 0.02 515369078423411 83 1 0.02 3588.00
problem45 0.01 565593498553296 161 1 0.01 3608.00
problem46 0.01 446114190069343 40 1 0.01 3608.00
problem47 0.02 494246957712216 104 1 0.01 3608.00
problem48 0.01 543135890985728 59 1 0.01 3608.00
problem49 0.03 482109118303780 507 1 0.02 4072.00
problem50 0.02 451937055103973 65 1 0.02 3712.00
problem51 0.03 383251966413886 111 1 0.02 3748.00
problem52 0.02 447244714293389 228 1 0.01 3748.00
problem53 0.01 514742319805438 52 1 0 2752.00
problem54 0.01 430101071643996 129 1 0.01 3456.00
problem55 0.01 470373160816153 68 1 0.01 3456.00
problem56 0.01 454503278209336 69 1 0.01 3456.00
problem57 0.01 574272777144198 75 1 0.01 3460.00
problem58 0.03 464284431585454 155 1 0.03 3672.00
problem59 0.01 494629467557957 60 1 0.01 3672.00
problem60 0.01 402772877775146 138 1 0.01 3356.00
problem61 0.03 451396878900291 133 1 0.03 3760.00
problem62 0.01 578207920885283 125 1 0.01 3760.00
problem63 0.03 374394129379911 358 1 0.03 3740.00
problem64 0.03 424404859375440 215 1 0.02 3752.00
problem65 0.01 542820004043064 107 1 0.01 3388.00
problem66 0.01 489917768897532 66 1 0.01 3388.00
problem67 0.02 485117530182298 178 1 0.02 3456.00
problem68 0.02 499974092826606 107 1 0.01 3456.00
problem69 0 613275827413578 32 1 0 3456.00
problem70 0.02 493996707645916 155 1 0.01 3460.00
problem71 0.01 488376662023926 139 1 0.01 3460.00
problem72 0.02 523250567583880 178 1 0.01 3468.00
problem73 0.02 405392966013085 247 1 0.02 3780.00
problem74 0.02 416755343111940 134 1 0.02 3436.00
problem75 0.02 589598679193630 151 1 0.01 3468.00
problem76 0.01 421100379983394 53 1 0.01 3468.00
problem77 0.02 550501696399264 133 1 0.01 3468.00
problem78 0.01 431681675669862 119 1 0.01 3468.00
problem79 0.16 455207076133620 713 1 0.03 3488.00
problem80 0.01 559949698014461 118 1 0 3488.00
problem81 0.01 489213235206951 66 1 0.01 3488.00
problem82 0.01 393818016234654 59 1 0.01 3488.00
problem83 0.02 437568043454909 136 1 0.02 3488.00
problem84 0.02 502930255173846 157 1 0.01 3488.00
problem85 0.01 532693255472488 77 1 0.01 3488.00
problem86 0.42 468299831994895 2050 2 0.02 3872.00
problem87 0 448672216684629 81 1 0 3872.00
problem88 0.01 557238193508678 38 1 0 2952.00
problem89 0.01 429612845019078 84 1 0.01 3252.00
problem90 0.03 444896940315027 38 1 0.03 3712.00
problem91 0.01 533667195182854 100 1 0.01 3712.00
problem92 0.02 393721865544619 108 1 0.02 3712.00
problem93 0.02 435582798522186 63 1 0.02 3788.00
problem94 0.01 564007680263264 87 1 0 2844.00
problem95 0.01 509975317532143 61 1 0.01 3604.00
problem96 0.02 511716612195878 207 1 0.01 3604.00
problem97 0.02 542339894028743 117 1 0.02 4156.00
problem98 0.02 483125518543006 58 1 0.02 3480.00
problem99 0.05 424862876983186 859 1 0.01 3572.00
