problem0 0.17 12222767971741 1 2524.00
problem1 0.17 13478547294826 1 2580.00
problem2 0.26 13701210792862 1 2580.00
problem3 0.31 13433839842703 1 2580.00
problem4 0.27 12391972020471 1 2580.00
problem5 0.21 11379152468076 1 2580.00
problem6 0.06 14204209128424 1 2580.00
problem7 0.25 12329520628289 1 2580.00
problem8 0.16 12538999324849 1 2580.00
problem9 0.10 13615486042190 1 2580.00
problem10 0.14 12674227863954 1 2580.00
problem11 0.21 13161918344659 1 2580.00
problem12 0.06 11167390316235 1 2580.00
problem13 0.11 11827918513168 1 2580.00
problem14 0.30 11142483887772 1 2580.00
problem15 0.07 12382212549189 1 2580.00
problem16 0.20 12654921448773 1 2580.00
problem17 0.23 12398015169970 1 2580.00
problem18 0.14 11528801852678 1 2580.00
problem19 0.22 12992625510807 1 2580.00
problem20 0.20 12622310075935 1 2580.00
problem21 0.48 12968411391796 1 2580.00
problem22 0.14 11287923085008 1 2580.00
problem23 0.24 12856027823561 1 2580.00
problem24 0.32 12590448460633 1 2580.00
problem25 0.18 13622031739542 1 2580.00
problem26 0.14 11637474493946 1 2580.00
problem27 0.15 13748203919579 1 2580.00
problem28 0.26 10456407774963 1 2580.00
problem29 0.16 11311001604568 1 2580.00
problem30 0.32 10989496224900 1 2580.00
problem31 0.57 15362580122829 1 2580.00
problem32 0.41 12585347703533 1 2580.00
problem33 0.15 13905604902650 1 2580.00
problem34 0.47 12597663042670 1 2580.00
problem35 0.20 13980543380383 1 2580.00
problem36 0.04 13407548637511 1 2580.00
problem37 0.21 14403794121724 1 2580.00
problem38 0.10 13942898266040 1 2580.00
problem39 0.24 15817610815313 1 2580.00
problem40 0.19 13051344989185 1 2580.00
problem41 0.15 12875132572382 1 2580.00
problem42 0.35 13813403615330 1 2580.00
problem43 0.25 14852616786403 1 2580.00
problem44 0.29 13759027019035 1 2580.00
problem45 0.45 13716390108576 1 2580.00
problem46 0.60 12868542097516 1 2580.00
problem47 0.23 11051082046805 1 2580.00
problem48 0.17 12731483647637 1 2580.00
problem49 0.10 13885255956034 1 2580.00
problem50 0.09 12275377385942 1 2580.00
problem51 0.25 11865370663847 1 2580.00
problem52 0.13 13764843428463 1 2580.00
problem53 0.31 9460406460100 1 2580.00
problem54 0.19 8939494975136 1 2580.00
problem55 0.24 11798383263449 1 2580.00
problem56 0.11 11891440417449 1 2580.00
problem57 0.68 13799358167334 1 2580.00
problem58 0.22 11301022232778 1 2580.00
problem59 0.56 13291661891819 1 2580.00
problem60 0.27 13120030828867 1 2580.00
problem61 0.08 13786848266088 1 2580.00
problem62 0.19 14108331579988 1 2580.00
problem63 0.15 11155813882845 1 2580.00
problem64 0.40 12936411095101 1 2580.00
problem65 0.27 10456603945866 1 2580.00
problem66 0.14 12527895809342 1 2580.00
problem67 0.21 11241939638703 1 2580.00
problem68 0.09 11648452721047 1 2580.00
problem69 0.22 12539060135820 1 2580.00
problem70 0.29 14329786241928 1 2580.00
problem71 0.32 11377693754465 1 2580.00
problem72 0.28 13458518978385 1 2580.00
problem73 0.28 13433085074798 1 2580.00
problem74 0.23 12244284495666 1 2580.00
problem75 0.28 12018595376627 1 2580.00
problem76 0.22 12523579825003 1 2580.00
problem77 0.15 14036613107504 1 2580.00
problem78 0.18 13375647900220 1 2580.00
problem79 0.55 12193653655653 1 2580.00
problem80 0.12 13520295065573 1 2580.00
problem81 0.44 11131604115154 1 2580.00
problem82 0.28 12008497454758 1 2580.00
problem83 0.25 13475650954679 1 2580.00
problem84 0.11 11200313220799 1 2580.00
problem85 0.31 14710637973076 1 2580.00
problem86 0.14 9069821056624 1 2580.00
problem87 0.23 11571533051881 1 2580.00
problem88 0.26 14312119093753 1 2580.00
problem89 0.24 13123445915574 1 2580.00
problem90 0.36 12139160023962 1 2580.00
problem91 0.19 13775597129979 1 2580.00
problem92 0.13 13922354942867 1 2580.00
problem93 0.10 13089618719992 1 2580.00
problem94 0.30 13668536991780 1 2580.00
problem95 0.13 12539268752109 1 2580.00
problem96 0.35 12122106426765 1 2580.00
problem97 0.33 13849163714586 1 2580.00
problem98 0.10 13146230547982 1 2580.00
problem99 0.33 12102697877439 1 2580.00
