problem0 2.82 615513751096531 1870 1 0.31
problem1 1.21 681371326437158 1266 1 0.2
problem2 2.84 652860201808526 2403 2 0.34
problem3 4.96 548421656871237 6585 2 0.68
problem4 1.61 508118321902206 5559 1 0.53
problem5 3.54 608358691896221 3457 1 0.27
problem6 14.47 731924305923231 858 1 0.14
problem7 1.87 592233156731203 3857 1 0.34
problem8 4.3 611162660491977 2815 1 0.28
problem9 1.8 601420771196257 2059 1 0.29
problem10 2.67 623587521776226 3916 1 0.36
problem11 2.43 642088780021978 2364 1 0.24
problem12 1.22 565856567298549 2205 1 0.27
problem13 2.49 564999714658037 6172 1 0.46
problem14 3.27 478852994923602 17003 2 1.63
problem15 2.17 666882186807019 1354 1 0.4
problem16 2.41 606210568781186 2711 1 0.53
problem17 4.68 553979218832033 3822 1 0.56
problem18 0.78 547150881719759 1828 1 0.61
problem19 1.56 544643856420404 4337 1 0.66
problem20 1.7 586347728153960 3466 1 0.79
problem21 4.33 525574068192136 3398 1 0.55
problem22 1.63 656325506677233 1402 1 0.44
problem23 0.74 580710436737654 1094 1 0.53
problem24 2.89 519713509668494 6568 1 0.85
problem25 1.38 552960440901328 1988 1 0.52
problem26 5.88 495344293734467 7494 1 0.82
problem27 3.18 602876781725623 3763 1 0.54
problem28 1.35 586274078532805 2022 1 0.51
problem29 6.75 535979002138257 10687 1 0.83
problem30 1.2 470956282636760 2600 1 0.74
problem31 2.5 535371576713482 2616 1 0.56
problem32 1.15 613593525710531 2780 1 0.42
problem33 1.84 507558924328239 3907 1 0.63
problem34 2.5 526218098616482 3914 1 0.73
problem35 3.33 588881719800192 1965 1 0.49
problem36 3.18 655302061216728 2169 1 0.51
problem37 1.4 649277030252161 1764 1 0.58
problem38 2.2 580448016008099 2370 1 0.55
problem39 1.53 595145228025529 2624 1 0.55
problem40 2.56 540312459473980 6801 1 0.69
problem41 1.97 563207269920650 4637 1 0.69
problem42 1.48 526166328368734 6211 1 0.75
problem43 1.08 604921160207298 1119 1 0.49
problem44 2.3 657472489901479 2589 1 0.48
problem45 2.94 643464126263431 1331 1 0.44
problem46 4.84 595273748006042 4498 1 0.64
problem47 4.06 613814273635762 3184 1 0.55
problem48 0.87 580285717930320 1797 1 0.55
problem49 1.82 518694754140161 7028 1 0.84
problem50 1.08 620765121180516 1530 1 0.55
problem51 2.17 621228887532935 4232 1 0.62
problem52 0.97 606471992123342 5143 1 0.8
problem53 1.44 645595790995046 3036 1 0.58
problem54 2.03 606348716570172 3525 1 0.64
problem55 2.32 543596632961665 6755 1 0.79
problem56 2.11 645867500113647 1031 1 0.43
problem57 0.69 563651571335679 1704 1 0.53
problem58 1.27 562913860019942 2908 1 0.64
problem59 1.36 600200958834911 2902 1 0.54
problem60 4.49 573509104678715 5814 1 0.76
problem61 0.81 589288921502796 681 1 0.45
problem62 1.13 572071777425046 4354 1 0.63
problem63 1.42 552864760629847 6807 1 0.78
problem64 0.8 625108230989478 1091 1 0.49
problem65 9.48 578192568297279 4171 1 0.59
problem66 1.51 663773873421747 1548 1 0.44
problem67 2.94 512232653065254 11702 1 0.85
problem68 3.97 585342914820762 1979 1 0.44
problem69 1.39 538291187804562 2866 1 0.59
problem70 0.97 571760102830894 2301 1 0.6
problem71 1.31 545303484097324 1452 1 0.56
problem72 1.31 559980456631061 1598 1 0.45
problem73 2.14 571632562453558 2104 1 0.53
problem74 0.95 652636690699813 1048 1 0.41
problem75 2.45 635057991018727 1594 1 0.46
problem76 1.64 548951878190643 4460 1 0.66
problem77 1.1 570226873583808 2589 1 0.65
problem78 2.18 596039131573593 2477 1 0.49
problem79 1.72 477299677269961 14023 1 1.01
problem80 1.35 572455042148008 2776 1 0.56
problem81 2.72 551971285504898 7911 1 0.72
problem82 1.43 592857303519545 2737 1 0.54
problem83 1.41 546318388435286 4882 1 0.7
problem84 0.77 558003109412031 874 1 0.5
problem85 1.03 590912493798353 2978 1 0.66
problem86 1.8 629072354579051 1624 1 0.46
problem87 2.09 605904239056351 1230 1 0.44
problem88 1.17 568641419352118 2009 1 0.59
problem89 1.13 610755112477644 2601 1 0.66
problem90 1.89 623412507791281 1005 1 0.44
problem91 2.49 553822296200191 11847 1 0.81
problem92 2.15 644596910187289 2246 1 0.53
problem93 0.95 640669792871774 2028 1 0.54
problem94 0.94 614344181690346 1942 1 0.52
problem95 13.6 530546319860235 8208 1 0.64
problem96 3.39 504666799273225 3236 1 0.54
problem97 1.16 539076126368196 3754 1 0.56
problem98 1.62 557013245764078 4914 1 0.81
problem99 2.91 646010557986658 2043 1 0.5
