problem0 0 117107114 1 2232.00
problem1 0.00 98365400 1 2288.00
problem2 0.00 134228438 1 2288.00
problem3 0.00 116737828 1 2288.00
problem4 0.00 103172930 1 2288.00
problem5 0.00 142831024 1 2288.00
problem6 0.00 89979374 1 2288.00
problem7 0.00 132263804 1 2288.00
problem8 0.00 142418394 1 2288.00
problem9 0.00 100898952 1 2288.00
problem10 0.00 116715270 1 2288.00
problem11 0.00 138212564 1 2288.00
problem12 0.00 120835442 1 2288.00
problem13 0.00 122867808 1 2288.00
problem14 0.00 131492126 1 2288.00
problem15 0.00 130348844 1 2288.00
problem16 0.00 127053322 1 2288.00
problem17 0.00 123368760 1 2288.00
problem18 0.00 123979830 1 2288.00
problem19 0.00 149788292 1 2288.00
problem20 0.00 125182882 1 2288.00
problem21 0.01 133687056 1 2288.00
problem22 0.00 139684942 1 2288.00
problem23 0.00 132002524 1 2288.00
problem24 0.00 114200122 1 2288.00
problem25 0.00 117212648 1 2288.00
problem26 0.00 120567142 1 2288.00
problem27 0.00 124922932 1 2288.00
problem28 0.00 127946194 1 2288.00
problem29 0.00 128823744 1 2288.00
problem30 0.00 114754430 1 2288.00
problem31 0.00 137945740 1 2288.00
problem32 0.00 142852714 1 2288.00
problem33 0.00 88394392 1 2288.00
problem34 0.00 133936790 1 2288.00
problem35 0.00 133543396 1 2288.00
problem36 0.00 119884802 1 2288.00
problem37 0.00 141504624 1 2288.00
problem38 0.00 144977582 1 2288.00
problem39 0.00 127927868 1 2288.00
problem40 0.01 121981594 1 2288.00
problem41 0.00 114180936 1 2288.00
problem42 0.00 128633798 1 2288.00
problem43 0.00 132330388 1 2288.00
problem44 0.00 137895474 1 2288.00
problem45 0.00 116876064 1 2288.00
problem46 0.00 129887710 1 2288.00
problem47 0.00 127835628 1 2288.00
problem48 0.00 157689546 1 2288.00
problem49 0.00 116649976 1 2288.00
problem50 0.00 115340534 1 2288.00
problem51 0.00 107324740 1 2288.00
problem52 0.00 114017378 1 2288.00
problem53 0.00 130107856 1 2288.00
problem54 0.00 107430158 1 2288.00
problem55 0.00 142584220 1 2288.00
problem56 0.00 117004026 1 2288.00
problem57 0.01 147902632 1 2288.00
problem58 0.00 134099494 1 2288.00
problem59 0.00 141036276 1 2288.00
problem60 0.00 152256146 1 2288.00
problem61 0.00 117957760 1 2288.00
problem62 0.00 144910398 1 2288.00
problem63 0.00 130951500 1 2288.00
problem64 0.00 114416426 1 2288.00
problem65 0.00 130016600 1 2288.00
problem66 0.00 94929750 1 2288.00
problem67 0.00 127231140 1 2288.00
problem68 0.00 125930690 1 2288.00
problem69 0.00 105263920 1 2288.00
problem70 0.00 129278830 1 2288.00
problem71 0.00 131407100 1 2288.00
problem72 0.00 109228890 1 2288.00
problem73 0.00 140258824 1 2288.00
problem74 0.00 155314310 1 2288.00
problem75 0.01 123253332 1 2288.00
problem76 0.00 122269426 1 2288.00
problem77 0.00 129447392 1 2288.00
problem78 0.00 127840926 1 2288.00
problem79 0.00 127894700 1 2288.00
problem80 0.00 148823946 1 2288.00
problem81 0.00 125872824 1 2288.00
problem82 0.00 116220342 1 2288.00
problem83 0.00 123532292 1 2288.00
problem84 0.00 132031778 1 2288.00
problem85 0.00 114683024 1 2288.00
problem86 0.00 128210382 1 2288.00
problem87 0.00 125329500 1 2288.00
problem88 0.00 125394874 1 2288.00
problem89 0.00 130571112 1 2288.00
problem90 0.00 118353638 1 2288.00
problem91 0.00 101525940 1 2288.00
problem92 0.00 141782866 1 2288.00
problem93 0.00 115169088 1 2288.00
problem94 0.01 113806590 1 2288.00
problem95 0.00 132821004 1 2288.00
problem96 0.00 119878634 1 2288.00
problem97 0.00 109985816 1 2288.00
problem98 0.00 138842134 1 2288.00
problem99 0.00 118772580 1 2288.00
