problem0 157.45 603096765765432 1 14092.00
problem1 59.27 657968136792470 1 20936.00
problem2 198.65 584562538739460 1 20936.00
problem3 236.52 512789889726210 1 20936.00
problem4 124.40 652734982087952 1 20936.00
problem5 132.23 582057978601646 1 20936.00
problem6 76.22 605486029409628 1 20936.00
problem7 101.53 582427282616986 1 20936.00
problem8 30.66 657811779410920 1 20936.00
problem9 82.16 599917157742790 1 20936.00
problem10 102.15 604488650620084 1 20936.00
problem11 112.26 558993637490482 1 20936.00
problem12 81.91 659950273289152 1 20936.00
problem13 129.13 582451745821150 1 20936.00
problem14 95.36 589537509451020 1 20936.00
problem15 208.61 574325815262410 1 20936.00
problem16 149.44 609581265241240 1 20936.00
problem17 94.94 602999058451446 1 20936.00
problem18 48.14 656814637934180 1 20936.00
problem19 129.83 609638004853602 1 20936.00
problem20 85.13 581450298422896 1 20936.00
problem21 54.16 655770965116686 1 20936.00
problem22 151.32 562365635600572 1 20936.00
problem23 111.85 569527256091386 1 20936.00
problem24 53.42 696304121532744 1 20936.00
problem25 163.91 616915875046182 1 20936.00
problem26 132.82 618593519940628 1 20936.00
problem27 177.14 565419066268562 1 20936.00
problem28 221.43 518297205781792 1 20936.00
problem29 144.08 643044885463102 1 15708.00
problem30 100.41 587951613116524 1 21984.00
problem31 305.23 536909666721066 1 21984.00
problem32 119.82 587450395460088 1 21984.00
problem33 80.67 550875991539286 1 21984.00
problem34 263.05 564813565650372 1 21984.00
problem35 63.87 642113882255298 1 21984.00
problem36 128.18 597188465465296 1 21984.00
problem37 35.40 655977739484526 1 21984.00
problem38 79.44 632773310530588 1 21984.00
problem39 45.73 688405895934810 1 21984.00
problem40 130.03 659158421690024 1 21984.00
problem41 125.75 622500908391814 1 21984.00
problem42 153.52 623686618545012 1 21984.00
problem43 33.79 672928291981298 1 21984.00
problem44 139.02 570525352468096 1 21984.00
problem45 119.08 610026474143390 1 21984.00
problem46 70.45 539780710624204 1 21984.00
problem47 129.72 656427953491338 1 21984.00
problem48 58.77 694155469639512 1 21984.00
problem49 77.08 667435824791734 1 21984.00
problem50 71.99 652320888976676 1 21984.00
problem51 99.64 549406176273442 1 21984.00
problem52 209.18 546109368224048 1 21984.00
problem53 78.52 632981794915278 1 21984.00
problem54 146.91 651237840615292 1 21984.00
problem55 294.22 554771982183354 1 21984.00
problem56 65.23 671729736051720 1 21984.00
problem57 65.48 655966290192358 1 21984.00
problem58 176.41 598093865308884 1 21984.00
problem59 52.42 634318353990738 1 21984.00
problem60 81.89 615557507848160 1 21984.00
problem61 106.14 601928546913534 1 21984.00
problem62 165.99 585639298131756 1 21984.00
problem63 108.03 680544037834218 1 21984.00
problem64 39.24 677972776266936 1 21984.00
problem65 111.47 634332576486166 1 21984.00
problem66 62.18 651822390416516 1 21984.00
problem67 165.63 592921181710466 1 21984.00
problem68 227.83 581003558980240 1 21984.00
problem69 130.46 632675223444014 1 21984.00
problem70 152.40 640415163136732 1 21984.00
problem71 156.06 608073119003674 1 21984.00
problem72 162.98 608093978759528 1 21984.00
problem73 43.33 665786352140870 1 21984.00
problem74 129.38 597894112918068 1 21984.00
problem75 152.85 648105716715698 1 21984.00
problem76 70.35 715769827467584 1 21984.00
problem77 88.49 633791137098590 1 21984.00
problem78 62.48 581251389452940 1 21984.00
problem79 153.14 519248027459146 1 21984.00
problem80 89.67 578899292133912 1 21984.00
problem81 75.54 607562425759094 1 21984.00
problem82 274.80 563682103575524 1 21984.00
problem83 55.81 627194955463906 1 21984.00
problem84 55.14 694781499530224 1 21984.00
problem85 124.27 591011369468046 1 21984.00
problem86 141.66 518437884628540 1 21984.00
problem87 70.75 577840222702714 1 21984.00
problem88 223.13 576989111731912 1 21984.00
problem89 238.87 597877303143590 1 21984.00
problem90 120.24 585489823216020 1 21984.00
problem91 107.34 594803774991634 1 21984.00
problem92 137.69 603487477152416 1 21984.00
problem93 201.80 626533894937022 1 21984.00
problem94 257.52 566211836677612 1 21984.00
problem95 119.28 611707112144554 1 21984.00
problem96 69.01 665387814066040 1 21984.00
problem97 117.47 611383697598422 1 21984.00
problem98 163.61 612806093144900 1 21984.00
problem99 78.58 656134531031362 1 21984.00
