problem0 1.24 12011177556 1488 1 1.12 31504.00
problem1 3.64 9482167595 11559 4 3.17 51136.00
problem2 0.82 12528680394 1348 1 0.80 28708.00
problem3 0.67 11770045064 459 1 0.64 29224.00
problem4 0.66 12406394159 520 1 0.58 26324.00
problem5 1.02 11845135815 3167 1 0.86 27936.00
problem6 0.86 11648390310 2088 1 0.78 27936.00
problem7 1.00 10989404760 2643 1 0.92 26560.00
problem8 0.79 11096993186 1544 1 0.71 27972.00
problem9 0.81 12146323422 1310 1 0.74 28476.00
problem10 0.72 12556500419 689 1 0.66 28992.00
problem11 0.63 13447914790 607 1 0.61 28992.00
problem12 1.09 12664181943 2386 1 0.86 36900.00
problem13 0.77 13838061678 1246 1 0.74 36900.00
problem14 1.04 11039109118 2527 1 1.00 34612.00
problem15 0.77 12951390892 1125 1 0.68 34812.00
problem16 0.87 12214241812 1202 1 0.83 28608.00
problem17 1.01 11282710906 1690 1 0.93 38948.00
problem18 1.21 11558210943 3577 1 1.14 32544.00
problem19 0.81 12475266989 1381 1 0.71 32544.00
problem20 0.80 14234794086 1063 1 0.75 32480.00
problem21 0.81 13408114822 1563 1 0.68 32480.00
problem22 1.10 11733690215 2849 1 0.98 34588.00
problem23 0.72 12991706093 825 1 0.68 34852.00
problem24 0.62 12769098056 511 1 0.58 34852.00
problem25 0.82 12396771197 1253 1 0.73 30532.00
problem26 1.14 11381164085 3052 1 1.05 40784.00
problem27 0.96 10887144263 1825 1 0.86 40996.00
problem28 1.32 10965490163 4275 1 1.15 48548.00
problem29 0.73 11939373826 852 1 0.69 48548.00
problem30 0.92 12560141914 1949 1 0.86 34576.00
problem31 0.83 12534961211 940 1 0.78 38948.00
problem32 1.10 11088489558 3447 1 1.02 39304.00
problem33 0.84 11746007121 946 1 0.82 39304.00
problem34 0.82 12653593417 1273 1 0.79 24512.00
problem35 0.63 13519216475 476 1 0.58 31184.00
problem36 0.97 12514616002 2342 1 0.90 26560.00
problem37 1.14 11574247929 2556 1 1.02 46448.00
problem38 0.95 11962631332 1412 1 0.92 28708.00
problem39 0.93 11471977616 1884 1 0.79 31944.00
problem40 0.84 11882243832 1456 1 0.80 28608.00
problem41 0.69 11730135759 857 1 0.64 28708.00
problem42 0.80 13410064593 1198 1 0.75 34560.00
problem43 0.69 13173379856 767 1 0.66 34560.00
problem44 1.02 11511276159 1743 1 0.97 40784.00
problem45 1.04 11292515550 2145 1 0.99 40996.00
problem46 0.90 11408322553 1051 1 0.88 38724.00
problem47 0.78 12267017506 1177 1 0.74 38948.00
problem48 1.24 10666429022 5048 1 1.11 38736.00
problem49 0.77 11886672360 1236 1 0.69 38948.00
problem50 0.86 11642500973 1802 1 0.78 32512.00
problem51 0.83 12861314630 824 1 0.80 34520.00
problem52 0.88 12891403037 1441 1 0.83 32480.00
problem53 0.80 12956664233 1184 1 0.67 32804.00
problem54 0.84 10908783413 1731 1 0.78 26272.00
problem55 0.99 12287595022 1968 1 0.88 40996.00
problem56 0.91 11908936215 1520 1 0.86 36660.00
problem57 0.78 11463316523 1415 1 0.68 36660.00
problem58 1.07 10166715018 2573 1 1.01 30656.00
problem59 0.96 10500514287 2217 1 0.88 31272.00
problem60 1.50 10519652347 8420 1 1.27 48900.00
problem61 0.78 12089372395 1385 1 0.71 49544.00
problem62 1.10 11151841966 3344 1 1.01 34612.00
problem63 0.90 12273672279 1842 1 0.82 30656.00
problem64 1.11 12177909658 3236 1 0.95 34852.00
problem65 0.74 12291973554 1279 1 0.65 34852.00
problem66 0.85 12529884386 1527 1 0.77 30656.00
problem67 0.90 12097973255 2307 1 0.81 30976.00
problem68 0.90 12566033165 2518 1 0.79 28384.00
problem69 0.95 10428373122 1665 1 0.91 38948.00
problem70 0.74 13116703168 814 1 0.70 28264.00
problem71 0.89 12492632790 1750 1 0.83 36712.00
problem72 0.96 10569706857 2344 1 0.79 26660.00
problem73 0.78 12838148875 777 1 0.74 38728.00
problem74 1.13 11032428919 1217 1 1.11 58928.00
problem75 0.98 12755235293 1699 1 0.90 59428.00
problem76 0.80 12021011120 1306 1 0.75 32480.00
problem77 0.87 11603049565 1407 1 0.83 32804.00
problem78 0.99 11414533985 2087 1 0.93 38736.00
problem79 1.05 10538303843 3621 1 0.80 38948.00
problem80 1.06 12057133082 3026 1 0.94 36680.00
problem81 0.84 11142201406 1477 1 0.76 37464.00
problem82 0.79 12499222623 950 1 0.73 36512.00
problem83 1.03 12066816873 1590 1 0.98 45092.00
problem84 0.89 11333962662 2006 1 0.80 28336.00
problem85 1.12 11744449949 4204 1 0.93 30696.00
problem86 0.88 12492672929 1338 1 0.81 36656.00
problem87 0.88 12048349234 1611 1 0.79 36900.00
problem88 0.69 13020018491 911 1 0.57 24000.00
problem89 0.71 13968106483 543 1 0.69 32808.00
problem90 0.72 11604465029 900 1 0.67 32808.00
problem91 1.12 11835342744 4038 1 0.94 32808.00
problem92 1.10 10443530135 2352 1 1.01 44884.00
problem93 0.92 12408861687 1165 1 0.85 45096.00
problem94 1.24 10594016528 5850 1 1.10 26348.00
problem95 1.02 10316978640 2108 1 0.97 36904.00
problem96 0.79 11908269713 1245 1 0.72 28360.00
problem97 0.79 12431530417 1931 1 0.73 28360.00
problem98 0.94 13220343441 2401 1 0.73 29924.00
problem99 0.96 12209477385 1799 1 0.88 44872.00
