problem0 0 46361 1 0.00
problem1 0.00 38033 1 0.00
problem2 0.00 38537 1 0.00
problem3 0.00 35585 1 0.00
problem4 0.00 36345 1 0.00
problem5 0.00 38769 1 0.00
problem6 0.00 36713 1 0.00
problem7 0.00 36321 1 0.00
problem8 0.00 37593 1 0.00
problem9 0.00 41553 1 0.00
problem10 0.00 36937 1 0.00
problem11 0.00 36033 1 0.00
problem12 0.00 39865 1 0.00
problem13 0.00 37169 1 0.00
problem14 0.00 34089 1 0.00
problem15 0.00 45985 1 0.00
problem16 0.00 34969 1 0.00
problem17 0.00 39953 1 0.00
problem18 0.00 39433 1 0.00
problem19 0.00 40577 1 0.00
problem20 0.00 40313 1 0.00
problem21 0.00 37617 1 0.00
problem22 0.00 42729 1 0.00
problem23 0.00 42337 1 0.00
problem24 0.00 39513 1 0.00
problem25 0.00 35281 1 0.00
problem26 0.00 41929 1 0.00
problem27 0.00 45121 1 0.00
problem28 0.00 38713 1 0.00
problem29 0.00 38065 1 0.00
problem30 0.00 36009 1 0.00
problem31 0.00 35617 1 0.00
problem32 0.00 38937 1 0.00
problem33 0.00 36753 1 0.00
problem34 0.00 38281 1 0.00
problem35 0.00 36353 1 0.00
problem36 0.00 41209 1 0.00
problem37 0.00 37489 1 0.00
problem38 0.00 36457 1 0.00
problem39 0.00 39137 1 0.00
problem40 0.00 37337 1 0.00
problem41 0.00 35153 1 0.00
problem42 0.00 44873 1 0.00
problem43 0.00 35777 1 0.00
problem44 0.00 38585 1 0.00
problem45 0.00 39985 1 0.00
problem46 0.00 41001 1 0.00
problem47 0.00 39585 1 0.00
problem48 0.00 37785 1 0.00
problem49 0.00 42769 1 0.00
problem50 0.00 42249 1 0.00
problem51 0.00 39297 1 0.00
problem52 0.00 34937 1 0.00
problem53 0.00 42481 1 0.00
problem54 0.00 45545 1 0.00
problem55 0.00 37985 1 0.00
problem56 0.00 39257 1 0.00
problem57 0.00 35025 1 0.00
problem58 0.00 36553 1 0.00
problem59 0.00 37697 1 0.00
problem60 0.00 37433 1 0.00
problem61 0.00 36785 1 0.00
problem62 0.00 37801 1 0.00
problem63 0.00 40481 1 0.00
problem64 0.00 37657 1 0.00
problem65 0.00 36497 1 0.00
problem66 0.00 40073 1 0.00
problem67 0.00 37121 1 0.00
problem68 0.00 35833 1 0.00
problem69 0.00 43377 1 0.00
problem70 0.00 37225 1 0.00
problem71 0.00 37857 1 0.00
problem72 0.00 40153 1 0.00
problem73 0.00 40017 1 0.00
problem74 0.00 39497 1 0.00
problem75 0.00 38593 1 0.00
problem76 0.00 42425 1 0.00
problem77 0.00 42801 1 0.00
problem78 0.00 39721 1 0.00
problem79 0.00 34209 1 0.00
problem80 0.00 42649 1 0.00
problem81 0.00 44561 1 0.00
problem82 0.00 37897 1 0.00
problem83 0.00 40065 1 0.00
problem84 0.00 35705 1 0.00
problem85 0.00 36081 1 0.00
problem86 0.00 38121 1 0.00
problem87 0.00 36705 1 0.00
problem88 0.00 36953 1 0.00
problem89 0.00 38865 1 0.00
problem90 0.00 39369 1 0.00
problem91 0.00 38465 1 0.00
problem92 0.00 35129 1 0.00
problem93 0.00 40625 1 0.00
problem94 0.00 36521 1 0.00
problem95 0.00 36129 1 0.00
problem96 0.00 43545 1 0.00
problem97 0.00 37265 1 0.00
problem98 0.00 37769 1 0.00
problem99 0.00 40961 1 0.00
