problem0 0 5525 1 0.00
problem1 0.00 5539 1 0.00
problem2 0.00 4705 1 0.00
problem3 0.00 5455 1 0.00
problem4 0.00 5741 1 0.00
problem5 0.00 4539 1 0.00
problem6 0.00 5433 1 0.00
problem7 0.00 5991 1 0.00
problem8 0.00 4421 1 0.00
problem9 0.00 5331 1 0.00
problem10 0.00 5777 1 0.00
problem11 0.00 4735 1 0.00
problem12 0.00 5149 1 0.00
problem13 0.00 5611 1 0.00
problem14 0.00 4969 1 0.00
problem15 0.00 5015 1 0.00
problem16 0.00 5621 1 0.00
problem17 0.00 5123 1 0.00
problem18 0.00 4673 1 0.00
problem19 0.00 5807 1 0.00
problem20 0.00 5197 1 0.00
problem21 0.00 4635 1 0.00
problem22 0.00 5785 1 0.00
problem23 0.00 5319 1 0.00
problem24 0.00 4645 1 0.00
problem25 0.00 5555 1 0.00
problem26 0.00 5489 1 0.00
problem27 0.00 4703 1 0.00
problem28 0.00 5373 1 0.00
problem29 0.00 5707 1 0.00
problem30 0.00 4553 1 0.00
problem31 0.00 5495 1 0.00
problem32 0.00 5973 1 0.00
problem33 0.00 4451 1 0.00
problem34 0.00 5409 1 0.00
problem35 0.00 5647 1 0.00
problem36 0.00 4781 1 0.00
problem37 0.00 5243 1 0.00
problem38 0.00 5497 1 0.00
problem39 0.00 4903 1 0.00
problem40 0.00 5125 1 0.00
problem41 0.00 5651 1 0.00
problem42 0.00 5073 1 0.00
problem43 0.00 4799 1 0.00
problem44 0.00 5725 1 0.00
problem45 0.00 5163 1 0.00
problem46 0.00 4649 1 0.00
problem47 0.00 5847 1 0.00
problem48 0.00 5301 1 0.00
problem49 0.00 4547 1 0.00
problem50 0.00 5633 1 0.00
problem51 0.00 5487 1 0.00
problem52 0.00 4621 1 0.00
problem53 0.00 5467 1 0.00
problem54 0.00 5593 1 0.00
problem55 0.00 4615 1 0.00
problem56 0.00 5477 1 0.00
problem57 0.00 5875 1 0.00
problem58 0.00 4529 1 0.00
problem59 0.00 5407 1 0.00
problem60 0.00 5693 1 0.00
problem61 0.00 4747 1 0.00
problem62 0.00 5257 1 0.00
problem63 0.00 5559 1 0.00
problem64 0.00 4885 1 0.00
problem65 0.00 5155 1 0.00
problem66 0.00 5601 1 0.00
problem67 0.00 5071 1 0.00
problem68 0.00 4845 1 0.00
problem69 0.00 5691 1 0.00
problem70 0.00 5177 1 0.00
problem71 0.00 4583 1 0.00
problem72 0.00 5957 1 0.00
problem73 0.00 5203 1 0.00
problem74 0.00 4497 1 0.00
problem75 0.00 5631 1 0.00
problem76 0.00 5661 1 0.00
problem77 0.00 4459 1 0.00
problem78 0.00 5609 1 0.00
problem79 0.00 5527 1 0.00
problem80 0.00 4597 1 0.00
problem81 0.00 5507 1 0.00
problem82 0.00 5825 1 0.00
problem83 0.00 4527 1 0.00
problem84 0.00 5453 1 0.00
problem85 0.00 5787 1 0.00
problem86 0.00 4633 1 0.00
problem87 0.00 5319 1 0.00
problem88 0.00 5541 1 0.00
problem89 0.00 4787 1 0.00
problem90 0.00 5233 1 0.00
problem91 0.00 5599 1 0.00
problem92 0.00 5117 1 0.00
problem93 0.00 4811 1 0.00
problem94 0.00 5705 1 0.00
problem95 0.00 5111 1 0.00
problem96 0.00 4693 1 0.00
problem97 0.00 5859 1 0.00
problem98 0.00 5153 1 0.00
problem99 0.00 4623 1 0.00
