problem0 0 129745302363 1
problem1 0.03 144237379072 1
problem2 0.03 145148051260 1
problem3 0.03 139029414245 1
problem4 0.06 171256363061 1
problem5 0.07 149355603522 1
problem6 0.01 156571637894 1
problem7 0.03 159006707671 1
problem8 0.05 146550640751 1
problem9 0.04 133622853476 1
problem10 0.03 138912699952 1
problem11 0.23 154822087721 1
problem12 0.3 163162437129 1
problem13 0.02 147136428902 1
problem14 0.01 153202074170 1
problem15 0.01 156513804379 1
problem16 0.01 140312118019 1
problem17 0.15 145119710280 1
problem18 0 149814265508 1
problem19 0.1 132259882605 1
problem20 0.03 156456235357 1
problem21 0.01 142172013578 1
problem22 0.01 162312056174 1
problem23 0.06 149342009439 1
problem24 0.05 150568803095 1
problem25 0.02 150241256620 1
problem26 0.01 137164710040 1
problem27 0 148996474929 1
problem28 0.02 145284168241 1
problem29 0.11 153219190830 1
problem30 0 161327368738 1
problem31 0.34 160087877603 1
problem32 0.59 155892803755 1
problem33 0.24 160068683920 1
problem34 0.18 137587897356 1
problem35 0.06 156801763701 1
problem36 0.04 161972740229 1
problem37 0.04 171697237970 1
problem38 0.19 153926338646 1
problem39 0.09 160879869671 1
problem40 0.03 159272713151 1
problem41 0.04 166836996084 1
problem42 0 153337860352 1
problem43 0.1 161887582777 1
problem44 0 143569990745 1
problem45 0.05 147230110454 1
problem46 0.05 153585580042 1
problem47 0.01 150020869483 1
problem48 0.01 154714367059 1
problem49 0.01 161622389464 1
problem50 0.1 150541387636 1
problem51 0.26 151696124541 1
problem52 0.03 149903164845 1
problem53 0.04 163106761114 1
problem54 0.03 146053556542 1
problem55 0.23 157629522799 1
problem56 0.02 151152570983 1
problem57 0.19 146526705980 1
problem58 0.01 167364929384 1
problem59 0.25 133223295553 1
problem60 0.08 142878631041 1
problem61 0.03 161709417406 1
problem62 0 146716077042 1
problem63 0.24 145920659699 1
problem64 0.12 154889549307 1
problem65 0.03 171423730464 1
problem66 0.01 158443667676 1
problem67 0.03 145438050693 1
problem68 0.05 164542669013 1
problem69 0.45 151917719906 1
problem70 0 150990262310 1
problem71 0.03 143427216887 1
problem72 0.01 153509789455 1
problem73 0.01 146159229060 1
problem74 0.07 142508434384 1
problem75 0.41 159898359881 1
problem76 0.07 170873785001 1
problem77 0.13 155459379846 1
problem78 0.13 145250706906 1
problem79 0.03 145012224635 1
problem80 0 157105855907 1
problem81 0.12 132579365224 1
problem82 0 142109368388 1
problem83 0.02 165916550797 1
problem84 0 139781845501 1
problem85 0.28 154200360746 1
problem86 0 152518032654 1
problem87 0.11 155627980415 1
problem88 0.02 129311449527 1
problem89 0.08 141429917132 1
problem90 0 168839382584 1
problem91 0.23 143921284177 1
problem92 0 152666318545 1
problem93 0.03 132863864654 1
problem94 0.01 158291011010 1
problem95 0.1 150189142531 1
problem96 0.02 168918965067 1
problem97 0.05 181450606000 1
problem98 0.01 150978225580 1
problem99 0.03 146059493781 1
