problem0 0.1 134894748599 0
problem1 0.15 149019926327 0
problem2 0.14 143001113704 0
problem3 0.07 99836929765 0
problem4 0.12 142076969585 0
problem5 0.12 133033864167 0
problem6 0.1 112439303506 0
problem7 0.11 123203512068 0
problem8 0.05 128493305533 0
problem9 0.18 135759639438 0
problem10 0.08 135969790192 0
problem11 0.19 149004034511 0
problem12 0.1 119478946327 0
problem13 0.07 113773183095 0
problem14 0.1 126922877242 0
problem15 0.13 121892827757 0
problem16 0.07 104597346172 0
problem17 0.15 127011716445 0
problem18 0.05 102967660659 0
problem19 0.11 140182098971 0
problem20 0.13 160963377342 0
problem21 0.07 117186179571 0
problem22 0.11 107363053587 0
problem23 0.12 128345038938 0
problem24 0.12 132433731380 0
problem25 0.09 118594947533 0
problem26 0.09 126394092015 0
problem27 0.11 126889021322 0
problem28 0.15 125002587722 0
problem29 0.07 119285681994 0
problem30 0.11 112548741357 0
problem31 0.07 116092730606 0
problem32 0.14 109307553244 0
problem33 0.07 122488908874 0
problem34 0.14 118300595792 0
problem35 0.09 124588958409 0
problem36 0.09 119290907071 0
problem37 0.13 142739990966 0
problem38 0.07 122845457508 0
problem39 0.08 124476201762 0
problem40 0.23 150743710216 0
problem41 0.14 103571272313 0
problem42 0.09 137551513111 0
problem43 0.11 147186966341 0
problem44 0.13 120275159713 0
problem45 0.08 145358917782 0
problem46 0.07 126300193339 0
problem47 0.12 122869647680 0
problem48 0.06 127674821927 0
problem49 0.12 134458928550 0
problem50 0.09 108507850643 0
problem51 0.08 101923935153 0
problem52 0.07 107678577426 0
problem53 0.11 120241182081 0
problem54 0.15 140992860879 0
problem55 0.07 122002184535 0
problem56 0.15 150266777446 0
problem57 0.18 137092721949 0
problem58 0.11 113760340588 0
problem59 0.17 113902473434 0
problem60 0.11 125607612919 0
problem61 0.15 145590158239 0
problem62 0.19 143569547000 0
problem63 0.09 98582009850 0
problem64 0.16 138661080783 0
problem65 0.08 108713967967 0
problem66 0.11 114155454596 0
problem67 0.1 107717666445 0
problem68 0.17 145687607411 0
problem69 0.16 147974778860 0
problem70 0.1 105821037897 0
problem71 0.06 132655667177 0
problem72 0.08 151376272946 0
problem73 0.03 106383276697 0
problem74 0.07 131201489397 0
problem75 0.09 110776558919 0
problem76 0.07 88709592081 0
problem77 0.16 139244792017 0
problem78 0.1 135011648360 0
problem79 0.03 117752277029 0
problem80 0.06 109863791272 0
problem81 0.05 140365539044 0
problem82 0.13 131645515132 0
problem83 0.13 131550092297 0
problem84 0.07 129342281206 0
problem85 0.11 123941502650 0
problem86 0.08 138137771535 0
problem87 0.08 78899861980 0
problem88 0.11 117514151515 0
problem89 0.09 126704933002 0
problem90 0.06 116732359182 0
problem91 0.15 149628410598 0
problem92 0.1 119973113729 0
problem93 0.09 119585620025 0
problem94 0.09 105332802447 0
problem95 0.07 114966248070 0
problem96 0.08 131867893930 0
problem97 0.11 109443341969 0
problem98 0.13 128382816840 0
problem99 0.06 118795285297 0
