problem0 0 21370 1 0.00
problem1 0.00 19139 1 0.00
problem2 0.00 16763 1 0.00
problem3 0.00 15352 1 0.00
problem4 0.00 18548 1 0.00
problem5 0.00 19589 1 0.00
problem6 0.00 15525 1 0.00
problem7 0.00 15786 1 0.00
problem8 0.00 17486 1 0.00
problem9 0.00 17063 1 2312.00
problem10 0.00 17327 1 2312.00
problem11 0.00 16572 1 2312.00
problem12 0.00 16648 1 2312.00
problem13 0.00 18217 1 2312.00
problem14 0.00 15513 1 2312.00
problem15 0.00 18222 1 2312.00
problem16 0.00 17570 1 2312.00
problem17 0.00 16395 1 2312.00
problem18 0.00 17763 1 2312.00
problem19 0.00 19200 1 2312.00
problem20 0.00 18716 1 2312.00
problem21 0.00 16205 1 2312.00
problem22 0.00 18445 1 2312.00
problem23 0.00 14898 1 2312.00
problem24 0.00 18550 1 2312.00
problem25 0.00 17135 1 2312.00
problem26 0.00 19095 1 2312.00
problem27 0.00 19140 1 2312.00
problem28 0.00 16560 1 2312.00
problem29 0.00 14577 1 2312.00
problem30 0.00 15105 1 2312.00
problem31 0.00 21174 1 2312.00
problem32 0.00 21450 1 2312.00
problem33 0.00 17235 1 2312.00
problem34 0.00 15179 1 2312.00
problem35 0.00 19464 1 2312.00
problem36 0.00 17348 1 2312.00
problem37 0.00 17429 1 2312.00
problem38 0.00 18805 1 2312.00
problem39 0.00 17594 1 2312.00
problem40 0.00 20126 1 2312.00
problem41 0.00 17719 1 2312.00
problem42 0.00 17279 1 2312.00
problem43 0.00 20172 1 2312.00
problem44 0.00 15960 1 2312.00
problem45 0.00 20665 1 2312.00
problem46 0.00 16233 1 2312.00
problem47 0.00 20542 1 2312.00
problem48 0.00 17650 1 2312.00
problem49 0.00 18587 1 2312.00
problem50 0.00 21299 1 2312.00
problem51 0.00 16144 1 2312.00
problem52 0.00 20588 1 2312.00
problem53 0.00 16093 1 2312.00
problem54 0.00 16605 1 2312.00
problem55 0.00 16706 1 2312.00
problem56 0.00 21190 1 2312.00
problem57 0.00 19839 1 2312.00
problem58 0.00 22119 1 2312.00
problem59 0.00 17620 1 2312.00
problem60 0.00 19968 1 2312.00
problem61 0.00 16001 1 2312.00
problem62 0.00 16849 1 2312.00
problem63 0.00 19398 1 2312.00
problem64 0.00 17434 1 2312.00
problem65 0.00 14307 1 2312.00
problem66 0.00 18715 1 2312.00
problem67 0.00 15384 1 2312.00
problem68 0.00 17172 1 2312.00
problem69 0.00 19365 1 2312.00
problem70 0.00 15941 1 2312.00
problem71 0.00 15306 1 2312.00
problem72 0.00 18670 1 2312.00
problem73 0.00 15303 1 2312.00
problem74 0.00 18255 1 2312.00
problem75 0.00 17628 1 2312.00
problem76 0.00 17320 1 2312.00
problem77 0.00 16969 1 2312.00
problem78 0.00 21049 1 2312.00
problem79 0.00 16718 1 2312.00
problem80 0.00 16706 1 2312.00
problem81 0.00 17707 1 2312.00
problem82 0.00 16643 1 2312.00
problem83 0.00 16160 1 2312.00
problem84 0.00 19388 1 2312.00
problem85 0.00 19053 1 2312.00
problem86 0.00 17837 1 2312.00
problem87 0.00 15442 1 2312.00
problem88 0.00 15638 1 2312.00
problem89 0.00 17423 1 2312.00
problem90 0.00 21047 1 2312.00
problem91 0.00 20196 1 2312.00
problem92 0.00 15184 1 2312.00
problem93 0.00 16401 1 2312.00
problem94 0.00 19617 1 2312.00
problem95 0.00 18646 1 2312.00
problem96 0.00 17514 1 2312.00
problem97 0.00 17523 1 2312.00
problem98 0.00 18155 1 2312.00
problem99 0.00 19496 1 2312.00
