problem0 0.03 17763877285704 0 2268.00
problem1 0.03 18876576823985 0 2324.00
problem2 0.04 21294331940195 0 2324.00
problem3 0.03 22733928866159 0 2324.00
problem4 0.04 19980203567912 0 2324.00
problem5 0.03 18341969569195 0 2324.00
problem6 0.04 20090917570633 0 2324.00
problem7 0.03 17583363213416 0 2324.00
problem8 0.03 18136961376733 0 2324.00
problem9 0.04 19396102834567 0 2324.00
problem10 0.03 16851440974105 0 2324.00
problem11 0.04 20070409103556 0 2324.00
problem12 0.03 21345531530999 0 2324.00
problem13 0.04 14774769116455 0 2324.00
problem14 0.03 20918200378062 0 2324.00
problem15 0.04 23004406153249 0 2324.00
problem16 0.03 20824452707776 0 2324.00
problem17 0.03 16164087757053 0 2324.00
problem18 0.04 19531315479999 0 2324.00
problem19 0.03 18572586422439 0 2324.00
problem20 0.04 21054577332955 0 2324.00
problem21 0.03 20407165388069 0 2324.00
problem22 0.04 20786453470864 0 2324.00
problem23 0.03 21154403817453 0 2324.00
problem24 0.04 20322332862881 0 2324.00
problem25 0.03 23505152444781 0 2324.00
problem26 0.04 16293846495339 0 2324.00
problem27 0.03 20282515396537 0 2324.00
problem28 0.04 23114460526205 0 2324.00
problem29 0.03 19740532966688 0 2324.00
problem30 0.04 17470228429407 0 2324.00
problem31 0.03 20980577341356 0 2324.00
problem32 0.03 17294022245514 0 2324.00
problem33 0.04 18907996518519 0 2324.00
problem34 0.03 22527179373603 1 2324.00
problem35 0.03 20844762595192 0 2324.00
problem36 0.04 21610791992253 0 2324.00
problem37 0.03 14582682936482 0 2324.00
problem38 0.03 18609482495705 0 2324.00
problem39 0.04 19526511781787 0 2324.00
problem40 0.03 18828078116896 0 2324.00
problem41 0.04 18874520815879 0 2324.00
problem42 0.03 22382028105715 0 2324.00
problem43 0.04 19934587177186 0 2324.00
problem44 0.03 19657069649472 0 2324.00
problem45 0.03 18533124875391 0 2324.00
problem46 0.04 17228264985121 0 2324.00
problem47 0.03 18957406478107 0 2324.00
problem48 0.04 18904683332579 0 2324.00
problem49 0.03 18429507991630 0 2324.00
problem50 0.04 21256175678374 0 2324.00
problem51 0.03 18491981950791 0 2324.00
problem52 0.03 15358725333443 0 2324.00
problem53 0.04 18482980013618 0 2324.00
problem54 0.03 17830938578447 0 2324.00
problem55 0.04 18296557975313 0 2324.00
problem56 0.03 22842600191907 0 2324.00
problem57 0.04 21889768228830 0 2324.00
problem58 0.03 21313160486767 0 2324.00
problem59 0.04 19254249322253 0 2324.00
problem60 0.03 19663008876017 0 2324.00
problem61 0.04 19677778101186 0 2324.00
problem62 0.03 19617447127463 0 2324.00
problem63 0.04 21654517362473 0 2324.00
problem64 0.03 17870054525972 0 2324.00
problem65 0.03 19757215185042 0 2324.00
problem66 0.04 18991195302793 0 2324.00
problem67 0.03 19591995842344 0 2324.00
problem68 0.03 19233290799444 0 2324.00
problem69 0.04 18212486849792 0 2324.00
problem70 0.03 20589304391110 0 2324.00
problem71 0.04 22268991800897 0 2324.00
problem72 0.03 18462410473245 0 2324.00
problem73 0.03 20587523327810 0 2324.00
problem74 0.04 16805737404157 0 2324.00
problem75 0.03 23036824430412 0 2324.00
problem76 0.04 20687225466197 0 2324.00
problem77 0.03 17507006472975 0 2324.00
problem78 0.03 18357047886052 0 2324.00
problem79 0.04 22828629770224 0 2324.00
problem80 0.04 21519891780575 0 2324.00
problem81 0.03 20186622490458 0 2324.00
problem82 0.03 16460361032426 0 2324.00
problem83 0.04 22221724274336 0 2324.00
problem84 0.03 15670077026691 0 2324.00
problem85 0.04 19492896801545 0 2324.00
problem86 0.03 20843297389722 0 2324.00
problem87 0.04 20612434220538 0 2324.00
problem88 0.03 18719907743520 0 2324.00
problem89 0.03 19185704044444 0 2324.00
problem90 0.04 18554699615904 0 2324.00
problem91 0.03 18105344447929 0 2324.00
problem92 0.04 19595324429516 0 2324.00
problem93 0.03 19098639270669 0 2324.00
problem94 0.03 18502906468426 0 2324.00
problem95 0.04 21216478056323 0 2324.00
problem96 0.03 20964007058104 0 2324.00
problem97 0.04 19725506148044 0 2324.00
problem98 0.03 21192876366475 0 2324.00
problem99 0.04 20504569855377 0 2324.00
