problem0 0 26308264 1
problem1 0 27217064 1
problem2 0 25307816 1
problem3 0 23726248 1
problem4 0 24045224 1
problem5 0 26264744 1
problem6 0 24617640 1
problem7 0 27492520 1
problem8 0 22830760 1
problem9 0 26361000 1
problem10 0 25500328 1
problem11 0 22870184 1
problem12 0 25286312 1
problem13 0 24884392 1
problem14 0 25858728 1
problem15 0 27160744 1
problem16 0 24071848 1
problem17 0 25504936 1
problem18 0 24119976 1
problem19 0 24111272 1
problem20 0 27051688 1
problem21 0 24028328 1
problem22 0 26051240 1
problem23 0 22110376 1
problem24 0 25312936 1
problem25 0 25173160 1
problem26 0 25885352 1
problem27 0 25352360 1
problem28 0 23049896 1
problem29 0 25793704 1
problem30 0 24670888 1
problem31 0 25972904 1
problem32 0 26554024 1
problem33 0 27462824 1
problem34 0 26077864 1
problem35 0 23972008 1
problem36 0 24290984 1
problem37 0 23889064 1
problem38 0 24863400 1
problem39 0 25116840 1
problem40 0 25697960 1
problem41 0 24509608 1
problem42 0 23124648 1
problem43 0 24688808 1
problem44 0 24483496 1
problem45 0 26178728 1
problem46 0 24531624 1
problem47 0 28455080 1
problem48 0 27463336 1
problem49 0 26274984 1
problem50 0 24365736 1
problem51 0 24881320 1
problem52 0 25200296 1
problem53 0 26895528 1
problem54 0 24199848 1
problem55 0 25501864 1
problem56 0 26082984 1
problem57 0 24894632 1
problem58 0 25082536 1
problem59 0 25073832 1
problem60 0 26441384 1
problem61 0 29185192 1
problem62 0 25440936 1
problem63 0 23072936 1
problem64 0 26799784 1
problem65 0 24562856 1
problem66 0 28945064 1
problem67 0 24742056 1
problem68 0 23488168 1
problem69 0 25183400 1
problem70 0 23536296 1
problem71 0 23789736 1
problem72 0 28565160 1
problem73 0 26852520 1
problem74 0 23370408 1
problem75 0 23361704 1
problem76 0 26302120 1
problem77 0 25375912 1
problem78 0 23204520 1
problem79 0 24506536 1
problem80 0 26660520 1
problem81 0 23899304 1
problem82 0 23562920 1
problem83 0 24078504 1
problem84 0 26494632 1
problem85 0 25568424 1
problem86 0 27067048 1
problem87 0 27320488 1
problem88 0 25804456 1
problem89 0 25664680 1
problem90 0 24279720 1
problem91 0 27941032 1
problem92 0 24589992 1
problem93 0 25236648 1
problem94 0 23589544 1
problem95 0 22270120 1
problem96 0 25996968 1
problem97 0 25857192 1
problem98 0 25520808 1
problem99 0 24463528 1
