problem0 0 103617 1
problem1 0 101551 1
problem2 0 99917 1
problem3 0 100635 1
problem4 0 100505 1
problem5 0 101447 1
problem6 0 100261 1
problem7 0 96819 1
problem8 0 100209 1
problem9 0 104159 1
problem10 0 103421 1
problem11 0 104011 1
problem12 0 106825 1
problem13 0 101495 1
problem14 0 103253 1
problem15 0 95587 1
problem16 0 93729 1
problem17 0 107791 1
problem18 0 97709 1
problem19 0 87931 1
problem20 0 97785 1
problem21 0 88231 1
problem22 0 99077 1
problem23 0 95379 1
problem24 0 102609 1
problem25 0 94015 1
problem26 0 101213 1
problem27 0 91307 1
problem28 0 114345 1
problem29 0 94423 1
problem30 0 97973 1
problem31 0 100291 1
problem32 0 98177 1
problem33 0 95599 1
problem34 0 101645 1
problem35 0 105947 1
problem36 0 99161 1
problem37 0 122119 1
problem38 0 99941 1
problem39 0 98035 1
problem40 0 109105 1
problem41 0 96159 1
problem42 0 105149 1
problem43 0 99083 1
problem44 0 101385 1
problem45 0 99639 1
problem46 0 104981 1
problem47 0 100899 1
problem48 0 96481 1
problem49 0 97743 1
problem50 0 101485 1
problem51 0 103483 1
problem52 0 100537 1
problem53 0 106855 1
problem54 0 111045 1
problem55 0 100691 1
problem56 0 101265 1
problem57 0 92159 1
problem58 0 92701 1
problem59 0 106859 1
problem60 0 102761 1
problem61 0 82327 1
problem62 0 99701 1
problem63 0 91267 1
problem64 0 96833 1
problem65 0 99887 1
problem66 0 101325 1
problem67 0 90779 1
problem68 0 101913 1
problem69 0 91591 1
problem70 0 116005 1
problem71 0 93107 1
problem72 0 95473 1
problem73 0 104543 1
problem74 0 92541 1
problem75 0 98251 1
problem76 0 106185 1
problem77 0 101879 1
problem78 0 104661 1
problem79 0 120547 1
problem80 0 97185 1
problem81 0 97935 1
problem82 0 111405 1
problem83 0 100603 1
problem84 0 97145 1
problem85 0 98855 1
problem86 0 104581 1
problem87 0 97811 1
problem88 0 99921 1
problem89 0 104639 1
problem90 0 94429 1
problem91 0 97835 1
problem92 0 103465 1
problem93 0 105047 1
problem94 0 101429 1
problem95 0 106819 1
problem96 0 107777 1
problem97 0 102127 1
problem98 0 101005 1
problem99 0 89947 1
