problem0 0.26 1620938 1 2152.00
problem1 0.29 1620819 1 2208.00
problem2 0.30 1549003 1 2208.00
problem3 0.24 1511048 1 2208.00
problem4 0.29 1563844 1 2208.00
problem5 0.50 1871637 1 2236.00
problem6 0.35 1735157 1 2236.00
problem7 0.26 1546810 1 2236.00
problem8 0.34 1558686 1 2236.00
problem9 0.30 1663799 1 2236.00
problem10 0.30 1500415 1 2236.00
problem11 0.34 1590092 1 2236.00
problem12 0.37 1689944 1 2236.00
problem13 0.30 1608121 1 2236.00
problem14 0.32 1531369 1 2236.00
problem15 0.33 1690558 1 2236.00
problem16 0.33 1640690 1 2236.00
problem17 0.37 1619099 1 2236.00
problem18 0.27 1719987 1 2236.00
problem19 0.30 1594768 1 2236.00
problem20 0.29 1577324 1 2236.00
problem21 0.21 1439197 1 2236.00
problem22 0.39 1720669 1 2236.00
problem23 0.33 1794754 1 2236.00
problem24 0.34 1625286 1 2236.00
problem25 0.24 1523583 1 2236.00
problem26 0.33 1671143 1 2236.00
problem27 0.32 1725780 1 2236.00
problem28 0.26 1475840 1 2236.00
problem29 0.27 1500033 1 2236.00
problem30 0.38 1668177 1 2236.00
problem31 0.26 1666886 1 2236.00
problem32 0.37 1664026 1 2236.00
problem33 0.40 1709027 1 2236.00
problem34 0.41 1702043 1 2236.00
problem35 0.23 1561240 1 2236.00
problem36 0.22 1569812 1 2236.00
problem37 0.33 1761957 1 2236.00
problem38 0.35 1754821 1 2236.00
problem39 0.31 1638730 1 2236.00
problem40 0.22 1580782 1 2236.00
problem41 0.27 1556935 1 2236.00
problem42 0.27 1636559 1 2236.00
problem43 0.26 1695068 1 2236.00
problem44 0.23 1584808 1 2236.00
problem45 0.30 1606473 1 2236.00
problem46 0.34 1673401 1 2236.00
problem47 0.27 1452238 1 2236.00
problem48 0.36 1723714 1 2236.00
problem49 0.25 1628459 1 2236.00
problem50 0.39 1855619 1 2236.00
problem51 0.40 1705376 1 2236.00
problem52 0.39 1836220 1 2236.00
problem53 0.30 1627501 1 2236.00
problem54 0.32 1673773 1 2236.00
problem55 0.33 1635794 1 2236.00
problem56 0.28 1621782 1 2236.00
problem57 0.33 1665551 1 2236.00
problem58 0.46 1855415 1 2236.00
problem59 0.27 1596260 1 2236.00
problem60 0.30 1558096 1 2236.00
problem61 0.33 1632529 1 2236.00
problem62 0.28 1645345 1 2236.00
problem63 0.26 1636438 1 2236.00
problem64 0.34 1655914 1 2236.00
problem65 0.22 1508467 1 2236.00
problem66 0.19 1558123 1 2236.00
problem67 0.37 1666728 1 2236.00
problem68 0.26 1655652 1 2236.00
problem69 0.37 1756725 1 2236.00
problem70 0.26 1608597 1 2236.00
problem71 0.41 1687642 1 2236.00
problem72 0.33 1715518 1 2236.00
problem73 0.31 1554519 1 2236.00
problem74 0.33 1705119 1 2236.00
problem75 0.33 1593196 1 2236.00
problem76 0.33 1559544 1 2236.00
problem77 0.36 1742041 1 2236.00
problem78 0.30 1420169 1 2236.00
problem79 0.36 1793502 1 2236.00
problem80 0.26 1493394 1 2236.00
problem81 0.32 1512891 1 2236.00
problem82 0.26 1595987 1 2236.00
problem83 0.21 1543600 1 2236.00
problem84 0.31 1585164 1 2236.00
problem85 0.34 1625341 1 2236.00
problem86 0.35 1854205 1 2236.00
problem87 0.27 1630434 1 2236.00
problem88 0.34 1698150 1 2236.00
problem89 0.29 1748127 1 2236.00
problem90 0.28 1677191 1 2236.00
problem91 0.33 1587572 1 2236.00
problem92 0.30 1621920 1 2236.00
problem93 0.24 1541793 1 2236.00
problem94 0.31 1554929 1 2236.00
problem95 0.28 1759590 1 2236.00
problem96 0.36 1662138 1 2236.00
problem97 0.33 1543427 1 2236.00
problem98 0.41 1707067 1 2236.00
problem99 0.26 1696440 1 2236.00
