problem0 0.17 127540062799 0
problem1 0.28 116783902711 0
problem2 0.11 113548208681 0
problem3 0.24 125585147776 0
problem4 0.27 111260617545 0
problem5 0.24 131802033769 0
problem6 0.2 134592920076 0
problem7 0.37 155799662478 0
problem8 0.15 133177352804 0
problem9 0.3 106879490317 0
problem10 0.25 137572446099 0
problem11 0.21 127116571873 0
problem12 0.16 125052374389 0
problem13 0.3 133635952747 0
problem14 0.29 141437593926 0
problem15 0.4 139003754366 0
problem16 0.26 128875408919 0
problem17 0.11 108688733586 0
problem18 0.24 126028597325 0
problem19 0.28 138553431750 0
problem20 0.82 172469134402 0
problem21 0.19 125795034916 0
problem22 0.21 122026159211 0
problem23 0.43 113579537143 0
problem24 0.29 124961852992 0
problem25 0.39 141339428369 0
problem26 0.23 113266111899 0
problem27 0.2 156060757245 0
problem28 0.25 142012861953 0
problem29 0.22 115757396440 0
problem30 0.14 120784880576 0
problem31 0.04 138231210636 1
problem32 0.25 120242553591 0
problem33 0.15 124088797881 0
problem34 0.23 133588301467 0
problem35 0.17 109420328454 0
problem36 0.43 153732074601 0
problem37 0.27 160783347832 0
problem38 0.2 135251898079 0
problem39 0.46 142331610688 0
problem40 0.52 119986801475 0
problem41 0.4 128384386109 0
problem42 0.17 114683464704 0
problem43 0.44 144156341163 0
problem44 0.2 139120352968 0
problem45 0.26 138939949865 0
problem46 0.23 121177501173 0
problem47 0.33 122148527617 0
problem48 0.32 119552747227 0
problem49 0.14 114528874607 0
problem50 0.22 149013132540 0
problem51 0.11 96207218089 0
problem52 0.22 133979423885 0
problem53 0.12 104241121869 0
problem54 0.13 135063355758 0
problem55 0.37 156682398139 0
problem56 0.22 130962511617 0
problem57 0.26 132201369798 0
problem58 0.41 103775351363 0
problem59 0.3 169188264773 0
problem60 0.08 116015709869 0
problem61 0.14 134981608738 0
problem62 0.49 124514412754 0
problem63 0.14 131446221312 0
problem64 0.28 114988014415 0
problem65 0.25 143021565353 0
problem66 0.2 115631227831 0
problem67 0.08 125595641096 0
problem68 0.22 125904719233 0
problem69 0.18 147711210482 0
problem70 0.24 130907677637 0
problem71 0.17 106490568061 0
problem72 0.44 136575103853 0
problem73 0.16 126581747391 0
problem74 0.22 157718538423 0
problem75 0.22 135867708014 0
problem76 0.21 130657398555 0
problem77 0.21 123525871097 0
problem78 0.28 131283727067 0
problem79 0.29 134672778415 0
problem80 0.66 150900498326 0
problem81 0.16 143529126615 0
problem82 0.33 122061414879 0
problem83 0.31 132797756462 0
problem84 0.15 127504655818 0
