problem0 18.96 271140475779537 1 6156.00
problem1 19.26 252440062388078 1 7028.00
problem2 11.99 279536600983186 1 7028.00
problem3 21.17 282078535634835 1 7028.00
problem4 32.04 263638454189355 1 7028.00
problem5 21.56 277848909036016 1 7028.00
problem6 9.35 282276786877404 1 7028.00
problem7 21.84 279705867455941 1 7028.00
problem8 21.34 247632679880421 1 7028.00
problem9 24.51 296013519851602 1 7028.00
problem10 21.87 271477471955078 1 7028.00
problem11 17.71 283950263547095 1 7028.00
problem12 19.20 298636232110335 1 7028.00
problem13 25.60 280950211243156 1 7028.00
problem14 7.66 296560169201296 1 7028.00
problem15 13.45 297428756526793 1 7028.00
problem16 7.59 300743248721273 1 7028.00
problem17 26.02 252808975429814 1 7028.00
problem18 7.28 281284192276474 1 7028.00
problem19 18.75 279480040449435 1 7028.00
problem20 22.40 270152242556499 1 7028.00
problem21 27.10 244696326217400 1 7028.00
problem22 19.47 286033971345092 1 7028.00
problem23 31.37 256562229572429 1 7028.00
problem24 19.78 263327264167309 1 7028.00
problem25 13.29 254462334589082 1 7028.00
problem26 26.47 262284323507438 1 7028.00
problem27 6.46 321110733779423 1 7028.00
problem28 13.61 246537919579431 1 7028.00
problem29 18.94 258460651282524 1 7028.00
problem30 12.29 307439099960440 1 7028.00
problem31 13.64 293223130108753 1 7028.00
problem32 24.05 266060157744929 1 7028.00
problem33 20.07 266484781389822 1 7028.00
problem34 12.20 308033931923298 1 7028.00
problem35 11.21 288695361071523 1 7028.00
problem36 9.23 311951079048571 1 7028.00
problem37 16.88 269050364051840 1 7028.00
problem38 27.80 294683598729132 1 7028.00
problem39 18.51 270764767340245 1 7028.00
problem40 24.46 261180216666677 1 7028.00
problem41 14.89 257977442303714 1 7028.00
problem42 22.34 252302441375574 1 7028.00
problem43 20.97 288507273469159 1 7028.00
problem44 18.86 271727961112399 1 7028.00
problem45 19.35 266145431278116 1 7028.00
problem46 20.22 264022954295392 1 7028.00
problem47 15.59 296025681100249 1 7028.00
problem48 13.86 303361212350153 1 7028.00
problem49 14.74 275896710110534 1 7028.00
problem50 16.18 293936943621322 1 7028.00
problem51 18.99 291790811782059 1 7028.00
problem52 16.37 269222897451683 1 7028.00
problem53 12.05 250553872228936 1 7028.00
problem54 20.54 288041641565844 1 7028.00
problem55 9.03 318938836068445 1 7028.00
problem56 16.76 287907723805917 1 7028.00
problem57 11.05 249086533763882 1 7028.00
problem58 21.65 281062533535678 1 7028.00
problem59 35.35 270285715371503 1 7028.00
problem60 15.69 249803997011831 1 7028.00
problem61 30.41 265078921085420 1 7028.00
problem62 18.84 279929587423816 1 7028.00
problem63 14.77 288370085115489 1 7028.00
problem64 15.23 281196789025905 1 7028.00
problem65 14.99 283940448026766 1 7028.00
problem66 12.92 284568878469170 1 7028.00
problem67 11.62 310309846334387 1 7028.00
problem68 9.12 298288816088523 1 7028.00
problem69 23.86 316856526520592 1 7028.00
problem70 13.88 290766037058428 1 7028.00
problem71 23.04 264337884313573 1 7028.00
problem72 21.49 267528392779141 1 7028.00
problem73 15.34 278278212838770 1 7028.00
problem74 15.89 265489013562918 1 7028.00
problem75 20.55 262713654820087 1 7028.00
problem76 10.04 309700574995871 1 7028.00
problem77 21.78 268373815537588 1 7028.00
problem78 16.26 304398949755440 1 7028.00
problem79 18.05 290149570591977 1 7028.00
problem80 12.70 281007290245145 1 7028.00
problem81 6.89 296722167529942 1 7028.00
problem82 19.81 264179485217178 1 7028.00
problem83 28.87 272588767496635 1 7028.00
problem84 34.77 250795381468915 1 7028.00
problem85 17.31 282216081726936 1 7028.00
problem86 16.75 310422856015460 1 7028.00
problem87 19.22 270955260056941 1 7028.00
problem88 11.05 275208889945133 1 7028.00
problem89 17.75 309582919869882 1 7028.00
problem90 12.60 273529816922766 1 7028.00
problem91 25.69 257030503084543 1 7028.00
problem92 16.74 251519889215943 1 7028.00
problem93 21.93 269200838007676 1 7028.00
problem94 19.94 271787610910744 1 7028.00
problem95 15.64 253517055791473 1 7028.00
problem96 11.77 277863864056257 1 7028.00
problem97 19.23 258877527449886 1 7028.00
problem98 26.61 285952123250946 1 7028.00
problem99 17.19 261701028300227 1 7028.00
