problem0 0 706302136 0
problem1 0 655133646 0
problem2 0 616978016 0
problem3 0 687335108 0
problem4 0 805978230 0
problem5 0 627209035 0
problem6 0 649005478 0
problem7 0 588323229 0
problem8 0 776816360 0
problem9 0 630456726 0
problem10 0 754383169 0
problem11 0 788398832 0
problem12 0.01 535353423 0
problem13 0 742972388 0
problem14 0 687221047 0
problem15 0 625581730 0
problem16 0 704841553 0
problem17 0 674878614 0
problem18 0 746666704 0
problem19 0 687408251 0
problem20 0 713262153 0
problem21 0 625660515 0
problem22 0 530280444 0
problem23 0 628453301 0
problem24 0 626369296 0
problem25 0 667211696 0
problem26 0 835234895 0
problem27 0.01 563493217 0
problem28 0 642405373 0
problem29 0 632298148 0
problem30 0 822046049 0
problem31 0 835378349 0
problem32 0 832186673 0
problem33 0 676191531 0
problem34 0 674946736 0
problem35 0 593818566 0
problem36 0 688345976 0
problem37 0 733121763 0
problem38 0 531411327 0
problem39 0 654456457 0
problem40 0.01 731883532 0
problem41 0 645902744 0
problem42 0 747591785 0
problem43 0 873890023 0
problem44 0 773756787 0
problem45 0 733870531 0
problem46 0 647482376 0
problem47 0 798346673 0
problem48 0 636433440 0
problem49 0 685189073 0
problem50 0 688370307 0
problem51 0 666776550 0
problem52 0 617492254 0
problem53 0 632302634 0
problem54 0.01 492784867 0
problem55 0 721547194 0
problem56 0 789306296 0
problem57 0 820186772 0
problem58 0 766475924 0
problem59 0 605117291 0
problem60 0 577643991 0
problem61 0 706280142 0
problem62 0 680248459 0
problem63 0 822407486 0
problem64 0 800237984 0
problem65 0.01 881079819 0
problem66 0 815547870 0
problem67 0 799491701 0
problem68 0 615551584 0
problem69 0 863645630 0
problem70 0 701481764 0
problem71 0 618601694 0
problem72 0 689615287 0
problem73 0 858615280 0
problem74 0 640523506 0
problem75 0.01 825837232 0
problem76 0 669089622 0
problem77 0 663200487 0
problem78 0 675796988 0
problem79 0 680707105 0
problem80 0 859113058 0
problem81 0 589530564 0
problem82 0 692917134 0
problem83 0 719498685 0
problem84 0 623312286 0
problem85 0 879170121 0
problem86 0 750424565 0
problem87 0.01 740571364 0
problem88 0 921483796 0
problem89 0 717049244 0
problem90 0 665728938 0
problem91 0 761316494 0
problem92 0 750854128 0
problem93 0 636510524 0
problem94 0 769164221 0
problem95 0 618253173 0
problem96 0 744935214 0
problem97 0 698587760 0
problem98 0.01 705599979 0
problem99 0 726852136 0
