problem0 0.09 1353527222 1
problem1 0.01 1040846948 1
problem2 0.18 1361749363 1
problem3 0 1336399485 1
problem4 0.08 1423395384 1
problem5 0.08 1443957758 1
problem6 0.25 1398354757 1
problem7 0.03 1325442343 1
problem8 0.01 1356408794 1
problem9 0.01 1270849592 1
problem10 0.04 1411739959 1
problem11 0.09 1411487089 1
problem12 0.09 1331505820 1
problem13 0.02 1395640082 1
problem14 0.18 1211633993 1
problem15 0.16 1434890587 1
problem16 0.26 1444861054 1
problem17 0.02 1409948300 1
problem18 0.06 1516758395 1
problem19 0.08 1563665125 1
problem20 0.1 1445775232 1
problem21 0.04 1340069030 1
problem22 0.11 1431035853 1
problem23 0.09 1545450511 1
problem24 0.07 1330300322 1
problem25 0.04 1495584608 1
problem26 0.01 1357713983 1
problem27 0.03 1396035289 1
problem28 0.32 1416868068 1
problem29 0.02 1623819450 1
problem30 0.06 1385737937 1
problem31 0.15 1276280131 1
problem32 0.08 1333496646 1
problem33 0.09 1215631028 1
problem34 0.02 1355941763 1
problem35 0.05 1597630797 1
problem36 0.25 1574008520 1
problem37 0.02 1398744910 1
problem38 0.28 1633979989 1
problem39 0.09 1510726903 1
problem40 0.07 1415689578 1
problem41 0.16 1204430984 1
problem42 0.16 1469437255 1
problem43 0.04 1313587777 1
problem44 0.03 1285007660 1
problem45 0.11 1260194914 1
problem46 0.39 1484230233 1
problem47 0.02 1498063659 1
problem48 0.04 1283445774 1
problem49 0.01 1386048732 1
problem50 0.07 1264159627 1
problem51 0.21 1555114421 1
problem52 0.07 1141495824 1
problem53 0.05 1321829366 1
problem54 0.01 1415298781 1
problem55 0.06 1525260255 1
problem56 0.03 1164605234 1
problem57 0.02 1465002928 1
problem58 0.35 1528838735 1
problem59 0.01 1361702825 1
problem60 0.04 1453167476 1
problem61 0.15 1437916682 1
problem62 0.2 1134374881 1
problem63 0.12 1360896787 1
problem64 0.03 1174941398 1
problem65 0.04 1282782468 1
problem66 0.05 1259270547 1
problem67 0.24 1412424733 1
problem68 0.34 1278896984 1
problem69 0.3 1358523038 1
problem70 0.07 1460269413 1
problem71 0.01 1517649095 1
problem72 0.07 1221692154 1
problem73 0.06 1308580056 1
problem74 0.2 1286390103 1
problem75 0 1261885201 1
problem76 0.07 1350168508 1
problem77 0.01 1153137074 1
problem78 0.03 1576145769 1
problem79 0 1427766523 1
problem80 0.5 1376852894 1
problem81 0.01 1318086444 1
problem82 0.05 1461893531 1
problem83 0.04 1475123333 1
problem84 0.02 1156034720 1
problem85 0.07 1634294598 1
problem86 0.1 1248306669 1
problem87 0.21 1376646063 1
problem88 0.23 1579380930 1
problem89 0.04 1353986048 1
problem90 0.03 1199303263 1
problem91 0.04 1266219129 1
problem92 0.4 1463893508 1
problem93 0.04 1425760090 1
problem94 0.14 1568585969 1
problem95 0.01 1215181027 1
problem96 0 1337399910 1
problem97 0.17 1411384148 1
problem98 0.06 1357210531 1
problem99 0.07 1438500589 1
