problem0 587.18 855858692622481 40788 2 578.43 5367096.00
problem1 140.58 993250686086603 14051 1 110.13 5119976.00
problem2 97.05 938319987645252 7509 1 90.39 2068452.00
problem3 690.74 905995293472115 47391 2 669.80 14909788.00
problem4 101.05 1046804321551665 7853 1 96.15 1763300.00
problem5 207.91 917572659797039 25719 1 173.62 7774008.00
problem6 645.96 873357430955959 67939 2 611.39 10265384.00
problem7 158.75 863119542706977 22002 1 145.48 9716880.00
problem8 139.41 1001815561751184 15896 1 121.99 2116840.00
problem9 83.06 1067683418085445 4581 1 80.94 2116840.00
problem10 289.16 962146631822504 28661 1 267.72 12230564.00
problem11 171.27 993721531667071 18303 1 107.72 12179452.00
problem12 1207.44 840905676531418 176382 2 1173.02 13509104.00
problem13 358.95 789901811731250 50718 1 315.72 14018188.00
problem14 329.28 936106230814423 47199 1 310.96 9039976.00
problem15 222.81 974952768508056 30771 1 198.24 9039976.00
problem16 248.28 975611766159488 19987 1 242.74 8655208.00
problem17 471.49 897611176780418 57346 1 459.82 13774448.00
problem18 594.00 941395760990359 144050 1 562.16 16624348.00
problem19 465.63 896866729634835 61845 1 436.88 16624348.00
problem20 217.09 922143774442300 20450 1 202.85 4830200.00
problem21 505.88 914702232672408 64263 1 481.54 18405352.00
problem22 154.27 983439456270655 15624 1 136.04 2986216.00
problem23 445.70 871182895633250 87473 1 421.55 14212916.00
problem24 111.56 1023785856183479 9804 1 105.95 2530752.00
problem25 195.38 968825644874089 19659 1 187.47 6119768.00
problem26 166.25 1006737013538500 12198 1 161.62 5720428.00
problem27 165.73 900813089014909 17964 1 146.72 4334052.00
problem28 588.94 808426829786255 157503 1 509.78 22502004.00
problem29 161.66 930679177997501 19550 1 136.96 2381096.00
problem30 200.92 922977401092717 16263 1 189.13 5624956.00
problem31 465.14 931402060494299 55342 1 436.87 17343744.00
problem32 312.57 983202727717029 59836 1 253.77 9659216.00
problem33 227.43 936630871768364 27128 1 208.70 7059240.00
problem34 480.72 878763248443294 94282 1 461.84 7621308.00
problem35 108.71 974194337940960 6861 1 102.59 3336556.00
problem36 355.05 906575604166326 42853 1 329.60 12838428.00
problem37 139.61 1020234792640071 15991 1 132.15 3132200.00
problem38 375.74 743799567088675 52232 1 365.25 8992908.00
problem39 320.16 937696335634346 35184 1 278.92 8488480.00
problem40 301.66 1027696298877067 33772 1 261.96 8488480.00
problem41 468.31 854463325259013 90530 1 433.87 8186416.00
problem42 2374.19 815866921226507 495897 2 2345.15 7853232.00
problem43 122.30 1050853127362609 6888 1 117.71 2702444.00
problem44 323.28 831882894426614 38063 1 289.89 8875836.00
problem45 450.55 876247170473630 26881 1 446.16 20999276.00
problem46 236.65 920563133108229 36281 1 190.90 20774752.00
problem47 140.54 957752342253355 11116 1 135.60 3454572.00
problem48 267.01 969634986889432 29028 1 251.68 6399088.00
problem49 384.03 907489151463476 58400 1 370.12 7037628.00
problem50 589.54 811979804088678 137205 1 545.48 11223292.00
problem51 342.40 957353003376376 57677 1 303.92 4257596.00
problem52 210.24 994990424790926 16407 1 182.91 4086864.00
problem53 275.56 801664463757542 37981 1 242.85 4548420.00
problem54 275.45 901567274888450 22900 1 263.13 10579052.00
problem55 579.8 918593176585728 38503 2 551.01 10662912.00
problem56 1929.83 852653238233253 125354 3 1907.23 10263904.00
problem57 300.70 921993479585221 35480 1 285.79 10850768.00
problem58 443.01 931712138472659 91138 1 372.38 10779600.00
problem59 401.07 957794428068351 87915 1 342.93 7124748.00
problem60 294.06 896619461890125 37247 1 273.41 7073312.00
problem61 252.37 857668511105021 33470 1 242.92 5292732.00
problem62 147.27 981950286984769 9127 1 142.35 3223296.00
problem63 589.27 905259638147831 89894 1 569.68 11188976.00
problem64 197.98 1025973979158401 23226 1 182.91 4448224.00
problem65 435.71 907304213579102 60656 1 417.70 11685440.00
problem66 225.61 899428878442548 24352 1 213.58 8750608.00
problem67 114.81 889974271134779 14877 1 83.40 8750612.00
problem68 373.61 898527097409415 67077 1 308.97 7441744.00
problem69 1625.98 773783505945112 264682 2 1573.07 15954176.00
problem70 278.41 858294909447010 37087 1 241.20 7772716.00
problem71 401.81 855128578543312 87671 1 373.20 9814916.00
problem72 311.97 1002571580958035 34311 1 294.10 8846784.00
problem73 376.39 861135663554359 64311 1 361.19 9129060.00
problem74 1187.34 872785413478551 85579 3 1125.05 14540684.00
problem75 280.25 947551866480383 45067 1 219.84 8200324.00
problem76 129.76 1023812528474765 12560 1 114.24 3045540.00
problem77 282.19 954839316201608 41184 1 266.95 3814600.00
problem78 159.38 897663669902490 26763 1 140.83 2308436.00
problem79 300.09 950348211482119 48703 1 280.61 4691312.00
problem80 374.03 977393577036753 56914 1 325.44 8327460.00
problem81 189.90 1038798996779730 18280 1 132.09 8327464.00
problem82 80.67 1010603004357480 6399 1 72.75 1066232.00
problem83 119.14 984509074575410 11042 1 114.06 2214476.00
problem84 352.99 937229828243710 48076 1 297.63 13377844.00
problem85 473.91 880536735321375 62210 1 465.05 13318148.00
problem86 1735.23 796569405555385 190253 2 1723.82 27153464.00
problem87 291.64 985017124906825 47150 1 261.63 26102100.00
problem88 328.71 945028906433592 29497 1 316.17 11847676.00
problem89 840.50 860869976523835 185203 1 809.22 35024080.00
problem90 82.40 1090069263214271 4696 1 63.17 565236.00
problem91 329.69 889913499695512 74289 1 259.13 5714868.00
problem92 436.58 935521470120577 42597 1 420.17 17161692.00
problem93 392.71 749433682493556 78300 1 369.45 17161692.00
problem94 322.12 902917560921596 38529 1 277.15 11388436.00
problem95 585.04 854012434374123 70941 1 578.93 14295468.00
problem96 243.54 955271223854483 34745 1 230.07 6142432.00
problem97 111.98 1009314098266811 10973 1 83.41 6142432.00
problem98 313.60 851219335524842 34887 1 299.45 6952712.00
problem99 233.09 879595106190804 33019 1 174.59 6952712.00
