problem0 0.09 2667974528395 1 2484.00
problem1 0.10 3690798098013 1 2540.00
problem2 0.20 3144638514680 1 2540.00
problem3 0.07 3281190436598 1 2540.00
problem4 0.15 3118379518605 1 2540.00
problem5 0.05 3341620218391 1 2540.00
problem6 0.15 2791077483146 1 2540.00
problem7 0.05 3248003095040 1 2540.00
problem8 0.07 2629958106927 1 2540.00
problem9 0.08 3044324836081 1 2540.00
problem10 0.08 2856986979260 1 2540.00
problem11 0.08 3408160975658 1 2540.00
problem12 0.08 3362076278129 1 2540.00
problem13 0.07 3676009503467 1 2540.00
problem14 0.10 2664086320014 1 2540.00
problem15 0.10 3406174817396 1 2540.00
problem16 0.08 3102578587475 1 2540.00
problem17 0.20 2982888340485 1 2540.00
problem18 0.08 3145051597824 1 2540.00
problem19 0.06 2970478606302 1 2540.00
problem20 0.09 2754178432725 1 2540.00
problem21 0.18 3167483490367 1 2540.00
problem22 0.07 2967512299282 1 2540.00
problem23 0.09 3107835889512 1 2540.00
problem24 0.11 2683891172855 1 2540.00
problem25 0.05 3013114323353 1 2540.00
problem26 0.18 3165818197700 1 2540.00
problem27 0.08 2886816773394 1 2540.00
problem28 0.12 2597219819193 1 2540.00
problem29 0.06 3457961384467 1 2540.00
problem30 0.05 3232811134230 1 2540.00
problem31 0.08 2558400600796 1 2540.00
problem32 0.11 3478180150043 1 2540.00
problem33 0.11 3132917941165 1 2540.00
problem34 0.09 3387803810824 1 2540.00
problem35 0.11 3494345503430 1 2540.00
problem36 0.12 3507506949405 1 2540.00
problem37 0.11 3061363845223 1 2540.00
problem38 0.09 2953395807642 1 2540.00
problem39 0.10 2687292593872 1 2540.00
problem40 0.07 3350358664895 1 2540.00
problem41 0.12 3349750231617 1 2540.00
problem42 0.09 3360764881868 1 2540.00
problem43 0.08 3492962173178 1 2540.00
problem44 0.09 3067554478593 1 2540.00
problem45 0.16 2899175713595 1 2540.00
problem46 0.15 3247531307166 1 2540.00
problem47 0.02 2924548508484 1 2540.00
problem48 0.18 2722725107939 1 2540.00
problem49 0.07 2998189047125 1 2540.00
problem50 0.12 3673669678608 1 2540.00
problem51 0.07 3191066242990 1 2540.00
problem52 0.08 2817524405605 1 2540.00
problem53 0.08 2712558678671 1 2540.00
problem54 0.15 3400151948834 1 2540.00
problem55 0.05 2963285493816 1 2540.00
problem56 0.08 3172224278919 1 2540.00
problem57 0.11 2798927082729 1 2540.00
problem58 0.06 2862460250836 1 2540.00
problem59 0.13 3484418199266 1 2540.00
problem60 0.15 3012048277321 1 2540.00
problem61 0.08 3044097003107 1 2540.00
problem62 0.04 3042494365222 1 2540.00
problem63 0.19 3306827193772 1 2540.00
problem64 0.14 2711591145643 1 2540.00
problem65 0.18 2568165992701 1 2540.00
problem66 0.08 2706556607000 1 2540.00
problem67 0.13 3269617135254 1 2540.00
problem68 0.07 3288669222829 1 2540.00
problem69 0.19 3018125708983 1 2540.00
problem70 0.30 3548570050730 1 2540.00
problem71 0.10 3385012460448 1 2540.00
problem72 0.16 2945676523087 1 2540.00
problem73 0.12 2879588379025 1 2540.00
problem74 0.11 2505145897948 1 2540.00
problem75 0.16 3216411631306 1 2540.00
problem76 0.07 2792567971473 1 2540.00
problem77 0.14 3115166204811 1 2540.00
problem78 0.08 3327012984238 1 2540.00
problem79 0.08 3033597678100 1 2540.00
problem80 0.09 2887201677939 1 2540.00
problem81 0.05 3587916646053 1 2540.00
problem82 0.13 3193912764448 1 2540.00
problem83 0.09 3344654528382 1 2540.00
problem84 0.10 3197841658869 1 2540.00
problem85 0.11 2757101894879 1 2540.00
problem86 0.06 3264753544498 1 2540.00
problem87 0.07 3372497883400 1 2540.00
problem88 0.12 3556773160215 1 2540.00
problem89 0.19 2980745039929 1 2540.00
problem90 0.16 3267643172580 1 2540.00
problem91 0.26 3567066837170 1 2540.00
problem92 0.08 3771953063897 1 2540.00
problem93 0.03 3685325146803 1 2540.00
problem94 0.04 3394597844790 1 2540.00
problem95 0.09 3393489774716 1 2540.00
problem96 0.19 3099207192123 1 2540.00
problem97 0.13 3112037586509 1 2540.00
problem98 0.05 3108750336040 1 2540.00
problem99 0.10 2889958584934 1 2540.00
