problem0 0.08 12208885300559 1
problem1 0.52 11576007838532 1
problem2 0.84 13316475971312 1
problem3 0.18 11760953226921 1
problem4 1.03 11062365837353 1
problem5 0 12427974538758 1
problem6 1.11 11221107233594 1
problem7 10.91 11955103966363 1
problem8 0.55 11955663777891 1
problem9 1.77 11210314025896 1
problem10 0.34 12046056730084 1
problem11 8.39 12035673764461 1
problem12 1.42 12173444644861 1
problem13 0.16 12407312969258 1
problem14 0.16 10602726121710 1
problem15 0.03 14315396248095 1
problem16 3.24 11965056622839 1
problem17 5.51 12178793586572 1
problem18 0.12 10745656456792 1
problem19 1.08 11873693963697 1
problem20 1 12364685364561 1
problem21 15.59 11964556902862 1
problem22 5.65 12033677416482 1
problem23 4.79 11646039961379 1
problem24 0.14 12077779132171 1
problem25 1.34 13128539789040 1
problem26 1.22 12401258090572 1
problem27 2.01 11703397429365 1
problem28 2.24 13072623964197 1
problem29 5.44 10722921038066 1
problem30 1.73 11612957378774 1
problem31 1.3 10829240871847 1
problem32 0.46 13142823074463 1
problem33 3.02 11379657114068 1
problem34 0.33 11923434032064 1
problem35 2.99 11343007552185 1
problem36 2.67 11884693461113 1
problem37 15.44 11890129812374 1
problem38 0.82 11413604221706 1
problem39 1.3 12007037777835 1
problem40 0.32 11777349125043 1
problem41 0.66 12682458067000 1
problem42 0.51 12189841717428 1
problem43 0.51 12274709777533 1
problem44 0.24 12981317023309 1
problem45 0.45 12531427967418 1
problem46 0.56 11853145888446 1
problem47 0.4 10276073956143 1
problem48 0.1 11326524852807 1
problem49 2.16 12289512944156 1
problem50 1.75 10693365671720 1
problem51 0.24 10446089285057 1
problem52 0.4 13879847926177 1
problem53 2.9 12369872069470 1
problem54 2.36 11582790734834 1
problem55 0.9 10984395816499 1
problem56 0.65 12211143564891 1
problem57 1.62 10671845332864 1
problem58 4.54 12033480435484 1
problem59 0.02 11970052589189 1
problem60 0.03 12138698928757 1
problem61 0.17 12840133275778 1
problem62 3.94 11790099761830 1
problem63 6.24 12317646411959 1
problem64 1.16 10958995935215 1
problem65 0.82 12447039975524 1
problem66 0.88 11674684934288 1
problem67 9.11 11597985883849 1
problem68 0.54 12320646082761 1
problem69 7.4 12619218958630 1
problem70 0.12 12876347067098 1
problem71 1.81 12078675509947 1
problem72 0.37 12614393671427 1
problem73 0.17 11375416249544 1
problem74 0.03 11982018730884 1
problem75 0.07 10867539566221 1
problem76 2.59 12002463499421 1
problem77 8.64 11492517891402 1
problem78 0.7 11948179252366 1
problem79 10.41 13238654798911 1
problem80 0.4 12154538085271 1
problem81 0.34 11971737369772 1
problem82 0.7 12109220032504 1
problem83 1.21 11401745251793 1
problem84 2.74 10626670591473 1
problem85 19.4 11186390564078 1
problem86 2.02 12999158360002 1
problem87 2.86 11771318781251 1
problem88 1.06 12829051418027 1
problem89 3.27 10324259737616 1
problem90 0.02 12408570779116 1
problem91 2.87 12157221000341 1
problem92 3.11 12285966920901 1
problem93 1.4 12931081426962 1
problem94 0.59 11216676988022 1
problem95 2.93 10617652477383 1
problem96 0.04 11762596347199 1
problem97 3 11881505330932 1
problem98 6.46 12046506122592 1
problem99 2.65 12618624545497 1
