problem0 0.01 1250155793 1
problem1 0.01 813966719 1
problem2 0.01 1083379101 1
problem3 0.05 1240313067 1
problem4 0.01 1185244905 1
problem5 0.04 1104988951 1
problem6 0.04 1156543733 1
problem7 0.01 1182592003 1
problem8 0.01 990806977 1
problem9 0.05 835730351 1
problem10 0.03 1217699661 1
problem11 0.02 1226548763 1
problem12 0.03 1112839065 1
problem13 0.02 1125308231 1
problem14 0.03 1282272421 1
problem15 0.01 952384307 1
problem16 0.02 1159263857 1
problem17 0.01 960822751 1
problem18 0.01 1278393597 1
problem19 0 1142754123 1
problem20 0.01 1267272777 1
problem21 0.04 1181945719 1
problem22 0 1340502101 1
problem23 0.01 1056470627 1
problem24 0 1121858849 1
problem25 0.01 949316623 1
problem26 0 1163421357 1
problem27 0.02 1070914683 1
problem28 0.03 987615481 1
problem29 0.11 1058042791 1
problem30 0.01 1168375813 1
problem31 0 1163697555 1
problem32 0 1264140241 1
problem33 0.01 1211401791 1
problem34 0.09 1320197213 1
problem35 0 1004935595 1
problem36 0.03 967696809 1
problem37 0.01 1186857943 1
problem38 0.11 1152490421 1
problem39 0.02 989049027 1
problem40 0.02 1380259457 1
problem41 0.03 1062554735 1
problem42 0.08 1202085389 1
problem43 0.01 1387512539 1
problem44 0.02 907296345 1
problem45 0 1108262919 1
problem46 0.13 1155154789 1
problem47 0 1098952691 1
problem48 0.03 1075624241 1
problem49 0 1072348831 1
problem50 0.01 1080339389 1
problem51 0.02 1096865803 1
problem52 0.01 1324082953 1
problem53 0 1213573175 1
problem54 0.06 1118369557 1
problem55 0.03 1166449443 1
problem56 0.03 1109075937 1
problem57 0 984079567 1
problem58 0.04 1238795629 1
problem59 0 1003510075 1
problem60 0.01 1204804537 1
problem61 0.06 933608551 1
problem62 0.01 1265153733 1
problem63 0.1 1179152979 1
problem64 0.03 1111188113 1
problem65 0.06 1191159551 1
problem66 0.02 1034349341 1
problem67 0.01 1084573291 1
problem68 0.02 1092295785 1
problem69 0.07 1087503511 1
problem70 0 1227129461 1
problem71 0.31 1170814339 1
problem72 0.01 1060661569 1
problem73 0 1193614639 1
problem74 0 1178655949 1
problem75 0.01 1027776411 1
problem76 0 1206429977 1
problem77 0.01 1064134855 1
problem78 0.02 1118263845 1
problem79 0.01 1087104179 1
problem80 0.04 1150106609 1
problem81 0 1208696671 1
problem82 0 1120885373 1
problem83 0.03 1305175243 1
problem84 0.13 1108574665 1
problem85 0 1170931959 1
problem86 0.01 997998037 1
problem87 0.04 919830499 1
problem88 0 1114954401 1
problem89 0.09 1030032783 1
problem90 0.01 993879085 1
problem91 0.02 1294112251 1
problem92 0.03 1312204409 1
problem93 0 1157481767 1
problem94 0 1206791557 1
problem95 0.01 1109591827 1
problem96 0 1105872209 1
problem97 0.08 1034258367 1
problem98 0.02 1211496925 1
problem99 0 1156264747 1
