problem0 0.78 129702 2663 1 0.75 17624.00
problem1 0.11 139955 874 1 0.1 17692.00
problem2 0.09 174165 149 1 0.09 17692.00
problem3 0.12 152167 1168 1 0.11 17692.00
problem4 0.13 152951 774 1 0.11 17692.00
problem5 0.1 189977 250 1 0.1 17692.00
problem6 0.11 154994 616 1 0.1 17692.00
problem7 0.11 173809 416 1 0.09 17692.00
problem8 0.09 175617 639 1 0.08 17696.00
problem9 0.12 145789 1027 1 0.11 17696.00
problem10 0.11 172687 651 1 0.1 17696.00
problem11 0.1 148052 716 1 0.09 17696.00
problem12 0.1 150883 380 1 0.08 17696.00
problem13 0.1 166554 846 1 0.09 17696.00
problem14 0.12 152343 690 1 0.1 17696.00
problem15 0.1 177885 323 1 0.09 17696.00
problem16 0.11 153654 495 1 0.1 17696.00
problem17 0.1 186733 464 1 0.08 17696.00
problem18 0.09 140775 326 1 0.09 17696.00
problem19 0.11 179046 255 1 0.1 17696.00
problem20 0.1 183928 312 1 0.09 17696.00
problem21 0.1 168876 710 1 0.09 17696.00
problem22 0.13 156713 772 1 0.11 17696.00
problem23 0.13 179624 611 1 0.11 17696.00
problem24 0.11 166801 615 1 0.11 17696.00
problem25 0.09 159795 338 1 0.09 17696.00
problem26 0.09 172062 143 1 0.09 17696.00
problem27 0.1 179612 212 1 0.1 17696.00
problem28 0.1 167817 408 1 0.1 17696.00
problem29 0.11 187581 350 1 0.1 17696.00
problem30 0.13 149380 1129 1 0.12 17696.00
problem31 0.09 188381 238 1 0.08 17696.00
problem32 0.08 149522 568 1 0.08 17696.00
problem33 0.11 167970 642 1 0.11 17696.00
problem34 0.1 163559 198 1 0.09 17696.00
problem35 0.1 187203 369 1 0.09 17696.00
problem36 0.13 149365 275 1 0.12 17696.00
problem37 0.09 185222 171 1 0.08 17696.00
problem38 0.09 205244 303 1 0.09 17696.00
problem39 0.11 176075 412 1 0.1 17696.00
problem40 0.13 167351 798 1 0.12 17696.00
problem41 0.09 183165 281 1 0.09 17696.00
problem42 0.1 180805 308 1 0.1 17696.00
problem43 0.12 192453 540 1 0.09 17696.00
problem44 0.09 175386 287 1 0.09 17696.00
problem45 0.12 171162 729 1 0.11 17696.00
problem46 0.12 155780 946 1 0.11 17696.00
problem47 0.12 142703 613 1 0.11 17696.00
problem48 0.13 154752 1035 1 0.11 17696.00
problem49 0.09 167933 403 1 0.08 17696.00
problem50 0.14 148895 861 1 0.13 17696.00
problem51 0.07 223444 112 1 0.07 17696.00
problem52 0.11 161618 661 1 0.1 17696.00
problem53 0.11 173483 292 1 0.09 18292.00
problem54 0.11 169512 401 1 0.1 18292.00
problem55 0.12 163167 755 1 0.1 18292.00
problem56 0.1 205350 367 1 0.09 18292.00
problem57 0.11 178448 323 1 0.1 18292.00
problem58 0.12 152095 686 1 0.11 18292.00
problem59 0.11 158475 796 1 0.1 18292.00
problem60 0.13 164234 791 1 0.1 18292.00
problem61 0.12 145379 892 1 0.09 18292.00
problem62 0.1 171543 395 1 0.09 18292.00
problem63 0.1 181287 360 1 0.09 18292.00
problem64 0.1 169342 208 1 0.1 18292.00
problem65 0.12 177260 730 1 0.11 18292.00
problem66 0.09 190405 264 1 0.07 18292.00
problem67 0.11 175426 394 1 0.1 18292.00
problem68 0.14 127057 611 1 0.13 18292.00
problem69 0.12 152382 1248 1 0.11 18292.00
problem70 0.1 161869 344 1 0.1 18292.00
problem71 0.09 197067 348 1 0.08 18292.00
problem72 0.1 159084 283 1 0.09 18292.00
problem73 0.13 136280 968 1 0.12 18292.00
problem74 0.12 170199 520 1 0.12 18292.00
problem75 0.13 115138 2166 1 0.1 18292.00
problem76 0.12 153080 841 1 0.11 18292.00
problem77 0.13 166406 495 1 0.12 18292.00
problem78 0.11 168583 785 1 0.09 18292.00
problem79 0.12 163697 754 1 0.1 18292.00
problem80 0.1 174572 308 1 0.1 18292.00
problem81 0.1 139773 524 1 0.1 18292.00
problem82 0.12 185103 559 1 0.09 18292.00
problem83 0.08 183581 282 1 0.08 18292.00
problem84 0.1 167397 329 1 0.09 18292.00
problem85 0.1 150004 650 1 0.09 18292.00
problem86 0.11 154226 460 1 0.1 18292.00
problem87 0.09 156070 410 1 0.08 18292.00
problem88 0.1 178359 387 1 0.09 18292.00
problem89 0.07 187736 241 1 0.07 18292.00
problem90 0.11 169578 572 1 0.09 18292.00
problem91 0.12 146699 597 1 0.1 18292.00
problem92 0.1 160648 486 1 0.1 18292.00
problem93 0.12 149986 549 1 0.11 18292.00
problem94 0.1 184342 130 1 0.08 18292.00
problem95 0.08 174192 279 1 0.07 18292.00
problem96 0.09 151716 400 1 0.08 18292.00
problem97 0.11 149097 406 1 0.11 18292.00
problem98 0.12 142348 596 1 0.11 18292.00
problem99 0.1 173013 520 1 0.09 18292.00
