problem0 0 1948794 1 0.00
problem1 0.00 1991768 1 0.00
problem2 0.21 2260407 1 3732.00
problem3 0.00 1595441 1 3732.00
problem4 0.00 1900668 1 3732.00
problem5 0.00 1881586 1 3732.00
problem6 1.25 1704457 1 4376.00
problem7 0.00 2066907 1 4376.00
problem8 0.00 1692062 1 4376.00
problem9 0.00 1624620 1 4376.00
problem10 0.00 1712251 1 4376.00
problem11 0.00 1828645 1 4376.00
problem12 0.00 1855968 1 4376.00
problem13 0.00 1891078 1 4376.00
problem14 0.00 2116365 1 4376.00
problem15 0.64 1948175 1 4376.00
problem16 0.00 1753922 1 4376.00
problem17 0.00 1950336 1 4376.00
problem18 0.00 1840063 1 4376.00
problem19 0.00 1830041 1 4376.00
problem20 0.00 1738692 1 4376.00
problem21 0.00 1899162 1 4376.00
problem22 0.00 2108561 1 4376.00
problem23 0.52 1968323 1 4376.00
problem24 0.00 2236774 1 4376.00
problem25 0.00 1875284 1 4376.00
problem26 0.00 2123651 1 4376.00
problem27 0.00 1980557 1 4376.00
problem28 0.00 1978920 1 4376.00
problem29 0.00 2057390 1 4376.00
problem30 0.00 1619605 1 4376.00
problem31 0.00 1852919 1 4376.00
problem32 0.00 1801226 1 4376.00
problem33 0.00 2075304 1 4376.00
problem34 0.00 1584071 1 4376.00
problem35 0.33 1874689 1 4376.00
problem36 0.00 1958156 1 4376.00
problem37 0.00 2058562 1 4376.00
problem38 0.00 1702169 1 4376.00
problem39 0.00 1917355 1 4376.00
problem40 0.36 1991470 1 4376.00
problem41 0.00 1981052 1 4376.00
problem42 0.44 1994891 1 4376.00
problem43 0.00 2024437 1 4376.00
problem44 0.00 1582192 1 4376.00
problem45 0.66 2119766 1 4376.00
problem46 1.95 1770525 1 4376.00
problem47 0.00 1821663 1 4376.00
problem48 0.00 1599186 1 4376.00
problem49 0.00 1744080 1 4376.00
problem50 0.40 1983951 1 4376.00
problem51 0.00 1893225 1 4376.00
problem52 1.05 1608788 1 4376.00
problem53 0.00 1671658 1 4376.00
problem54 0.00 1959841 1 4376.00
problem55 0.00 2012307 1 4376.00
problem56 0.00 1840886 1 4376.00
problem57 0.00 1647012 1 4376.00
problem58 0.42 1948563 1 4376.00
problem59 0.00 1861981 1 4376.00
problem60 0.00 1550520 1 4376.00
problem61 0.00 1586686 1 4376.00
problem62 0.89 1880997 1 4376.00
problem63 0.00 2018247 1 4376.00
problem64 0.00 1901466 1 4376.00
problem65 0.00 2169080 1 4376.00
problem66 0.00 1892823 1 4376.00
problem67 0.00 1787345 1 4376.00
problem68 1.07 1771932 1 3676.00
problem69 0.00 2016402 1 3676.00
problem70 0.00 1800233 1 3676.00
problem71 0.00 1827195 1 3676.00
problem72 0.00 1948862 1 3676.00
problem73 1.47 1888972 1 4376.00
problem74 1.34 1558683 1 4376.00
problem75 0.00 1853637 1 4376.00
problem76 0.00 1785600 1 4376.00
problem77 0.00 1932710 1 4376.00
problem78 0.00 2114861 1 4376.00
problem79 0.00 1951151 1 4376.00
problem80 0.00 1823330 1 4376.00
problem81 0.00 2137888 1 4376.00
problem82 0.00 1867743 1 4376.00
problem83 0.00 1851961 1 4376.00
problem84 0.00 1759460 1 4376.00
problem85 0.00 1749306 1 4376.00
problem86 0.00 1714865 1 4376.00
problem87 0.00 1984611 1 4376.00
problem88 0.00 2020486 1 4376.00
problem89 0.00 1625588 1 4376.00
problem90 0.00 1841059 1 4376.00
problem91 0.00 2097709 1 4376.00
problem92 0.00 1861448 1 4376.00
problem93 0.00 1748814 1 4376.00
problem94 0.60 1980597 1 4376.00
problem95 0.00 1653143 1 4376.00
problem96 0.00 1921834 1 4376.00
problem97 0.00 1945416 1 4376.00
problem98 0.00 1744871 1 4376.00
problem99 0.00 1661089 1 4376.00
