problem0 0.21 367166183313122 5 -196514600 6.95335e-310 0.00
problem1 0.25 444145400239028 5 -196514600 6.95335e-310 0.00
problem2 0.27 500790199829919 5 -196514600 6.95335e-310 0.00
problem3 0.23 462524954864373 5 -196514600 6.95335e-310 0.00
problem4 0.3 396204541312387 5 -196514600 6.95335e-310 0.00
problem5 1.49 426458422012136 5 -196514600 6.95335e-310 0.00
problem6 0.25 430996436796860 5 -196514600 6.95335e-310 0.00
problem7 0.22 436910759798862 5 -196514600 6.95335e-310 0.00
problem8 0.25 366839277221276 5 -196514600 6.95335e-310 0.00
problem9 0.19 388968162835081 5 -196514600 6.95335e-310 0.00
problem10 0.26 430696337088737 5 -196514600 6.95335e-310 0.00
problem11 0.22 364461428882665 5 -196514600 6.95335e-310 0.00
problem12 0.24 395326557058775 5 -196514600 6.95335e-310 0.00
problem13 0.2 385909192869034 5 -196514600 6.95335e-310 0.00
problem14 0.28 474606331341941 5 -196514600 6.95335e-310 0.00
problem15 0.27 452190688631839 5 -196514600 6.95335e-310 0.00
problem16 0.25 342927939867227 5 -196514600 6.95335e-310 0.00
problem17 0.23 446901724347867 5 -196514600 6.95335e-310 0.00
problem18 1.15 355080029817017 5 -196514600 6.95335e-310 0.00
problem19 0.24 455314248801382 5 -196514600 6.95335e-310 0.00
problem20 0.24 468304368197555 5 -196514600 6.95335e-310 0.00
problem21 0.2 369786934388546 5 -196514600 6.95335e-310 0.00
problem22 0.26 400281877982622 5 -196514600 6.95335e-310 0.00
problem23 0.25 377529840313468 5 -196514600 6.95335e-310 0.00
problem24 0.82 395146531995809 5 -196514600 6.95335e-310 0.00
problem25 0.19 306533296505489 5 -196514600 6.95335e-310 0.00
problem26 0.22 452693761997601 5 -196514600 6.95335e-310 0.00
problem27 0.2 341971354741625 5 -196514600 6.95335e-310 0.00
problem28 0.25 498017241331551 5 -196514600 6.95335e-310 0.00
problem29 0.27 516738561185087 5 -196514600 6.95335e-310 0.00
problem30 0.23 429365773719483 5 -196514600 6.95335e-310 0.00
problem31 0.23 435867758204024 5 -196514600 6.95335e-310 0.00
problem32 0.27 468019025236385 5 -196514600 6.95335e-310 0.00
problem33 0.27 416064472786382 5 -196514600 6.95335e-310 0.00
problem34 0.19 406225717419938 5 -196514600 6.95335e-310 0.00
problem35 0.26 449304288622465 5 -196514600 6.95335e-310 0.00
problem36 0.34 394155953234140 5 -196514600 6.95335e-310 0.00
problem37 0.19 430985226570248 5 -196514600 6.95335e-310 0.00
problem38 0.25 494132816549555 5 -196514600 6.95335e-310 0.00
problem39 0.27 385761248791451 5 -196514600 6.95335e-310 0.00
problem40 0.22 482509335727856 5 -196514600 6.95335e-310 0.00
problem41 0.2 469642215485064 5 -196514600 6.95335e-310 0.00
problem42 0.17 430645400011640 5 -196514600 6.95335e-310 0.00
problem43 0.24 406466007698352 5 -196514600 6.95335e-310 0.00
problem44 0.25 368114323083410 5 -196514600 6.95335e-310 0.00
problem45 0.18 381934673772945 5 -196514600 6.95335e-310 0.00
problem46 0.14 428589226443988 5 -196514600 6.95335e-310 0.00
problem47 0.19 454257593529352 5 -196514600 6.95335e-310 0.00
problem48 0.22 468504334808811 5 -196514600 6.95335e-310 0.00
problem49 0.27 434428148711149 5 -196514600 6.95335e-310 0.00
problem50 0.25 400308417941511 5 -196514600 6.95335e-310 0.00
problem51 0.23 432456515741346 5 -196514600 6.95335e-310 0.00
problem52 0.21 439582668272939 5 -196514600 6.95335e-310 0.00
problem53 0.22 414845928216259 5 -196514600 6.95335e-310 0.00
problem54 0.24 433646974425481 5 -196514600 6.95335e-310 0.00
problem55 0.24 419735459656457 5 -196514600 6.95335e-310 0.00
problem56 0.22 372566324985254 5 -196514600 6.95335e-310 0.00
problem57 0.27 371410594120663 5 -196514600 6.95335e-310 0.00
problem58 0.2 446811072367089 5 -196514600 6.95335e-310 0.00
problem59 0.25 346506988228772 5 -196514600 6.95335e-310 0.00
problem60 0.21 436000081609840 5 -196514600 6.95335e-310 0.00
problem61 0.19 409825009279848 5 -196514600 6.95335e-310 0.00
problem62 0.24 465387745573766 5 -196514600 6.95335e-310 0.00
problem63 0.23 464699403264991 5 -196514600 6.95335e-310 0.00
problem64 0.89 405806206379917 5 -196514600 6.95335e-310 0.00
problem65 0.24 462863889448984 5 -196514600 6.95335e-310 0.00
problem66 0.25 463353956612508 5 -196514600 6.95335e-310 0.00
problem67 0.19 392297507392127 5 -196514600 6.95335e-310 0.00
problem68 0.2 382689356657499 5 -196514600 6.95335e-310 0.00
problem69 0.27 500347251388594 5 -196514600 6.95335e-310 0.00
problem70 0.26 362822331901332 5 -196514600 6.95335e-310 0.00
problem71 1.22 382745258872947 5 -196514600 6.95335e-310 0.00
problem72 0.21 459286564900585 5 -196514600 6.95335e-310 0.00
problem73 0.25 446798621890997 5 -196514600 6.95335e-310 0.00
problem74 0.23 455306657287191 5 -196514600 6.95335e-310 0.00
problem75 0.18 405912589267490 5 -196514600 6.95335e-310 0.00
problem76 0.25 413887107772523 5 -196514600 6.95335e-310 0.00
problem77 0.21 431944670759635 5 -196514600 6.95335e-310 0.00
problem78 0.21 420610693173532 5 -196514600 6.95335e-310 0.00
problem79 0.27 447396157169573 5 -196514600 6.95335e-310 0.00
problem80 0.24 393553488572565 5 -196514600 6.95335e-310 0.00
problem81 0.28 421035974920224 5 -196514600 6.95335e-310 0.00
problem82 0.33 485547160951168 5 -196514600 6.95335e-310 0.00
problem83 0.26 417817701644401 5 -196514600 6.95335e-310 0.00
problem84 0.27 360584634587997 5 -196514600 6.95335e-310 0.00
problem85 0.26 405220558531388 5 -196514600 6.95335e-310 0.00
problem86 0.22 406698457526182 5 -196514600 6.95335e-310 0.00
problem87 0.26 419764145143009 5 -196514600 6.95335e-310 0.00
problem88 0.23 414828348513455 5 -196514600 6.95335e-310 0.00
problem89 0.26 432493130263533 5 -196514600 6.95335e-310 0.00
problem90 0.26 446334369467472 5 -196514600 6.95335e-310 0.00
problem91 0.27 437976125493611 5 -196514600 6.95335e-310 0.00
problem92 0.23 416157612424221 5 -196514600 6.95335e-310 0.00
problem93 0.27 427997008799569 5 -196514600 6.95335e-310 0.00
problem94 0.18 328796740422763 5 -196514600 6.95335e-310 0.00
problem95 0.21 402225963713435 5 -196514600 6.95335e-310 0.00
problem96 0.15 363846653313652 5 -196514600 6.95335e-310 0.00
problem97 0.27 408541284718035 5 -196514600 6.95335e-310 0.00
problem98 0.24 380612951577061 5 -196514600 6.95335e-310 0.00
problem99 0.24 515952834921875 5 -196514600 6.95335e-310 0.00
