problem0 2.32 1030551801979715 1 3800.00
problem1 4.29 1041358132660833 1 4524.00
problem2 2.05 1026356100586479 1 4524.00
problem3 4.32 970515583424365 1 4524.00
problem4 5.56 1052400359659611 1 4524.00
problem5 2.67 1076550503904825 1 4524.00
problem6 3.16 1074925159801991 1 4524.00
problem7 4.93 1026617912283845 1 4524.00
problem8 3.68 885373544844403 1 4524.00
problem9 1.83 1096078043666705 1 4524.00
problem10 5.62 876933514402847 1 4524.00
problem11 3.06 901078307616029 1 4524.00
problem12 2.68 1013759347826571 1 4524.00
problem13 3.95 1045920937382633 1 4524.00
problem14 5.43 960957429146295 1 4524.00
problem15 5.15 989700209499765 1 4524.00
problem16 4.17 978391601885603 1 4524.00
problem17 4.34 990257440637889 1 4524.00
problem18 4.35 1006193001666639 1 4524.00
problem19 4.77 1152119828328141 1 4524.00
problem20 2.72 994538821706427 1 4524.00
problem21 4.96 1040810685680537 1 4524.00
problem22 4.46 948916267195623 1 4524.00
problem23 5.60 1053536249513509 1 4524.00
problem24 3.05 1003451029754579 1 4524.00
problem25 4.76 1081550765263473 1 4524.00
problem26 4.09 1021111085846655 1 4524.00
problem27 2.80 1097546881287293 1 4524.00
problem28 3.40 1076455940235755 1 4524.00
problem29 3.56 1007171273416777 1 4524.00
problem30 4.02 1060008883098391 1 4524.00
problem31 4.42 1043280149465557 1 4524.00
problem32 2.78 1027513876803587 1 4524.00
problem33 4.74 984021814291745 1 4524.00
problem34 4.43 1047689575548079 1 4524.00
problem35 3.87 1034751208420909 1 4524.00
problem36 3.01 1045908759010587 1 4524.00
problem37 6.68 1008806647222521 1 4524.00
problem38 4.01 962740136559943 1 4524.00
problem39 3.22 1070755560630661 1 4524.00
problem40 3.37 944950033697075 1 4524.00
problem41 4.17 1049992013818833 1 4524.00
problem42 4.34 930602099111135 1 4524.00
problem43 3.73 1118197900854237 1 4524.00
problem44 3.91 968111083852875 1 4524.00
problem45 2.36 1011498187333033 1 4524.00
problem46 3.62 945925299155831 1 4524.00
problem47 6.25 878496856024373 1 4524.00
problem48 3.12 890310165667427 1 4524.00
problem49 4.37 1011420662302337 1 4524.00
problem50 3.18 1095834796351759 1 4524.00
problem51 4.34 1101549925313933 1 4524.00
problem52 5.41 1028110766688123 1 4524.00
problem53 7.38 933331792184921 1 4524.00
problem54 3.22 1024714891812263 1 4524.00
problem55 3.16 943953815256293 1 4524.00
problem56 4.17 1108747354501011 1 4524.00
problem57 2.20 1167324606774577 1 4524.00
problem58 2.23 919067702823231 1 4524.00
problem59 6.27 874035182777149 1 4524.00
problem60 4.64 932261048350379 1 4524.00
problem61 3.74 1034894315080457 1 4524.00
problem62 4.36 1129621295776727 1 4524.00
problem63 6.44 1001888388542613 1 4524.00
problem64 4.90 979522729360579 1 4524.00
problem65 4.17 1089170678435809 1 4524.00
problem66 5.25 892301872360815 1 4524.00
problem67 4.25 1073075006428397 1 4524.00
problem68 2.62 1063670645727707 1 4524.00
problem69 3.86 928603655449529 1 4524.00
problem70 2.70 1106412183741959 1 4524.00
problem71 3.18 1037219469508677 1 4524.00
problem72 2.61 1110155016209907 1 4524.00
problem73 3.08 1019642119569041 1 4524.00
problem74 3.22 1124147796938143 1 4524.00
problem75 6.28 1014499424834205 1 4524.00
problem76 4.53 900127583783179 1 4524.00
problem77 3.73 940014481008745 1 4524.00
problem78 3.44 1049138794316855 1 4524.00
problem79 4.81 1004478584204277 1 4524.00
problem80 6.09 878299890469667 1 4524.00
problem81 5.04 1007081072134465 1 4524.00
problem82 3.49 1023720913955279 1 4524.00
problem83 5.16 962929956940877 1 4524.00
problem84 3.81 1180515864702011 1 4524.00
problem85 2.09 1074507883708697 1 4524.00
problem86 5.80 1046007817395815 1 4524.00
problem87 5.47 1053985821701029 1 4524.00
problem88 3.50 1038787341061203 1 4524.00
problem89 4.70 1015867895099377 1 4524.00
problem90 2.96 1077440317129215 1 4524.00
problem91 3.96 1022658800280061 1 4524.00
problem92 3.28 1000542207773547 1 4524.00
problem93 3.36 1146285085324745 1 4524.00
problem94 4.08 1036286774064279 1 4524.00
problem95 2.98 1124552448268117 1 4524.00
problem96 3.70 1098890651715971 1 4524.00
problem97 3.39 960504682721953 1 4524.00
problem98 2.14 1118917950723631 1 4524.00
problem99 5.29 927224156058541 1 4524.00
