problem0 4.11 25227045203624 1
problem1 0.1 27427705670824 1
problem2 1.44 27918454631080 1
problem3 7.92 28007839434920 1
problem4 2.95 26613184390824 1
problem5 22.94 29469000647848 1
problem6 1.42 24800291431080 1
problem7 0.11 24966554943656 1
problem8 0.27 28940950068904 1
problem9 5.75 22722613230760 1
problem10 1.92 26478219434664 1
problem11 31.2 26784578205864 1
problem12 7.22 28717996955304 1
problem13 0.96 28229051331752 1
problem14 2.57 25749041615528 1
problem15 5.9 24403286323368 1
problem16 0.19 27124904185512 1
problem17 1.18 27721282170024 1
problem18 0.16 29428334201512 1
problem19 6.28 27180876163240 1
problem20 0.69 26716640429736 1
problem21 1.96 27946162496680 1
problem22 5.25 24815342027432 1
problem23 0.69 25508969013416 1
problem24 1.47 25925005754024 1
problem25 13.05 24930310692008 1
problem26 1.43 25872466901672 1
problem27 1.11 27096494299304 1
problem28 0.66 22906922317480 1
problem29 0.22 26520095134888 1
problem30 3.77 26496023425704 1
problem31 14.83 26183364006056 1
problem32 1.33 26539550650024 1
problem33 8.38 26543110950056 1
problem34 0.98 26904518060712 1
problem35 2.07 27179972675752 1
problem36 2.96 27832987330216 1
problem37 10.85 27348168377512 1
problem38 2.05 25942067733160 1
problem39 3.69 29274034618536 1
problem40 0.03 26318544051880 1
problem41 10.26 26611153239208 1
problem42 0.03 26026202159784 1
problem43 2.15 26430583912616 1
problem44 5.89 24551189485224 1
problem45 0.33 23932096705704 1
problem46 4.2 28749817336488 1
problem47 0.37 26633427890344 1
problem48 6.66 28109549276840 1
problem49 0.35 24133710179496 1
problem50 10.41 24985570888360 1
problem51 1.58 27695891327144 1
problem52 0.53 26354452563624 1
problem53 1.92 23517489947816 1
problem54 8.32 27321475089064 1
problem55 28.02 26606665277608 1
problem56 2.13 27613304061608 1
problem57 9.26 29105170668712 1
problem58 0.07 25530675935912 1
problem59 5.08 29425411725480 1
problem60 0.89 28393758488232 1
problem61 0.52 27302643979432 1
problem62 1.3 26153871749800 1
problem63 8.09 27093507772584 1
problem64 2.64 26028104281768 1
problem65 1.73 28430179421352 1
problem66 4.06 23912010853032 1
problem67 0.44 27869638658216 1
problem68 1.4 25270333367976 1
problem69 4.56 27140005840040 1
problem70 8.86 26445303194280 1
problem71 0.46 27093227995304 1
problem72 0.86 25102001626792 1
problem73 0.11 27155323010216 1
problem74 5.62 26275673840296 1
problem75 3 26975647070376 1
problem76 4.29 23680031217320 1
problem77 11 25327383033000 1
problem78 1.07 24446262973096 1
problem79 5.22 27254366007464 1
problem80 0.09 23284512902824 1
problem81 0 26478897310888 1
problem82 2.32 25573623564968 1
problem83 0.57 27941732837544 1
problem84 2.59 24821147911848 1
problem85 0.24 28010873758888 1
problem86 6.82 24653581845160 1
problem87 1.42 29324973498536 1
problem88 1.03 25622224682664 1
problem89 0.63 26499686571176 1
problem90 2.78 26852446599848 1
problem91 2.35 26468633696424 1
problem92 5.17 26043688629928 1
problem93 1.7 25393657615528 1
problem94 17.13 27166044058280 1
problem95 1.52 29005788205224 1
problem96 6.37 26166607261352 1
problem97 4.29 27316475038888 1
problem98 0.28 25812880681640 1
problem99 0.19 25403912964264 1
