problem0 0.44 128475 5 -626425544 6.95332e-310 0.00
problem1 0.01 120126 5 -626425544 6.95332e-310 0.00
problem2 0.05 111843 5 -626425544 6.95332e-310 0.00
problem3 0.35 110833 5 -626425544 6.95332e-310 0.00
problem4 0.07 124335 5 -626425544 6.95332e-310 0.00
problem5 0.15 123351 5 -626425544 6.95332e-310 0.00
problem6 0.28 115057 5 -626425544 6.95332e-310 0.00
problem7 0.05 99448 5 -626425544 6.95332e-310 0.00
problem8 0.03 83818 5 -626425544 6.95332e-310 0.00
problem9 0.02 111867 5 -626425544 6.95332e-310 0.00
problem10 0.03 140058 5 -626425544 6.95332e-310 0.00
problem11 0.03 109881 5 -626425544 6.95332e-310 0.00
problem12 0.02 108845 5 -626425544 6.95332e-310 0.00
problem13 0.03 122408 5 -626425544 6.95332e-310 0.00
problem14 0.05 114118 5 -626425544 6.95332e-310 0.00
problem15 0.02 113062 5 -626425544 6.95332e-310 0.00
problem16 0.1 126641 5 -626425544 6.95332e-310 0.00
problem17 0.4 125654 5 -626425544 6.95332e-310 0.00
problem18 0.02 117270 5 -626425544 6.95332e-310 0.00
problem19 0 101664 5 -626425544 6.95332e-310 0.00
problem20 0.11 107986 5 -626425544 6.95332e-310 0.00
problem21 0.1 128867 5 -626425544 6.95332e-310 0.00
problem22 0.01 98626 5 -626425544 6.95332e-310 0.00
problem23 0.12 119506 5 -626425544 6.95332e-310 0.00
problem24 0.03 111190 5 -626425544 6.95332e-310 0.00
problem25 0.02 110099 5 -626425544 6.95332e-310 0.00
problem26 0.06 116356 5 -626425544 6.95332e-310 0.00
problem27 0.04 144487 5 -626425544 6.95332e-310 0.00
problem28 0.01 107014 5 -626425544 6.95332e-310 0.00
problem29 0.44 127949 5 -626425544 6.95332e-310 0.00
problem30 0.03 90477 5 -626425544 6.95332e-310 0.00
problem31 0.13 104005 5 -626425544 6.95332e-310 0.00
problem32 0.02 124784 5 -626425544 6.95332e-310 0.00
problem33 0.02 116474 5 -626425544 6.95332e-310 0.00
problem34 0.31 130072 5 -626425544 6.95332e-310 0.00
problem35 0.01 107134 5 -626425544 6.95332e-310 0.00
problem36 0.05 113441 5 -626425544 6.95332e-310 0.00
problem37 0.06 119685 5 -626425544 6.95332e-310 0.00
problem38 0.02 162350 5 -626425544 6.95332e-310 0.00
problem39 0.03 95761 5 -626425544 6.95332e-310 0.00
problem40 0.1 116631 5 -626425544 6.95332e-310 0.00
problem41 0.03 101001 5 -626425544 6.95332e-310 0.00
problem42 0.02 129102 5 -626425544 6.95332e-310 0.00
problem43 0.02 98949 5 -626425544 6.95332e-310 0.00
problem44 0.15 105288 5 -626425544 6.95332e-310 0.00
problem45 0.02 111471 5 -626425544 6.95332e-310 0.00
problem46 0.01 103174 5 -626425544 6.95332e-310 0.00
problem47 0.16 116731 5 -626425544 6.95332e-310 0.00
problem48 0.01 108385 5 -626425544 6.95332e-310 0.00
problem49 0.01 114634 5 -626425544 6.95332e-310 0.00
problem50 0.1 106381 5 -626425544 6.95332e-310 0.00
problem51 0.01 112621 5 -626425544 6.95332e-310 0.00
problem52 0.06 111602 5 -626425544 6.95332e-310 0.00
problem53 0.01 103258 5 -626425544 6.95332e-310 0.00
problem54 0.04 116821 5 -626425544 6.95332e-310 0.00
problem55 0.03 93931 5 -626425544 6.95332e-310 0.00
problem56 0.02 114795 5 -626425544 6.95332e-310 0.00
problem57 0.02 121011 5 -626425544 6.95332e-310 0.00
problem58 0.01 105427 5 -626425544 6.95332e-310 0.00
problem59 0.11 104422 5 -626425544 6.95332e-310 0.00
problem60 0.04 125250 5 -626425544 6.95332e-310 0.00
problem61 0.03 116985 5 -626425544 6.95332e-310 0.00
problem62 0.01 115889 5 -626425544 6.95332e-310 0.00
problem63 0.09 122213 5 -626425544 6.95332e-310 0.00
problem64 0.01 113835 5 -626425544 6.95332e-310 0.00
problem65 0.06 112860 5 -626425544 6.95332e-310 0.00
problem66 0.02 126377 5 -626425544 6.95332e-310 0.00
problem67 0.06 125444 5 -626425544 6.95332e-310 0.00
problem68 0.14 131649 5 -626425544 6.95332e-310 0.00
problem69 0.01 108728 5 -626425544 6.95332e-310 0.00
problem70 0.04 115017 5 -626425544 6.95332e-310 0.00
problem71 0.12 128540 5 -626425544 6.95332e-310 0.00
problem72 0.11 142117 5 -626425544 6.95332e-310 0.00
problem73 0.16 119254 5 -626425544 6.95332e-310 0.00
problem74 0.06 103644 5 -626425544 6.95332e-310 0.00
problem75 0.03 117150 5 -626425544 6.95332e-310 0.00
problem76 0.04 116147 5 -626425544 6.95332e-310 0.00
problem77 0.04 122439 5 -626425544 6.95332e-310 0.00
problem78 0.01 106786 5 -626425544 6.95332e-310 0.00
problem79 0.07 113077 5 -626425544 6.95332e-310 0.00
problem80 0.02 126577 5 -626425544 6.95332e-310 0.00
problem81 0.07 111003 5 -626425544 6.95332e-310 0.00
problem82 0.01 131825 5 -626425544 6.95332e-310 0.00
problem83 0.1 116269 5 -626425544 6.95332e-310 0.00
problem84 0.05 129843 5 -626425544 6.95332e-310 0.00
problem85 0.04 121506 5 -626425544 6.95332e-310 0.00
problem86 0.12 127798 5 -626425544 6.95332e-310 0.00
problem87 0.04 126776 5 -626425544 6.95332e-310 0.00
problem88 0.06 118462 5 -626425544 6.95332e-310 0.00
problem89 0.01 131946 5 -626425544 6.95332e-310 0.00
problem90 0.04 109111 5 -626425544 6.95332e-310 0.00
problem91 0.06 115368 5 -626425544 6.95332e-310 0.00
problem92 0.14 121660 5 -626425544 6.95332e-310 0.00
problem93 0.01 120576 5 -626425544 6.95332e-310 0.00
problem94 0.07 112271 5 -626425544 6.95332e-310 0.00
problem95 0 133096 5 -626425544 6.95332e-310 0.00
problem96 0.02 110179 5 -626425544 6.95332e-310 0.00
problem97 0.15 116522 5 -626425544 6.95332e-310 0.00
problem98 0.01 122853 5 -626425544 6.95332e-310 0.00
problem99 0.05 136328 5 -626425544 6.95332e-310 0.00
