problem0 0 163089 1 0.00
problem1 0.00 99711 1 0.00
problem2 0.00 159133 1 2312.00
problem3 0.00 134379 1 2312.00
problem4 0.00 108265 1 2312.00
problem5 0.00 125719 1 2312.00
problem6 0.00 128245 1 2312.00
problem7 0.00 142339 1 2312.00
problem8 0.00 156609 1 2312.00
problem9 0.00 146351 1 2312.00
problem10 0.00 139085 1 2312.00
problem11 0.00 149019 1 2312.00
problem12 0.00 111513 1 2312.00
problem13 0.00 128839 1 2312.00
problem14 0.00 134309 1 2312.00
problem15 0.00 129843 1 2312.00
problem16 0.00 136817 1 2312.00
problem17 0.00 163295 1 2312.00
problem18 0.00 138493 1 2312.00
problem19 0.00 125771 1 2312.00
problem20 0.00 117833 1 2312.00
problem21 0.00 159607 1 2312.00
problem22 0.00 118869 1 2312.00
problem23 0.00 144995 1 2312.00
problem24 0.00 128289 1 2312.00
problem25 0.00 134159 1 2312.00
problem26 0.00 140973 1 2312.00
problem27 0.00 162939 1 2312.00
problem28 0.00 135417 1 2312.00
problem29 0.00 144295 1 2312.00
problem30 0.00 139269 1 2312.00
problem31 0.00 155027 1 2312.00
problem32 0.00 147409 1 2312.00
problem33 0.00 124479 1 2312.00
problem34 0.00 138333 1 2312.00
problem35 0.00 129451 1 2312.00
problem36 0.00 123305 1 2312.00
problem37 0.00 123863 1 2312.00
problem38 0.00 146357 1 2312.00
problem39 0.00 168131 1 2312.00
problem40 0.00 136833 1 2312.00
problem41 0.00 134255 1 2312.00
problem42 0.00 155149 1 2312.00
problem43 0.00 115419 1 2312.00
problem44 0.00 147033 1 2312.00
problem45 0.00 122887 1 2312.00
problem46 0.00 140133 1 2312.00
problem47 0.00 143347 1 2312.00
problem48 0.00 153905 1 2312.00
problem49 0.00 122527 1 2312.00
problem50 0.00 142269 1 2312.00
problem51 0.00 153611 1 2312.00
problem52 0.00 141065 1 2312.00
problem53 0.00 141367 1 2312.00
problem54 0.00 128789 1 2312.00
problem55 0.00 129827 1 2312.00
problem56 0.00 141281 1 2312.00
problem57 0.00 130255 1 2312.00
problem58 0.00 165229 1 2312.00
problem59 0.00 129339 1 2312.00
problem60 0.00 121785 1 2312.00
problem61 0.00 138343 1 2312.00
problem62 0.00 128709 1 2312.00
problem63 0.00 111187 1 2312.00
problem64 0.00 148113 1 2312.00
problem65 0.00 149247 1 2312.00
problem66 0.00 117533 1 2312.00
problem67 0.00 132715 1 2312.00
problem68 0.00 146537 1 2312.00
problem69 0.00 130199 1 2312.00
problem70 0.00 139893 1 2312.00
problem71 0.00 136579 1 2312.00
problem72 0.00 149825 1 2312.00
problem73 0.00 138543 1 2312.00
problem74 0.00 113869 1 2312.00
problem75 0.00 139163 1 2312.00
problem76 0.00 133401 1 2312.00
problem77 0.00 141511 1 2312.00
problem78 0.00 154149 1 2312.00
problem79 0.00 132275 1 2312.00
problem80 0.00 154609 1 2312.00
problem81 0.00 147295 1 2312.00
problem82 0.00 121469 1 2312.00
problem83 0.00 148683 1 2312.00
problem84 0.00 147913 1 2312.00
problem85 0.00 139511 1 2312.00
problem86 0.00 138709 1 2312.00
problem87 0.00 155619 1 2312.00
problem88 0.00 121505 1 2312.00
problem89 0.00 150927 1 2312.00
problem90 0.00 148525 1 2312.00
problem91 0.00 144891 1 2312.00
problem92 0.00 140921 1 2312.00
problem93 0.00 140583 1 2312.00
problem94 0.00 134533 1 2312.00
problem95 0.00 132883 1 2312.00
problem96 0.01 124241 1 2312.00
problem97 0.00 141247 1 2312.00
problem98 0.00 145885 1 2312.00
problem99 0.00 135979 1 2312.00
