problem0 0 2547408 1
problem1 0 2573974 1
problem2 0 2793229 1
problem3 0 2310095 1
problem4 0 2546322 1
problem5 0 2623664 1
problem6 0 3009183 1
problem7 0 2945401 1
problem8 0 2493044 1
problem9 0 2688106 1
problem10 0 2762577 1
problem11 0 2594243 1
problem12 0 2502774 1
problem13 0 2708420 1
problem14 0 2615075 1
problem15 0 2676397 1
problem16 0 2502296 1
problem17 0 2666686 1
problem18 0 2808853 1
problem19 0 2555447 1
problem20 0 2623194 1
problem21 0 2454872 1
problem22 0 2676775 1
problem23 0 2815585 1
problem24 0 2546492 1
problem25 0 2268050 1
problem26 0 2477401 1
problem27 0 2640171 1
problem28 0 2747838 1
problem29 0 2538860 1
problem30 0 2936235 1
problem31 0 2498709 1
problem32 0 2465888 1
problem33 0 2561254 1
problem34 0 2951965 1
problem35 0 2573983 1
problem36 0 2651426 1
problem37 0 2849792 1
problem38 0 2611119 1
problem39 0 2499913 1
problem40 0 2756100 1
problem41 0 2452666 1
problem42 0 2598241 1
problem43 0 2672275 1
problem44 0 2567430 1
problem45 0 2752788 1
problem46 0 2819635 1
problem47 0 2413693 1
problem48 0 2667560 1
problem49 0 2749198 1
problem50 0 2534437 1
problem51 0 2398471 1
problem52 0 2729322 1
problem53 0 2661544 1
problem54 0 2648375 1
problem55 0 2948657 1
problem56 0 2564812 1
problem57 0 2881506 1
problem58 0 2764649 1
problem59 0 2526715 1
problem60 0 2584142 1
problem61 0 2924220 1
problem62 0 2756795 1
problem63 0 2519653 1
problem64 0 2484720 1
problem65 0 2345782 1
problem66 0 2768685 1
problem67 0 2454895 1
problem68 0 2561970 1
problem69 0 2840400 1
problem70 0 2755775 1
problem71 0 2621721 1
problem72 0 2791828 1
problem73 0 2669834 1
problem74 0 2681713 1
problem75 0 2563939 1
problem76 0 2699670 1
problem77 0 2758244 1
problem78 0 2649411 1
problem79 0 2587213 1
problem80 0 2671032 1
problem81 0 2628958 1
problem82 0 2704437 1
problem83 0 2579415 1
problem84 0 2771962 1
problem85 0 2632696 1
problem86 0 2769479 1
problem87 0 2403841 1
problem88 0 2552412 1
problem89 0 2571314 1
problem90 0 2840953 1
problem91 0 2554571 1
problem92 0 2422494 1
problem93 0 2418700 1
problem94 0 2726859 1
problem95 0 2321461 1
problem96 0 2407296 1
problem97 0 2713990 1
problem98 0 2374461 1
problem99 0 2608191 1
