problem0 0 769088 1
problem1 0 979553 1
problem2 0 760673 1
problem3 0 1013142 1
problem4 0 787002 1
problem5 0 1019619 1
problem6 0 933131 1
problem7 0 843656 1
problem8 0 812564 1
problem9 0 847557 1
problem10 0 882069 1
problem11 0 686554 1
problem12 0 905678 1
problem13 0 869383 1
problem14 0 1007359 1
problem15 0 878220 1
problem16 0 855912 1
problem17 0 991401 1
problem18 0 783177 1
problem19 0 796574 1
problem20 0 772322 1
problem21 0 816811 1
problem22 0 789619 1
problem23 0 761616 1
problem24 0 952380 1
problem25 0 1153037 1
problem26 0 1008765 1
problem27 0 986850 1
problem28 0 767862 1
problem29 0 997071 1
problem30 0 955751 1
problem31 0 858388 1
problem32 0 958608 1
problem33 0 1008881 1
problem34 0 727345 1
problem35 0 901030 1
problem36 0 945546 1
problem37 0 824435 1
problem38 0 870875 1
problem39 0 877720 1
problem40 0 731236 1
problem41 0 890709 1
problem42 0 811365 1
problem43 0.01 838122 1
problem44 0 834334 1
problem45 0 958359 1
problem46 0 948687 1
problem47 0 1053084 1
problem48 0 847800 1
problem49 0 933689 1
problem50 0 757017 1
problem51 0 900526 1
problem52 0 749618 1
problem53 0 878651 1
problem54 0 947523 1
problem55 0 962592 1
problem56 0 837260 1
problem57 0 814237 1
problem58 0 781389 1
problem59 0 994034 1
problem60 0 875718 1
problem61 0 1048159 1
problem62 0 887863 1
problem63 0 839716 1
problem64 0 949472 1
problem65 0 733057 1
problem66 0 773889 1
problem67 0 893366 1
problem68 0 872666 1
problem69 0 946691 1
problem70 0 790187 1
problem71 0 852392 1
problem72 0 778932 1
problem73 0 956389 1
problem74 0 820533 1
problem75 0 766458 1
problem76 0 1055854 1
problem77 0 840487 1
problem78 0 871583 1
problem79 0 906412 1
problem80 0 968712 1
problem81 0 898505 1
problem82 0 810729 1
problem83 0 912318 1
problem84 0 954242 1
problem85 0 930251 1
problem86 0 824851 1
problem87 0 1104176 1
problem88 0 916700 1
problem89 0 891181 1
problem90 0 896029 1
problem91 0 777986 1
problem92 0 817686 1
problem93 0 1023471 1
problem94 0 867079 1
problem95 0.01 892724 1
problem96 0 807216 1
problem97 0 741905 1
problem98 0 900305 1
problem99 0 990150 1
