problem0 0 9271072 1 2288.00
problem1 0.00 8641598 1 2344.00
problem2 0.00 11564908 1 2344.00
problem3 0.00 10362922 1 2344.00
problem4 0.00 8958456 1 2344.00
problem5 0.00 9890902 1 2344.00
problem6 0.00 9261764 1 2344.00
problem7 0.01 9571522 1 2344.00
problem8 0.00 10077648 1 2344.00
problem9 0.00 10325358 1 2344.00
problem10 0.00 10598172 1 2344.00
problem11 0.00 10861146 1 2344.00
problem12 0.00 11342504 1 2344.00
problem13 0.00 9510790 1 2344.00
problem14 0.00 10224756 1 2344.00
problem15 0.01 9734386 1 2344.00
problem16 0.00 9107584 1 2344.00
problem17 0.00 9896606 1 2344.00
problem18 0.00 9870028 1 2344.00
problem19 0.00 9820298 1 2344.00
problem20 0.00 9426776 1 2344.00
problem21 0.00 10524342 1 2344.00
problem22 0.00 9427492 1 2344.00
problem23 0.01 8718626 1 2344.00
problem24 0.00 8654640 1 2344.00
problem25 0.00 10697678 1 2344.00
problem26 0.00 10101372 1 2344.00
problem27 0.00 7961274 1 2344.00
problem28 0.01 8650760 1 2344.00
problem29 0.00 9982438 1 2344.00
problem30 0.00 10212308 1 2344.00
problem31 0.00 9342290 1 2344.00
problem32 0.00 11536864 1 2344.00
problem33 0.00 8206590 1 2344.00
problem34 0.00 10440236 1 2344.00
problem35 0.01 9674986 1 2344.00
problem36 0.00 10259640 1 2344.00
problem37 0.00 7557398 1 2344.00
problem38 0.00 11727236 1 2344.00
problem39 0.00 9180546 1 2344.00
problem40 0.00 11135120 1 2344.00
problem41 0.00 12057134 1 2344.00
problem42 0.00 8986076 1 2344.00
problem43 0.00 10439450 1 2344.00
problem44 0.00 10780008 1 2344.00
problem45 0.01 7115846 1 2344.00
problem46 0.00 11023156 1 2344.00
problem47 0.00 9478578 1 2344.00
problem48 0.00 9743168 1 2344.00
problem49 0.00 8814430 1 2344.00
problem50 0.00 10129804 1 2344.00
problem51 0.01 8878410 1 2344.00
problem52 0.00 10408472 1 2344.00
problem53 0.00 12000118 1 2344.00
problem54 0.00 10393828 1 2344.00
problem55 0.00 10432994 1 2344.00
problem56 0.00 9654768 1 2344.00
problem57 0.01 9160846 1 2344.00
problem58 0.00 9873724 1 2344.00
problem59 0.00 9382778 1 2344.00
problem60 0.00 11963080 1 2344.00
problem61 0.00 10348198 1 2344.00
problem62 0.00 8987284 1 2344.00
problem63 0.00 9618962 1 2344.00
problem64 0.00 10542240 1 2344.00
problem65 0.00 10671550 1 2344.00
problem66 0.00 11035884 1 2344.00
problem67 0.01 9527722 1 2344.00
problem68 0.00 9348984 1 2344.00
problem69 0.00 10221014 1 2344.00
problem70 0.00 9621572 1 2344.00
problem71 0.00 9854530 1 2344.00
problem72 0.00 10505040 1 2344.00
problem73 0.00 10397422 1 2344.00
problem74 0.01 9094300 1 2344.00
problem75 0.00 10034138 1 2344.00
problem76 0.00 10102824 1 2344.00
problem77 0.00 8669446 1 2344.00
problem78 0.00 10920436 1 2344.00
problem79 0.00 10287730 1 2344.00
problem80 0.00 9739776 1 2344.00
problem81 0.00 10632222 1 2344.00
problem82 0.01 10537036 1 2344.00
problem83 0.00 9525770 1 2344.00
problem84 0.00 11799768 1 2344.00
problem85 0.00 11132982 1 2344.00
problem86 0.00 9934756 1 2344.00
problem87 0.00 9542306 1 2344.00
problem88 0.00 10015920 1 2344.00
problem89 0.01 8951118 1 2344.00
problem90 0.00 9793532 1 2344.00
problem91 0.00 11869242 1 2344.00
problem92 0.00 10966408 1 2344.00
problem93 0.00 8371046 1 2344.00
problem94 0.00 9482580 1 2344.00
problem95 0.01 9387730 1 2344.00
problem96 0.00 8908640 1 2344.00
problem97 0.00 11317886 1 2344.00
problem98 0.00 9681836 1 2344.00
problem99 0.00 9921130 1 2344.00
