problem0 4.85 1747421501 1 395584.00
problem1 4.84 1511794443 1 395640.00
problem2 4.93 1618583305 1 395640.00
problem3 5.02 1828182199 1 395640.00
problem4 4.94 1570989973 1 395640.00
problem5 4.90 1634495267 1 395640.00
problem6 4.87 1747480289 1 395640.00
problem7 4.94 1493125711 1 395640.00
problem8 4.90 1492844781 1 395640.00
problem9 4.93 1882366523 1 395640.00
problem10 4.94 1657285049 1 395640.00
problem11 4.92 1739677415 1 395640.00
problem12 4.90 1510192453 1 395640.00
problem13 4.94 1513827411 1 395640.00
problem14 4.95 1672753041 1 395640.00
problem15 4.87 1934653055 1 395640.00
problem16 4.83 1727980701 1 395640.00
problem17 4.90 1721657707 1 395640.00
problem18 4.99 1903419497 1 395640.00
problem19 4.95 1747644695 1 395640.00
problem20 4.90 1712975605 1 395640.00
problem21 4.83 1564522883 1 395640.00
problem22 4.88 1530567745 1 395640.00
problem23 4.90 1578839727 1 395640.00
problem24 4.93 1458451533 1 395640.00
problem25 4.89 1817345179 1 395640.00
problem26 4.93 1583858457 1 395640.00
problem27 4.94 1711771463 1 395640.00
problem28 4.91 1812010149 1 395640.00
problem29 4.91 1573917363 1 395640.00
problem30 4.93 1678161137 1 395640.00
problem31 4.89 1533178591 1 395640.00
problem32 4.87 1547956221 1 395640.00
problem33 4.90 1761729483 1 395640.00
problem34 4.93 1716441545 1 395640.00
problem35 4.91 1638545783 1 395640.00
problem36 4.89 1754539605 1 395640.00
problem37 4.92 1610364899 1 395640.00
problem38 4.91 1512274337 1 395640.00
problem39 4.90 1575568143 1 395640.00
problem40 4.94 1497044909 1 395640.00
problem41 4.94 1763673851 1 395640.00
problem42 4.94 1418988665 1 395640.00
problem43 4.95 1815474087 1 395640.00
problem44 4.94 1668162565 1 395640.00
problem45 4.88 1553475859 1 395640.00
problem46 4.90 1549527633 1 395640.00
problem47 4.90 1563598655 1 395640.00
problem48 4.92 1590602589 1 395640.00
problem49 4.86 1507753515 1 395640.00
problem50 4.95 1667396393 1 395640.00
problem51 4.92 1670230487 1 395640.00
problem52 4.88 1793723829 1 395640.00
problem53 4.89 1563878979 1 395640.00
problem54 4.87 1413154561 1 395640.00
problem55 4.90 1837205359 1 395640.00
problem56 4.92 1622780685 1 395640.00
problem57 4.88 1966195035 1 395640.00
problem58 4.95 1671759321 1 395640.00
problem59 4.91 1716813831 1 395640.00
problem60 4.86 1545790309 1 395640.00
problem61 4.86 1881894771 1 395640.00
problem62 4.92 1644941233 1 395640.00
problem63 4.92 1675164575 1 395640.00
problem64 4.90 1769412285 1 395640.00
problem65 4.93 1506562187 1 395640.00
problem66 4.90 1694942345 1 395640.00
problem67 4.84 1609390647 1 395640.00
problem68 4.90 1727243541 1 395640.00
problem69 4.92 1753793699 1 395640.00
problem70 4.82 1691960417 1 395640.00
problem71 4.86 1576795087 1 395640.00
problem72 4.80 1581379181 1 395640.00
problem73 4.93 1864444859 1 395640.00
problem74 4.91 1643294521 1 395640.00
problem75 4.85 1685799015 1 395640.00
problem76 4.85 1576489669 1 395640.00
problem77 4.91 1780606419 1 395640.00
problem78 4.91 1651402001 1 395640.00
problem79 4.95 1651345407 1 395640.00
problem80 4.86 1863660061 1 395640.00
problem81 4.92 1499681515 1 395640.00
problem82 4.98 2006173161 1 395640.00
problem83 4.93 1960915607 1 395640.00
problem84 4.88 1787358325 1 395640.00
problem85 4.98 1703531267 1 395640.00
problem86 4.88 2002137537 1 395640.00
problem87 4.96 1886429231 1 395640.00
problem88 4.94 1319887309 1 395640.00
problem89 4.90 1636156955 1 395640.00
problem90 4.89 1507133593 1 395640.00
problem91 5.00 1791111367 1 395640.00
problem92 4.89 1556312613 1 395640.00
problem93 4.89 1746111539 1 395640.00
problem94 4.96 1792780913 1 395640.00
problem95 4.92 1611154527 1 395640.00
problem96 4.90 1786838397 1 395640.00
problem97 4.91 1698399563 1 395640.00
problem98 4.91 1734440777 1 395640.00
problem99 4.91 1551973111 1 395640.00
