problem0 0.03 792795783554 1
problem1 0.07 737289366720 1
problem2 0.02 669867519935 1
problem3 0.03 727443270169 1
problem4 0.26 722063217796 1
problem5 0.01 782516975194 1
problem6 0.02 755461528849 1
problem7 0 823477620163 1
problem8 0.18 745206114470 1
problem9 0.07 768140170900 1
problem10 0.14 833475000451 1
problem11 0.04 876351074573 1
problem12 0 719164735464 1
problem13 0.03 746493888366 1
problem14 0.36 763262235669 1
problem15 0.02 710869048823 1
problem16 0.15 673225071690 1
problem17 0.01 666511450856 1
problem18 0.01 672209822151 1
problem19 0.01 676775181953 1
problem20 0.02 663833141196 1
problem21 0.02 756242604802 1
problem22 0.05 747675169689 1
problem23 0.01 745263258795 1
problem24 0.07 781698174062 1
problem25 0.01 712891081148 1
problem26 0.19 869510036363 1
problem27 0.03 752843088501 1
problem28 0.14 696501044272 1
problem29 0.05 732517931286 1
problem30 0.21 848512084893 1
problem31 0.01 740461124063 1
problem32 0.02 697746589970 1
problem33 0.04 834351342352 1
problem34 0.1 645114975695 1
problem35 0.12 755072789737 1
problem36 0.1 714752032020 1
problem37 0 838613055914 1
problem38 0.26 707668552737 1
problem39 0.02 767743059347 1
problem40 0.03 752852623926 1
problem41 0.04 713756014308 1
problem42 0.07 663232069779 1
problem43 0.08 802395467229 1
problem44 0.02 741718973048 1
problem45 0 762584110270 1
problem46 0.29 770503247141 1
problem47 0 749243830215 1
problem48 0.01 794399483866 1
problem49 0.05 758632017208 1
problem50 0.11 804056992727 1
problem51 0 735489684817 1
problem52 0.16 733049564252 1
problem53 0 866309110354 1
problem54 0.02 737640646313 1
problem55 0.05 742414444667 1
problem56 0.16 791567854078 1
problem57 0.04 824444245516 1
problem58 0.05 774401410971 1
problem59 0.09 741954982725 1
problem60 0.08 805986632384 1
problem61 0.04 756090124902 1
problem62 0.02 754949603501 1
problem63 0.07 785994727343 1
problem64 0.03 714443471010 1
problem65 0.05 768197558624 1
problem66 0.01 727044883423 1
problem67 0 746279720889 1
problem68 0.21 812526398884 1
problem69 0.01 811011515642 1
problem70 0.82 741787812657 1
problem71 0.02 689748665699 1
problem72 0.2 738602689478 1
problem73 0.18 637637639988 1
problem74 0.2 707694907555 1
problem75 0.01 750741525165 1
problem76 0 772778163464 1
problem77 0 780654086670 1
problem78 0.04 851104374325 1
problem79 0 803049646487 1
problem80 0.1 800218463082 1
problem81 0.01 758043729800 1
problem82 0.19 703376604647 1
problem83 0.01 739965899809 1
problem84 0.2 781250969836 1
problem85 0 765039688098 1
problem86 0.07 815132565945 1
problem87 0.03 742953573451 1
problem88 0.04 846011502478 1
problem89 0.13 810375131740 1
problem90 0.2 695251590059 1
problem91 0 771913264149 1
problem92 0.02 785499212112 1
problem93 0.02 646911198134 1
problem94 0.09 775128030653 1
problem95 0.02 724619513215 1
problem96 0.13 803089035314 1
problem97 0.02 791284484016 1
problem98 0.17 754520734191 1
problem99 0.22 761373174409 1
