problem0 0.08 2305569627 1
problem1 0.2 2167913984 1
problem2 0.02 2071953212 1
problem3 0.07 2529984869 1
problem4 0.07 2544678965 1
problem5 0.37 2655626818 1
problem6 0.01 2489686150 1
problem7 0.01 2441727959 1
problem8 0.02 2467909743 1
problem9 0.02 2022371172 1
problem10 0.02 2211943984 1
problem11 0 2417857577 1
problem12 0.03 2235381257 1
problem13 0.07 2583935846 1
problem14 0.01 2140021306 1
problem15 0.05 2498961499 1
problem16 0.02 2336293635 1
problem17 0.06 2580483144 1
problem18 0.07 2241873572 1
problem19 0.05 2337121901 1
problem20 0.03 2441392477 1
problem21 0.02 1981596682 1
problem22 0.02 2324524398 1
problem23 0.18 2239379551 1
problem24 0.08 1922669335 1
problem25 0.01 2601755820 1
problem26 0.04 2343002264 1
problem27 0.2 2363607089 1
problem28 0.04 2140961329 1
problem29 0.04 2492682286 1
problem30 0 2212252194 1
problem31 0.02 2046502883 1
problem32 0.01 2146396331 1
problem33 0.23 2631288976 1
problem34 0.05 2363536396 1
problem35 0.02 2585594229 1
problem36 0.01 2387861637 1
problem37 0.09 2180247506 1
problem38 0.01 2327414870 1
problem39 0 2435841767 1
problem40 0.01 2237971391 1
problem41 0.01 2420279284 1
problem42 0.02 2342916352 1
problem43 0.04 2436921913 1
problem44 0.03 2574267481 1
problem45 0.09 2744726262 1
problem46 0 2322200586 1
problem47 0.05 2247150955 1
problem48 0.01 2444354643 1
problem49 0.01 2238837464 1
problem50 0 2230798196 1
problem51 0.05 2513119869 1
problem52 0.02 2196555181 1
problem53 0.06 2448140698 1
problem54 0.01 2239260990 1
problem55 0 2540938095 1
problem56 0.07 2573546087 1
problem57 0.14 2309757244 1
problem58 0 2142906216 1
problem59 0.01 2562337345 1
problem60 0.01 2218452097 1
problem61 0 2258756542 1
problem62 0.05 2297801714 1
problem63 0.01 2106364147 1
problem64 0.06 2216883707 1
problem65 0 2108066592 1
problem66 0.01 2080014556 1
problem67 0.05 2160626053 1
problem68 0.08 2474762453 1
problem69 0.2 2197844322 1
problem70 0.05 2545455142 1
problem71 0.01 2297275895 1
problem72 0.09 2649063183 1
problem73 0.18 2412042372 1
problem74 0 2519344080 1
problem75 0.26 2460964937 1
problem76 0.02 2296318633 1
problem77 0.03 2518278790 1
problem78 0.02 2443044314 1
problem79 0.08 2607215227 1
problem80 0.11 2352815523 1
problem81 0.17 2522386792 1
problem82 0.2 2590040132 1
problem83 0.08 2640684685 1
problem84 0.07 2342892029 1
problem85 0.42 2467219242 1
problem86 0.06 2395503886 1
problem87 0.31 2284226175 1
problem88 0.04 2274369975 1
problem89 0.13 2447459788 1
problem90 0.02 2342291000 1
problem91 0.02 2388690001 1
problem92 0.01 2409572049 1
problem93 0.16 2001579854 1
problem94 0.03 2195793346 1
problem95 0.05 2415424003 1
problem96 0.07 2354764619 1
problem97 0.03 2471265712 1
problem98 0.12 2533418412 1
problem99 0.01 2446524821 1
