problem0 0 976075898 1
problem1 0 858547288 1
problem2 0 1035304375 1
problem3 0 1011570737 1
problem4 0.01 871563388 1
problem5 0 1028044274 1
problem6 0 1010500105 1
problem7 0 948668891 1
problem8 0 912511390 1
problem9 0 855951916 1
problem10 0 1101275259 1
problem11 0.01 937944869 1
problem12 0 792875488 1
problem13 0 930601734 1
problem14 0 766003981 1
problem15 0.01 960674319 1
problem16 0 965722946 1
problem17 0 989708928 1
problem18 0 1058739135 1
problem19 0 952364185 1
problem20 0 1003390916 1
problem21 0 941292186 1
problem22 0 914238609 1
problem23 0 918751427 1
problem24 0 996417894 1
problem25 0 1022664020 1
problem26 0.01 884172675 1
problem27 0 1079064717 1
problem28 0 890974760 1
problem29 0 996828334 1
problem30 0 936294037 1
problem31 0 895698423 1
problem32 0 986020874 1
problem33 0 869313192 1
problem34 0 1040722887 1
problem35 0 949721857 1
problem36 0 838721804 1
problem37 0 944400706 1
problem38 0.01 1020131609 1
problem39 0 917782955 1
problem40 0 805987118 1
problem41 0 885209724 1
problem42 0 905343115 1
problem43 0 1133044725 1
problem44 0 954082416 1
problem45 0 965302358 1
problem46 0 1024590877 1
problem47 0 817941471 1
problem48 0 859530962 1
problem49 0 981966032 1
problem50 0.01 954025423 1
problem51 0 974709609 1
problem52 0 1005947988 1
problem53 0 991920618 1
problem54 0 852682657 1
problem55 0 927839379 1
problem56 0 1012078326 1
problem57 0 950215076 1
problem58 0 954055571 1
problem59 0 866478429 1
problem60 0 1032825016 1
problem61 0 930035198 1
problem62 0 959099813 1
problem63 0.01 991546311 1
problem64 0 964559770 1
problem65 0 983898360 1
problem66 0 941285847 1
problem67 0 992101841 1
problem68 0 1011485084 1
problem69 0 948225170 1
problem70 0 1079343145 1
problem71 0 1025368443 1
problem72 0.01 928693438 1
problem73 0 1097257676 1
problem74 0 989448347 1
problem75 0 945637573 1
problem76 0 995376896 1
problem77 0 894860710 1
problem78 0 938558765 1
problem79 0.01 902612399 1
problem80 0 792318562 1
problem81 0 944480032 1
problem82 0 878804959 1
problem83 0 960381497 1
problem84 0 816830692 1
problem85 0 1057272122 1
problem86 0 993929905 1
problem87 0 1045645411 1
problem88 0 1029559430 1
problem89 0 914410996 1
problem90 0 939202467 1
problem91 0 923206189 1
problem92 0 1030776648 1
problem93 0 874098510 1
problem94 0 1063139509 1
problem95 0 970471831 1
problem96 0 859525930 1
problem97 0 1044229960 1
problem98 0.01 1114742759 1
problem99 0 932403361 1
