problem0 0 467616658789 0 2212.00
problem1 0.00 355001909661 0 2268.00
problem2 0.00 365448563614 0 2268.00
problem3 0.00 542893707028 0 2268.00
problem4 0.00 405037191886 0 2268.00
problem5 0.00 420776674081 0 2268.00
problem6 0.00 452174884840 0 2268.00
problem7 0.00 383638610762 0 2268.00
problem8 0.00 361329591699 0 2268.00
problem9 0.00 436648769155 0 2268.00
problem10 0.00 404067524556 0 2268.00
problem11 0.00 451781974072 0 2268.00
problem12 0.00 357446561093 0 2268.00
problem13 0.00 390083441510 0 2268.00
problem14 0.00 413475179474 0 2268.00
problem15 0.00 420853889966 0 2268.00
problem16 0.00 404945273954 0 2268.00
problem17 0.00 387999873891 0 2268.00
problem18 0.00 268214255802 0 2268.00
problem19 0.00 410255647091 0 2268.00
problem20 0.01 402908869955 0 2268.00
problem21 0.00 381892981979 0 2268.00
problem22 0.00 485440387034 0 2268.00
problem23 0.00 366784639606 0 2268.00
problem24 0.00 412823710400 0 2268.00
problem25 0.00 373992086386 0 2268.00
problem26 0.00 456222437307 0 2268.00
problem27 0.00 476951049967 0 2268.00
problem28 0.00 314982231843 0 2268.00
problem29 0.00 348541219479 0 2268.00
problem30 0.00 438407267152 0 2268.00
problem31 0.00 411063755687 0 2268.00
problem32 0.00 358238793197 0 2268.00
problem33 0.00 409238323150 0 2268.00
problem34 0.00 422748556582 0 2268.00
problem35 0.00 422741828737 0 2268.00
problem36 0.00 404095399102 0 2268.00
problem37 0.00 435637622108 0 2268.00
problem38 0.00 442144426685 0 2268.00
problem39 0.00 318122355756 0 2268.00
problem40 0.00 407737958454 0 2268.00
problem41 0.01 426747169603 0 2268.00
problem42 0.00 468557874463 0 2268.00
problem43 0.00 417933366006 0 2268.00
problem44 0.00 349317001555 0 2268.00
problem45 0.00 397949600532 0 2268.00
problem46 0.00 378657637423 0 2268.00
problem47 0.00 354902695319 0 2268.00
problem48 0.00 474465561401 0 2268.00
problem49 0.00 415361798287 0 2268.00
problem50 0.00 434853991149 0 2268.00
problem51 0.00 379428222235 0 2268.00
problem52 0.00 504025533523 0 2268.00
problem53 0.00 355316818845 0 2268.00
problem54 0.00 357586108076 0 2268.00
problem55 0.00 363145362668 0 2268.00
problem56 0.00 355601831552 0 2268.00
problem57 0.00 454119664157 0 2268.00
problem58 0.00 424833589274 0 2268.00
problem59 0.00 383042618331 0 2268.00
problem60 0.00 418440646233 0 2268.00
problem61 0.00 449053777919 0 2268.00
problem62 0.00 406964538389 0 2268.00
problem63 0.00 343504578734 0 2268.00
problem64 0.00 419557692047 0 2268.00
problem65 0.01 403014892374 0 2268.00
problem66 0.00 322649953034 0 2268.00
problem67 0.00 422988385638 0 2268.00
problem68 0.00 351451468609 0 2268.00
problem69 0.00 429632942508 0 2268.00
problem70 0.00 335784336651 0 2268.00
problem71 0.00 455548504675 0 2268.00
problem72 0.00 403383721933 0 2268.00
problem73 0.00 315315127957 0 2268.00
problem74 0.00 343168953885 0 2268.00
problem75 0.00 411873043615 0 2268.00
problem76 0.00 377263720306 0 2268.00
problem77 0.00 446958741099 0 2268.00
problem78 0.00 421188290448 0 2268.00
problem79 0.00 399283755102 0 2268.00
problem80 0.00 409202948777 0 2268.00
problem81 0.00 471921336437 0 2268.00
problem82 0.00 447853218011 0 2268.00
problem83 0.00 489937338910 0 2268.00
problem84 0.00 454118910177 0 2268.00
problem85 0.00 397532494351 0 2268.00
problem86 0.00 446398040955 0 2268.00
problem87 0.01 480307251446 0 2268.00
problem88 0.00 388814390997 0 2268.00
problem89 0.00 419295014250 0 2268.00
problem90 0.00 379122260932 0 2268.00
problem91 0.00 440939676975 0 2268.00
problem92 0.00 424294416558 0 2268.00
problem93 0.00 405488854040 0 2268.00
problem94 0.00 422268431139 0 2268.00
problem95 0.00 441575327530 0 2268.00
problem96 0.00 487290680103 0 2268.00
problem97 0.00 378207534105 0 2268.00
problem98 0.00 347546844420 0 2268.00
problem99 0.00 344991304962 0 2268.00
