problem0 0 707021 0
problem1 0 664539 0
problem2 0 704825 0
problem3 0 614759 0
problem4 0 669669 0
problem5 0 625715 0
problem6 0 580049 0
problem7 0 569407 0
problem8 0 594685 0
problem9 0 645515 0
problem10 0 610153 0
problem11 0 660504 1
problem12 0 604949 0
problem13 0 682979 0
problem14 0 672257 0
problem15 0 666863 0
problem16 0 561198 1
problem17 0 647995 0
problem18 0 676249 0
problem19 0 629447 0
problem20 0 668229 0
problem21 0 597907 0
problem22 0 597553 0
problem23 0 638367 0
problem24 0 688477 0
problem25 0 655595 0
problem26 0 657353 0
problem27 0 587127 0
problem28 0 662901 0
problem29 0 583491 0
problem30 0 634465 0
problem31 0 647759 0
problem32 0 583309 0
problem33 0 668315 0
problem34 0 668153 0
problem35 0 680999 0
problem36 0 605349 0
problem37 0 688883 0
problem38 0 651921 0
problem39 0 662271 0
problem40 0 622525 0
problem41 0 620619 0
problem42 0 593961 0
problem43 0 616151 0
problem44 0 675798 1
problem45 0 619171 0
problem46 0 699073 0
problem47 0 649136 1
problem48 0 642285 0
problem49 0 610811 0
problem50 0 615002 1
problem51 0 671111 0
problem52 0 628486 1
problem53 0 718419 0
problem54 0 579313 0
problem55 0 657503 0
problem56 0 642589 0
problem57 0 655275 0
problem58 0 567434 1
problem59 0 583735 0
problem60 0 627253 0
problem61 0 675331 0
problem62 0 685857 0
problem63 0 670991 0
problem64 0 639821 0
problem65 0 606555 0
problem66 0 615097 0
problem67 0 698087 0
problem68 0 573797 0
problem69 0 686515 0
problem70 0 674641 0
problem71 0 640447 0
problem72 0 617597 0
problem73 0 628491 0
problem74 0 577769 0
problem75 0 604567 0
problem76 0 664725 0
problem77 0 555363 0
problem78 0 660353 0
problem79 0 631408 1
problem80 0 608685 0
problem81 0 655547 0
problem82 0 668441 0
problem83 0 630855 0
problem84 0 654278 1
problem85 0 609555 0
problem86 0 675762 1
problem87 0 627488 1
problem88 0 629469 0
problem89 0 704107 0
problem90 0 657738 1
problem91 0 695031 0
problem92 0 673525 0
problem93 0 668868 1
problem94 0 688097 0
problem95 0 563152 1
problem96 0 647181 0
problem97 0 692251 0
problem98 0 562041 0
problem99 0 551335 0
