problem0 97.36 1218823277319992 1 15212.00
problem1 108.71 1361655578569110 1 20540.00
problem2 75.84 1253065608427268 1 20540.00
problem3 91.38 1216477331502850 1 20540.00
problem4 51.27 1374014609909008 1 20540.00
problem5 84.50 1268153234333870 1 20540.00
problem6 128.95 1273989099097436 1 20540.00
problem7 100.35 1250930352304794 1 20540.00
problem8 52.54 1379091407231976 1 20540.00
problem9 166.83 1198051483252934 1 20540.00
problem10 112.09 1220215162174644 1 20540.00
problem11 125.32 1227496707178290 1 20540.00
problem12 114.87 1310861156932544 1 20540.00
problem13 138.53 1162993885286878 1 20540.00
problem14 106.44 1310817137272076 1 20540.00
problem15 158.32 1260421070994634 1 20540.00
problem16 84.99 1313268707017880 1 20540.00
problem17 185.29 1183541197917174 1 20540.00
problem18 129.66 1166988033222244 1 20540.00
problem19 120.29 1190180144319330 1 20540.00
problem20 103.87 1091623693710960 1 20540.00
problem21 93.93 1289089662715662 1 20540.00
problem22 150.64 1090131216933052 1 20540.00
problem23 123.80 1185253767645946 1 20540.00
problem24 85.15 1276846260998472 1 20540.00
problem25 120.68 1232642386600742 1 20540.00
problem26 78.99 1251912217539604 1 20540.00
problem27 172.78 1093184647601042 1 20540.00
problem28 136.63 1169208089425184 1 20540.00
problem29 110.92 1293955769106494 1 20540.00
problem30 214.05 1115717194449004 1 15052.00
problem31 119.33 1258189294542122 1 20392.00
problem32 86.18 1291137837236728 1 20392.00
problem33 155.04 1131418131005014 1 20392.00
problem34 100.00 1233316635338180 1 20392.00
problem35 124.53 1152287277543362 1 20392.00
problem36 237.25 1142546232842192 1 20392.00
problem37 99.76 1359665181261166 1 20392.00
problem38 131.50 1248499822085148 1 20392.00
problem39 124.87 1233763663311706 1 20392.00
problem40 106.32 1310069305333416 1 20392.00
problem41 72.14 1308596164124038 1 20392.00
problem42 89.37 1327374060321652 1 20392.00
problem43 102.19 1288654803535858 1 20392.00
problem44 75.66 1309397166333568 1 20392.00
problem45 146.75 1260937357786782 1 20392.00
problem46 79.39 1190691594267596 1 20392.00
problem47 153.86 1254562279001482 1 20392.00
problem48 85.23 1345066353282904 1 20392.00
problem49 88.00 1265570150301878 1 20392.00
problem50 168.17 1232863028442404 1 20392.00
problem51 168.73 1235501432005666 1 20392.00
problem52 160.69 1197020251867440 1 20392.00
problem53 128.41 1266300492514254 1 20392.00
problem54 62.96 1302148724258684 1 20392.00
problem55 145.18 1170498493737914 1 20392.00
problem56 144.70 1269864061561864 1 20392.00
problem57 167.99 1306877173835750 1 20392.00
problem58 248.85 1108267260596948 1 20392.00
problem59 82.62 1302821423678546 1 20392.00
problem60 204.42 1231284019402720 1 20392.00
problem61 133.67 1129694128246014 1 20392.00
problem62 96.46 1236550181775148 1 20392.00
problem63 178.74 1331454921477610 1 20392.00
problem64 88.47 1223330543643832 1 20392.00
problem65 45.88 1355612204307222 1 20392.00
problem66 56.92 1285141088015492 1 20392.00
problem67 262.55 1085502390954114 1 20392.00
problem68 207.31 1073584768223888 1 20392.00
problem69 52.79 1265993921042990 1 20392.00
problem70 118.09 1203365116558044 1 20392.00
problem71 139.91 1153430886380570 1 20392.00
problem72 95.64 1206228304269672 1 20392.00
problem73 67.80 1404658166006342 1 20392.00
problem74 83.44 1301581554694708 1 20392.00
problem75 82.49 1281424414314674 1 20392.00
problem76 192.38 1243535408800064 1 20392.00
problem77 60.04 1337478578875230 1 20392.00
problem78 167.78 1021056040563340 1 20392.00
problem79 106.10 1222935469235786 1 20392.00
problem80 86.64 1106664873466392 1 20392.00
problem81 82.23 1258473309402486 1 20392.00
problem82 79.07 1267369545352164 1 20392.00
problem83 47.11 1366066769329378 1 20392.00
problem84 103.78 1310508011084784 1 20392.00
problem85 169.79 1189145694978190 1 20392.00
problem86 325.36 1098980024094268 1 20392.00
problem87 170.44 1158382362168442 1 20392.00
problem88 146.49 1227899995375304 1 20392.00
problem89 60.24 1371933489097894 1 20392.00
problem90 263.29 1113255404548500 1 20392.00
problem91 149.02 1175345914457362 1 20392.00
problem92 113.09 1201621802662560 1 20392.00
problem93 117.66 1189483848358334 1 20392.00
problem94 103.48 1287491464498668 1 20392.00
problem95 99.32 1280210181832362 1 20392.00
problem96 176.36 1245929953531768 1 20392.00
problem97 196.17 1139149278930902 1 20392.00
problem98 66.23 1298901348877124 1 20392.00
problem99 116.41 1219084484452674 1 20392.00
