problem0 0.08 361261014500719 5 -2050427768 6.95325e-310 0.00
problem1 0.1 447343706622074 5 -2050427768 6.95325e-310 0.00
problem2 0.1 406632525710444 5 -2050427768 6.95325e-310 0.00
problem3 0.07 324119059930068 5 -2050427768 6.95325e-310 0.00
problem4 0.08 317800947139012 5 -2050427768 6.95325e-310 0.00
problem5 0.08 385077030867820 5 -2050427768 6.95325e-310 0.00
problem6 0.08 330310153474972 5 -2050427768 6.95325e-310 0.00
problem7 0.12 466932047246591 5 -2050427768 6.95325e-310 0.00
problem8 0.13 342980214100058 5 -2050427768 6.95325e-310 0.00
problem9 0.08 388201148002861 5 -2050427768 6.95325e-310 0.00
problem10 0.07 415081679212741 5 -2050427768 6.95325e-310 0.00
problem11 0.07 403916947670454 5 -2050427768 6.95325e-310 0.00
problem12 0.06 367396001881392 5 -2050427768 6.95325e-310 0.00
problem13 0.08 364870267330072 5 -2050427768 6.95325e-310 0.00
problem14 0.11 329359798996075 5 -2050427768 6.95325e-310 0.00
problem15 0.12 505943765629724 5 -2050427768 6.95325e-310 0.00
problem16 0.06 379800660993615 5 -2050427768 6.95325e-310 0.00
problem17 0.09 376710972303861 5 -2050427768 6.95325e-310 0.00
problem18 0.09 411809440947248 5 -2050427768 6.95325e-310 0.00
problem19 0.09 302839542855733 5 -2050427768 6.95325e-310 0.00
problem20 0.08 466425435425358 5 -2050427768 6.95325e-310 0.00
problem21 0.13 406736090073703 5 -2050427768 6.95325e-310 0.00
problem22 0.08 415287693450779 5 -2050427768 6.95325e-310 0.00
problem23 0.07 348530780058784 5 -2050427768 6.95325e-310 0.00
problem24 0.06 366677944453198 5 -2050427768 6.95325e-310 0.00
problem25 0.06 467552628784401 5 -2050427768 6.95325e-310 0.00
problem26 0.09 422590863279233 5 -2050427768 6.95325e-310 0.00
problem27 0.12 410489220271973 5 -2050427768 6.95325e-310 0.00
problem28 0.08 411811114721170 5 -2050427768 6.95325e-310 0.00
problem29 0 267736006696228 5 -2050427768 6.95325e-310 0.00
problem30 0.07 380097539213675 5 -2050427768 6.95325e-310 0.00
problem31 0.08 435687425483729 5 -2050427768 6.95325e-310 0.00
problem32 0.1 326939218027096 5 -2050427768 6.95325e-310 0.00
problem33 0.07 341511456237931 5 -2050427768 6.95325e-310 0.00
problem34 0.08 370162712642076 5 -2050427768 6.95325e-310 0.00
problem35 0.06 325564875698273 5 -2050427768 6.95325e-310 0.00
problem36 0.08 414317387140554 5 -2050427768 6.95325e-310 0.00
problem37 0.08 403534997711815 5 -2050427768 6.95325e-310 0.00
problem38 0.06 447918633635991 5 -2050427768 6.95325e-310 0.00
problem39 0.06 405821716760361 5 -2050427768 6.95325e-310 0.00
problem40 0.14 408271381522369 5 -2050427768 6.95325e-310 0.00
problem41 0.06 341786993654663 5 -2050427768 6.95325e-310 0.00
problem42 0.12 388072452186817 5 -2050427768 6.95325e-310 0.00
problem43 0.1 325502603577953 5 -2050427768 6.95325e-310 0.00
problem44 0.08 403488708465872 5 -2050427768 6.95325e-310 0.00
problem45 0.07 453663179078010 5 -2050427768 6.95325e-310 0.00
problem46 0.11 349286324791811 5 -2050427768 6.95325e-310 0.00
problem47 0.12 387005988305339 5 -2050427768 6.95325e-310 0.00
problem48 0.11 424871499766293 5 -2050427768 6.95325e-310 0.00
problem49 0.07 399023629468895 5 -2050427768 6.95325e-310 0.00
problem50 0.06 373516808753547 5 -2050427768 6.95325e-310 0.00
problem51 0.11 298605606076513 5 -2050427768 6.95325e-310 0.00
problem52 0.07 352011470953238 5 -2050427768 6.95325e-310 0.00
problem53 0.1 405440337679340 5 -2050427768 6.95325e-310 0.00
problem54 0.08 336931860600014 5 -2050427768 6.95325e-310 0.00
problem55 0.12 367536361981500 5 -2050427768 6.95325e-310 0.00
problem56 0.13 356652497517478 5 -2050427768 6.95325e-310 0.00
problem57 0.08 451305269756361 5 -2050427768 6.95325e-310 0.00
problem58 0.07 364101869913401 5 -2050427768 6.95325e-310 0.00
problem59 0.09 386253562138183 5 -2050427768 6.95325e-310 0.00
problem60 0.05 326688039650802 5 -2050427768 6.95325e-310 0.00
problem61 0.06 366620114645706 5 -2050427768 6.95325e-310 0.00
problem62 0.09 463540750326989 5 -2050427768 6.95325e-310 0.00
problem63 0.08 298490114269172 5 -2050427768 6.95325e-310 0.00
problem64 0.08 339317841401531 5 -2050427768 6.95325e-310 0.00
problem65 0.07 436493446549150 5 -2050427768 6.95325e-310 0.00
problem66 0.07 386859049869269 5 -2050427768 6.95325e-310 0.00
problem67 0.06 426346760885104 5 -2050427768 6.95325e-310 0.00
problem68 0.07 397616377199982 5 -2050427768 6.95325e-310 0.00
problem69 0.11 480767763735652 5 -2050427768 6.95325e-310 0.00
problem70 0.06 391982715096831 5 -2050427768 6.95325e-310 0.00
problem71 0.06 394113310656809 5 -2050427768 6.95325e-310 0.00
problem72 0.08 409746644508573 5 -2050427768 6.95325e-310 0.00
problem73 0.07 331341902081314 5 -2050427768 6.95325e-310 0.00
problem74 0.07 347157906988230 5 -2050427768 6.95325e-310 0.00
problem75 0.08 461739668763539 5 -2050427768 6.95325e-310 0.00
problem76 0.09 333685708348554 5 -2050427768 6.95325e-310 0.00
problem77 0.11 430155787793662 5 -2050427768 6.95325e-310 0.00
problem78 0.11 336581470087920 5 -2050427768 6.95325e-310 0.00
problem79 0.08 357202524622050 5 -2050427768 6.95325e-310 0.00
problem80 0.11 436124466930962 5 -2050427768 6.95325e-310 0.00
problem81 0.08 385145920681403 5 -2050427768 6.95325e-310 0.00
problem82 0.1 308474617130655 5 -2050427768 6.95325e-310 0.00
problem83 0.06 346054256349496 5 -2050427768 6.95325e-310 0.00
problem84 0.09 393775856769954 5 -2050427768 6.95325e-310 0.00
problem85 0.11 415753005943823 5 -2050427768 6.95325e-310 0.00
problem86 0.07 417891303953922 5 -2050427768 6.95325e-310 0.00
problem87 0.08 351755570353030 5 -2050427768 6.95325e-310 0.00
problem88 0.1 435724011163208 5 -2050427768 6.95325e-310 0.00
problem89 0.1 337040844504351 5 -2050427768 6.95325e-310 0.00
problem90 0.09 347214688355107 5 -2050427768 6.95325e-310 0.00
problem91 0.07 420448869953932 5 -2050427768 6.95325e-310 0.00
problem92 0.06 317174515077490 5 -2050427768 6.95325e-310 0.00
problem93 0.08 347810215701304 5 -2050427768 6.95325e-310 0.00
problem94 0.07 444924599045341 5 -2050427768 6.95325e-310 0.00
problem95 0.09 404092499745485 5 -2050427768 6.95325e-310 0.00
problem96 0.06 409722450643222 5 -2050427768 6.95325e-310 0.00
problem97 0.06 460350296950115 5 -2050427768 6.95325e-310 0.00
problem98 0.09 380972410335233 5 -2050427768 6.95325e-310 0.00
problem99 0.06 333463288010649 5 -2050427768 6.95325e-310 0.00
