problem0 0.03 1530551691860 1 2368.00
problem1 0.04 1406415030405 1 2424.00
problem2 0.05 1273255183797 1 2424.00
problem3 0.04 1384537252922 1 2424.00
problem4 0.10 1547636340558 1 2424.00
problem5 0.07 1366885309575 1 2424.00
problem6 0.06 1449552597855 1 2424.00
problem7 0.09 1374261775020 1 2424.00
problem8 0.03 1293433363496 1 2424.00
problem9 0.02 1517053578729 1 2424.00
problem10 0.07 1703022285289 1 2424.00
problem11 0.06 1231946357630 1 2424.00
problem12 0.07 1421488636642 1 2424.00
problem13 0.12 1624069607083 1 2424.00
problem14 0.07 1403552766803 1 2424.00
problem15 0.06 1409861646512 1 2424.00
problem16 0.12 1570815161724 1 2424.00
problem17 0.09 1588124020941 1 2424.00
problem18 0.10 1717439457693 1 2424.00
problem19 0.08 1409093985346 1 2424.00
problem20 0.05 1452366306806 1 2424.00
problem21 0.08 1500084463183 1 2424.00
problem22 0.04 1093383083719 1 2424.00
problem23 0.10 1391144992820 1 2424.00
problem24 0.02 1378805368400 1 2424.00
problem25 0.03 1479809499441 1 2424.00
problem26 0.04 1428643601617 1 2424.00
problem27 0.22 1614874693254 1 2424.00
problem28 0.06 1282109003914 1 2424.00
problem29 0.13 1363087995763 1 2424.00
problem30 0.06 1420704110011 1 2424.00
problem31 0.17 1724972577080 1 2424.00
problem32 0.05 1708296363684 1 2424.00
problem33 0.17 1732691447573 1 2424.00
problem34 0.03 1420838304645 1 2424.00
problem35 0.04 1443010210378 1 2424.00
problem36 0.08 1434701218462 1 2424.00
problem37 0.08 1666013988375 1 2424.00
problem38 0.11 1456412911663 1 2424.00
problem39 0.24 1340406504380 1 2424.00
problem40 0.02 1606096375416 1 2424.00
problem41 0.03 1561366522489 1 2424.00
problem42 0.07 1576010356153 1 2424.00
problem43 0.11 1571088484238 1 2424.00
problem44 0.06 1310207978546 1 2424.00
problem45 0.04 1341969591867 1 2424.00
problem46 0.06 1481802866211 1 2424.00
problem47 0.06 1764705488832 1 2424.00
problem48 0.02 1548781479372 1 2424.00
problem49 0.12 1604068729693 1 2424.00
problem50 0.09 1515493489517 1 2424.00
problem51 0.10 1679387784786 1 2424.00
problem52 0.19 1699029411142 1 2424.00
problem53 0.03 1490361646047 1 2424.00
problem54 0.03 1282576648087 1 2424.00
problem55 0.04 1574701063492 1 2424.00
problem56 0.04 1589438182560 1 2424.00
problem57 0.07 1468267579841 1 2424.00
problem58 0.09 1648062037153 1 2424.00
problem59 0.09 1391612954262 1 2424.00
problem60 0.04 1426948275674 1 2424.00
problem61 0.06 1232626532099 1 2424.00
problem62 0.04 1619927053451 1 2424.00
problem63 0.04 1603174552648 1 2424.00
problem64 0.10 1686115175156 1 2424.00
problem65 0.09 1628544511397 1 2424.00
problem66 0.08 1410055498069 1 2424.00
problem67 0.09 1389980485722 1 2424.00
problem68 0.06 1587103008238 1 2424.00
problem69 0.07 1478618695591 1 2424.00
problem70 0.06 1478457013503 1 2424.00
problem71 0.08 1491277595852 1 2424.00
problem72 0.14 1656478709960 1 2424.00
problem73 0.06 1503424814857 1 2424.00
problem74 0.04 1522237051273 1 2424.00
problem75 0.02 1444772252574 1 2424.00
problem76 0.13 1609241202050 1 2424.00
problem77 0.05 1489667925451 1 2424.00
problem78 0.12 1351615666419 1 2424.00
problem79 0.05 1781863136976 1 2424.00
problem80 0.04 1432981474844 1 2424.00
problem81 0.05 1412041420269 1 2424.00
problem82 0.09 1282609399101 1 2424.00
problem83 0.04 1306887594082 1 2424.00
problem84 0.23 1584458736790 1 2424.00
problem85 0.05 1368020412783 1 2424.00
problem86 0.05 1659728523367 1 2424.00
problem87 0.03 1628057457236 1 2424.00
problem88 0.03 1605660056304 1 2424.00
problem89 0.03 1474258365009 1 2424.00
problem90 0.04 1499462194289 1 2424.00
problem91 0.06 1203513579174 1 2424.00
problem92 0.06 1486690818858 1 2424.00
problem93 0.08 1268548674195 1 2424.00
problem94 0.04 1338618366811 1 2424.00
problem95 0.05 1501576793944 1 2424.00
problem96 0.09 1490897022788 1 2424.00
problem97 0.04 1512998036533 1 2424.00
problem98 0.04 1335095365413 1 2424.00
problem99 0.06 1563251293802 1 2424.00
