problem0 0 143226 1 0.00
problem1 0.00 153283 1 0.00
problem2 0.00 144763 1 0.00
problem3 0.00 120824 1 2308.00
problem4 0.00 152692 1 2308.00
problem5 0.00 158853 1 2308.00
problem6 0.00 154789 1 2308.00
problem7 0.00 143786 1 2308.00
problem8 0.00 113742 1 2308.00
problem9 0.00 154279 1 2308.00
problem10 0.00 151471 1 2308.00
problem11 0.00 155836 1 2308.00
problem12 0.00 151816 1 2308.00
problem13 0.00 152361 1 2308.00
problem14 0.00 141465 1 2308.00
problem15 0.00 132910 1 2308.00
problem16 0.00 146594 1 2308.00
problem17 0.00 141323 1 2308.00
problem18 0.00 139619 1 2308.00
problem19 0.00 141056 1 2308.00
problem20 0.00 149788 1 2308.00
problem21 0.00 125773 1 2308.00
problem22 0.00 119821 1 2308.00
problem23 0.00 139826 1 2308.00
problem24 0.00 147574 1 2308.00
problem25 0.00 151279 1 2308.00
problem26 0.00 162455 1 2308.00
problem27 0.00 146116 1 2308.00
problem28 0.00 126128 1 2308.00
problem29 0.00 140529 1 2308.00
problem30 0.00 151297 1 2308.00
problem31 0.00 168630 1 2308.00
problem32 0.00 137162 1 2308.00
problem33 0.00 139091 1 2308.00
problem34 0.00 158539 1 2308.00
problem35 0.00 142344 1 2308.00
problem36 0.00 134084 1 2308.00
problem37 0.00 143381 1 2308.00
problem38 0.00 141685 1 2308.00
problem39 0.00 141498 1 2308.00
problem40 0.00 135838 1 2308.00
problem41 0.00 141623 1 2308.00
problem42 0.00 156543 1 2308.00
problem43 0.00 142028 1 2308.00
problem44 0.00 120408 1 2308.00
problem45 0.00 130233 1 2308.00
problem46 0.00 152425 1 2308.00
problem47 0.00 152638 1 2308.00
problem48 0.00 131314 1 2308.00
problem49 0.01 138395 1 2308.00
problem50 0.00 152371 1 2308.00
problem51 0.00 116496 1 2308.00
problem52 0.00 146540 1 2308.00
problem53 0.00 146141 1 2308.00
problem54 0.00 138461 1 2308.00
problem55 0.00 140610 1 2308.00
problem56 0.00 168646 1 2308.00
problem57 0.00 141695 1 2308.00
problem58 0.00 158311 1 2308.00
problem59 0.00 151764 1 2308.00
problem60 0.00 134656 1 2308.00
problem61 0.00 178817 1 2308.00
problem62 0.00 161233 1 2308.00
problem63 0.00 142278 1 2308.00
problem64 0.00 161818 1 2308.00
problem65 0.00 139235 1 2308.00
problem66 0.00 178459 1 2308.00
problem67 0.00 161816 1 2308.00
problem68 0.00 105236 1 2308.00
problem69 0.00 166821 1 2308.00
problem70 0.00 134725 1 2308.00
problem71 0.00 120778 1 2308.00
problem72 0.00 123118 1 2308.00
problem73 0.00 135111 1 2308.00
problem74 0.00 143183 1 2308.00
problem75 0.00 158940 1 2308.00
problem76 0.00 152488 1 2308.00
problem77 0.00 147017 1 2308.00
problem78 0.00 144953 1 2308.00
problem79 0.00 121166 1 2308.00
problem80 0.00 130370 1 2308.00
problem81 0.00 133419 1 2308.00
problem82 0.00 146691 1 2308.00
problem83 0.00 130848 1 2308.00
problem84 0.00 165820 1 2308.00
problem85 0.00 148077 1 2308.00
problem86 0.00 130477 1 2308.00
problem87 0.00 131154 1 2308.00
problem88 0.00 146710 1 2308.00
problem89 0.00 121871 1 2308.00
problem90 0.00 152119 1 2308.00
problem91 0.00 138980 1 2308.00
problem92 0.00 132944 1 2308.00
problem93 0.00 165905 1 2308.00
problem94 0.00 152737 1 2308.00
problem95 0.00 138454 1 2308.00
problem96 0.00 143466 1 2308.00
problem97 0.00 170099 1 2308.00
problem98 0.00 147179 1 2308.00
problem99 0.00 130088 1 2308.00
