problem0 0 383162202361048 54 1 0 2464.00
problem1 0.02 401752965042306 83 2 0 2524.00
problem2 0.01 426171373376460 54 1 0 2528.00
problem3 0.02 404538671159199 117 2 0 2368.00
problem4 1.2 356136966948906 427 4 0 2500.00
problem5 0.01 370980745806901 46 1 0.01 2780.00
problem6 1.07 398966330398785 288 1 0 2552.00
problem7 0.11 366076244642723 158 1 0 2552.00
problem8 0 323589242091683 42 1 0 2552.00
problem9 0.01 392538529102963 27 1 0 2724.00
problem10 0.03 308740709636459 125 1 0 2760.00
problem11 0.48 414844785077351 272 1 0 2556.00
problem12 1.47 384993382655072 355 1 0 2556.00
problem13 0.01 398455778071200 93 1 0 2720.00
problem14 0.03 459477457948592 111 1 0 2460.00
problem15 0 359159894209992 58 1 0 2788.00
problem16 0.02 395004214728811 88 1 0 2560.00
problem17 0 314231083531818 46 1 0 2560.00
problem18 0.47 335682386627738 391 1 0 2744.00
problem19 0.01 448555618109879 69 1 0.01 2640.00
problem20 0.02 391779593623863 108 1 0.01 2668.00
problem21 0.07 460510788351208 90 1 0 2636.00
problem22 0 403674471426826 39 1 0 2560.00
problem23 0 396735625481461 42 1 0 2568.00
problem24 0.04 362483533494986 131 1 0 2800.00
problem25 0 459634363123241 30 1 0 2552.00
problem26 0.01 468081188336191 42 1 0 2556.00
problem27 0 383066042396946 47 1 0 2556.00
problem28 0.01 412142078004166 62 1 0 2764.00
problem29 0.02 311226832971815 129 1 0 2756.00
problem30 0.03 418114767768910 109 1 0 2604.00
problem31 0.01 419522573812844 108 1 0 2612.00
problem32 0.01 404063652665984 89 1 0 2740.00
problem33 0.01 437523584132507 88 1 0 2616.00
problem34 0.03 405386996325418 121 1 0 2620.00
problem35 0.01 496142345915378 60 1 0 2548.00
problem36 0.24 344245144310784 210 1 0 2740.00
problem37 0 404103904354821 45 1 0 2760.00
problem38 0.01 379426584882397 59 1 0 2536.00
problem39 0.01 385182691330452 43 1 0.01 2768.00
problem40 0.05 392803912771722 151 1 0 2560.00
problem41 0 394967187888855 59 1 0 2568.00
problem42 0.01 366174982894545 83 1 0 2568.00
problem43 0 450606476029416 49 1 0 2572.00
problem44 0.05 448626905612471 133 1 0.01 2572.00
problem45 0.01 468001771859804 73 1 0 2572.00
problem46 0.02 391547545649138 92 1 0 2636.00
problem47 6.3 408684190757575 643 2 0.01 2732.00
problem48 0.02 476780182136976 115 1 0.01 2656.00
problem49 0.04 414147977940173 106 1 0.01 2532.00
problem50 0.26 424148700978926 172 1 0 2712.00
problem51 8.57 393063752969854 620 1 0.01 2820.00
problem52 0 454524080394927 40 1 0 2768.00
problem53 0.01 447150298188936 50 1 0.01 2580.00
problem54 0.01 422914460575455 66 1 0 2580.00
problem55 0.02 410698198589642 117 1 0 2580.00
problem56 0.01 409501692625208 44 1 0 2752.00
problem57 0.01 435694001563872 109 1 0 2736.00
problem58 0.01 396067547089488 45 1 0.01 2540.00
problem59 0.01 398607849595337 95 1 0 2544.00
problem60 0 372369291213107 68 1 0 2820.00
problem61 0.01 362430074842099 54 1 0.01 2760.00
problem62 21.6 407880256424530 833 2 0 2904.00
problem63 0.01 291504447865775 54 1 0.01 2768.00
problem64 0.01 375815678884368 51 1 0 2828.00
problem65 0.05 349394143817599 159 1 0 2796.00
problem66 0.01 422848251431787 46 1 0 2720.00
problem67 0 446736985116410 52 1 0 2572.00
problem68 0.03 502584117727771 112 1 0 2572.00
problem69 0.62 344644658992306 274 1 0.01 2756.00
problem70 0.01 446489545965664 48 1 0 2308.00
problem71 0.48 340072803636356 379 1 0.01 2760.00
problem72 0.01 350621681531829 45 1 0.01 2964.00
problem73 0.03 480852842254216 79 1 0 2596.00
problem74 0 402431247291566 35 1 0 2804.00
problem75 0.01 348066138658620 101 1 0.01 2756.00
problem76 0.01 398090186346726 107 1 0 2544.00
problem77 0.01 468197787322729 45 1 0 2552.00
problem78 0.01 385232864761838 80 1 0 2732.00
problem79 0.01 380193908621142 75 1 0 2752.00
problem80 1.18 399903857399409 386 1 0 2608.00
problem81 0.01 409266102257889 67 1 0 2840.00
problem82 0.02 386420718437876 104 1 0 2764.00
problem83 0 442727915394643 46 1 0 2780.00
problem84 0.04 372059603267258 111 1 0.01 2760.00
problem85 0 417795707743822 41 1 0 2620.00
problem86 0.01 396568474362434 49 1 0 2520.00
problem87 0 480702050111633 32 1 0 2564.00
problem88 0.04 399514026897319 89 1 0.01 2832.00
problem89 0 377737488822911 49 1 0 2728.00
problem90 0.01 391642145326821 90 1 0 2748.00
problem91 0.02 341917081740496 124 1 0.01 2764.00
problem92 0 371684672465226 43 1 0 2516.00
problem93 0.01 379252164483862 41 1 0.01 2732.00
problem94 5.21 400041386627413 655 1 0 2792.00
problem95 0.01 406067154025792 95 1 0 2772.00
problem96 1.13 412540433223942 339 1 0.01 2608.00
problem97 0.01 379599512286171 79 1 0.01 2612.00
problem98 18.79 404397136939982 735 1 0.01 2796.00
problem99 0.02 371081300911070 112 1 0 2604.00
