problem0 0.4 2208391094889 0
problem1 0.21 2539967742976 0
problem2 0.24 1974007507316 0
problem3 0.49 2292347861872 0
problem4 0.23 2257161677662 0
problem5 0.63 2326384280165 0
problem6 0.56 2324279443661 0
problem7 0.57 2289859207969 0
problem8 0.3 2079101298810 0
problem9 0.23 1884859822047 0
problem10 0.22 2060612685282 0
problem11 0.26 1700388333549 0
problem12 0.48 2022527133806 0
problem13 0.2 2204546815945 0
problem14 0.31 2259234853876 0
problem15 0.47 2294244930236 0
problem16 0.42 2019304076803 0
problem17 0.65 2616522213012 0
problem18 0.2 1978439615141 0
problem19 0.57 2086698178220 0
problem20 0.66 2122208076442 0
problem21 0.39 2123809803513 0
problem22 0.4 1888862299196 0
problem23 0.41 2105455969727 0
problem24 0.5 2461703449369 0
problem25 0.26 2198400191030 0
problem26 0.44 2288410845085 0
problem27 0.22 2172504887396 0
problem28 0.16 2245686964268 0
problem29 0.34 1985068501124 0
problem30 0.63 2581199685697 0
problem31 0.28 2245363821826 0
problem32 0.27 2108876492107 0
problem33 0.1 2002581445639 0
problem34 0.5 2442382014163 0
problem35 0.4 1694486259015 0
problem36 0.2 2283202807866 0
problem37 0.5 2341807690006 0
problem38 0.3 1787125185617 0
problem39 0.16 1911055299872 0
problem40 0.46 2213363447064 0
problem41 0.28 2130170365078 0
problem42 0.22 2122487974494 0
problem43 0.45 2284370470618 0
problem44 0.31 2089347631462 0
problem45 0.29 2109311253896 0
problem46 0.37 1696381494542 0
problem47 0.27 1831124201686 0
problem48 0.31 2001937902946 0
problem49 0.44 2036176427216 0
problem50 0.36 2195418266019 0
problem51 0.42 2046611170926 0
problem52 0.25 2142566238367 0
problem53 0.4 1840015136090 0
problem54 0.75 2504061144474 0
problem55 0.34 2145035399536 0
problem56 0.34 2101803714621 0
problem57 0.7 2324646944055 0
problem58 0.32 2038921596109 0
problem59 0.72 2117813366312 0
problem60 0.28 1823499275725 0
problem61 0.31 2089578475229 0
problem62 0.35 2264900584862 0
problem63 0.29 1975645571374 0
problem64 0.36 2452456559607 0
problem65 0.37 2255140763563 0
problem66 0.3 2229905921559 0
problem67 0.36 1710144033006 0
problem68 0.28 2205592105128 0
problem69 0.69 2341166258716 0
problem70 0.27 1673230651455 0
problem71 0.51 2417162452198 0
problem72 0.62 2215107944709 0
problem73 0.53 1795290602042 0
problem74 0.22 2067169255666 0
problem75 0.33 1983987524245 0
problem76 0.37 1972011154500 0
problem77 0.33 1969707229857 0
problem78 0.31 2210826456858 0
problem79 0.3 2153879742565 0
problem80 0.53 2319621783418 0
problem81 0.31 2073355888577 0
problem82 0.48 2292517307956 0
problem83 0.31 1986588420434 0
problem84 0.35 1873505404317 0
problem85 0.4 2253989599948 0
