problem0 0.19 18469419763 1
problem1 0.06 19048752120 1
problem2 0.19 23119145300 1
problem3 3.91 21604695389 1
problem4 0.2 19269738445 1
problem5 2.06 23197442874 1
problem6 0.25 19678316702 1
problem7 0.63 22211283151 1
problem8 0.02 21969847303 1
problem9 3.53 20982951772 1
problem10 0.67 23266031688 1
problem11 0.33 20002436641 1
problem12 0.5 19055763873 1
problem13 0.45 21473339998 1
problem14 0.51 22007243346 1
problem15 0.11 20312577875 1
problem16 0.1 20883427995 1
problem17 1.62 21048301120 1
problem18 0.13 21355827388 1
problem19 0.16 19550379621 1
problem20 0.09 20389531893 1
problem21 1.34 19807409410 1
problem22 0.99 24180682118 1
problem23 1.53 19697556823 1
problem24 0.12 18525386415 1
problem25 0.46 17591953572 1
problem26 0.02 19783598768 1
problem27 0.3 20089210409 1
problem28 1.41 22266330569 1
problem29 0.26 24550519590 1
problem30 0.23 17987025466 1
problem31 0.73 17916226267 1
problem32 1 21001601091 1
problem33 0.15 20783625864 1
problem34 0.5 22159056420 1
problem35 0.99 19362332013 1
problem36 0.12 22808377373 1
problem37 0.02 22404142282 1
problem38 0.09 19189700718 1
problem39 0.2 18728128479 1
problem40 0.52 20049706839 1
problem41 0.13 21045071852 1
problem42 0.16 20945941272 1
