problem0 0.03 100547997 1 2520.00
problem1 0.04 88476266 1 2576.00
problem2 0.07 88957854 1 2576.00
problem3 0.02 109081999 1 2576.00
problem4 0.03 106373367 1 2576.00
problem5 0.03 106379372 1 2576.00
problem6 0.02 110552040 1 2576.00
problem7 0.03 103973441 1 2576.00
problem8 0.02 102351025 1 2576.00
problem9 0.06 95780942 1 2576.00
problem10 0.03 98140562 1 2576.00
problem11 0.03 108506579 1 2576.00
problem12 0.04 102053579 1 2576.00
problem13 0.03 94479376 1 2576.00
problem14 0.07 88819356 1 2576.00
problem15 0.02 98658885 1 2576.00
problem16 0.02 106495301 1 2576.00
problem17 0.02 88753586 1 2576.00
problem18 0.03 102997254 1 2576.00
problem19 0.02 106170775 1 2576.00
problem20 0.04 89058847 1 2576.00
problem21 0.02 109963060 1 2576.00
problem22 0.03 111496912 1 2576.00
problem23 0.09 83410377 1 2576.00
problem24 0.03 95765337 1 2576.00
problem25 0.04 89975446 1 2576.00
problem26 0.06 92833274 1 2576.00
problem27 0.04 97491163 1 2576.00
problem28 0.05 87594739 1 2576.00
problem29 0.05 87790040 1 2576.00
problem30 0.01 113560708 1 2576.00
problem31 0.03 94473421 1 2576.00
problem32 0.00 95281901 1 2576.00
problem33 0.02 107216634 1 2576.00
problem34 0.03 117116014 1 2576.00
problem35 0.02 97676191 1 2576.00
problem36 0.03 107774279 1 2576.00
problem37 0.04 92812284 1 2576.00
problem38 0.05 79663032 1 2576.00
problem39 0.03 89319249 1 2576.00
problem40 0.06 88615937 1 2576.00
problem41 0.06 78910174 1 2576.00
problem42 0.02 96731234 1 2576.00
problem43 0.06 95588835 1 2576.00
problem44 0.03 107674907 1 2576.00
problem45 0.02 89087392 1 2576.00
problem46 0.01 107047020 1 2576.00
problem47 0.03 101834069 1 2576.00
problem48 0.03 93286037 1 2576.00
problem49 0.02 104838722 1 2576.00
problem50 0.02 105001430 1 2576.00
problem51 0.03 104078247 1 2576.00
problem52 0.05 94001775 1 2576.00
problem53 0.06 86679236 1 2576.00
problem54 0.02 103556768 1 2576.00
problem55 0.04 95518425 1 2576.00
problem56 0.06 97843881 1 2576.00
problem57 0.01 110590246 1 2576.00
problem58 0.02 107638986 1 2576.00
problem59 0.03 97065195 1 2576.00
problem60 0.03 105310531 1 2576.00
problem61 0.03 108103528 1 2576.00
problem62 0.04 93821524 1 2576.00
problem63 0.01 118676445 1 2576.00
problem64 0.02 95428669 1 2576.00
problem65 0.03 95021962 1 2576.00
problem66 0.03 101158206 1 2576.00
problem67 0.01 118593967 1 2576.00
problem68 0.05 94566807 1 2576.00
problem69 0.03 96053132 1 2576.00
problem70 0.04 85037960 1 2576.00
problem71 0.03 98894945 1 2576.00
problem72 0.04 87961425 1 2576.00
problem73 0.05 105094510 1 2576.00
problem74 0.03 96098098 1 2576.00
problem75 0.02 98282995 1 2576.00
problem76 0.01 117889899 1 2576.00
problem77 0.03 93753136 1 2576.00
problem78 0.04 100524604 1 2576.00
problem79 0.06 94701669 1 2576.00
problem80 0.02 102922213 1 2576.00
problem81 0.02 101654226 1 2576.00
problem82 0.03 104439462 1 2576.00
problem83 0.02 102983095 1 2576.00
problem84 0.00 99671743 1 2576.00
problem85 0.03 89771604 1 2576.00
problem86 0.02 100030064 1 2576.00
problem87 0.02 111015913 1 2576.00
problem88 0.03 96881145 1 2576.00
problem89 0.05 97845174 1 2576.00
problem90 0.05 97661850 1 2576.00
problem91 0.00 106090747 1 2576.00
problem92 0.05 101012371 1 2576.00
problem93 0.03 97711352 1 2576.00
problem94 0.01 109756452 1 2576.00
problem95 0.04 107537133 1 2576.00
problem96 0.01 110687629 1 2576.00
problem97 0.02 83611674 1 2576.00
problem98 0.02 94823950 1 2576.00
problem99 0.06 96599999 1 2576.00
