problem0 0.02 424519214443381 140736630120280 4 1.16637e-312 0.00
problem1 0.03 421043158749641 140736630120280 4 1.16637e-312 0.00
problem2 0.03 437469497657765 140736630120280 4 1.16637e-312 0.00
problem3 0.04 390447840376343 140736630120280 4 1.16637e-312 0.00
problem4 0.01 432230303812955 140736630120280 4 1.16637e-312 0.00
problem5 0.04 352352946567970 140736630120280 4 1.16637e-312 0.00
problem6 0.01 392657899968834 140736630120280 4 1.16637e-312 0.00
problem7 0 309790252762154 140736630120280 4 1.16637e-312 0.00
problem8 0.02 485783915557565 140736630120280 4 1.16637e-312 0.00
problem9 0.03 465441535171144 140736630120280 4 1.16637e-312 0.00
problem10 0.06 441001534524520 140736630120280 4 1.16637e-312 0.00
problem11 0.01 400782031153927 140736630120280 4 1.16637e-312 0.00
problem12 0.02 444228354617518 140736630120280 4 1.16637e-312 0.00
problem13 0.02 399543924315507 140736630120280 4 1.16637e-312 0.00
problem14 0.07 373866028644715 140736630120280 4 1.16637e-312 0.00
problem15 0 406454919329039 140736630120280 4 1.16637e-312 0.00
problem16 0.02 408573867211394 140736630120280 4 1.16637e-312 0.00
problem17 0.02 338039455449240 140736630120280 4 1.16637e-312 0.00
problem18 0.03 412313641714526 140736630120280 4 1.16637e-312 0.00
problem19 0.03 468167290935186 140736630120280 4 1.16637e-312 0.00
problem20 0 465221497398591 140736630120280 4 1.16637e-312 0.00
problem21 0.07 474064059942352 140736630120280 4 1.16637e-312 0.00
problem22 0 306432177168482 140736630120280 4 1.16637e-312 0.00
problem23 0 408786476845166 140736630120280 4 1.16637e-312 0.00
problem24 0.02 371590335355523 140736630120280 4 1.16637e-312 0.00
problem25 0.04 417534841211193 140736630120280 4 1.16637e-312 0.00
problem26 0.09 472575812968528 140736630120280 4 1.16637e-312 0.00
problem27 0.08 435986484914965 140736630120280 4 1.16637e-312 0.00
problem28 0.01 435985222934386 140736630120280 4 1.16637e-312 0.00
problem29 0.05 452962449144143 140736630120280 4 1.16637e-312 0.00
problem30 0 431174473147577 140736630120280 4 1.16637e-312 0.00
problem31 0.02 387110961282047 140736630120280 4 1.16637e-312 0.00
problem32 0.09 420605579724303 140736630120280 4 1.16637e-312 0.00
problem33 0.01 415972270737435 140736630120280 4 1.16637e-312 0.00
problem34 0.02 408692737267783 140736630120280 4 1.16637e-312 0.00
problem35 0.01 430440438406837 140736630120280 4 1.16637e-312 0.00
problem36 0.03 372069144901634 140736630120280 4 1.16637e-312 0.00
problem37 0 308011632881820 140736630120280 4 1.16637e-312 0.00
problem38 0.16 444834125221179 140736630120280 4 1.16637e-312 0.00
problem39 0.16 400310872778931 140736630120280 4 1.16637e-312 0.00
problem40 0.05 392695716915853 140736630120280 4 1.16637e-312 0.00
problem41 0.14 398978164616515 140736630120280 4 1.16637e-312 0.00
problem42 0.11 364904477420506 140736630120280 4 1.16637e-312 0.00
problem43 0.01 337757140953928 140736630120280 4 1.16637e-312 0.00
problem44 0.01 414452219765516 140736630120280 4 1.16637e-312 0.00
problem45 0.03 505071896828737 140736630120280 4 1.16637e-312 0.00
problem46 0.01 399053891840968 140736630120280 4 1.16637e-312 0.00
problem47 0.04 444887188862145 140736630120280 4 1.16637e-312 0.00
problem48 0.03 461268081582837 140736630120280 4 1.16637e-312 0.00
problem49 0.03 452601119712660 140736630120280 4 1.16637e-312 0.00
problem50 0.01 363161760250229 140736630120280 4 1.16637e-312 0.00
problem51 0.05 448258651482246 140736630120280 4 1.16637e-312 0.00
problem52 0.05 370308038480904 140736630120280 4 1.16637e-312 0.00
problem53 0.04 427254244576775 140736630120280 4 1.16637e-312 0.00
problem54 0.01 323494999246594 140736630120280 4 1.16637e-312 0.00
problem55 0.03 457891236314514 140736630120280 4 1.16637e-312 0.00
problem56 0.02 411389068323649 140736630120280 4 1.16637e-312 0.00
problem57 0.01 378838075748052 140736630120280 4 1.16637e-312 0.00
problem58 0.05 497746039370164 140736630120280 4 1.16637e-312 0.00
problem59 0.06 411696937839996 140736630120280 4 1.16637e-312 0.00
problem60 0.02 331715162637149 140736630120280 4 1.16637e-312 0.00
problem61 0.03 482318285595953 140736630120280 4 1.16637e-312 0.00
problem62 0.02 498456507926820 140736630120280 4 1.16637e-312 0.00
problem63 0.01 418788554344372 140736630120280 4 1.16637e-312 0.00
problem64 0.01 430893078945085 140736630120280 4 1.16637e-312 0.00
problem65 0.05 488870863510080 140736630120280 4 1.16637e-312 0.00
problem66 0.02 476641555008947 140736630120280 4 1.16637e-312 0.00
problem67 0 406456096741437 140736630120280 4 1.16637e-312 0.00
problem68 0.01 491214995712624 140736630120280 4 1.16637e-312 0.00
problem69 0.04 454353473488405 140736630120280 4 1.16637e-312 0.00
problem70 0.03 479679447196316 140736630120280 4 1.16637e-312 0.00
problem71 0.01 410791642053988 140736630120280 4 1.16637e-312 0.00
problem72 0.12 446044417864289 140736630120280 4 1.16637e-312 0.00
problem73 0.09 437894867820232 140736630120280 4 1.16637e-312 0.00
problem74 0.03 436194954186372 140736630120280 4 1.16637e-312 0.00
problem75 0.02 384300362109822 140736630120280 4 1.16637e-312 0.00
problem76 0.03 435655895727534 140736630120280 4 1.16637e-312 0.00
problem77 0.01 467874857024143 140736630120280 4 1.16637e-312 0.00
problem78 0 391344201276365 140736630120280 4 1.16637e-312 0.00
problem79 0.02 368453282811362 140736630120280 4 1.16637e-312 0.00
problem80 0.03 447702669449289 140736630120280 4 1.16637e-312 0.00
problem81 0 426003746579851 140736630120280 4 1.16637e-312 0.00
problem82 0.13 356641046235221 140736630120280 4 1.16637e-312 0.00
problem83 0.04 420988178598568 140736630120280 4 1.16637e-312 0.00
problem84 0.05 438350281110975 140736630120280 4 1.16637e-312 0.00
problem85 0.01 384619763053871 140736630120280 4 1.16637e-312 0.00
problem86 0.02 419762082722691 140736630120280 4 1.16637e-312 0.00
problem87 0 355597709851571 140736630120280 4 1.16637e-312 0.00
problem88 0.07 395451913980726 140736630120280 4 1.16637e-312 0.00
problem89 0.03 395183451139720 140736630120280 4 1.16637e-312 0.00
problem90 0.04 429478904213175 140736630120280 4 1.16637e-312 0.00
problem91 0.01 476043631267873 140736630120280 4 1.16637e-312 0.00
problem92 0.01 469045005811038 140736630120280 4 1.16637e-312 0.00
problem93 0.01 468349421774628 140736630120280 4 1.16637e-312 0.00
problem94 0.06 453237872011218 140736630120280 4 1.16637e-312 0.00
problem95 0.05 496215232426297 140736630120280 4 1.16637e-312 0.00
problem96 0.1 422441945490765 140736630120280 4 1.16637e-312 0.00
problem97 0.02 370709204340314 140736630120280 4 1.16637e-312 0.00
problem98 0.05 326783766133849 140736630120280 4 1.16637e-312 0.00
problem99 0.05 404201731721630 140736630120280 4 1.16637e-312 0.00
