problem0 0 192218 1 0.00
problem1 0.00 183688 1 0.00
problem2 0.00 199174 1 0.00
problem3 0.00 193492 1 0.00
problem4 0.00 212594 1 0.00
problem5 0.00 192864 1 0.00
problem6 0.00 198686 1 0.00
problem7 0.00 184876 1 0.00
problem8 0.00 189194 1 0.00
problem9 0.00 188984 1 0.00
problem10 0.00 195382 1 0.00
problem11 0.00 183684 1 0.00
problem12 0.00 191650 1 0.00
problem13 0.00 192528 1 0.00
problem14 0.00 189262 1 0.00
problem15 0.00 198108 1 0.00
problem16 0.00 187194 1 0.00
problem17 0.00 211688 1 0.00
problem18 0.00 200806 1 0.00
problem19 0.00 195380 1 0.00
problem20 0.00 196306 1 0.00
problem21 0.00 189120 1 0.00
problem22 0.00 193150 1 0.00
problem23 0.00 171404 1 0.00
problem24 0.00 194410 1 0.00
problem25 0.00 202648 1 0.00
problem26 0.00 199062 1 0.00
problem27 0.00 195812 1 0.00
problem28 0.00 177410 1 0.00
problem29 0.00 186736 1 0.00
problem30 0.00 181678 1 0.00
problem31 0.00 198972 1 0.00
problem32 0.00 182170 1 0.00
problem33 0.00 194632 1 0.00
problem34 0.00 177862 1 0.00
problem35 0.00 184980 1 0.00
problem36 0.00 188210 1 0.00
problem37 0.00 168992 1 0.00
problem38 0.00 203998 1 0.00
problem39 0.00 170220 1 0.00
problem40 0.00 187338 1 0.00
problem41 0.00 195832 1 0.00
problem42 0.00 190454 1 0.00
problem43 0.00 191556 1 0.00
problem44 0.00 208226 1 0.00
problem45 0.00 205520 1 0.00
problem46 0.00 190478 1 0.00
problem47 0.00 216220 1 0.00
problem48 0.00 185338 1 0.00
problem49 0.00 181672 1 0.00
problem50 0.00 208166 1 0.00
problem51 0.00 203252 1 0.00
problem52 0.00 192402 1 0.00
problem53 0.00 193920 1 0.00
problem54 0.00 198462 1 0.00
problem55 0.00 189516 1 0.00
problem56 0.00 204842 1 0.00
problem57 0.00 189016 1 0.00
problem58 0.00 190038 1 0.00
problem59 0.00 195492 1 0.00
problem60 0.00 181698 1 0.00
problem61 0.00 171056 1 0.00
problem62 0.00 191086 1 0.00
problem63 0.00 200700 1 0.00
problem64 0.00 213082 1 0.00
problem65 0.00 193288 1 0.00
problem66 0.00 197510 1 0.00
problem67 0.00 221524 1 0.00
problem68 0.00 167922 1 0.00
problem69 0.00 177888 1 0.00
problem70 0.00 192926 1 0.00
problem71 0.00 196524 1 0.00
problem72 0.00 181386 1 0.00
problem73 0.00 194488 1 0.00
problem74 0.00 169142 1 0.00
problem75 0.00 191236 1 0.00
problem76 0.00 196130 1 0.00
problem77 0.00 198032 1 0.00
problem78 0.00 191694 1 0.00
problem79 0.00 197468 1 0.00
problem80 0.00 191674 1 0.00
problem81 0.00 213096 1 0.00
problem82 0.00 195046 1 0.00
problem83 0.00 198836 1 0.00
problem84 0.00 204882 1 0.00
problem85 0.00 182336 1 0.00
problem86 0.00 183294 1 0.00
problem87 0.00 187148 1 0.00
problem88 0.00 190698 1 0.00
problem89 0.00 191768 1 0.00
problem90 0.00 189206 1 0.00
problem91 0.00 211556 1 0.00
problem92 0.00 202370 1 0.00
problem93 0.00 188144 1 0.00
problem94 0.00 192302 1 0.00
problem95 0.00 186044 1 0.00
problem96 0.00 190746 1 0.00
problem97 0.00 191944 1 0.00
problem98 0.00 188486 1 0.00
problem99 0.00 188436 1 0.00
