problem0 0.1 573898729 1
problem1 0.02 587749911 1
problem2 0 522531061 1
problem3 0.02 547142659 1
problem4 0.02 500776641 1
problem5 0.01 588179631 1
problem6 0 505918797 1
problem7 0.02 522341403 1
problem8 0.01 496754841 1
problem9 0.01 536678983 1
problem10 0 495045797 1
problem11 0.07 605300531 1
problem12 0.05 582108529 1
problem13 0.01 500643551 1
problem14 0 522114813 1
problem15 0 555527499 1
problem16 0.01 605932873 1
problem17 0 558741111 1
problem18 0 561394773 1
problem19 0.04 609369699 1
problem20 0.09 623630369 1
problem21 0.04 507310351 1
problem22 0 520832173 1
problem23 0.02 548878971 1
problem24 0.01 536200697 1
problem25 0 523060903 1
problem26 0.01 552429573 1
problem27 0 565838227 1
problem28 0.01 534836945 1
problem29 0 517150527 1
problem30 0.01 456654429 1
problem31 0.05 599061419 1
problem32 0.02 589220521 1
problem33 0.11 613335767 1
problem34 0.02 529688501 1
problem35 0.02 560885955 1
problem36 0 539795841 1
problem37 0.02 552380783 1
problem38 0.01 565183501 1
problem39 0 580442331 1
problem40 0.01 592698201 1
problem41 0.03 606415623 1
problem42 0.01 550515557 1
problem43 0.03 542280691 1
problem44 0.01 556390449 1
problem45 0 563914655 1
problem46 0 574510525 1
problem47 0.03 547744267 1
problem48 0.04 571471881 1
problem49 0.01 560168759 1
problem50 0 533842709 1
problem51 0.01 470373155 1
problem52 0.02 582195937 1
problem53 0.01 532025807 1
problem54 0 577631085 1
problem55 0.01 551495483 1
problem56 0.01 529408185 1
problem57 0.07 561823591 1
problem58 0.06 578956997 1
problem59 0.01 552978003 1
problem60 0.01 526707089 1
problem61 0.03 634120191 1
problem62 0 545905949 1
problem63 0.01 587698283 1
problem64 0.01 583619945 1
problem65 0.02 560196503 1
problem66 0.01 613178997 1
problem67 0.07 523953539 1
problem68 0 513328193 1
problem69 0.02 540092975 1
problem70 0.11 631050957 1
problem71 0.02 564274587 1
problem72 0 545035801 1
problem73 0 550241223 1
problem74 0.04 526080549 1
problem75 0 549171379 1
problem76 0.04 560605937 1
problem77 0 536402015 1
problem78 0.01 594711677 1
problem79 0 586278603 1
problem80 0.01 555934409 1
problem81 0.01 522717175 1
problem82 0.02 521806293 1
problem83 0.01 555427811 1
problem84 0.04 615783841 1
problem85 0 502657679 1
problem86 0.06 563438125 1
problem87 0 486134779 1
problem88 0 553073529 1
problem89 0.01 531298343 1
problem90 0.02 515093893 1
problem91 0.04 549210899 1
problem92 0.01 571579473 1
problem93 0.01 565934271 1
problem94 0.01 575699933 1
problem95 0.02 545058091 1
problem96 0 552902697 1
problem97 0.01 541578327 1
problem98 0.02 584258869 1
problem99 0.01 583146051 1
