problem0 6.54 38453800608252 1
problem1 48.98 36700597867853 1
problem2 2.17 39934036460509 1
problem3 6.33 38072040183810 1
problem4 19.62 40780418050294 1
problem5 12.14 44056078357583 1
problem6 59.85 43256295519623 1
problem7 53.07 45287821153140 1
problem8 12.9 43309204880336 1
problem9 4.8 40600062878897 1
problem10 10.35 42633562852369 1
problem11 2.73 38444593114438 1
problem12 11.45 44786173527178 1
problem13 74.96 44890578729075 1
problem14 3.23 38030575985019 1
problem15 43.2 43448603756408 1
problem16 11.54 38514876550436 1
problem17 46.38 40434160230805 1
problem18 31.01 36047816699845 1
problem19 5.7 37701858288650 1
problem20 13.32 40141352894366 1
problem21 1.02 45121266029079 1
problem22 40.05 36969157005551 1
problem23 23.33 47202518951164 1
problem24 9.76 41085235750392 1
problem25 146.62 39005946960889 1
problem26 42.13 39784729673465 1
problem27 157.08 36478368599118 1
problem28 12.82 43292574411314 1
problem29 50.47 40904073425211 1
problem30 13.79 44213376144355 1
problem31 94.7 42553645005824 1
problem32 4.25 43355720783436 1
problem33 33.6 44602895786973 1
problem34 11.82 42664181778861 1
problem35 30.31 43577432421906 1
problem36 52.16 36496967783494 1
problem37 42.78 41739980875231 1
problem38 67.71 40233357703767 1
problem39 9.64 41818541235332 1
problem40 1.74 41346504683040 1
problem41 41.38 39192028940609 1
problem42 12.93 38972747243489 1
problem43 76.24 41530197717334 1
problem44 7.7 42218746219994 1
problem45 279.06 40585905700867 1
problem46 0.47 38689944589387 1
problem47 26.8 44274755196552 1
problem48 93.93 41973363621236 1
problem49 24.58 41878903020581 1
problem50 71 41187254112661 1
problem51 55.1 36299970563610 1
problem52 0.11 40078585652974 1
problem53 263.39 41831016452007 1
problem54 18.73 39872609726911 1
problem55 5.51 42714342996492 1
problem56 28.87 43938851509320 1
problem57 31.53 43952843058313 1
problem58 0.04 41838280650441 1
problem59 20.94 43011250986078 1
problem60 16.67 41078129667970 1
problem61 6.33 45163061552331 1
problem62 46.43 42981506441907 1
problem63 110.27 42337233295120 1
problem64 44.26 43074589196956 1
problem65 23.5 39754373352045 1
problem66 22.55 42182807553917 1
problem67 95.2 42514196016162 1
problem68 202.47 39948220741526 1
problem69 93.04 42091295477615 1
problem70 64.7 41889866659623 1
problem71 202.2 44537931283860 1
problem72 87.77 44598316800112 1
problem73 13.19 39363528132049 1
problem74 4.63 37618899086257 1
problem75 75.48 39665048391014 1
problem76 0.8 44619577511722 1
problem77 15.49 41622971850643 1
problem78 12.19 46533261000475 1
problem79 60.5 46407910653336 1
problem80 21.86 41522174551492 1
problem81 11.92 36381460573877 1
problem82 2.82 44251405396837 1
problem83 3.32 39055548993578 1
problem84 62.3 40828594243134 1
problem85 5.11 43046643197239 1
problem86 16.56 38893888932495 1
problem87 73.81 36819614246684 1
problem88 7.09 42556052552344 1
problem89 3.91 37530992497945 1
problem90 49 36475471926937 1
problem91 0.32 42408714470510 1
problem92 10.6 40004569427154 1
problem93 27.57 43512614645851 1
problem94 1.34 45089511876995 1
problem95 47.56 40739045132832 1
problem96 6.34 40297875990252 1
problem97 100.81 42411250026749 1
problem98 4.32 40240667917645 1
problem99 27.16 42528306248242 1
