problem0 0 217580 1 0.00
problem1 0.00 240170 1 0.00
problem2 0.00 229112 1 0.00
problem3 0.00 210902 1 0.00
problem4 0.00 221252 1 0.00
problem5 0.00 247746 1 0.00
problem6 0.00 213456 1 0.00
problem7 0.00 230894 1 0.00
problem8 0.00 216988 1 0.00
problem9 0.00 228954 1 0.00
problem10 0.00 210344 1 0.00
problem11 0.00 204038 1 0.00
problem12 0.00 245748 1 0.00
problem13 0.00 200178 1 0.00
problem14 0.00 203392 1 0.00
problem15 0.00 245022 1 0.00
problem16 0.00 192844 1 0.00
problem17 0.00 235146 1 0.00
problem18 0.00 192600 1 0.00
problem19 0.00 222774 1 0.00
problem20 0.00 213924 1 0.00
problem21 0.00 243746 1 0.00
problem22 0.00 235312 1 0.00
problem23 0.00 235598 1 0.00
problem24 0.00 218876 1 0.00
problem25 0.00 266938 1 0.00
problem26 0.00 225032 1 0.00
problem27 0.00 234342 1 0.00
problem28 0.00 265044 1 0.00
problem29 0.00 198226 1 0.00
problem30 0.00 227296 1 0.00
problem31 0.00 186238 1 0.00
problem32 0.00 213164 1 0.00
problem33 0.00 226026 1 0.00
problem34 0.00 233912 1 0.00
problem35 0.00 230550 1 0.00
problem36 0.00 186116 1 0.00
problem37 0.00 211074 1 0.00
problem38 0.00 212112 1 0.00
problem39 0.00 244398 1 0.00
problem40 0.00 216668 1 0.00
problem41 0.00 194330 1 0.00
problem42 0.12 227432 1 3200.00
problem43 0.00 219590 1 3200.00
problem44 0.00 206516 1 3200.00
problem45 0.00 233138 1 3200.00
problem46 0.00 230720 1 3200.00
problem47 0.00 221662 1 3200.00
problem48 0.00 237580 1 3200.00
problem49 0.00 212810 1 3200.00
problem50 0.00 221976 1 3200.00
problem51 0.00 193270 1 3200.00
problem52 0.00 219748 1 3200.00
problem53 0.00 239842 1 3200.00
problem54 0.00 217584 1 3200.00
problem55 0.00 224526 1 3200.00
problem56 0.00 218556 1 3200.00
problem57 0.00 199546 1 3200.00
problem58 0.00 233928 1 3200.00
problem59 0.00 217126 1 3200.00
problem60 0.00 209428 1 3200.00
problem61 0.00 255762 1 3200.00
problem62 0.00 213664 1 3200.00
problem63 0.00 203838 1 3200.00
problem64 0.00 225132 1 3200.00
problem65 0.00 228266 1 3200.00
problem66 0.00 205944 1 3200.00
problem67 0.00 217430 1 3200.00
problem68 0.00 183748 1 3200.00
problem69 0.00 248130 1 3200.00
problem70 0.00 186192 1 3200.00
problem71 0.00 225134 1 3200.00
problem72 0.00 216348 1 3200.00
problem73 0.00 217050 1 3200.00
problem74 0.00 228136 1 3200.00
problem75 0.00 202374 1 3200.00
problem76 0.00 208244 1 3200.00
problem77 0.00 233330 1 3200.00
problem78 0.00 225280 1 3200.00
problem79 0.00 247454 1 3200.00
problem80 0.00 208588 1 3200.00
problem81 0.00 215050 1 3200.00
problem82 0.00 234968 1 3200.00
problem83 0.00 229302 1 3200.00
problem84 0.00 209188 1 3200.00
problem85 0.00 244130 1 3200.00
problem86 0.00 216240 1 3200.00
problem87 0.00 229838 1 3200.00
problem88 0.00 218236 1 3200.00
problem89 0.00 205882 1 3200.00
problem90 0.00 226440 1 3200.00
problem91 0.00 208102 1 3200.00
problem92 0.00 219348 1 3200.00
problem93 0.00 239570 1 3200.00
problem94 0.00 224608 1 3200.00
problem95 0.00 180478 1 3200.00
problem96 0.00 245292 1 3200.00
problem97 0.00 238698 1 3200.00
problem98 0.00 202552 1 3200.00
problem99 0.00 204310 1 3200.00
