problem0 3.58 96294 2168 1 0.21 13480.00
problem1 0.3 112941 384 1 0.03 8656.00
problem2 0.24 96448 1709 1 0.07 8656.00
problem3 0.1 95044 906 1 0.07 8656.00
problem4 0.29 121737 239 1 0.03 8656.00
problem5 0.5 113966 1061 1 0.06 8656.00
problem6 0.21 105738 626 1 0.05 8656.00
problem7 0.42 97759 557 1 0.04 8656.00
problem8 0.12 86327 1262 1 0.06 8656.00
problem9 0.34 98218 1176 1 0.05 8656.00
problem10 0.18 99133 810 1 0.06 8656.00
problem11 0.72 108956 381 1 0.03 8656.00
problem12 1.35 106790 1590 1 0.06 8656.00
problem13 0.17 105263 553 1 0.05 8656.00
problem14 0.65 100408 2565 2 0.21 15256.00
problem15 0.14 107683 376 1 0.06 15256.00
problem16 2.06 113321 954 1 0.04 15256.00
problem17 0.34 95862 1426 1 0.07 15256.00
problem18 0.12 107436 310 1 0.04 5204.00
problem19 0.65 71975 6787 2 0.3 18224.00
problem20 0.3 118253 288 1 0.05 6780.00
problem21 0.34 106435 154 1 0.01 6780.00
problem22 0.21 117207 370 1 0.1 10820.00
problem23 0.21 97039 610 1 0.09 10820.00
problem24 0.64 120863 608 1 0.07 11144.00
problem25 0.21 106571 454 1 0.07 11516.00
problem26 1.23 131078 275 1 0.02 11516.00
problem27 0.22 92217 773 1 0.1 12092.00
problem28 0.17 112451 586 1 0.07 12092.00
problem29 0.8 100192 749 1 0.09 12092.00
problem30 0.21 118488 348 1 0.06 12092.00
problem31 0.36 108309 769 1 0.09 12092.00
problem32 0.15 112917 499 1 0.09 12092.00
problem33 0.54 107383 499 1 0.07 12092.00
problem34 0.33 96055 2238 1 0.12 12220.00
problem35 0.37 105005 1376 1 0.1 12220.00
problem36 0.31 116891 472 1 0.06 12220.00
problem37 1.18 99283 1622 1 0.12 12856.00
problem38 0.2 101838 710 1 0.12 12856.00
problem39 0.51 82461 1764 1 0.13 12856.00
problem40 2.07 87465 1569 1 0.11 12856.00
problem41 0.23 110778 454 1 0.06 12856.00
problem42 0.33 113503 684 1 0.11 12856.00
problem43 4.63 99073 778 1 0.04 12856.00
problem44 0.42 105458 721 1 0.09 12856.00
problem45 0.27 104249 455 1 0.07 12856.00
problem46 0.77 94868 988 1 0.11 12856.00
problem47 2.51 121919 1007 1 0.08 12856.00
problem48 0.17 107375 592 1 0.12 12856.00
problem49 0.44 99800 808 1 0.1 12856.00
problem50 0.38 91914 676 1 0.07 12856.00
problem51 0.98 110821 2028 1 0.08 12856.00
problem52 6.95 93906 1121 1 0.09 12860.00
problem53 0.17 110122 460 1 0.08 12860.00
problem54 0.17 95265 675 1 0.12 12860.00
problem55 0.21 95736 1401 1 0.13 13468.00
problem56 0.18 105256 749 1 0.12 13468.00
problem57 0.37 128698 361 1 0.05 13468.00
problem58 0.19 106339 536 1 0.1 13468.00
problem59 0.54 99240 1240 1 0.13 13468.00
problem60 0.36 79729 3410 1 0.17 13468.00
problem61 0.66 105586 576 1 0.1 13468.00
problem62 0.37 112935 1022 1 0.11 13468.00
problem63 0.32 112444 675 1 0.08 13468.00
problem64 0.48 102567 847 1 0.1 13468.00
problem65 9.89 91370 6847 2 0.36 28740.00
problem66 0.17 112992 771 1 0.08 11584.00
problem67 1.75 136914 203 1 0.02 11584.00
problem68 0.29 84819 3090 1 0.19 14708.00
problem69 0.55 103530 1161 1 0.11 14876.00
problem70 0.89 97668 1639 1 0.13 14876.00
problem71 0.49 112958 318 1 0.04 6652.00
problem72 2.16 85202 3873 1 0.17 13776.00
problem73 0.36 100669 1076 1 0.13 14268.00
problem74 0.37 91707 1321 1 0.14 14268.00
problem75 0.29 105007 1039 1 0.13 14268.00
problem76 5.39 95097 2703 1 0.12 12196.00
problem77 0.23 104307 708 1 0.1 12272.00
problem78 1.23 89110 1339 1 0.1 12336.00
problem79 0.35 104129 1248 1 0.13 12384.00
problem80 0.54 104300 1412 1 0.14 13316.00
problem81 0.28 92909 1404 1 0.16 13732.00
problem82 0.19 93799 338 1 0.05 13732.00
problem83 0.78 99914 786 1 0.07 13732.00
problem84 0.22 101788 754 1 0.09 13732.00
problem85 0.31 91079 1185 1 0.13 13732.00
problem86 0.25 96841 686 1 0.09 13732.00
problem87 0.16 116319 337 1 0.05 13732.00
problem88 0.38 104271 369 1 0.05 13732.00
problem89 0.39 98266 665 1 0.09 13732.00
problem90 0.19 117165 439 1 0.07 13732.00
problem91 0.14 92390 451 1 0.07 13732.00
problem92 0.68 109231 515 1 0.07 13732.00
problem93 3.39 112362 1503 1 0.11 13732.00
problem94 0.76 112878 668 1 0.05 13732.00
problem95 0.15 102734 339 1 0.04 13732.00
problem96 0.2 106622 436 1 0.08 13732.00
problem97 0.66 117489 1001 1 0.11 13732.00
problem98 0.37 117746 722 1 0.1 13732.00
problem99 0.54 113224 810 1 0.08 13732.00
