problem0 0 1754837 0
problem1 0 1515474 1
problem2 0 1556576 1
problem3 0 1298430 1
problem4 0 1645100 1
problem5 0 1306218 1
problem6 0 1179704 1
problem7 0 1328918 1
problem8 0 1564292 1
problem9 0 1435138 1
problem10 0 1204496 1
problem11 0 1316654 1
problem12 0 1536988 1
problem13 0 1205914 1
problem14 0 1524456 1
problem15 0 1220678 1
problem16 0 1194548 1
problem17 0 1101874 1
problem18 0 1639872 1
problem19 0 1131102 1
problem20 0 1610124 1
problem21 0 1344202 1
problem22 0 1444248 1
problem23 0 1400182 1
problem24 0 1497572 1
problem25 0 1498722 1
problem26 0.01 1617520 1
problem27 0 1724814 1
problem28 0 1274684 1
problem29 0 1655546 1
problem30 0 1528904 1
problem31 0 1539750 1
problem32 0 1752468 1
problem33 0 1773714 1
problem34 0 1202976 1
problem35 0 1328318 1
problem36 0 1906924 1
problem37 0 1550122 1
problem38 0 1450744 1
problem39 0 1442774 1
problem40 0 1631556 1
problem41 0 1468098 1
problem42 0 1248208 1
problem43 0 1317870 1
problem44 0 1213084 1
problem45 0 1617754 1
problem46 0 1668520 1
problem47 0 1436934 1
problem48 0 1462516 1
problem49 0 1695986 1
problem50 0 1556608 1
problem51 0 1234718 1
problem52 0 1486924 1
problem53 0 1530762 1
problem54 0 1330264 1
problem55 0 1063478 1
problem56 0 1573028 1
problem57 0 1343266 1
problem58 0 1538352 1
problem59 0.01 1668686 1
problem60 0 1614332 1
problem61 0 1485754 1
problem62 0 1419016 1
problem63 0 1174374 1
problem64 0 1111124 1
problem65 0 1524050 1
problem66 0 1652192 1
problem67 0 1636734 1
problem68 0 1529772 1
problem69 0 1548266 1
problem70 0 1476024 1
problem71 0 1048726 1
problem72 0 1321988 1
problem73 0 1517442 1
problem74 0 1439376 1
problem75 0 1597614 1
problem76 0 1691996 1
problem77 0 1914909 0
problem78 0 1566824 1
problem79 0.01 1669575 0
problem80 0 1484724 1
problem81 0 1651122 1
problem82 0 1096512 1
problem83 0 1354718 1
problem84 0 1249036 1
problem85 0 1602635 0
problem86 0 1494808 1
problem87 0 1398519 0
problem88 0 1402724 1
problem89 0 1466339 0
problem90 0 1606640 1
problem91 0 1497870 1
problem92 0 1315004 1
problem93 0.01 1332347 0
problem94 0 1325512 1
problem95 0 1349670 1
problem96 0 1665812 1
problem97 0 1552914 1
problem98 0 1462432 1
problem99 0 1568318 1
