problem0 0 30440 1 0.00
problem1 0.00 25641 1 0.00
problem2 0.00 31881 1 0.00
problem3 0.00 32350 1 0.00
problem4 0.00 27362 1 0.00
problem5 0.00 32683 1 0.00
problem6 0.00 29235 1 0.00
problem7 0.00 31056 1 0.00
problem8 0.00 30908 1 0.00
problem9 0.00 31373 1 0.00
problem10 0.00 31421 1 0.00
problem11 0.00 31906 1 0.00
problem12 0.00 29302 1 0.00
problem13 0.00 34511 1 0.00
problem14 0.00 29735 1 0.00
problem15 0.00 29268 1 0.00
problem16 0.00 28176 1 0.00
problem17 0.00 33393 1 0.00
problem18 0.00 36977 1 0.00
problem19 0.00 30822 1 0.00
problem20 0.00 27018 1 0.00
problem21 0.00 31603 1 0.00
problem22 0.00 27035 1 0.00
problem23 0.00 28888 1 0.00
problem24 0.00 28388 1 0.00
problem25 0.00 29653 1 0.00
problem26 0.00 28069 1 0.00
problem27 0.00 29098 1 0.00
problem28 0.00 29726 1 0.00
problem29 0.00 28055 1 0.00
problem30 0.00 33423 1 0.00
problem31 0.00 28892 1 0.00
problem32 0.00 27448 1 0.00
problem33 0.00 29369 1 0.00
problem34 0.00 32345 1 0.00
problem35 0.00 27758 1 0.00
problem36 0.00 25138 1 0.00
problem37 0.00 36155 1 0.00
problem38 0.00 29443 1 0.00
problem39 0.00 30304 1 0.00
problem40 0.00 29452 1 0.00
problem41 0.00 30493 1 0.00
problem42 0.00 32397 1 0.00
problem43 0.00 29874 1 0.00
problem44 0.00 30662 1 0.00
problem45 0.00 30303 1 0.00
problem46 0.00 32503 1 0.00
problem47 0.00 30052 1 0.00
problem48 0.00 34400 1 0.00
problem49 0.00 30977 1 0.00
problem50 0.00 29249 1 0.00
problem51 0.00 28278 1 0.00
problem52 0.00 34010 1 0.00
problem53 0.00 35075 1 0.00
problem54 0.00 30315 1 0.00
problem55 0.00 28136 1 0.00
problem56 0.00 33076 1 0.00
problem57 0.00 24677 1 0.00
problem58 0.00 28021 1 0.00
problem59 0.00 32186 1 0.00
problem60 0.00 25966 1 0.00
problem61 0.00 28967 1 0.00
problem62 0.00 30047 1 0.00
problem63 0.00 27628 1 0.00
problem64 0.00 31624 1 0.00
problem65 0.00 30025 1 0.00
problem66 0.00 29737 1 0.00
problem67 0.00 28286 1 0.00
problem68 0.00 30082 1 0.00
problem69 0.00 31435 1 0.00
problem70 0.00 26579 1 0.00
problem71 0.00 28528 1 0.00
problem72 0.00 36188 1 0.00
problem73 0.00 25517 1 0.00
problem74 0.00 31325 1 0.00
problem75 0.00 29890 1 0.00
problem76 0.00 30998 1 0.00
problem77 0.00 31215 1 0.00
problem78 0.00 31175 1 0.00
problem79 0.00 29812 1 0.00
problem80 0.00 30384 1 0.00
problem81 0.00 33681 1 0.00
problem82 0.00 30737 1 0.00
problem83 0.00 32902 1 0.00
problem84 0.00 30762 1 0.00
problem85 0.00 27283 1 0.00
problem86 0.00 32571 1 0.00
problem87 0.00 33528 1 0.00
problem88 0.00 34692 1 0.00
problem89 0.00 27893 1 0.00
problem90 0.00 30021 1 0.00
problem91 0.00 29130 1 0.00
problem92 0.00 29374 1 0.00
problem93 0.00 26807 1 0.00
problem94 0.00 29743 1 0.00
problem95 0.00 27388 1 0.00
problem96 0.00 28632 1 0.00
problem97 0.00 29657 1 0.00
problem98 0.00 30201 1 0.00
problem99 0.00 32910 1 0.00
