problem0 1.13 2403954669288 1 4036.00
problem1 2.39 2089926366249 1 4652.00
problem2 1.17 2221838952585 1 4652.00
problem3 6.16 1892832844382 1 4652.00
problem4 2.04 1980403019490 1 4652.00
problem5 2.27 2156760134571 1 4652.00
problem6 2.52 2111338751539 1 4652.00
problem7 2.75 2131447361872 1 4652.00
problem8 2.42 2197088499900 1 4652.00
problem9 5.44 1915574127245 1 4652.00
problem10 1.76 1979342679741 1 4652.00
problem11 5.76 1929372216482 1 4652.00
problem12 1.42 2204705799798 1 4652.00
problem13 1.40 2304796265167 1 4652.00
problem14 2.57 2107784748071 1 4652.00
problem15 1.85 2235491331668 1 4652.00
problem16 2.29 2042531711504 1 4652.00
problem17 1.83 2213778130545 1 4652.00
problem18 2.13 2238300252273 1 4652.00
problem19 1.98 2204179609702 1 4652.00
problem20 1.77 1915886667146 1 4652.00
problem21 1.61 2313777999731 1 4652.00
problem22 5.46 1863344680347 1 4652.00
problem23 2.00 2012546804952 1 4652.00
problem24 3.68 1963824429796 1 4652.00
problem25 3.66 1872869431253 1 4652.00
problem26 4.21 2023988405669 1 4652.00
problem27 2.46 2088403652010 1 4652.00
problem28 1.14 2189726454814 1 4652.00
problem29 1.82 2193746047383 1 4652.00
problem30 4.57 2047281506959 1 4652.00
problem31 4.45 1955176889564 1 4652.00
problem32 3.79 1818918673208 1 4652.00
problem33 4.91 2011169279673 1 4652.00
problem34 3.04 1981444257369 1 4652.00
problem35 4.08 1862955727982 1 4652.00
problem36 1.21 2410658019890 1 4652.00
problem37 7.98 1678116675899 1 4652.00
problem38 1.71 1953090691843 1 4652.00
problem39 4.75 1825183034976 1 4652.00
problem40 1.40 2099063241484 1 4652.00
problem41 1.42 1798426344221 1 4652.00
problem42 2.18 1859272977037 1 4652.00
problem43 2.42 2143928079538 1 4652.00
problem44 1.72 2348873664454 1 4652.00
problem45 1.69 2203229621855 1 4652.00
problem46 1.65 2195257321207 1 4652.00
problem47 1.61 2211138851172 1 4652.00
problem48 1.91 2195671165536 1 4652.00
problem49 2.81 2059063586049 1 4652.00
problem50 4.07 2119711068737 1 4652.00
problem51 0.84 2410766394998 1 4652.00
problem52 5.69 1819231751386 1 4652.00
problem53 3.40 1742546815235 1 4652.00
problem54 4.93 1870739900011 1 4652.00
problem55 2.86 1995370231272 1 4652.00
problem56 3.08 2100879292724 1 4652.00
problem57 2.76 2024281207909 1 4652.00
problem58 3.70 2205997137269 1 4652.00
problem59 0.99 2111825428922 1 4652.00
problem60 2.33 2169685170542 1 4652.00
problem61 2.15 2016128278823 1 4652.00
problem62 2.52 2095125139807 1 4652.00
problem63 2.37 2008238517228 1 4652.00
problem64 2.99 2031356966792 1 4652.00
problem65 4.87 2087852794185 1 4652.00
problem66 4.07 1810716834857 1 4652.00
problem67 1.94 2049500149374 1 4652.00
problem68 7.61 1752326405506 1 4652.00
problem69 4.58 1828840056523 1 4652.00
problem70 3.60 1984874797011 1 4652.00
problem71 4.84 1851680834416 1 4652.00
problem72 2.90 2092782679388 1 4652.00
problem73 2.91 1918390715309 1 4652.00
problem74 3.22 2142939848285 1 4652.00
problem75 2.71 2029137990850 1 4652.00
problem76 2.19 2269155576086 1 4652.00
problem77 2.61 1830356576751 1 4652.00
problem78 5.31 2019265849799 1 4652.00
problem79 2.97 1956570729588 1 4652.00
problem80 1.08 2315701174960 1 4652.00
problem81 1.93 1972554541969 1 4652.00
problem82 2.43 2130382484497 1 4652.00
problem83 4.22 1957212499078 1 4652.00
problem84 2.13 2271467080746 1 4652.00
problem85 2.06 2215713176211 1 4652.00
problem86 2.67 2159115130683 1 4652.00
problem87 2.43 2253899749112 1 4652.00
problem88 3.92 1812925525892 1 4652.00
problem89 2.78 2160025053429 1 4652.00
problem90 2.61 1878857026885 1 4652.00
problem91 1.63 2098086038986 1 4652.00
problem92 1.97 1989225748158 1 4652.00
problem93 2.82 2235516250295 1 4652.00
problem94 4.09 1890588831791 1 4652.00
problem95 1.29 2308798034684 1 4652.00
problem96 2.85 1993401600984 1 4652.00
problem97 2.13 1856426888153 1 4652.00
problem98 2.50 2003049560569 1 4652.00
problem99 4.73 1772102027406 1 4652.00
