problem0 0 449789952157913 0 2208.00
problem1 0.00 362506646536950 0 2272.00
problem2 0.00 463019377120054 0 2272.00
problem3 0.00 433441243575315 0 2272.00
problem4 0.00 457767520490292 0 2272.00
problem5 0.00 337489815935596 0 2272.00
problem6 0.00 480423384616536 0 2272.00
problem7 0.00 505677972077450 0 2272.00
problem8 0.00 405119080525040 0 2272.00
problem9 0.00 455050351727338 0 2272.00
problem10 0.00 484189185588010 0 2272.00
problem11 0.00 455306010711823 0 2272.00
problem12 0.00 391543079103104 0 2272.00
problem13 0.00 331549250471194 0 2272.00
problem14 0.00 484095517845672 0 2272.00
problem15 0.00 465308127955266 0 2272.00
problem16 0.00 421414866507469 0 2272.00
problem17 0.00 415453663888305 0 2272.00
problem18 0.00 416845687449559 0 2272.00
problem19 0.01 432277808435808 0 2272.00
problem20 0.00 436187477239247 0 2272.00
problem21 0.00 371570154637695 0 2272.00
problem22 0.00 365385899918452 0 2272.00
problem23 0.00 331972663996811 0 2272.00
problem24 0.00 403967992450389 0 2272.00
problem25 0.00 372386889073841 0 2272.00
problem26 0.00 448369774110601 0 2272.00
problem27 0.00 395751411347441 0 2272.00
problem28 0.00 536636151168961 0 2272.00
problem29 0.00 370712177594249 0 2272.00
problem30 0.00 379769927214920 0 2272.00
problem31 0.00 429392402173542 0 2272.00
problem32 0.00 438238747209217 0 2272.00
problem33 0.00 344281518083540 0 2272.00
problem34 0.00 246747714175779 0 2272.00
problem35 0.00 420539272100133 0 2272.00
problem36 0.00 491988889493025 0 2272.00
problem37 0.00 386432951716255 0 2272.00
problem38 0.00 359535778673893 0 2272.00
problem39 0.00 499633870446387 0 2272.00
problem40 0.00 384137347887753 0 2272.00
problem41 0.01 466928917602376 0 2272.00
problem42 0.00 454807381366495 0 2272.00
problem43 0.00 359889524757772 0 2272.00
problem44 0.00 464583772810366 0 2272.00
problem45 0.00 390690226179330 0 2272.00
problem46 0.00 363595476666137 0 2272.00
problem47 0.00 388104589128810 0 2272.00
problem48 0.00 455466162635202 0 2272.00
problem49 0.00 411838871653287 0 2272.00
problem50 0.00 384542375505288 0 2272.00
problem51 0.00 389743991324362 0 2272.00
problem52 0.00 433539811307341 0 2272.00
problem53 0.00 391987618624765 0 2272.00
problem54 0.00 377318288469880 0 2272.00
problem55 0.00 376705371762260 0 2272.00
problem56 0.00 427172280222729 0 2272.00
problem57 0.00 387894538877407 0 2272.00
problem58 0.00 426141992096140 0 2272.00
problem59 0.00 391912264079837 0 2272.00
problem60 0.00 422356048139960 0 2272.00
problem61 0.00 416682928622783 0 2272.00
problem62 0.00 540129761411575 0 2272.00
problem63 0.01 355898089921296 0 2272.00
problem64 0.00 355527478566343 0 2272.00
problem65 0.00 489342100307215 0 2272.00
problem66 0.00 410818444446285 0 2272.00
problem67 0.00 392776876289908 0 2272.00
problem68 0.00 409850818526050 0 2272.00
problem69 0.00 349558938274613 0 2272.00
problem70 0.00 458316789428699 0 2272.00
problem71 0.00 368963743767759 0 2272.00
problem72 0.00 418698840690879 0 2272.00
problem73 0.00 395624136714102 0 2272.00
problem74 0.00 366171306237122 0 2272.00
problem75 0.00 509417054821966 0 2272.00
problem76 0.00 346654717361978 0 2272.00
problem77 0.00 478081686529930 0 2272.00
problem78 0.00 452973307489651 0 2272.00
problem79 0.00 382204699269764 0 2272.00
problem80 0.00 475844920158403 0 2272.00
problem81 0.00 337850193223354 0 2272.00
problem82 0.00 356758344859097 0 2272.00
problem83 0.00 438336094402364 0 2272.00
problem84 0.00 417993673313292 0 2272.00
problem85 0.01 453362030102843 0 2272.00
problem86 0.00 415408961838602 0 2272.00
problem87 0.00 406990372136194 0 2272.00
problem88 0.00 470636210920466 0 2272.00
problem89 0.00 411602350323530 0 2272.00
problem90 0.00 324666336904230 0 2272.00
problem91 0.00 421931883653095 0 2272.00
problem92 0.00 391678636498738 0 2272.00
problem93 0.00 467732327504445 0 2272.00
problem94 0.00 386591373366541 0 2272.00
problem95 0.00 445881241707950 0 2272.00
problem96 0.00 412563636101917 0 2272.00
problem97 0.00 452689815208413 0 2272.00
problem98 0.00 422663105311499 0 2272.00
problem99 0.00 315011475905965 0 2272.00
