problem0 0 196750411524 1
problem1 0.01 190898223746 1
problem2 0 190517821328 1
problem3 0 175663381934 1
problem4 0 188008530012 1
problem5 0.01 188006946586 1
problem6 0.01 187786065256 1
problem7 0.01 193089901254 1
problem8 0.01 191328357044 1
problem9 0.02 168720383154 1
problem10 0 179888548928 1
problem11 0 171211333854 1
problem12 0 166320604684 1
problem13 0 199949306698 1
problem14 0.01 199127598104 1
problem15 0.01 195883206646 1
problem16 0 171294511716 1
problem17 0 166618096354 1
problem18 0.02 198074178800 1
problem19 0.01 169879939086 1
problem20 0 181485096892 1
problem21 0.03 193133568890 1
problem22 0 173945788104 1
problem23 0.02 221612990758 1
problem24 0 186721721876 1
problem25 0.02 182506466578 1
problem26 0.01 172993696160 1
problem27 0 188551992126 1
problem28 0.01 186285874540 1
problem29 0.03 199702454186 1
problem30 0.01 174899539320 1
problem31 0.02 198278454870 1
problem32 0.01 188332355012 1
problem33 0 200279038786 1
problem34 0.01 213663550032 1
problem35 0.01 195393446510 1
problem36 0.01 175219158812 1
problem37 0.04 182345203674 1
problem38 0 168048740392 1
problem39 0 179510787974 1
problem40 0.03 167890043252 1
problem41 0 177728204146 1
problem42 0 179358746368 1
problem43 0.02 179378197918 1
problem44 0.01 170266445004 1
problem45 0 176836805642 1
problem46 0.02 167540975320 1
problem47 0.04 190759650486 1
problem48 0.02 178332342564 1
problem49 0 184789459874 1
problem50 0.01 189371778992 1
problem51 0.01 194043063502 1
problem52 0.01 228142259836 1
problem53 0 181174152250 1
problem54 0 187024705928 1
problem55 0.01 187148807654 1
problem56 0 177809732820 1
problem57 0.01 185303383506 1
problem58 0 179288820832 1
problem59 0.01 203674265598 1
problem60 0.01 176958979116 1
problem61 0 190741084266 1
problem62 0.01 173882585144 1
problem63 0 196015356694 1
problem64 0 187257230468 1
problem65 0.01 162374990850 1
problem66 0 187410355472 1
problem67 0.02 191486920494 1
problem68 0.01 186115300828 1
problem69 0.01 173343893658 1
problem70 0 175393004264 1
problem71 0.03 188866014278 1
problem72 0.01 181678028852 1
problem73 0.01 166423682610 1
problem74 0 220265013696 1
problem75 0.01 164725312094 1
problem76 0 198018384780 1
problem77 0.01 181685779658 1
problem78 0.01 204243929496 1
problem79 0.02 198146539894 1
problem80 0.01 187585568740 1
problem81 0 182844564578 1
problem82 0 173957984880 1
problem83 0.01 194122903950 1
problem84 0.01 180144745788 1
problem85 0 182373463290 1
problem86 0 189946084424 1
problem87 0.01 197787957926 1
problem88 0.01 157107309460 1
problem89 0 197238263442 1
problem90 0.02 202196027168 1
problem91 0.01 208549215422 1
problem92 0 179532651244 1
problem93 0 168391643434 1
problem94 0 192239137528 1
problem95 0 181321275350 1
problem96 0.01 172800981828 1
problem97 0 183331331266 1
problem98 0 173779410896 1
problem99 0.04 180498721774 1
