problem0 0 554942 1 0.00
problem1 0.00 585164 1 0.00
problem2 0.00 628347 1 0.00
problem3 0.00 608613 1 0.00
problem4 0.00 612672 1 0.00
problem5 0.00 645478 1 0.00
problem6 0.00 599373 1 0.00
problem7 0.00 639503 1 0.00
problem8 0.00 676322 1 0.00
problem9 0.00 553376 1 0.00
problem10 0.00 669759 1 0.00
problem11 0.00 553049 1 0.00
problem12 0.00 623524 1 0.00
problem13 0.00 618618 1 0.00
problem14 0.00 606545 1 0.00
problem15 0.00 564803 1 0.00
problem16 0.00 651398 1 0.00
problem17 0.00 651252 1 0.00
problem18 0.00 561795 1 0.00
problem19 0.00 587213 1 0.00
problem20 0.00 604808 1 0.00
problem21 0.00 633358 1 0.00
problem22 0.00 564693 1 0.00
problem23 0.00 622839 1 0.00
problem24 0.00 549802 1 0.00
problem25 0.00 604360 1 0.00
problem26 0.00 587079 1 0.00
problem27 0.00 534977 1 0.00
problem28 0.00 658924 1 0.00
problem29 0.00 661026 1 0.00
problem30 0.00 592601 1 0.00
problem31 0.00 621099 1 0.00
problem32 0.00 572238 1 0.00
problem33 0.00 646172 1 0.00
problem34 0.00 618635 1 0.00
problem35 0.00 613429 1 0.00
problem36 0.00 609744 1 0.00
problem37 0.00 558262 1 0.00
problem38 0.00 563293 1 0.00
problem39 0.00 596447 1 0.00
problem40 0.00 673650 1 0.00
problem41 0.00 584176 1 0.00
problem42 0.00 611407 1 0.00
problem43 0.00 646441 1 0.00
problem44 0.00 625204 1 0.00
problem45 0.00 656842 1 0.00
problem46 0.00 595553 1 0.00
problem47 0.00 520211 1 0.00
problem48 0.00 595990 1 0.00
problem49 0.00 619076 1 0.00
problem50 0.00 569491 1 0.00
problem51 0.00 638109 1 0.00
problem52 0.00 676632 1 0.00
problem53 0.00 600414 1 0.00
problem54 0.00 562405 1 0.00
problem55 0.00 625863 1 0.00
problem56 0.00 638266 1 0.00
problem57 0.00 558360 1 0.00
problem58 0.00 660823 1 0.00
problem59 0.00 543377 1 0.00
problem60 0.00 587900 1 0.00
problem61 0.00 573298 1 0.00
problem62 0.00 599017 1 0.00
problem63 0.00 606203 1 0.00
problem64 0.00 640734 1 0.00
problem65 0.00 651884 1 0.00
problem66 0.00 578203 1 0.00
problem67 0.00 595717 1 0.00
problem68 0.00 625248 1 0.00
problem69 0.00 530438 1 0.00
problem70 0.00 529261 1 0.00
problem71 0.00 580015 1 0.00
problem72 0.00 591106 1 0.00
problem73 0.00 543296 1 0.00
problem74 0.00 620639 1 0.00
problem75 0.00 602617 1 0.00
problem76 0.00 579780 1 0.00
problem77 0.00 656154 1 0.00
problem78 0.00 619377 1 0.00
problem79 0.00 584163 1 0.00
problem80 0.00 575398 1 0.00
problem81 0.00 580756 1 0.00
problem82 0.00 644771 1 0.00
problem83 0.00 584557 1 0.00
problem84 0.00 619432 1 0.00
problem85 0.00 577710 1 0.00
problem86 0.00 529397 1 0.00
problem87 0.00 573591 1 0.00
problem88 0.00 646858 1 0.00
problem89 0.00 653672 1 0.00
problem90 0.00 589159 1 0.00
problem91 0.00 562017 1 0.00
problem92 0.00 600844 1 0.00
problem93 0.00 643266 1 0.00
problem94 0.00 509177 1 0.00
problem95 0.00 617931 1 0.00
problem96 0.00 580206 1 0.00
problem97 0.00 553148 1 0.00
problem98 0.00 638123 1 0.00
problem99 0.00 621013 1 0.00
