problem0 0 207165 1
problem1 0 206603 1
problem2 0 212745 1
problem3 0 194743 1
problem4 0 214933 1
problem5 0 215843 1
problem6 0 208609 1
problem7 0 199247 1
problem8 0 180461 1
problem9 0 197179 1
problem10 0 207289 1
problem11 0 212711 1
problem12 0 226629 1
problem13 0 207955 1
problem14 0 216977 1
problem15 0 185983 1
problem16 0 205981 1
problem17 0 207211 1
problem18 0 188521 1
problem19 0 209175 1
problem20 0 208629 1
problem21 0 194947 1
problem22 0 187457 1
problem23 0 208559 1
problem24 0 169037 1
problem25 0 187547 1
problem26 0 197401 1
problem27 0 208711 1
problem28 0 160933 1
problem29 0 209587 1
problem30 0 177393 1
problem31 0 193247 1
problem32 0 217085 1
problem33 0 211915 1
problem34 0 217545 1
problem35 0 203127 1
problem36 0 206421 1
problem37 0 202723 1
problem38 0 227745 1
problem39 0 221967 1
problem40 0 227245 1
problem41 0 190203 1
problem42 0 207993 1
problem43 0 225191 1
problem44 0 230405 1
problem45 0 223507 1
problem46 0 182865 1
problem47 0 204607 1
problem48 0 199517 1
problem49 0 245291 1
problem50 0 226089 1
problem51 0 184791 1
problem52 0 208309 1
problem53 0 214595 1
problem54 0 190209 1
problem55 0 206703 1
problem56 0 199437 1
problem57 0 229723 1
problem58 0 198105 1
problem59 0 229383 1
problem60 0 230245 1
problem61 0 208755 1
problem62 0 225201 1
problem63 0 203679 1
problem64 0 194237 1
problem65 0 192651 1
problem66 0 189577 1
problem67 0 219703 1
problem68 0 206101 1
problem69 0 197795 1
problem70 0 189537 1
problem71 0 211919 1
problem72 0 192109 1
problem73 0 215995 1
problem74 0 200505 1
problem75 0 221287 1
problem76 0 225989 1
problem77 0 206291 1
problem78 0 214289 1
problem79 0 239615 1
problem80 0 234013 1
problem81 0 217835 1
problem82 0 206313 1
problem83 0 184983 1
problem84 0 183413 1
problem85 0 209667 1
problem86 0 209345 1
problem87 0 213039 1
problem88 0 188877 1
problem89 0 222747 1
problem90 0 215193 1
problem91 0 184519 1
problem92 0 209445 1
problem93 0 224307 1
problem94 0 215665 1
problem95 0 214111 1
problem96 0 195965 1
problem97 0 214347 1
problem98 0 194377 1
problem99 0 195319 1
