problem0 1.05 876937742921106 769 1 1.04 16200.00
problem1 0.24 963578520118831 741 1 0.21 10580.00
problem2 0.27 947237354241986 486 1 0.25 10580.00
problem3 0.72 821389323036894 1572 2 0.7 10580.00
problem4 0.77 891503156387274 1780 2 0.71 11004.00
problem5 0.3 998708604830402 508 1 0.26 12444.00
problem6 0.26 935016876684106 514 1 0.25 12444.00
problem7 0.41 827322945680324 1576 1 0.38 12444.00
problem8 0.94 820274103234001 3291 2 0.88 12444.00
problem9 0.5 826788865132644 2574 1 0.44 12444.00
problem10 0.48 854363129456512 1854 1 0.45 12444.00
problem11 0.37 943578147932004 656 1 0.31 12448.00
problem12 0.39 875681558810756 894 1 0.37 12448.00
problem13 0.38 825440904718732 1207 1 0.35 12448.00
problem14 0.34 1010635295248630 733 1 0.32 12448.00
problem15 1.32 606255487827519 6758 2 1.23 19464.00
problem16 0.61 867684110803043 1731 1 0.59 11652.00
problem17 0.58 889806848752683 1482 1 0.52 14692.00
problem18 0.63 902748765453918 2248 1 0.57 13652.00
problem19 0.5 989893448042784 802 1 0.44 14720.00
problem20 0.58 888387573148627 636 1 0.57 14020.00
problem21 0.48 919916594453374 789 1 0.43 14072.00
problem22 0.59 953932558139721 1706 1 0.55 13168.00
problem23 0.49 920808541860181 891 1 0.44 13820.00
problem24 0.56 887002208715902 859 1 0.55 17960.00
problem25 0.81 792596341581054 5513 1 0.7 17960.00
problem26 0.71 694724073426015 2985 1 0.68 12028.00
problem27 0.76 759134582881771 4524 1 0.67 14068.00
problem28 0.56 863548379623395 1185 1 0.54 15104.00
problem29 0.61 832604350503576 1782 1 0.57 15128.00
problem30 0.55 977292347992017 875 1 0.54 15320.00
problem31 0.58 888892159948767 1322 1 0.53 15628.00
problem32 0.62 836279363700630 2246 1 0.57 13320.00
problem33 0.68 862302136935755 2074 1 0.64 13548.00
problem34 0.65 911683101650615 1678 1 0.62 13172.00
problem35 0.53 917455594465380 848 1 0.5 15940.00
problem36 0.51 903860325407893 940 1 0.47 13176.00
problem37 0.51 855090864220354 948 1 0.47 13664.00
problem38 0.49 1003518988863661 546 1 0.45 13664.00
problem39 0.54 940894707405994 1257 1 0.51 14064.00
problem40 0.52 1039792801252497 359 1 0.51 13208.00
problem41 0.6 990451031350310 1888 1 0.54 13836.00
problem42 0.5 1052572315084441 572 1 0.46 15876.00
problem43 0.64 883644087619541 1146 1 0.62 13300.00
problem44 0.56 940134360316543 987 1 0.47 17416.00
problem45 0.58 878737490687467 1105 1 0.57 13412.00
problem46 0.57 954257078514050 1140 1 0.48 13984.00
problem47 0.59 877427081271965 933 1 0.56 13568.00
problem48 0.57 808513857297741 1204 1 0.55 13624.00
problem49 0.6 900553732283842 1437 1 0.57 15192.00
problem50 0.47 965390451011174 564 1 0.45 15244.00
problem51 0.72 859249494468364 3176 1 0.65 13140.00
problem52 0.51 906463463690120 231 1 0.49 14140.00
problem53 0.51 1045866934703483 865 1 0.45 13196.00
problem54 0.68 850551420165498 1873 1 0.65 13896.00
problem55 0.58 905807631397855 1344 1 0.54 13896.00
problem56 0.54 913879372166672 810 1 0.52 15992.00
problem57 0.53 921497942031847 1044 1 0.5 13256.00
problem58 0.75 863875849067141 3902 1 0.64 13772.00
problem59 0.77 765619538368097 2840 1 0.73 21408.00
problem60 0.65 787858146547502 1200 1 0.62 21512.00
problem61 0.67 896178078569816 2341 1 0.6 13320.00
problem62 0.67 805976165674099 2385 1 0.61 14924.00
problem63 0.73 870197207804428 3569 1 0.67 12664.00
problem64 0.53 988113114471041 496 1 0.51 17404.00
problem65 0.51 1014898512313709 409 1 0.5 15256.00
problem66 0.62 915058718657850 1457 1 0.59 15368.00
problem67 0.6 832731997745481 1818 1 0.55 17416.00
problem68 0.53 902215654662232 889 1 0.51 17416.00
problem69 0.68 949060899395901 2355 1 0.58 13460.00
problem70 0.64 912312100910511 1996 1 0.59 14012.00
problem71 0.6 972682784877003 909 1 0.57 19796.00
problem72 0.57 818070767622740 528 1 0.56 19900.00
problem73 0.49 871189043178480 531 1 0.47 13208.00
problem74 0.52 880236986550421 737 1 0.47 14612.00
problem75 0.53 904407807390432 1223 1 0.48 13176.00
problem76 0.47 928864707833519 523 1 0.44 13188.00
problem77 0.56 891240788091728 1717 1 0.5 13784.00
problem78 0.54 856955315961865 1231 1 0.52 14292.00
problem79 0.71 848856141957113 3183 1 0.65 14292.00
problem80 0.57 827960332102607 1021 1 0.54 13184.00
problem81 0.71 792951566114415 3614 1 0.63 13832.00
problem82 0.67 895027807347801 2130 1 0.59 14092.00
problem83 0.53 953000736082864 729 1 0.52 15524.00
problem84 0.43 980936319964508 446 1 0.41 13128.00
problem85 0.49 1044739791374981 609 1 0.46 14644.00
problem86 0.48 960891180590273 401 1 0.47 13560.00
problem87 0.58 978755509157469 1136 1 0.51 14796.00
problem88 0.56 946720313642287 1253 1 0.51 15984.00
problem89 0.57 872439225772678 1515 1 0.54 16116.00
problem90 0.57 855246362719136 1047 1 0.55 13324.00
problem91 0.57 913639680936302 1690 1 0.54 14448.00
problem92 0.55 941763674738828 1017 1 0.52 13068.00
problem93 0.53 962913641484905 813 1 0.52 16376.00
problem94 0.66 897639156175717 2018 1 0.6 13404.00
problem95 0.61 843886282795704 2349 1 0.56 14504.00
problem96 0.47 996495763437533 310 1 0.45 13816.00
problem97 0.63 835718090715305 2184 1 0.6 13928.00
problem98 0.78 781042865329223 3422 1 0.73 14396.00
problem99 0.51 923718467603212 495 1 0.51 17240.00
