problem0 69.88 1514576282062509 846 1 2.73 7933176.00
problem1 68.48 1639232710668281 573 1 0.71 7967416.00
problem2 68.41 1563220668121809 1162 2 1.1 7932948.00
problem3 68.64 1432135383374623 923 1 0.75 7971200.00
problem4 69.9 1507182556612252 863 1 0.46 7967108.00
problem5 72.3 1902981006590041 624 1 0.88 8118108.00
problem6 72.01 1495182930467901 787 1 0.96 7926060.00
problem7 73.41 1829377850364861 874 1 0.85 8124824.00
problem8 71.54 1670874986049563 651 1 0.79 7981100.00
problem9 74.68 1503324251358738 1218 2 1.66 7916820.00
problem10 70 1582993511448441 645 1 0.77 7936816.00
problem11 71.23 1507063477046608 445 1 0.87 7954184.00
problem12 72.12 1728804212392821 917 1 0.74 7980664.00
problem13 70.91 1883250947911417 807 1 0.76 7994412.00
problem14 68.5 1247750511869128 358 1 1.01 7895876.00
problem15 71.83 1345830874382889 937 1 0.79 7920084.00
problem16 69.06 1601089043807838 951 1 0.76 8015648.00
problem17 70.65 1357158948834572 1338 2 1.21 7937272.00
problem18 68.76 1584982077529303 676 1 0.77 7974516.00
problem19 68.44 1375854246740828 887 1 0.78 7944200.00
problem20 69.38 1394137448528068 735 1 0.79 7944160.00
problem21 70.58 1641391024300221 801 1 0.93 8008536.00
problem22 70.41 1646414182351140 573 1 0.79 7967496.00
problem23 73.4 1713943409473009 768 1 0.78 7998044.00
problem24 68.57 1518390506437064 872 1 0.77 7967916.00
problem25 68.69 1452754471527614 1030 1 1.27 7909000.00
problem26 68.04 1492970822593319 480 1 0.97 7902572.00
problem27 69.13 1377266949494987 852 1 0.96 7868348.00
problem28 69.19 1414524443510418 767 1 0.81 7923380.00
problem29 68.77 1494462747938297 583 1 0.8 7912912.00
problem30 71.67 1548137484277792 645 1 0.79 7936932.00
problem31 70.23 1503917990344230 816 1 0.78 8011808.00
problem32 68.22 1673185356085080 797 1 0.76 7954336.00
problem33 68.52 1576610726685881 897 1 0.78 7892140.00
problem34 70.07 1460502619862486 766 1 0.79 7919148.00
problem35 68.54 1665028497676920 899 1 0.74 7971144.00
problem36 67.98 1554367282669435 468 1 0.84 7919340.00
problem37 70.72 1862017576660729 565 1 0.77 8200236.00
problem38 71.36 1515406883810838 984 1 0.84 7882712.00
problem39 70 1371856123159147 917 1 0.82 7872424.00
problem40 68.7 1814352807465729 1001 1 0.76 7970500.00
problem41 71.76 1538332827218434 556 1 0.85 7926212.00
problem42 73.02 1754330526057455 993 1 0.8 8035208.00
problem43 70.24 1542409021341181 834 1 0.99 7964216.00
problem44 72.12 1637512117106650 566 1 0.87 7991124.00
problem45 70.24 1559215062700120 944 1 0.79 7916596.00
problem46 71.3 1504178719422630 730 1 0.8 7930500.00
problem47 69.96 1649188991909767 731 1 1.06 7936200.00
problem48 68.85 1438614545117156 736 1 0.82 7981688.00
problem49 69.26 1602959064613823 741 1 0.78 7936488.00
problem50 285.86 1624559632963391 316 1 0.74 7984192.00
problem51 69.49 1667842193711757 607 1 0.78 7923592.00
problem52 72.64 1571438418961554 1183 1 0.83 7947396.00
problem53 72.43 1663145540713937 718 1 0.82 8042584.00
problem54 69.1 1535460904294713 939 1 0.76 7940788.00
problem55 67.93 1508368035841039 468 1 0.83 7878472.00
problem56 70.34 1616163831152845 1090 1 0.8 7933392.00
problem57 69.72 1572208991779718 590 1 0.78 7994888.00
problem58 69.06 1608783635936480 599 1 0.78 7984136.00
problem59 69.69 1756945929353160 1045 1 0.79 7929560.00
problem60 69.51 1709218209069057 795 1 0.8 7957736.00
problem61 71.16 1610443459125516 982 1 0.78 7916600.00
problem62 70.43 1578764693457193 603 1 0.79 8048992.00
problem63 69.22 1449960251429437 492 1 0.79 7906556.00
problem64 69.68 1468270052765948 809 1 0.78 7943536.00
problem65 69.77 1667171358778141 861 1 0.78 7984092.00
problem66 69.37 1670391743421946 678 1 0.78 8015388.00
problem67 71.3 1662242801507882 782 1 0.91 8008536.00
problem68 71.65 1635215416075753 751 1 0.94 7940792.00
problem69 72.8 1599940187909987 816 1 0.95 7954236.00
problem70 71.43 1717031428769103 630 1 0.79 7953456.00
problem71 69.43 1567618843306056 598 1 0.83 7916844.00
problem72 68.71 1569167700445838 890 1 0.76 7885844.00
problem73 68.65 1609552195769244 848 1 0.89 7909372.00
problem74 70.49 1588675404031925 431 1 0.79 8056628.00
problem75 69.22 1664750527736112 854 1 0.78 7998188.00
problem76 73.66 1765535001151128 659 1 0.78 7960220.00
problem77 69.63 1392437126935657 963 1 0.81 7919336.00
problem78 69.44 1579724342551664 447 1 0.96 7940760.00
problem79 70.31 1727083717753453 1007 1 0.82 8028448.00
problem80 68.9 1380675836372450 498 1 0.9 7915888.00
problem81 69.82 1842132720950071 823 1 0.76 8055752.00
problem82 68.81 1630410008858285 877 1 0.77 7977180.00
problem83 68.05 1695967540235233 841 1 0.77 7915796.00
problem84 68.14 1570772362993513 510 1 0.77 7930356.00
problem85 68.86 1700048598298997 247 1 0.77 7944000.00
problem86 69.02 1464770223583901 621 1 0.93 7905588.00
problem87 69.17 1463706998206038 645 1 0.78 7957652.00
problem88 67.95 1246712188775169 453 1 0.68 7895244.00
problem89 69.39 1709297497391165 695 1 0.8 7977592.00
problem90 70.82 1645176722995790 813 1 0.78 8032284.00
problem91 69.73 1573168475162860 389 1 0.81 7964788.00
problem92 68.93 1626822426238152 726 1 0.77 7987656.00
problem93 70.45 1466010079259336 858 1 0.8 7967100.00
problem94 67.83 1377586253492207 599 1 0.86 7908880.00
problem95 68.31 1456238412608804 396 1 0.79 7919648.00
problem96 69.89 1460467485593681 375 1 0.89 7919412.00
problem97 72.76 1634507262349870 896 1 0.89 7980648.00
problem98 68.69 1455469212352973 953 1 0.87 7977820.00
problem99 68.76 1572469633330568 893 1 0.9 7964184.00
