problem0 0.668558 165851258647 1
problem1 0.134012 156890569999 1
problem2 0.152628 172197052551 1
problem3 1.02425 157893968255 1
problem4 0.084097 161669224439 1
problem5 0.470589 151924849647 1
problem6 1.79132 161959863655 1
problem7 0.409233 160978127967 1
problem8 0.048345 142486972631 1
problem9 2.19307 160443183823 1
problem10 0.40054 159467053639 1
problem11 3.35008 173442150207 1
problem12 0.061322 152558473655 1
problem13 0.253073 149882962351 1
problem14 5.19791 159727269671 1
problem15 0.160973 143475763743 1
problem16 2.91551 151471477399 1
problem17 2.58147 161794926735 1
problem18 0.018163 154418881543 1
problem19 0.722926 159685606655 1
problem20 0.754946 166081981303 1
problem21 3.16283 158834960239 1
problem22 2.28794 157122914535 1
problem23 1.19942 169237997535 1
problem24 0.084914 171865758807 1
problem25 0.359666 148781268559 1
problem26 1.44243 177016374727 1
problem27 3.8446 166300625599 1
problem28 0.712784 150363546935 1
problem29 1.06276 143195319599 1
problem30 0.977802 153910868647 1
problem31 0.504536 154998457759 1
problem32 0.172835 150921201175 1
problem33 0.131529 146147554319 1
problem34 1.30061 174611580807 1
problem35 2.98567 168204220543 1
problem36 1.15351 167746256631 1
problem37 1.61111 160122966767 1
problem38 0.477528 145962888295 1
problem39 2.65239 148889928543 1
problem40 0.506237 160845893591 1
problem41 1.40957 161861913039 1
problem42 3.15353 157236226375 1
problem43 6.10995 166485861951 1
problem44 0.43794 154274314423 1
problem45 0.584169 153362847919 1
problem46 4.45082 166060604967 1
problem47 0.527718 158645657887 1
problem48 0.030167 158286461335 1
problem49 1.4228 157050486671 1
problem50 5.67509 161094494983 1
problem51 0.956152 156195222527 1
problem52 0.690355 164506178167 1
problem53 0.615367 155109391983 1
problem54 2.9568 144309088231 1
problem55 1.27188 170926710495 1
problem56 0.151984 156126757719 1
problem57 4.07772 157666579791 1
problem58 0.007774 158368713927 1
problem59 2.06567 169291850175 1
problem60 0.595948 161061162039 1
problem61 3.99952 159304975407 1
problem62 2.38932 148655014311 1
problem63 1.13927 149174484127 1
problem64 0.128966 152620903703 1
problem65 0.170331 155706411791 1
problem66 5.57882 151708634759 1
problem67 1.06679 162976018303 1
problem68 3.71079 158500840951 1
problem69 0.490433 153852176879 1
problem70 0.405595 155105915751 1
problem71 0.159718 156017277535 1
problem72 0.055509 155015608023 1
problem73 0.210817 169338659023 1
problem74 6.03182 159199047751 1
problem75 1.59849 150685228351 1
problem76 1.14122 169641959351 1
problem77 2.64405 150678548399 1
problem78 1.29249 159399331111 1
problem79 2.3047 159996762143 1
problem80 1.19827 153780363415 1
problem81 0.454881 150562657935 1
problem82 0.37882 145640305159 1
problem83 0.399894 161292020479 1
problem84 1.16501 154016823671 1
problem85 1.46437 144934425967 1
problem86 0.208839 159822935783 1
problem87 0.554959 151532099039 1
problem88 0.117703 159114668631 1
problem89 0.93451 152712129615 1
problem90 0.38311 164282241991 1
problem91 0.496049 155352111295 1
problem92 0.292221 157459739447 1
problem93 0.238493 160090086191 1
problem94 0.340186 150772091047 1
problem95 0.011513 157952324511 1
problem96 2.76231 160145839127 1
problem97 1.43641 171541389839 1
problem98 0.321717 152813229447 1
problem99 0.192451 147510961791 1
