problem0 0.38 137861 5 224930296 6.95315e-310 0.00
problem1 0.22 172737 5 224930296 6.95315e-310 0.00
problem2 0.2 108755 5 224930296 6.95315e-310 0.00
problem3 1.31 147479 5 224930296 6.95315e-310 0.00
problem4 0.13 141210 5 224930296 6.95315e-310 0.00
problem5 0.08 129966 5 224930296 6.95315e-310 0.00
problem6 1.27 143083 5 224930296 6.95315e-310 0.00
problem7 0.16 146375 5 224930296 6.95315e-310 0.00
problem8 0.08 142335 5 224930296 6.95315e-310 0.00
problem9 0.94 146425 5 224930296 6.95315e-310 0.00
problem10 0.19 119657 5 224930296 6.95315e-310 0.00
problem11 0.21 148968 5 224930296 6.95315e-310 0.00
problem12 0.4 117583 5 224930296 6.95315e-310 0.00
problem13 1.19 140171 5 224930296 6.95315e-310 0.00
problem14 1.52 145910 5 224930296 6.95315e-310 0.00
problem15 2.12 131601 5 224930296 6.95315e-310 0.00
problem16 0.31 152503 5 224930296 6.95315e-310 0.00
problem17 0.33 138518 5 224930296 6.95315e-310 0.00
problem18 0.15 139888 5 224930296 6.95315e-310 0.00
problem19 0.83 150689 5 224930296 6.95315e-310 0.00
problem20 0.12 136052 5 224930296 6.95315e-310 0.00
problem21 0.26 117811 5 224930296 6.95315e-310 0.00
problem22 0.36 121648 5 224930296 6.95315e-310 0.00
problem23 0.62 146173 5 224930296 6.95315e-310 0.00
problem24 0.3 131948 5 224930296 6.95315e-310 0.00
problem25 0.11 141768 5 224930296 6.95315e-310 0.00
problem26 0.42 133048 5 224930296 6.95315e-310 0.00
problem27 1.38 145356 5 224930296 6.95315e-310 0.00
problem28 0.38 123808 5 224930296 6.95315e-310 0.00
problem29 1.03 143028 5 224930296 6.95315e-310 0.00
problem30 0.69 135857 5 224930296 6.95315e-310 0.00
problem31 0.53 124561 5 224930296 6.95315e-310 0.00
problem32 0.13 146212 5 224930296 6.95315e-310 0.00
problem33 0.78 148899 5 224930296 6.95315e-310 0.00
problem34 0.22 128251 5 224930296 6.95315e-310 0.00
problem35 0.17 140237 5 224930296 6.95315e-310 0.00
problem36 0.82 153656 5 224930296 6.95315e-310 0.00
problem37 0.36 135701 5 224930296 6.95315e-310 0.00
problem38 0.68 108414 5 224930296 6.95315e-310 0.00
problem39 0.43 146879 5 224930296 6.95315e-310 0.00
problem40 0.48 137041 5 224930296 6.95315e-310 0.00
problem41 0.58 145323 5 224930296 6.95315e-310 0.00
problem42 0.29 147345 5 224930296 6.95315e-310 0.00
problem43 0.2 120789 5 224930296 6.95315e-310 0.00
problem44 1.82 130946 5 224930296 6.95315e-310 0.00
problem45 0.21 139525 5 224930296 6.95315e-310 0.00
problem46 0.17 126714 5 224930296 6.95315e-310 0.00
problem47 0.44 147570 5 224930296 6.95315e-310 0.00
problem48 0.71 133552 5 224930296 6.95315e-310 0.00
problem49 0.35 131051 5 224930296 6.95315e-310 0.00
problem50 0.22 139363 5 224930296 6.95315e-310 0.00
problem51 0.08 130701 5 224930296 6.95315e-310 0.00
problem52 0.27 157596 5 224930296 6.95315e-310 0.00
problem53 0.29 132646 5 224930296 6.95315e-310 0.00
problem54 0.47 168912 5 224930296 6.95315e-310 0.00
problem55 0.54 133923 5 224930296 6.95315e-310 0.00
problem56 0.17 157590 5 224930296 6.95315e-310 0.00
problem57 0.37 157062 5 224930296 6.95315e-310 0.00
problem58 0.41 147995 5 224930296 6.95315e-310 0.00
problem59 0.21 133564 5 224930296 6.95315e-310 0.00
problem60 1.01 124434 5 224930296 6.95315e-310 0.00
problem61 0.33 144208 5 224930296 6.95315e-310 0.00
problem62 0.16 125768 5 224930296 6.95315e-310 0.00
problem63 0.17 135069 5 224930296 6.95315e-310 0.00
problem64 0.5 150921 5 224930296 6.95315e-310 0.00
problem65 0.19 143245 5 224930296 6.95315e-310 0.00
problem66 0.57 129553 5 224930296 6.95315e-310 0.00
problem67 1.28 143928 5 224930296 6.95315e-310 0.00
problem68 0.52 155177 5 224930296 6.95315e-310 0.00
problem69 0.12 152346 5 224930296 6.95315e-310 0.00
problem70 0.35 121085 5 224930296 6.95315e-310 0.00
problem71 0.29 136446 5 224930296 6.95315e-310 0.00
problem72 0.12 135367 5 224930296 6.95315e-310 0.00
problem73 0.19 155148 5 224930296 6.95315e-310 0.00
problem74 0.38 142271 5 224930296 6.95315e-310 0.00
problem75 0.2 125387 5 224930296 6.95315e-310 0.00
problem76 0.34 133373 5 224930296 6.95315e-310 0.00
problem77 0.7 149807 5 224930296 6.95315e-310 0.00
problem78 0.27 147580 5 224930296 6.95315e-310 0.00
problem79 0.34 130770 5 224930296 6.95315e-310 0.00
problem80 0.47 125509 5 224930296 6.95315e-310 0.00
problem81 1.11 141798 5 224930296 6.95315e-310 0.00
problem82 2.01 149769 5 224930296 6.95315e-310 0.00
problem83 0.44 128924 5 224930296 6.95315e-310 0.00
problem84 0.2 139096 5 224930296 6.95315e-310 0.00
problem85 0.26 136561 5 224930296 6.95315e-310 0.00
problem86 0.13 161553 5 224930296 6.95315e-310 0.00
problem87 2.13 110758 5 224930296 6.95315e-310 0.00
problem88 0.03 135896 5 224930296 6.95315e-310 0.00
problem89 0.55 139581 5 224930296 6.95315e-310 0.00
problem90 0.11 137450 5 224930296 6.95315e-310 0.00
problem91 0.09 147252 5 224930296 6.95315e-310 0.00
problem92 0.59 128672 5 224930296 6.95315e-310 0.00
problem93 0.37 156310 5 224930296 6.95315e-310 0.00
problem94 0.92 141175 5 224930296 6.95315e-310 0.00
problem95 0.2 149221 5 224930296 6.95315e-310 0.00
problem96 0.14 115575 5 224930296 6.95315e-310 0.00
problem97 0.3 148522 5 224930296 6.95315e-310 0.00
problem98 0.19 119920 5 224930296 6.95315e-310 0.00
problem99 0.3 122129 5 224930296 6.95315e-310 0.00
