problem0 0.16 742596096437 1
problem1 0.46 728768823295 1
problem2 0.08 737875328738 1
problem3 0.02 716038137080 1
problem4 0.02 709756267127 1
problem5 0.11 709686842041 1
problem6 0.16 676457893812 1
problem7 0 660794431362 1
problem8 0.28 777754977241 1
problem9 0.15 754643694483 1
problem10 0.02 736630425126 1
problem11 0.07 734881474860 1
problem12 0.01 742144905179 1
problem13 0 766230645901 1
problem14 0.04 834081842232 1
problem15 0.25 704300880886 1
problem16 0.21 804602151037 1
problem17 0.38 725858920359 1
problem18 0.38 738576288746 1
problem19 0.06 718253355488 1
problem20 0.03 749611755455 1
problem21 0 763571400417 1
problem22 0.15 762048757564 1
problem23 0.16 754885147882 1
problem24 0.02 652688644001 1
problem25 0.03 670785743931 1
problem26 0.23 715487060014 1
problem27 0.15 727605923604 1
problem28 0.15 699148173859 1
problem29 0 797461907893 1
problem30 0.48 780524056768 1
problem31 0.03 712322130526 1
problem32 0.02 654357281093 1
problem33 0.02 670791618895 1
problem34 0.01 788932907762 1
problem35 0.04 722107060424 1
problem36 0.12 710197587719 1
problem37 0.12 817029573897 1
problem38 0.26 745274181828 1
problem39 0.04 701906195538 1
problem40 0.4 697807254889 1
problem41 0.03 723023554275 1
problem42 0.24 714753930294 1
problem43 0.03 763578271484 1
problem44 0.13 702371708523 1
problem45 0.02 756599187677 1
problem46 0.1 760836691784 1
problem47 0.05 745806488262 1
problem48 0.09 693874023437 1
problem49 0.18 691372506359 1
problem50 0.79 735078487034 1
problem51 0.01 692212072880 1
problem52 0.04 685935444047 1
problem53 0.08 714894560561 1
problem54 0.25 720761629772 1
problem55 0 654673534394 1
problem56 0.56 760012455217 1
problem57 0.05 727870907275 1
problem58 0.05 795703820862 1
problem59 0.05 737652723940 1
problem60 0.24 737282802867 1
problem61 0.01 670517914117 1
problem62 0.06 757983303632 1
problem63 0.03 693547914542 1
problem64 0.5 765000935637 1
problem65 0.08 725709286047 1
problem66 0.13 658574708482 1
problem67 0.03 716093195416 1
problem68 0.93 818317581207 1
problem69 0.23 768794136409 1
problem70 0.13 702651967956 1
problem71 0.05 724263508258 1
problem72 0.4 767669759737 1
problem73 0.01 629233082931 1
problem74 0.33 759036283462 1
problem75 0.11 738261101772 1
problem76 0.6 718911706363 1
problem77 0.01 706806123821 1
problem78 0.01 733563761240 1
problem79 0.01 732038166934 1
problem80 0.27 704681336733 1
problem81 0.17 763401034311 1
problem82 0.33 719779546122 1
problem83 0.01 769708841344 1
problem84 0.29 659312148703 1
problem85 0.03 643277730689 1
problem86 0.03 770762572124 1
problem87 0.24 713322219146 1
problem88 0.61 774766185153 1
problem89 0.07 640811868891 1
problem90 0.2 782814497870 1
problem91 0.01 679790484148 1
problem92 0.16 701365497667 1
problem93 0.09 717021532757 1
problem94 0.03 726732711648 1
problem95 0.01 822552973310 1
problem96 0 771363029093 1
problem97 0.02 700180401135 1
problem98 0.08 734927205138 1
problem99 0.03 646181421160 1
