problem0 18.45 1663049259946928 43 1 1.6 1749252.00
problem1 16.58 1485339057904360 39 1 1.90 1749628.00
problem2 17.97 1767169545573141 72 1 1.09 1749636.00
problem3 16.05 1812238852041721 30 1 1.29 1749636.00
problem4 17.14 1469380291509289 38 1 2.40 1749636.00
problem5 15.81 1921598319650449 26 1 1.07 1749636.00
problem6 15.76 1877290463162048 85 1 1.09 1749628.00
problem7 15.90 1720078004642389 24 1 1.23 1749636.00
problem8 21.37 1715020412254655 66 1 1.94 1749636.00
problem9 15.87 1901824194556967 92 1 1.15 1749636.00
problem10 17.87 1313295219520637 51 1 2.52 1749636.00
problem11 16.28 1757107885712270 95 1 1.53 1749636.00
problem12 16.15 1554978678961314 21 1 1.42 1749636.00
problem13 40.32 1647291098536884 53 1 1.81 1749636.00
problem14 17.22 1364853895579584 59 1 1.11 1749636.00
problem15 21.47 1561133751441072 57 1 3.03 1749636.00
problem16 16.68 1624949829362880 93 1 1.47 1749636.00
problem17 20.19 1874521833043632 75 1 1.47 1749636.00
problem18 20.62 1652771193887480 90 1 1.74 1749636.00
problem19 17.09 1810017254478449 40 1 1.21 1749636.00
problem20 15.93 1542124350592915 48 1 1.39 1749640.00
problem21 17.76 1859047605266188 98 1 1.40 1749636.00
problem22 17.83 1640814927171694 30 1 1.47 1749636.00
problem23 34.43 1581749024851030 44 1 1.29 1749636.00
problem24 21.97 1839229434419906 89 1 1.46 1749636.00
problem25 18.27 2002767682037819 94 1 1.51 1749636.00
problem26 18.43 1654963299385815 40 1 1.51 1749636.00
problem27 16.48 1484758273470622 65 1 1.94 1749636.00
problem28 20.03 1465339044974074 75 1 3.08 1749636.00
problem29 23.19 1827340666635840 96 1 1.12 1749636.00
problem30 17.77 1580483623836911 40 1 1.89 1749636.00
problem31 17.00 1440197839760409 57 1 1.86 1749636.00
problem32 19.54 1479133479738576 42 1 2.18 1749636.00
problem33 17.53 1837856709938856 85 1 1.25 1749636.00
problem34 15.98 1810810860348904 52 1 1.38 1749636.00
problem35 17.73 1490085237538478 64 1 2.45 1749636.00
problem36 16.38 1775653250334325 63 1 1.29 1749636.00
problem37 15.93 1868072509031490 62 1 1.34 1749636.00
problem38 17.79 1592782613777321 61 1 2.30 1749636.00
problem39 16.05 1620281283999057 87 1 1.29 1749636.00
problem40 16.62 1472227665269001 57 1 1.63 1749636.00
problem41 16.23 1747814866558094 51 1 1.50 1749636.00
problem42 16.02 1453261297875355 30 1 1.30 1749636.00
problem43 17.56 1653837469863406 69 1 1.82 1749636.00
problem44 18.37 1686940714113129 67 1 1.30 1749636.00
problem45 16.95 1407434294188806 47 1 1.78 1749636.00
problem46 16.59 1755475366815195 22 1 1.47 1749636.00
problem47 16.47 1707293286758157 21 1 1.73 1749636.00
problem48 20.27 1420960019882889 72 1 5.11 1749636.00
problem49 16.63 1897052292353166 61 1 1.22 1749636.00
problem50 17.09 1396098037519200 48 1 1.93 1749636.00
problem51 17.50 1732179878909149 91 1 1.65 1749636.00
problem52 16.12 1744377607381572 47 1 1.42 1749636.00
problem53 19.56 1550365280518697 49 1 1.92 1749636.00
problem54 16.81 1639244334154316 59 1 1.32 1749636.00
problem55 18.50 1689842388077830 51 1 1.42 1749636.00
problem56 20.30 1608170112267802 85 1 1.61 1749636.00
problem57 15.93 2000072713219431 73 1 1.20 1749636.00
problem58 21.11 1717325067264587 72 1 1.31 1749640.00
problem59 18.38 1655893563768730 85 1 1.28 1749636.00
problem60 17.28 1748564570309129 19 1 1.65 1749636.00
problem61 16.22 1597299986625465 33 1 1.67 1749636.00
problem62 15.81 1679881459292402 100 1 1.23 1749636.00
problem63 16.94 1643192386030695 48 1 1.88 1749636.00
problem64 17.39 1695267281862464 61 1 1.49 1749636.00
problem65 15.89 1919607765869778 38 1 1.31 1749636.00
problem66 23.61 1653613821097786 90 1 2.12 1749636.00
problem67 15.59 1776666418334670 40 1 1.07 1749636.00
problem68 16.75 1635136015518357 34 1 2.22 1749636.00
problem69 17.71 1471889866339290 76 1 1.70 1749636.00
problem70 15.85 1665360178959035 47 1 1.30 1749636.00
problem71 20.91 1623709223818515 81 1 1.48 1749636.00
problem72 18.07 1531471199487959 64 1 1.35 1749636.00
problem73 19.07 1490695138775204 22 1 2.55 1749636.00
problem74 15.97 1746549878091775 43 1 1.43 1749636.00
problem75 18.63 1565271365095645 55 1 2.10 1749636.00
problem76 17.65 1650681987063016 36 1 1.32 1749636.00
problem77 22.10 1615450190825752 44 1 1.64 1749636.00
problem78 15.88 1545075980142956 33 1 1.37 1749636.00
problem79 16.31 1563307871203000 30 1 1.52 1749636.00
problem80 15.86 1822314934477031 24 1 1.30 1749636.00
problem81 16.73 1681762850228632 22 1 1.24 1749636.00
problem82 19.36 1626017517755678 65 1 1.89 1749636.00
problem83 23.51 1617075562398520 75 1 2.30 1749636.00
problem84 42.49 1613876347727290 46 1 2.16 1749636.00
problem85 22.28 1685138283079237 54 1 3.11 1749636.00
problem86 23.05 1605768261826344 34 1 1.40 1749636.00
problem87 17.27 1515742931916552 43 1 1.49 1749640.00
problem88 20.90 1631554538488926 58 1 2.22 1749636.00
problem89 17.39 1744695108413036 65 1 2.86 1749636.00
problem90 15.77 1945340187852300 88 1 1.24 1749636.00
problem91 18.47 1787268684640465 79 1 2.16 1749640.00
problem92 19.13 1443242359838894 56 1 1.58 1749636.00
problem93 17.54 1574300306774093 59 1 2.30 1749636.00
problem94 17.52 1662279775829140 26 1 1.53 1749636.00
problem95 17.48 1691793012626517 59 1 1.70 1749636.00
problem96 21.39 1723684391635874 41 1 1.68 1749636.00
problem97 20.12 1431447754046319 62 1 1.67 1749636.00
problem98 23.56 1672083851195906 55 1 1.49 1749636.00
problem99 15.94 1788997248247615 40 1 1.25 1749636.00
