problem0 1.48 7191674 1 3668.00
problem1 0.44 8152152 1 4372.00
problem2 0.44 7699895 1 4372.00
problem3 0.80 7034929 1 4372.00
problem4 0.00 7012476 1 4372.00
problem5 1.59 6731250 1 4372.00
problem6 0.00 7275017 1 4372.00
problem7 0.00 8358363 1 4372.00
problem8 2.21 6279582 1 4372.00
problem9 0.00 6343212 1 4372.00
problem10 0.76 7610491 1 4372.00
problem11 0.00 7333669 1 4372.00
problem12 0.89 7492064 1 4372.00
problem13 0.39 8116998 1 4372.00
problem14 0.00 7621389 1 4372.00
problem15 0.00 7518735 1 4372.00
problem16 0.00 7848770 1 4372.00
problem17 0.40 7717504 1 4372.00
problem18 0.86 7541695 1 3676.00
problem19 0.00 7859353 1 3676.00
problem20 0.00 6195140 1 3676.00
problem21 0.00 6748826 1 3676.00
problem22 1.17 8006801 1 4380.00
problem23 0.47 7276739 1 4380.00
problem24 0.59 8135014 1 4380.00
problem25 0.38 7904596 1 4380.00
problem26 1.53 7825283 1 4380.00
problem27 0.76 7682189 1 4380.00
problem28 1.19 8073768 1 4380.00
problem29 0.00 7234734 1 4380.00
problem30 0.71 7779989 1 4380.00
problem31 0.00 7292407 1 4380.00
problem32 2.33 6650890 1 3672.00
problem33 0.00 6597288 1 3672.00
problem34 0.43 8137671 1 4376.00
problem35 0.00 7314177 1 4376.00
problem36 0.68 7463180 1 4376.00
problem37 0.74 8022338 1 4376.00
problem38 1.15 6945049 1 4376.00
problem39 0.58 7618987 1 4376.00
problem40 2.09 5661486 1 4376.00
problem41 0.00 7813756 1 4376.00
problem42 0.00 7499915 1 4376.00
problem43 0.00 7660533 1 4376.00
problem44 0.27 8266864 1 4376.00
problem45 0.00 8476758 1 4376.00
problem46 0.56 8520733 1 4376.00
