problem0 0 45199572698 1
problem1 0 51584134536 1
problem2 0 50671905286 1
problem3 0 53121098708 1
problem4 0.02 45411524210 1
problem5 0.01 46166020448 1
problem6 0 48316368926 1
problem7 0 46451655212 1
problem8 0 55710716682 1
problem9 0 54203318840 1
problem10 0 51347286838 1
problem11 0 51845389700 1
problem12 0 51729579170 1
problem13 0 52832182288 1
problem14 0 52201173838 1
problem15 0.01 50406921692 1
problem16 0 50633849658 1
problem17 0 53321222888 1
problem18 0 52815954022 1
problem19 0 48728869684 1
problem20 0 50615545554 1
problem21 0 52442751680 1
problem22 0 47744692862 1
problem23 0 50261532044 1
problem24 0 50111264618 1
problem25 0 48536962968 1
problem26 0 48339954070 1
problem27 0 50573323492 1
problem28 0.01 50109052162 1
problem29 0 53549586800 1
problem30 0 51372017070 1
problem31 0.01 48985774396 1
problem32 0 53502478234 1
problem33 0 51650885704 1
problem34 0 49791461062 1
problem35 0 47592063636 1
problem36 0 50754506546 1
problem37 0 48317400096 1
problem38 0 52350119134 1
problem39 0 52691470572 1
problem40 0 52000697290 1
problem41 0.01 49888910584 1
problem42 0 56245827574 1
problem43 0 50722458692 1
problem44 0 47480143202 1
problem45 0.01 45541319376 1
problem46 0 53321607182 1
problem47 0 47814962332 1
problem48 0 55207928826 1
problem49 0 53952476584 1
problem50 0 50491923750 1
problem51 0.01 48407824884 1
problem52 0 49730682770 1
problem53 0 51051099520 1
problem54 0 48561452862 1
problem55 0 51314541644 1
problem56 0 42548162602 1
problem57 0 53726691928 1
problem58 0 48155825750 1
problem59 0 54647372708 1
problem60 0 47912900034 1
problem61 0.01 44894108720 1
problem62 0 53773326958 1
problem63 0 47051247612 1
problem64 0 48898281562 1
problem65 0 51297895176 1
problem66 0 44819030918 1
problem67 0 55040680276 1
problem68 0.01 48560668658 1
problem69 0 54081337056 1
problem70 0 47839105438 1
problem71 0 47797456812 1
problem72 0 58019185802 1
problem73 0.01 55316510648 1
problem74 0 49036018870 1
problem75 0 51616414468 1
problem76 0 53665431074 1
problem77 0 52460971408 1
problem78 0 46638619854 1
problem79 0 46650065756 1
problem80 0.01 52753222842 1
problem81 0 53885067368 1
problem82 0 47706077670 1
problem83 0 51826477236 1
problem84 0.01 50744086610 1
problem85 0 47423047744 1
problem86 0 52315356158 1
problem87 0.01 47900568332 1
problem88 0 53410457834 1
problem89 0 58313178392 1
problem90 0 48754541334 1
problem91 0 48950217316 1
problem92 0 52299003522 1
problem93 0 53861211888 1
problem94 0 48713051950 1
problem95 0 48513009340 1
problem96 0 50928245018 1
problem97 0.01 49162014152 1
problem98 0 49725841478 1
problem99 0 49743282196 1
