problem0 0.04 2583331542 1
problem1 0.02 2696218294 1
problem2 0.09 3228931734 1
problem3 0.01 2284302966 1
problem4 0.01 2355550806 1
problem5 0.18 2776534582 1
problem6 0.03 3177860630 1
problem7 0.01 2782239222 1
problem8 0.07 2652631510 1
problem9 0.16 2974340534 1
problem10 0.08 2753021334 1
problem11 0.04 2599698806 1
problem12 0.12 2952382806 1
problem13 0 2566118710 1
problem14 0 2640182550 1
problem15 0 3160647926 1
problem16 0.01 2329960662 1
problem17 0.21 2707399862 1
problem18 0.01 2719806614 1
problem19 0.03 2936262774 1
problem20 0.15 2410657878 1
problem21 0.06 2808884278 1
problem22 0.07 3140791318 1
problem23 0.01 2947856374 1
problem24 0.01 2940719062 1
problem25 0.27 2415489974 1
problem26 0.08 2575639446 1
problem27 0.01 2606129014 1
problem28 0.25 2861082454 1
problem29 0.07 2951183158 1
problem30 0.01 2649643798 1
problem31 0.02 3066611446 1
problem32 0.15 2589081302 1
problem33 0.01 2350269110 1
problem34 0.01 2706395798 1
problem35 0.23 2397826678 1
problem36 0.22 2676266582 1
problem37 0 2842020406 1
problem38 0.1 2760575510 1
problem39 0.03 2157958646 1
problem40 0.02 2734665174 1
problem41 0.02 2763395510 1
problem42 0.08 2692645270 1
problem43 0.01 2294578550 1
problem44 0 2913174870 1
problem45 0.01 2733054262 1
problem46 0.15 2785720598 1
problem47 0.29 3023693046 1
problem48 0.03 2689604822 1
problem49 0.01 3369656502 1
problem50 0.02 3188699286 1
problem51 0.08 2682260598 1
problem52 0.08 2883941462 1
problem53 0.02 2607507510 1
problem54 0.11 2708301846 1
problem55 0.13 2560029686 1
problem56 0.11 2839776214 1
problem57 0.1 2541662134 1
problem58 0.04 2432950166 1
problem59 0.01 2470353782 1
problem60 0.14 2840224598 1
problem61 0 2582820662 1
problem62 0.02 2645759766 1
problem63 0 2495021814 1
problem64 0.03 2899966678 1
problem65 0.15 3349642934 1
problem66 0.16 3227192982 1
problem67 0.18 2447387254 1
problem68 0 3033682518 1
problem69 0.13 2507998774 1
problem70 0 2715534870 1
problem71 0.18 2677674486 1
problem72 0.13 2853398998 1
problem73 0.02 2958249398 1
problem74 0.06 2601860502 1
problem75 0.01 2865019254 1
problem76 0.03 2508013910 1
problem77 0 2500482358 1
problem78 0.06 2498196758 1
problem79 0.02 2285904118 1
problem80 0 2414860502 1
problem81 0.2 2424446134 1
problem82 0.42 2553441430 1
problem83 0.07 2766948470 1
problem84 0.07 2991272022 1
problem85 0.03 2677711926 1
problem86 0.01 2379621398 1
problem87 0.01 2645110774 1
problem88 0.01 3178186710 1
problem89 0.01 2670980022 1
problem90 0 2930940822 1
problem91 0.02 2539050870 1
problem92 0.01 2453413718 1
problem93 0.23 2351821622 1
problem94 0.1 2611467030 1
problem95 0.01 2530557686 1
problem96 0 2844899030 1
problem97 0.03 3009985206 1
problem98 0 2375404182 1
problem99 0.04 2567202422 1
