problem0 0 120437882 1
problem1 0 111961176 1
problem2 0 129334711 1
problem3 0 126572593 1
problem4 0 116588668 1
problem5 0 122074610 1
problem6 0 121307657 1
problem7 0 114002395 1
problem8 0 115593630 1
problem9 0 105171500 1
problem10 0 119808123 1
problem11 0 111666981 1
problem12 0 117592544 1
problem13 0 116906758 1
problem14 0 120081165 1
problem15 0 121813519 1
problem16 0 101696322 1
problem17 0 129876608 1
problem18 0 140186559 1
problem19 0 113503385 1
problem20 0 139364292 1
problem21 0 98237082 1
problem22 0 129903761 1
problem23 0 126027971 1
problem24 0 111419750 1
problem25 0 116694356 1
problem26 0 120809347 1
problem27 0 122763405 1
problem28 0 102445608 1
problem29 0 128607406 1
problem30 0 114210453 1
problem31 0 111363575 1
problem32 0 117799946 1
problem33 0 131115688 1
problem34 0 113781703 1
problem35 0 127638273 1
problem36 0 113107212 1
problem37 0 126511426 1
problem38 0 114161945 1
problem39 0 133448107 1
problem40 0 118121262 1
problem41 0 130235004 1
problem42 0 121008267 1
problem43 0 138994677 1
problem44 0 127804528 1
problem45 0 109664342 1
problem46 0 118621213 1
problem47 0 117492703 1
problem48 0 112944850 1
problem49 0 109550800 1
problem50 0 119358927 1
problem51 0 119071593 1
problem52 0 112561236 1
problem53 0 111116778 1
problem54 0 118679457 1
problem55 0 126727315 1
problem56 0 122885878 1
problem57 0 98771364 1
problem58 0 115194771 1
problem59 0 124086621 1
problem60 0 122661048 1
problem61 0 120534526 1
problem62 0 111850405 1
problem63 0 123325383 1
problem64 0 121504666 1
problem65 0 107288824 1
problem66 0 110813655 1
problem67 0 132269521 1
problem68 0 134875548 1
problem69 0 113558674 1
problem70 0 114653225 1
problem71 0 119398779 1
problem72 0 123387070 1
problem73 0 111596236 1
problem74 0 121227419 1
problem75 0 127748293 1
problem76 0 127155968 1
problem77 0 114720166 1
problem78 0 124863789 1
problem79 0 105694639 1
problem80 0 121229922 1
problem81 0 105619232 1
problem82 0 111247327 1
problem83 0 125715001 1
problem84 0 112187620 1
problem85 0 126136634 1
problem86 0 108931761 1
problem87 0 122898531 1
problem88 0 115201158 1
problem89 0 117493236 1
problem90 0 125507491 1
problem91 0 122094125 1
problem92 0 116418376 1
problem93 0 102346574 1
problem94 0 123615413 1
problem95 0 114833815 1
problem96 0 117134122 1
problem97 0 113094472 1
problem98 0 133275623 1
problem99 0 110319777 1
