problem0 64.07 1144770443833448 140733554141368 4 1.16637e-312 0.00
problem1 47.05 1124838751679547 140733554141368 4 1.16637e-312 0.00
problem2 75.85 1205004038218046 140733554141368 4 1.16637e-312 0.00
problem3 196.74 1233272189008250 140733554141368 4 1.16637e-312 0.00
problem4 97.04 1286497525535879 140733554141368 4 1.16637e-312 0.00
problem5 161.04 1193316415340421 140733554141368 4 1.16637e-312 0.00
problem6 111.29 1162388377686681 140733554141368 4 1.16637e-312 0.00
problem7 112.07 1204539694644326 140733554141368 4 1.16637e-312 0.00
problem8 272.34 1262902872854107 140733554141368 4 1.16637e-312 0.00
problem9 106.13 1112429276621399 140733554141368 4 1.16637e-312 0.00
problem10 148.31 1336840993037675 140733554141368 4 1.16637e-312 0.00
problem11 130.45 1153492524909184 140733554141368 4 1.16637e-312 0.00
problem12 78.33 1072023330514326 140733554141368 4 1.16637e-312 0.00
problem13 125.21 1275870440167835 140733554141368 4 1.16637e-312 0.00
problem14 86.73 1103735373527491 140733554141368 4 1.16637e-312 0.00
problem15 124.68 1208960465014871 140733554141368 4 1.16637e-312 0.00
problem16 149.5 1058021110484047 140733554141368 4 1.16637e-312 0.00
problem17 64.6 964609943070427 140733554141368 4 1.16637e-312 0.00
problem18 70.32 1034491716931449 140733554141368 4 1.16637e-312 0.00
problem19 54.06 1091174502420740 140733554141368 4 1.16637e-312 0.00
problem20 89.75 1165627191457627 140733554141368 4 1.16637e-312 0.00
problem21 74.59 1081933046231722 140733554141368 4 1.16637e-312 0.00
problem22 118.58 1057394035151245 140733554141368 4 1.16637e-312 0.00
problem23 35.11 1141554001194171 140733554141368 4 1.16637e-312 0.00
problem24 124.47 1254639366908912 140733554141368 4 1.16637e-312 0.00
problem25 170.66 1054737652210248 140733554141368 4 1.16637e-312 0.00
problem26 102.17 1225588964403837 140733554141368 4 1.16637e-312 0.00
problem27 62.55 1122009255128612 140733554141368 4 1.16637e-312 0.00
problem28 135.76 1152623004015470 140733554141368 4 1.16637e-312 0.00
problem29 140.09 1279782328639437 140733554141368 4 1.16637e-312 0.00
problem30 112.96 1051049100734369 140733554141368 4 1.16637e-312 0.00
problem31 54.39 1209962762012891 140733554141368 4 1.16637e-312 0.00
problem32 68.3 1231400133385359 140733554141368 4 1.16637e-312 0.00
problem33 147.97 1181411977888651 140733554141368 4 1.16637e-312 0.00
problem34 75.19 1147715861452223 140733554141368 4 1.16637e-312 0.00
problem35 520.09 1171815700284474 140733554141368 4 1.16637e-312 0.00
problem36 46.9 1119168841877138 140733554141368 4 1.16637e-312 0.00
problem37 96.88 1136619892120486 140733554141368 4 1.16637e-312 0.00
problem38 279.87 1157986478087429 140733554141368 4 1.16637e-312 0.00
problem39 175.57 1111698842039489 140733554141368 4 1.16637e-312 0.00
problem40 122.15 1242601985787743 140733554141368 4 1.16637e-312 0.00
problem41 112.97 1312110575818616 140733554141368 4 1.16637e-312 0.00
problem42 40.33 1146571186323998 140733554141368 4 1.16637e-312 0.00
problem43 156.1 1190667971058112 140733554141368 4 1.16637e-312 0.00
problem44 20.57 1028227729824966 140733554141368 4 1.16637e-312 0.00
problem45 84.97 1237530252881916 140733554141368 4 1.16637e-312 0.00
problem46 83.02 970468934621174 140733554141368 4 1.16637e-312 0.00
problem47 141 1037190516644591 140733554141368 4 1.16637e-312 0.00
problem48 53.03 1226231196597401 140733554141368 4 1.16637e-312 0.00
problem49 123.29 1302732539461103 140733554141368 4 1.16637e-312 0.00
problem50 216.52 1367835557847516 140733554141368 4 1.16637e-312 0.00
problem51 142.44 1245322989074885 140733554141368 4 1.16637e-312 0.00
problem52 22.5 1008610447319642 140733554141368 4 1.16637e-312 0.00
problem53 134.56 1166471189939035 140733554141368 4 1.16637e-312 0.00
problem54 76.26 1063165713062915 140733554141368 4 1.16637e-312 0.00
problem55 91.84 994416582703136 140733554141368 4 1.16637e-312 0.00
problem56 46.85 1523212838572143 140733554141368 4 1.16637e-312 0.00
problem57 260.45 1128407466020510 140733554141368 4 1.16637e-312 0.00
problem58 255.28 1435238443276018 140733554141368 4 1.16637e-312 0.00
problem59 111.37 1087943158182705 140733554141368 4 1.16637e-312 0.00
problem60 86.77 1281227891261485 140733554141368 4 1.16637e-312 0.00
problem61 65.63 1270403380596706 140733554141368 4 1.16637e-312 0.00
problem62 135.36 997896471654585 140733554141368 4 1.16637e-312 0.00
problem63 89.72 1207867593797671 140733554141368 4 1.16637e-312 0.00
problem64 126.08 1121709190834187 140733554141368 4 1.16637e-312 0.00
problem65 111.25 1106161494961516 140733554141368 4 1.16637e-312 0.00
problem66 34.94 1000035751966237 140733554141368 4 1.16637e-312 0.00
problem67 111.41 1207943660931902 140733554141368 4 1.16637e-312 0.00
problem68 90.31 1094071701026262 140733554141368 4 1.16637e-312 0.00
problem69 114.56 1105087371151175 140733554141368 4 1.16637e-312 0.00
problem70 60.61 1171766376405550 140733554141368 4 1.16637e-312 0.00
problem71 121.94 1024692150221714 140733554141368 4 1.16637e-312 0.00
problem72 101.12 1228160267454579 140733554141368 4 1.16637e-312 0.00
problem73 106.76 1111523694032371 140733554141368 4 1.16637e-312 0.00
problem74 50.07 1075257784598605 140733554141368 4 1.16637e-312 0.00
problem75 110.22 1209490609726283 140733554141368 4 1.16637e-312 0.00
problem76 61.62 1019549945817617 140733554141368 4 1.16637e-312 0.00
problem77 90.73 1206676219078653 140733554141368 4 1.16637e-312 0.00
problem78 167.73 1202217810089587 140733554141368 4 1.16637e-312 0.00
problem79 89.8 1163682396805123 140733554141368 4 1.16637e-312 0.00
problem80 81.64 1222055550971244 140733554141368 4 1.16637e-312 0.00
problem81 61.4 1253297127567844 140733554141368 4 1.16637e-312 0.00
problem82 181.86 1142271742237349 140733554141368 4 1.16637e-312 0.00
problem83 104.66 1124358592643278 140733554141368 4 1.16637e-312 0.00
problem84 217.54 1005116579957852 140733554141368 4 1.16637e-312 0.00
problem85 63.43 1125401764609907 140733554141368 4 1.16637e-312 0.00
problem86 104.35 1137764187673530 140733554141368 4 1.16637e-312 0.00
problem87 148.54 1166753483678465 140733554141368 4 1.16637e-312 0.00
problem88 123.14 1213760818654527 140733554141368 4 1.16637e-312 0.00
problem89 102.2 869369235392442 140733554141368 4 1.16637e-312 0.00
problem90 59.57 1062809248297871 140733554141368 4 1.16637e-312 0.00
problem91 93.34 1108609678131688 140733554141368 4 1.16637e-312 0.00
problem92 58.64 1120391646903427 140733554141368 4 1.16637e-312 0.00
problem93 114.38 1266202710950249 140733554141368 4 1.16637e-312 0.00
problem94 45.19 1115272988196178 140733554141368 4 1.16637e-312 0.00
problem95 121.78 1223283238267491 140733554141368 4 1.16637e-312 0.00
problem96 107.25 1133433828910037 140733554141368 4 1.16637e-312 0.00
problem97 48.98 1291421470241543 140733554141368 4 1.16637e-312 0.00
problem98 55.38 1207743432286904 140733554141368 4 1.16637e-312 0.00
problem99 48 1192151011558249 140733554141368 4 1.16637e-312 0.00
