problem0 0 15892290 1
problem1 0 17320880 1
problem2 0 15657198 1
problem3 0 14509692 1
problem4 0 15001562 1
problem5 0 15828104 1
problem6 0 15738886 1
problem7 0 16347604 1
problem8 0 16356722 1
problem9 0 18692704 1
problem10 0 16997406 1
problem11 0 16525868 1
problem12 0 15525898 1
problem13 0 17354040 1
problem14 0 16704822 1
problem15 0 17100676 1
problem16 0 16727970 1
problem17 0 18717968 1
problem18 0 14492494 1
problem19 0 16196060 1
problem20 0 16055354 1
problem21 0 15272424 1
problem22 0 16545382 1
problem23 0 16392500 1
problem24 0 17202642 1
problem25 0.01 13923264 1
problem26 0 16203390 1
problem27 0 13716876 1
problem28 0 16786538 1
problem29 0 17119896 1
problem30 0 18602902 1
problem31 0 17041124 1
problem32 0 17453058 1
problem33 0 16563824 1
problem34 0 17608110 1
problem35 0 16100668 1
problem36 0 16867482 1
problem37 0 17325896 1
problem38 0 15209670 1
problem39 0 15048852 1
problem40 0 17151538 1
problem41 0 16874784 1
problem42 0 16281822 1
problem43 0 17776876 1
problem44 0 16494794 1
problem45 0 16611320 1
problem46 0.01 14950902 1
problem47 0 16379460 1
problem48 0 15970402 1
problem49 0 13479888 1
problem50 0 16615438 1
problem51 0 16320668 1
problem52 0 18486522 1
problem53 0 14648488 1
problem54 0 14877478 1
problem55 0 15986676 1
problem56 0 15679122 1
problem57 0 16537216 1
problem58 0 16184126 1
problem59 0 18744396 1
problem60 0 16747818 1
problem61 0 18974040 1
problem62 0 15710294 1
problem63 0 16688548 1
problem64 0 16474306 1
problem65 0 15757616 1
problem66 0 17805934 1
problem67 0 16331772 1
problem68 0 15669594 1
problem69 0 15104520 1
problem70 0.01 17645958 1
problem71 0 16584532 1
problem72 0 16979698 1
problem73 0 15532000 1
problem74 0 16434590 1
problem75 0 16095148 1
problem76 0 18069898 1
problem77 0 15819448 1
problem78 0 15113910 1
problem79 0 16919812 1
problem80 0 15819042 1
problem81 0 18154128 1
problem82 0 14888142 1
problem83 0 15609692 1
problem84 0 16805306 1
problem85 0 16072552 1
problem86 0 14077926 1
problem87 0 15793844 1
problem88 0 15810386 1
problem89 0 14907712 1
problem90 0 17033214 1
problem91 0 16120588 1
problem92 0 15218154 1
problem93 0 13963288 1
problem94 0 14210326 1
problem95 0 16548964 1
problem96 0 15053186 1
problem97 0 16999408 1
problem98 0 16774958 1
problem99 0.01 16251580 1
