problem0 0 12127673 1 0.00
problem1 0.00 11215350 1 0.00
problem2 0.00 12076538 1 0.00
problem3 0.00 11831835 1 0.00
problem4 0.00 12459283 1 0.00
problem5 0.00 12360056 1 0.00
problem6 0.00 12998980 1 0.00
problem7 0.00 12658509 1 0.00
problem8 0.00 13240013 1 0.00
problem9 0.00 11774170 1 0.00
problem10 0.00 13010926 1 0.00
problem11 0.00 13009247 1 0.00
problem12 0.00 12199143 1 0.00
problem13 0.00 12177948 1 0.00
problem14 0.00 11410424 1 0.00
problem15 0.00 12569169 1 0.00
problem16 0.00 12726625 1 0.00
problem17 0.00 14448446 1 0.00
problem18 0.00 13221730 1 0.00
problem19 0.00 11342883 1 0.00
problem20 0.00 11945531 1 0.00
problem21 0.00 12245568 1 0.00
problem22 0.00 12287020 1 0.00
problem23 0.00 13193429 1 0.00
problem24 0.00 13163893 1 0.00
problem25 0.00 11279650 1 0.00
problem26 0.00 11844694 1 0.00
problem27 0.00 11555431 1 0.00
problem28 0.00 13685007 1 0.00
problem29 0.00 13451748 1 0.00
problem30 0.00 14436832 1 0.00
problem31 0.00 12896985 1 0.00
problem32 0.00 11754249 1 0.00
problem33 0.00 13576838 1 0.00
problem34 0.00 12865226 1 0.00
problem35 0.00 11160619 1 0.00
problem36 0.00 12719459 1 0.00
problem37 0.00 11835656 1 0.00
problem38 0.00 11293972 1 0.00
problem39 0.00 13060189 1 0.00
problem40 0.00 12646941 1 0.00
problem41 0.00 12332906 1 0.00
problem42 0.00 10176190 1 0.00
problem43 0.00 11211119 1 0.00
problem44 0.00 11297591 1 0.00
problem45 0.00 12480428 1 0.00
problem46 0.00 12152264 1 0.00
