problem0 0 1241557 1 0.00
problem1 0.00 1407501 1 0.00
problem2 0.00 1483461 1 0.00
problem3 0.00 1647613 1 0.00
problem4 0.00 1521077 1 0.00
problem5 0.00 1544173 1 0.00
problem6 0.00 1501861 1 0.00
problem7 0.00 1539549 1 0.00
problem8 0.00 1573269 1 0.00
problem9 0.00 1584589 1 0.00
problem10 0.00 1456773 1 0.00
problem11 0.00 1499069 1 0.00
problem12 0.00 1660277 1 0.00
problem13 0.00 1594285 1 0.00
problem14 0.00 1413733 1 0.00
problem15 0.00 1558941 1 0.00
problem16 0.00 1683797 1 0.00
problem17 0.00 1540493 1 0.00
problem18 0.00 1634885 1 0.00
problem19 0.00 1555325 1 0.00
problem20 0.00 1545525 1 0.00
problem21 0.00 1554285 1 0.00
problem22 0.00 1563173 1 0.00
problem23 0.00 1553757 1 0.00
problem24 0.00 1507605 1 0.00
problem25 0.00 1570125 1 0.00
problem26 0.00 1591813 1 0.00
problem27 0.00 1488701 1 0.00
problem28 0.00 1438965 1 0.00
problem29 0.00 1555245 1 0.00
problem30 0.00 1393125 1 0.00
problem31 0.00 1491229 1 0.00
problem32 0.00 1700053 1 0.00
problem33 0.00 1476877 1 0.00
problem34 0.00 1425861 1 0.00
problem35 0.00 1561341 1 0.00
problem36 0.00 1471669 1 0.00
problem37 0.00 1531629 1 0.00
problem38 0.00 1460645 1 0.00
problem39 0.00 1469661 1 0.00
problem40 0.00 1573013 1 0.00
problem41 0.00 1555661 1 0.00
problem42 0.00 1530245 1 0.00
problem43 0.00 1380029 1 0.00
problem44 0.00 1447029 1 0.00
problem45 0.00 1483437 1 0.00
problem46 0.00 1536357 1 0.00
problem47 0.00 1489053 1 0.00
problem48 0.00 1716309 1 0.00
problem49 0.00 1609869 1 0.00
problem50 0.00 1511749 1 0.00
problem51 0.00 1534589 1 0.00
problem52 0.00 1397813 1 0.00
problem53 0.00 1574509 1 0.00
problem54 0.00 1423653 1 0.00
problem55 0.00 1516637 1 0.00
problem56 0.00 1605653 1 0.00
problem57 0.00 1672269 1 0.00
problem58 0.00 1730821 1 0.00
problem59 0.00 1599037 1 0.00
problem60 0.00 1520629 1 0.00
problem61 0.00 1542701 1 0.00
problem62 0.00 1482981 1 0.00
problem63 0.00 1585181 1 0.00
problem64 0.00 1535957 1 0.00
problem65 0.00 1611789 1 0.00
problem66 0.00 1401029 1 0.00
problem67 0.00 1507837 1 0.00
problem68 0.00 1487797 1 0.00
problem69 0.00 1388013 1 0.00
problem70 0.00 1550501 1 0.00
problem71 0.00 1367005 1 0.00
problem72 0.00 1769365 1 0.00
problem73 0.00 1592269 1 0.00
problem74 0.00 1439877 1 0.00
problem75 0.00 1457597 1 0.00
problem76 0.00 1528693 1 0.00
problem77 0.00 1405357 1 0.00
problem78 0.00 1462373 1 0.00
problem79 0.00 1615773 1 0.00
problem80 0.00 1453909 1 0.00
problem81 0.00 1449869 1 0.00
problem82 0.00 1486917 1 0.00
problem83 0.00 1513853 1 0.00
problem84 0.00 1545013 1 0.00
problem85 0.00 1594733 1 0.00
problem86 0.00 1546277 1 0.00
problem87 0.00 1479517 1 0.00
problem88 0.00 1474325 1 0.00
problem89 0.00 1348429 1 0.00
problem90 0.00 1509381 1 0.00
problem91 0.00 1676605 1 0.00
problem92 0.00 1569525 1 0.00
problem93 0.00 1464621 1 0.00
problem94 0.00 1408997 1 0.00
problem95 0.00 1679133 1 0.00
problem96 0.00 1437397 1 0.00
problem97 0.00 1419021 1 0.00
problem98 0.00 1474501 1 0.00
problem99 0.00 1519869 1 0.00
