problem0 0 342297 1 0.00
problem1 0.00 306321 1 0.00
problem2 0.00 302729 1 0.00
problem3 0.00 354049 1 0.00
problem4 0.00 310777 1 0.00
problem5 0.00 318321 1 0.00
problem6 0.00 309097 1 0.00
problem7 0.00 313825 1 0.00
problem8 0.00 314073 1 0.00
problem9 0.00 315985 1 0.00
problem10 0.00 358473 1 0.00
problem11 0.00 324801 1 0.00
problem12 0.00 319417 1 0.00
problem13 0.00 291121 1 0.00
problem14 0.00 311593 1 0.00
problem15 0.00 321441 1 0.00
problem16 0.00 310425 1 0.00
problem17 0.00 284689 1 0.00
problem18 0.00 307721 1 0.00
problem19 0.00 303745 1 0.00
problem20 0.00 328057 1 0.00
problem21 0.00 329457 1 0.00
problem22 0.00 330473 1 0.00
problem23 0.00 353633 1 0.00
problem24 0.00 355929 1 0.00
problem25 0.00 286161 1 0.00
problem26 0.00 297929 1 0.00
problem27 0.00 315457 1 0.00
problem28 0.00 320313 1 0.00
problem29 0.00 310449 1 0.00
problem30 0.00 324777 1 0.00
problem31 0.00 295713 1 0.00
problem32 0.00 335897 1 0.00
problem33 0.00 328593 1 0.00
problem34 0.00 304521 1 0.00
problem35 0.00 302593 1 0.00
problem36 0.00 304377 1 0.00
problem37 0.00 299633 1 0.00
problem38 0.00 294505 1 0.00
problem39 0.00 327905 1 0.00
problem40 0.00 307673 1 0.00
problem41 0.00 321873 1 0.00
problem42 0.00 319305 1 0.00
problem43 0.00 322497 1 0.00
problem44 0.00 296633 1 0.00
problem45 0.00 313393 1 0.00
problem46 0.00 313385 1 0.00
problem47 0.00 302753 1 0.00
problem48 0.00 295833 1 0.00
problem49 0.00 315153 1 0.00
problem50 0.00 301321 1 0.00
problem51 0.00 293249 1 0.00
problem52 0.00 305273 1 0.00
problem53 0.00 327153 1 0.00
problem54 0.00 332265 1 0.00
problem55 0.00 334945 1 0.00
problem56 0.00 341337 1 0.00
problem57 0.00 333009 1 0.00
problem58 0.00 357065 1 0.00
problem59 0.00 288577 1 0.00
problem60 0.00 264761 1 0.00
problem61 0.00 308145 1 0.00
problem62 0.00 334761 1 0.00
problem63 0.00 317985 1 0.00
problem64 0.00 280345 1 0.00
problem65 0.00 285329 1 0.00
problem66 0.00 339081 1 0.00
problem67 0.00 283905 1 0.00
problem68 0.00 297977 1 0.00
problem69 0.00 313713 1 0.00
problem70 0.00 329065 1 0.00
problem71 0.00 309217 1 0.00
problem72 0.00 325849 1 0.00
problem73 0.00 303185 1 0.00
problem74 0.00 296521 1 0.00
problem75 0.00 303809 1 0.00
problem76 0.00 331193 1 0.00
problem77 0.00 302897 1 0.00
problem78 0.00 298793 1 0.00
problem79 0.00 316833 1 0.00
problem80 0.00 314009 1 0.00
problem81 0.00 337425 1 0.00
problem82 0.00 286729 1 0.00
problem83 0.00 307329 1 0.00
problem84 0.00 323449 1 0.00
problem85 0.00 292081 1 0.00
problem86 0.00 276713 1 0.00
problem87 0.00 324449 1 0.00
problem88 0.00 285785 1 0.00
problem89 0.00 306129 1 0.00
problem90 0.00 317897 1 0.00
problem91 0.00 286273 1 0.00
problem92 0.00 299321 1 0.00
problem93 0.00 338609 1 0.00
problem94 0.00 328361 1 0.00
problem95 0.00 299297 1 0.00
problem96 0.00 314905 1 0.00
problem97 0.00 332177 1 0.00
problem98 0.00 316297 1 0.00
problem99 0.00 306177 1 0.00
