problem0 0 1977053 1
problem1 0 2072725 1
problem2 0 1614541 1
problem3 0 2288005 1
problem4 0 1879229 1
problem5 0 1877109 1
problem6 0 2099373 1
problem7 0 2199909 1
problem8 0 1930909 1
problem9 0 1994837 1
problem10 0 2012813 1
problem11 0 1900869 1
problem12 0 1869949 1
problem13 0 1967157 1
problem14 0 2010221 1
problem15 0 2111781 1
problem16 0 2089565 1
problem17 0 2187285 1
problem18 0 2091597 1
problem19 0 1652997 1
problem20 0 1868861 1
problem21 0 2196469 1
problem22 0 2060333 1
problem23 0 2097381 1
problem24 0 1994269 1
problem25 0 1929173 1
problem26 0 1916429 1
problem27 0 1806533 1
problem28 0 1875965 1
problem29 0 1909685 1
problem30 0 1922029 1
problem31 0 1829029 1
problem32 0 2038237 1
problem33 0 2006933 1
problem34 0 1683917 1
problem35 0 1837189 1
problem36 0 2218941 1
problem37 0 2089845 1
problem38 0 1791917 1
problem39 0 2027621 1
problem40 0 1697181 1
problem41 0 1699669 1
problem42 0 1918349 1
problem43 0 2072645 1
problem44 0 1980285 1
problem45 0 2016053 1
problem46 0 1997677 1
problem47 0 1644581 1
problem48 0 2216285 1
problem49 0 2055957 1
problem50 0 1898829 1
problem51 0 2119685 1
problem52 0 2011965 1
problem53 0 1884917 1
problem54 0 1818413 1
problem55 0 1925093 1
problem56 0 1957149 1
problem57 0 2027221 1
problem58 0 2018573 1
problem59 0 2109381 1
problem60 0 1986301 1
problem61 0 1893045 1
problem62 0 2040557 1
problem63 0 2017189 1
problem64 0 2099421 1
problem65 0 1941141 1
problem66 0 1818829 1
problem67 0 2107269 1
problem68 0 2034365 1
problem69 0 2171509 1
problem70 0 1943213 1
problem71 0 1593189 1
problem72 0 1922205 1
problem73 0 2059861 1
problem74 0 2151565 1
problem75 0 2047813 1
problem76 0 1894013 1
problem77 0 2261557 1
problem78 0 1985133 1
problem79 0 1963813 1
problem80 0 2277469 1
problem81 0 2186773 1
problem82 0 2099277 1
problem83 0 1996549 1
problem84 0 1827389 1
problem85 0.01 1901045 1
problem86 0 1904173 1
problem87 0 1556197 1
problem88 0 2247709 1
problem89 0 1863125 1
problem90 0 1858573 1
problem91 0 2019013 1
problem92 0 1965565 1
problem93 0 1876405 1
problem94 0 2093549 1
problem95 0 2008741 1
problem96 0 1701853 1
problem97 0 2006421 1
problem98 0 1822669 1
problem99 0 1918597 1
