problem0 5.53 229083453 1 29848.00
problem1 3.35 203171595 1 26712.00
problem2 1.09 217685769 1 28460.00
problem3 5.80 234346679 1 57036.00
problem4 1.04 203646869 1 28460.00
problem5 1.07 208431907 1 28460.00
problem6 0.34 203976417 1 28460.00
problem7 3.30 209668687 1 28460.00
problem8 3.41 226164973 1 29508.00
problem9 3.29 196256315 1 29508.00
problem10 0.59 197667257 1 29508.00
problem11 1.87 179396327 1 29508.00
problem12 1.93 218346821 1 29508.00
problem13 1.05 196815955 1 29508.00
problem14 1.82 187969425 1 29508.00
problem15 3.35 214988415 1 29508.00
problem16 1.86 201254045 1 29508.00
problem17 7.97 228485483 1 29848.00
problem18 1.86 225697897 1 29848.00
problem19 3.33 237695255 1 58832.00
problem20 1.02 211414773 1 29848.00
problem21 1.01 188791171 1 29848.00
problem22 1.85 213556289 1 29848.00
problem23 0.57 211496623 1 29848.00
problem24 1.83 191771725 1 29848.00
problem25 3.18 189955227 1 29848.00
problem26 5.06 208126745 1 29848.00
problem27 1.91 218599239 1 29848.00
problem28 5.44 218174629 1 29848.00
problem29 1.03 189797043 1 29848.00
problem30 1.88 218543345 1 29848.00
problem31 1.84 199389919 1 29848.00
problem32 5.35 230944765 1 30036.00
problem33 5.14 209837003 1 30036.00
problem34 3.17 206492105 1 30036.00
problem35 4.87 178927991 1 30036.00
problem36 1.87 219424341 1 30036.00
problem37 2.78 175912931 1 30036.00
problem38 5.47 237205921 1 30896.00
problem39 5.32 225002255 1 30896.00
problem40 4.69 188422061 1 30896.00
problem41 1.85 211781371 1 30896.00
problem42 1.88 236194937 1 30896.00
problem43 1.90 213249959 1 30896.00
problem44 1.03 216933381 1 30896.00
problem45 3.09 186132755 1 30896.00
problem46 7.56 215738961 1 30896.00
problem47 1.84 213032767 1 30896.00
problem48 1.03 223259485 1 30896.00
problem49 1.74 190742059 1 30896.00
problem50 1.81 216167209 1 30896.00
problem51 1.02 227389911 1 30896.00
problem52 1.73 183111093 1 30896.00
problem53 3.22 213313091 1 30896.00
problem54 0.98 196806401 1 30896.00
problem55 3.06 193038191 1 30896.00
problem56 3.26 221883149 1 30896.00
problem57 1.03 229753179 1 30896.00
problem58 1.83 203752921 1 30896.00
problem59 3.32 257196039 1 62220.00
problem60 3.24 212001637 1 30896.00
problem61 2.81 170618739 1 30896.00
problem62 1.80 193712049 1 30896.00
problem63 5.26 223935391 1 30896.00
problem64 0.54 167188157 1 30896.00
problem65 8.16 239882379 1 31172.00
problem66 1.86 235324553 1 31172.00
problem67 4.84 183327287 1 31172.00
problem68 1.79 200516885 1 31172.00
problem69 3.13 210289827 1 31172.00
problem70 3.09 182010977 1 31172.00
problem71 1.82 201063375 1 31172.00
problem72 3.18 205647469 1 31172.00
problem73 5.18 211889083 1 31172.00
problem74 1.83 217231161 1 31172.00
problem75 1.84 217792615 1 31172.00
problem76 0.56 209146565 1 31172.00
problem77 0.54 186770899 1 31172.00
problem78 5.08 191784209 1 31172.00
problem79 1.85 208504831 1 31172.00
problem80 1.77 194327069 1 31172.00
problem81 3.20 207835883 1 31172.00
problem82 7.22 202622441 1 31172.00
problem83 3.23 224473751 1 31172.00
problem84 5.44 227077237 1 31172.00
problem85 3.14 201970435 1 31172.00
problem86 0.56 206975425 1 31172.00
problem87 5.16 208707631 1 31172.00
problem88 7.14 195813837 1 31172.00
problem89 3.09 184927771 1 31172.00
problem90 5.36 223676569 1 31172.00
problem91 1.87 214053063 1 31172.00
problem92 0.55 188969509 1 31172.00
problem93 1.01 219384883 1 31172.00
problem94 3.26 215722609 1 31172.00
problem95 3.11 193479775 1 31172.00
problem96 1.79 193002877 1 31172.00
problem97 3.14 196838731 1 31172.00
problem98 5.39 232879945 1 31172.00
problem99 5.40 226573047 1 31172.00
