problem0 0 61113079194 0 2212.00
problem1 0.00 50612122406 0 2268.00
problem2 0.00 47774750467 0 2268.00
problem3 0.00 61221308181 0 2268.00
problem4 0.00 62881281772 0 2268.00
problem5 0.00 57818078820 0 2268.00
problem6 0.00 57043860068 0 2268.00
problem7 0.00 54984971428 0 2268.00
problem8 0.00 48027866480 0 2268.00
problem9 0.00 60255877575 0 2268.00
problem10 0.00 50058345134 0 2268.00
problem11 0.00 51140459325 1 2268.00
problem12 0.00 55273247756 0 2268.00
problem13 0.00 63975456585 0 2268.00
problem14 0.00 49768502440 0 2268.00
problem15 0.01 53446773826 0 2268.00
problem16 0.00 50623489485 0 2268.00
problem17 0.00 54454778441 0 2268.00
problem18 0.00 53795262140 0 2268.00
problem19 0.00 50324970024 0 2268.00
problem20 0.00 60552183463 0 2268.00
problem21 0.00 57632866262 0 2268.00
problem22 0.00 64940687321 0 2268.00
problem23 0.00 43948426031 0 2268.00
problem24 0.00 54683783803 0 2268.00
problem25 0.00 65963806642 0 2268.00
problem26 0.00 46974924388 0 2268.00
problem27 0.00 61542936261 0 2268.00
problem28 0.00 54216510304 0 2268.00
problem29 0.00 65614346572 0 2268.00
problem30 0.00 64236402135 0 2268.00
problem31 0.00 58870145336 0 2268.00
problem32 0.01 53801462871 0 2268.00
problem33 0.00 51424561736 0 2268.00
problem34 0.00 56665212578 0 2268.00
problem35 0.00 58048841585 0 2268.00
problem36 0.00 53801145141 0 2268.00
problem37 0.00 52079593132 0 2268.00
problem38 0.00 55341193363 0 2268.00
problem39 0.00 52804186365 0 2268.00
problem40 0.00 49415864545 0 2268.00
problem41 0.00 57480674336 0 2268.00
problem42 0.00 63587074916 0 2268.00
problem43 0.00 54437935159 0 2268.00
problem44 0.00 51336618002 0 2268.00
problem45 0.00 52225778265 0 2268.00
problem46 0.00 53299640199 0 2268.00
problem47 0.00 53201663567 0 2268.00
problem48 0.01 58501114060 0 2268.00
problem49 0.00 61146785391 0 2268.00
problem50 0.00 67147220283 0 2268.00
problem51 0.00 58986357435 0 2268.00
problem52 0.00 62980277587 0 2268.00
problem53 0.00 46814966037 0 2268.00
problem54 0.00 57031449608 0 2268.00
problem55 0.00 52918686284 0 2268.00
problem56 0.00 51595272748 0 2268.00
problem57 0.00 47071831658 0 2268.00
problem58 0.00 51820761653 0 2268.00
problem59 0.00 53505875950 0 2268.00
problem60 0.00 59596356410 0 2268.00
problem61 0.00 49973459527 0 2268.00
problem62 0.00 58194024758 0 2268.00
problem63 0.00 52683671794 0 2268.00
problem64 0.00 44508810628 0 2268.00
problem65 0.01 59703592890 0 2268.00
problem66 0.00 48157377878 0 2268.00
problem67 0.00 60842866590 0 2268.00
problem68 0.00 53162849834 0 2268.00
problem69 0.00 58075827455 0 2268.00
problem70 0.00 52326728202 0 2268.00
problem71 0.00 51622423502 0 2268.00
problem72 0.00 47359603675 0 2268.00
problem73 0.00 58555851419 0 2268.00
problem74 0.00 60777687131 0 2268.00
problem75 0.00 46618307340 0 2268.00
problem76 0.00 64127216964 0 2268.00
problem77 0.00 44397165302 0 2268.00
problem78 0.00 52276846469 0 2268.00
problem79 0.00 54560411962 0 2268.00
problem80 0.00 59913071998 0 2268.00
problem81 0.00 57614464267 0 2268.00
problem82 0.01 60928361700 0 2268.00
problem83 0.00 54640898892 0 2268.00
problem84 0.00 55610359221 0 2268.00
problem85 0.00 46778241414 0 2268.00
problem86 0.00 48072689120 0 2268.00
problem87 0.00 40267694749 0 2268.00
problem88 0.00 48802903039 0 2268.00
problem89 0.00 59256122938 0 2268.00
problem90 0.00 52185905067 0 2268.00
problem91 0.00 60597171791 0 2268.00
problem92 0.00 44912177615 0 2268.00
problem93 0.00 43360854371 0 2268.00
problem94 0.00 42092824072 0 2268.00
problem95 0.00 53855245541 0 2268.00
problem96 0.00 44071366701 0 2268.00
problem97 0.00 61852594283 0 2268.00
problem98 0.01 50395286385 0 2268.00
problem99 0.00 59414627561 0 2268.00
