problem0 0 166833363 1
problem1 0 151254661 1
problem2 0.01 163568448 1
problem3 0 152874398 1
problem4 0 153199317 1
problem5 0 152826943 1
problem6 0 170937042 1
problem7 0.01 173083816 1
problem8 0 164217975 1
problem9 0.01 151517977 1
problem10 0 148732676 1
problem11 0 164173266 1
problem12 0 167486393 1
problem13 0 172037395 1
problem14 0 161156566 1
problem15 0 171287324 1
problem16 0 166294171 1
problem17 0 176843821 1
problem18 0 152716616 1
problem19 0.01 142257798 1
problem20 0 151520029 1
problem21 0.01 168512103 1
problem22 0 161219418 1
problem23 0.01 161042960 1
problem24 0 160483135 1
problem25 0.01 164174273 1
problem26 0.01 172149260 1
problem27 0 125421498 1
problem28 0 153342209 1
problem29 0 172057659 1
problem30 0 147110750 1
problem31 0 173369732 1
problem32 0.01 168415843 1
problem33 0 149148629 1
problem34 0 142448976 1
problem35 0 163623278 1
problem36 0 160832869 1
problem37 0.01 179057295 1
problem38 0 161531362 1
problem39 0 177551736 1
problem40 0.01 162046983 1
problem41 0.01 165440105 1
problem42 0 147538708 1
problem43 0 163298210 1
problem44 0.01 168818761 1
problem45 0 156665187 1
problem46 0.01 167097062 1
problem47 0 156635628 1
problem48 0.01 181095467 1
problem49 0 173452669 1
problem50 0 143021912 1
problem51 0 176764502 1
problem52 0.01 166490541 1
problem53 0 160246967 1
problem54 0 147001962 1
problem55 0.01 149373664 1
problem56 0 144300751 1
problem57 0 186150161 1
problem58 0 161703452 1
problem59 0 163148170 1
problem60 0 141597073 1
problem61 0 153024651 1
problem62 0.01 151155822 1
problem63 0 166337620 1
problem64 0 159801331 1
problem65 0.01 160004389 1
problem66 0 170983264 1
problem67 0.01 160349502 1
problem68 0 164331509 1
problem69 0.01 148682975 1
problem70 0.01 174549234 1
problem71 0 143781448 1
problem72 0 168618903 1
problem73 0.01 166961593 1
problem74 0.01 165131044 1
problem75 0 184379762 1
problem76 0 160838873 1
problem77 0 156843443 1
problem78 0.01 161447926 1
problem79 0.01 161745084 1
problem80 0 179539387 1
problem81 0.01 159561421 1
problem82 0.01 161091944 1
problem83 0 137086502 1
problem84 0 152291389 1
problem85 0 166287111 1
problem86 0.02 168970618 1
problem87 0 150453168 1
problem88 0.02 164255327 1
problem89 0 172263521 1
problem90 0.02 156543532 1
problem91 0 154280794 1
problem92 0.01 158419489 1
problem93 0 174314715 1
problem94 0 165762430 1
problem95 0 162944804 1
problem96 0.01 158029187 1
problem97 0 149481077 1
problem98 0 159255920 1
problem99 0 156946702 1
