problem0 0.1 456448273753906 5 1760826472 6.95323e-310 0.00
problem1 0.08 391482348891855 5 1760826472 6.95323e-310 0.00
problem2 0.49 463859289030454 5 1760826472 6.95323e-310 0.00
problem3 0.04 510783384895745 5 1760826472 6.95323e-310 0.00
problem4 0.56 500884618445407 5 1760826472 6.95323e-310 0.00
problem5 0.62 494991809103935 5 1760826472 6.95323e-310 0.00
problem6 0.02 519192145752053 5 1760826472 6.95323e-310 0.00
problem7 0.05 432314888928787 5 1760826472 6.95323e-310 0.00
problem8 0.02 370384131685067 5 1760826472 6.95323e-310 0.00
problem9 0.06 368342732589195 5 1760826472 6.95323e-310 0.00
problem10 0.18 456398063522779 5 1760826472 6.95323e-310 0.00
problem11 0.06 409729089488379 5 1760826472 6.95323e-310 0.00
problem12 2.04 436423830134733 5 1760826472 6.95323e-310 0.00
problem13 0.07 350101752905229 5 1760826472 6.95323e-310 0.00
problem14 0.06 453255995962216 5 1760826472 6.95323e-310 0.00
problem15 0.21 479296869192286 5 1760826472 6.95323e-310 0.00
problem16 0.05 542990353963467 5 1760826472 6.95323e-310 0.00
problem17 1.33 449138853702152 5 1760826472 6.95323e-310 0.00
problem18 0.09 358774899889760 5 1760826472 6.95323e-310 0.00
problem19 0.04 448051405163695 5 1760826472 6.95323e-310 0.00
problem20 0.06 415395747760374 5 1760826472 6.95323e-310 0.00
problem21 0.02 348804628299770 5 1760826472 6.95323e-310 0.00
problem22 0.07 443321433122105 5 1760826472 6.95323e-310 0.00
problem23 0.23 543062114058838 5 1760826472 6.95323e-310 0.00
problem24 0.39 447130698542208 5 1760826472 6.95323e-310 0.00
problem25 0.23 501398996488140 5 1760826472 6.95323e-310 0.00
problem26 0.36 448031631702040 5 1760826472 6.95323e-310 0.00
problem27 0.2 480173922362453 5 1760826472 6.95323e-310 0.00
problem28 0.25 449103414151630 5 1760826472 6.95323e-310 0.00
problem29 0.04 414298539610259 5 1760826472 6.95323e-310 0.00
problem30 0.09 509094417479120 5 1760826472 6.95323e-310 0.00
problem31 0.13 421268374737257 5 1760826472 6.95323e-310 0.00
problem32 0.03 455151977473223 5 1760826472 6.95323e-310 0.00
problem33 0.05 336798021571804 5 1760826472 6.95323e-310 0.00
problem34 0.05 434017147479860 5 1760826472 6.95323e-310 0.00
problem35 0.05 442284352102989 5 1760826472 6.95323e-310 0.00
problem36 0.04 485871116530720 5 1760826472 6.95323e-310 0.00
problem37 0.06 443390152723553 5 1760826472 6.95323e-310 0.00
problem38 0.03 450836997783291 5 1760826472 6.95323e-310 0.00
problem39 0.03 417601937116554 5 1760826472 6.95323e-310 0.00
problem40 0.17 494558732079368 5 1760826472 6.95323e-310 0.00
problem41 0.2 554468596521848 5 1760826472 6.95323e-310 0.00
problem42 0.14 454822441840106 5 1760826472 6.95323e-310 0.00
problem43 0.08 470403687837943 5 1760826472 6.95323e-310 0.00
problem44 0.25 451373651434350 5 1760826472 6.95323e-310 0.00
problem45 0.02 527014276219998 5 1760826472 6.95323e-310 0.00
problem46 0.29 485247972568508 5 1760826472 6.95323e-310 0.00
problem47 0.52 412191936526860 5 1760826472 6.95323e-310 0.00
problem48 0.18 457479239483594 5 1760826472 6.95323e-310 0.00
problem49 0.08 512634187067554 5 1760826472 6.95323e-310 0.00
problem50 0.99 416618876683807 5 1760826472 6.95323e-310 0.00
problem51 0.31 443769271790332 5 1760826472 6.95323e-310 0.00
problem52 0.12 519009485506159 5 1760826472 6.95323e-310 0.00
problem53 0.09 446188088681489 5 1760826472 6.95323e-310 0.00
problem54 0.17 491630479938395 5 1760826472 6.95323e-310 0.00
problem55 0.3 452782719814853 5 1760826472 6.95323e-310 0.00
problem56 0.22 462764120061666 5 1760826472 6.95323e-310 0.00
problem57 0.23 443129802602051 5 1760826472 6.95323e-310 0.00
problem58 0.13 508172897878086 5 1760826472 6.95323e-310 0.00
problem59 0.2 409096046518484 5 1760826472 6.95323e-310 0.00
problem60 0.05 357348801027865 5 1760826472 6.95323e-310 0.00
problem61 0.07 403324497212061 5 1760826472 6.95323e-310 0.00
problem62 0.02 433190308488591 5 1760826472 6.95323e-310 0.00
problem63 0.3 391086153692205 5 1760826472 6.95323e-310 0.00
problem64 0.14 515446771935613 5 1760826472 6.95323e-310 0.00
problem65 0.26 491910908894644 5 1760826472 6.95323e-310 0.00
problem66 0.11 354127073166511 5 1760826472 6.95323e-310 0.00
problem67 0.35 386375588122951 5 1760826472 6.95323e-310 0.00
problem68 0.04 365185375736821 5 1760826472 6.95323e-310 0.00
problem69 0.21 403457035780373 5 1760826472 6.95323e-310 0.00
problem70 0.16 441734261303728 5 1760826472 6.95323e-310 0.00
problem71 0.12 411837207326466 5 1760826472 6.95323e-310 0.00
problem72 0.18 450684749916787 5 1760826472 6.95323e-310 0.00
problem73 0.1 436408979829706 5 1760826472 6.95323e-310 0.00
problem74 0.49 535828710867803 5 1760826472 6.95323e-310 0.00
problem75 0.47 449934435826141 5 1760826472 6.95323e-310 0.00
problem76 0.03 433230562824114 5 1760826472 6.95323e-310 0.00
problem77 0.08 449091721519354 5 1760826472 6.95323e-310 0.00
problem78 0.11 477445700658342 5 1760826472 6.95323e-310 0.00
problem79 0.29 422320608319256 5 1760826472 6.95323e-310 0.00
problem80 1.26 469030062240496 5 1760826472 6.95323e-310 0.00
problem81 0.02 422087212692625 5 1760826472 6.95323e-310 0.00
problem82 0.14 478865632426337 5 1760826472 6.95323e-310 0.00
problem83 0.15 362132906576308 5 1760826472 6.95323e-310 0.00
problem84 0.14 423457535360995 5 1760826472 6.95323e-310 0.00
problem85 0.1 459154392493275 5 1760826472 6.95323e-310 0.00
problem86 0.13 473355487413970 5 1760826472 6.95323e-310 0.00
problem87 0.72 522829047945225 5 1760826472 6.95323e-310 0.00
problem88 0.12 375547418594419 5 1760826472 6.95323e-310 0.00
problem89 0.04 422217040291632 5 1760826472 6.95323e-310 0.00
problem90 0.08 481481098005309 5 1760826472 6.95323e-310 0.00
problem91 0.05 421471618719217 5 1760826472 6.95323e-310 0.00
problem92 0.39 449979610806394 5 1760826472 6.95323e-310 0.00
problem93 0.19 435998668589378 5 1760826472 6.95323e-310 0.00
problem94 0.01 416119470910088 5 1760826472 6.95323e-310 0.00
problem95 0.58 447667358507553 5 1760826472 6.95323e-310 0.00
problem96 0.05 508726524893841 5 1760826472 6.95323e-310 0.00
problem97 0.17 439055199434750 5 1760826472 6.95323e-310 0.00
problem98 0.15 502424329721701 5 1760826472 6.95323e-310 0.00
problem99 0.07 446669595258508 5 1760826472 6.95323e-310 0.00
