problem0 0 177336967258 0
problem1 0 222852681049 0
problem2 0 205970202876 0
problem3 0 158124795714 0
problem4 0 129319455233 0
problem5 0 224905095159 0
problem6 0 166139574269 0
problem7 0 200103001253 0
problem8 0 196264970283 0
problem9 0 163302468845 0
problem10 0 188256591381 0
problem11 0.01 201309719874 0
problem12 0 201325157853 0
problem13 0 180259188949 0
problem14 0 165372481681 0
problem15 0 207186711295 0
problem16 0 165255882928 0
problem17 0 198109225747 0
problem18 0 193483390227 0
problem19 0 206376192936 0
problem20 0 166740731978 0
problem21 0 155848529649 0
problem22 0 170986834372 0
problem23 0.01 209672730619 0
problem24 0 177189860069 0
problem25 0 197430423994 0
problem26 0 157870104428 0
problem27 0 190548758244 0
problem28 0 176333472376 0
problem29 0 180618294387 0
problem30 0 154098695364 0
problem31 0 159346520799 0
problem32 0 191891296220 0
problem33 0 156368800088 0
problem34 0 166970832285 0
problem35 0 179908714779 0
problem36 0.01 197049056168 0
problem37 0 140655117687 0
problem38 0 220111689678 0
problem39 0 198088755370 0
problem40 0 201588818008 0
problem41 0 159761054496 0
problem42 0 174224046441 0
problem43 0 187772106332 0
problem44 0 200892498359 0
problem45 0 197698574171 0
problem46 0 177278019209 0
problem47 0 167094136373 0
problem48 0 220954884427 0
problem49 0.01 151680242836 0
problem50 0 185103608188 0
problem51 0 170653589004 0
problem52 0 163356563676 0
problem53 0 164109585151 0
problem54 0 174304743229 0
problem55 0 152387649043 0
problem56 0 174735521935 0
problem57 0 166780473095 0
problem58 0 206790693826 0
problem59 0 223809217088 0
problem60 0 167745827682 0
problem61 0.01 157875296815 0
problem62 0 177914813072 0
problem63 0 181143966745 0
problem64 0 202663712948 0
problem65 0 168787464351 0
problem66 0 156642436102 0
problem67 0 144479650606 0
problem68 0 190198093171 0
problem69 0 136759134144 0
problem70 0 218805429525 0
problem71 0 155438892537 0
problem72 0 200539872805 0
problem73 0 187622868612 0
problem74 0 146065485444 0
problem75 0 153834142663 0
problem76 0.01 205351217808 0
problem77 0 188500921715 0
problem78 0 156167048728 0
problem79 0 199524306235 0
problem80 0 199501640149 0
problem81 0 175341023429 0
problem82 0 199201278674 0
problem83 0 187751908256 0
problem84 0 221814130713 0
problem85 0 155430911499 0
problem86 0 184830049653 0
problem87 0 205154261355 0
problem88 0.01 161848546565 0
problem89 0 186474400484 0
problem90 0 149446208714 0
problem91 0 183096190698 0
problem92 0 165838660602 0
problem93 0 178340840715 0
problem94 0 216725571192 0
problem95 0 194160307139 0
problem96 0 159793034239 0
problem97 0 165518006557 0
problem98 0 199146515133 0
problem99 0 178364025597 0
