problem0 1566.5 1355185182525902 1 47680.00
problem1 679.21 1414939924259804 1 74288.00
problem2 888.44 1536087814193466 1 74288.00
problem3 2172.82 1459264251912552 1 48036.00
problem4 1960.40 1455548805232614 1 75816.00
problem5 4823.76 1388358756895796 1 75816.00
problem6 5412.75 1296426144192978 1 75816.00
problem7 1696.77 1419072267399232 1 75816.00
problem8 2568.39 1343421625242366 1 75816.00
problem9 719.59 1571340923296140 1 75816.00
problem10 3757.59 1228013717950314 1 75816.00
problem11 3268.28 1265043990926360 1 75816.00
problem12 1445.22 1335302880901910 1 75816.00
problem13 420.28 1437006451944420 1 75816.00
problem14 900.82 1450325219262978 1 75816.00
problem15 1111.48 1386082533944560 1 75816.00
problem16 1602.62 1371061987807278 1 75816.00
problem17 1522.01 1396453045527356 1 75816.00
problem18 867.25 1416813947244954 1 75816.00
problem19 363.28 1465043931699912 1 75816.00
problem20 678.90 1491145937777222 1 75816.00
problem21 588.28 1459856490127252 1 75816.00
problem22 1047.90 1355706536664626 1 75816.00
problem23 2052.54 1280897674182048 1 75816.00
problem24 2998.61 1276443916353886 1 75816.00
