problem0 0.02 562383802866498 21 1 0.02 3568.00
problem1 0 744642887124264 16 1 0 3136.00
problem2 0 897316923344683 2 1 0 3136.00
problem3 0 787702298134598 42 2 0 3136.00
problem4 0 752481571390871 42 1 0 3136.00
problem5 0 827092906894291 21 1 0 3136.00
problem6 0.01 965147890454367 9 1 0.01 3136.00
problem7 0 893359386959530 16 1 0 3136.00
problem8 0 721439656486046 18 1 0 3136.00
problem9 0 788675043705185 7 1 0 3136.00
problem10 0 791614348135246 12 1 0 3136.00
problem11 0 719775367523497 41 1 0 3136.00
problem12 0 751668095186253 14 1 0 3136.00
problem13 0.01 717821926328113 50 2 0.01 3136.00
problem14 0 655998198453598 10 1 0 3136.00
problem15 0 807394782550844 21 1 0 3136.00
problem16 0 831863007403945 34 1 0 3136.00
problem17 0 785952512803887 27 1 0 3136.00
problem18 0 1024288542311916 9 1 0 3136.00
problem19 0 843795895274322 25 1 0 3136.00
problem20 0.01 610242047507235 29 1 0.01 3136.00
problem21 0 629569190336461 26 1 0 3136.00
problem22 0 840121819631302 16 1 0 3136.00
problem23 0 756812542370724 22 1 0 3136.00
problem24 0 720293526298549 65 2 0 3136.00
problem25 0.01 757913575590669 9 1 0.01 3136.00
problem26 0 741163021724597 55 1 0 3136.00
problem27 0 755597221148871 21 1 0 3136.00
problem28 0 774776771737913 46 1 0 3136.00
problem29 0 779089711208237 16 1 0 3136.00
problem30 0.01 746272636149099 17 1 0.01 3136.00
problem31 0 894983386488464 7 1 0 3136.00
problem32 0 830283337064128 24 1 0 3136.00
problem33 0 702220331498726 20 1 0 3136.00
problem34 0 787655903937756 19 1 0 3136.00
problem35 0 970334134072089 24 1 0 3136.00
problem36 0.01 814946453174633 22 1 0.01 3136.00
problem37 0 674935685845597 33 1 0 3136.00
problem38 0 935690810092412 23 1 0 3136.00
problem39 0 738215637455596 18 1 0 3136.00
problem40 0 777543714540579 60 1 0 3136.00
problem41 0.01 659972660200582 21 1 0 3136.00
problem42 0 835776700229085 21 1 0 3136.00
problem43 0 716886098920202 33 1 0 3136.00
problem44 0 699576311844377 22 1 0 3136.00
problem45 0 745697464042984 23 1 0 3136.00
problem46 0 731970368156465 12 1 0 3136.00
problem47 0.01 781414797260047 43 1 0.01 3136.00
problem48 0 667386988850759 27 1 0 3136.00
problem49 0 721927415689207 27 1 0 3136.00
problem50 0 704323121276645 48 1 0 3136.00
problem51 0 810471375210153 20 1 0 3136.00
problem52 0.01 714827004672417 31 1 0.01 3136.00
problem53 0 782448125051840 29 1 0 3136.00
problem54 0 866700561604765 29 1 0 3136.00
problem55 0 759212030462354 48 1 0 3136.00
problem56 0 745514023579614 58 1 0 3136.00
problem57 0 784786510822601 21 1 0 3136.00
problem58 0.01 677137927367784 9 1 0.01 3136.00
problem59 0 727724349827338 19 1 0 3136.00
problem60 0 749415884520935 39 1 0 3136.00
problem61 0 724846141211977 17 1 0 3136.00
problem62 0 812899043361691 21 1 0 3136.00
problem63 0 865131365277533 17 1 0 3136.00
problem64 0.01 682506962470474 35 1 0.01 3136.00
problem65 0 891226081825597 18 1 0 3136.00
problem66 0 794253571131441 16 1 0 3136.00
problem67 0 859525046052237 25 1 0 3136.00
problem68 0 547866990171127 41 1 0 3136.00
problem69 0 842332585811638 12 1 0 3136.00
problem70 0.01 721924285929257 35 1 0.01 3136.00
problem71 0 736334649812813 25 1 0 3136.00
problem72 0 959494798519383 23 1 0 3136.00
problem73 0 840044911391233 23 1 0 3136.00
problem74 0 954817723050541 19 1 0 3136.00
problem75 0.01 544568328096542 9 1 0 3136.00
problem76 0 600575526418639 49 1 0 3136.00
problem77 0 858269504882785 23 1 0 3136.00
problem78 0 813185465238383 27 1 0 3136.00
problem79 0 827748732908524 16 1 0 3136.00
problem80 0 759837471973752 49 1 0 3136.00
problem81 0.01 602861671653318 27 1 0.01 3136.00
problem82 0 823599135319803 35 1 0 3136.00
problem83 0 677261545213180 16 1 0 3136.00
problem84 0 767952542116954 27 1 0 3136.00
problem85 0 697615231612132 35 1 0 3136.00
problem86 0 743905832667483 17 1 0 3136.00
problem87 0.01 631644545204542 22 1 0.01 3136.00
problem88 0 673734297928142 27 1 0 3136.00
problem89 0 656718865655148 37 1 0 3136.00
problem90 0 746734801829065 34 1 0 3136.00
problem91 0 929121000203056 13 1 0 3136.00
problem92 0.01 741085563015405 35 1 0.01 3136.00
problem93 0 788377796229365 51 1 0 3136.00
problem94 0 886146667396314 28 1 0 3136.00
problem95 0 900110179808134 19 1 0 3136.00
problem96 0 752168559208693 24 1 0 3136.00
problem97 0 812835096745526 32 1 0 3136.00
problem98 0 837410022387057 13 1 0 3136.00
problem99 0.01 870839104503352 22 1 0 3136.00
