problem0 0.01 30353854956 1
problem1 0.03 28122712618 1
problem2 0 25219309304 1
problem3 0.07 25920460758 1
problem4 0.12 32147447876 1
problem5 0.03 31149434818 1
problem6 0.06 27007467984 1
problem7 0 26695353838 1
problem8 0.05 27232694172 1
problem9 0.03 30538219098 1
problem10 0.01 29548533160 1
problem11 0.03 26343660806 1
problem12 0 30114308084 1
problem13 0.05 29853265394 1
problem14 0.01 31180405376 1
problem15 0.02 34650914078 1
problem16 0.08 29630222668 1
problem17 0.03 32927471242 1
problem18 0.04 25726079064 1
problem19 0.01 31988254262 1
problem20 0 29174965156 1
problem21 0.04 33418614818 1
problem22 0.08 29966333744 1
problem23 0.01 28796049486 1
problem24 0.07 30283151100 1
problem25 0 29330035386 1
problem26 0.13 25481514760 1
problem27 0.2 28699186022 1
problem28 0.18 32587541332 1
problem29 0.14 32431040082 1
problem30 0.01 31758252000 1
problem31 0.01 28398016382 1
problem32 0.09 31898050732 1
problem33 0.4 30701105898 1
problem34 0 30314500536 1
problem35 0.05 28565161110 1
problem36 0.11 24991643396 1
problem37 0.04 31573153922 1
problem38 0.03 26531970192 1
problem39 0.02 31052102318 1
problem40 0.03 26481823324 1
problem41 0.02 29209589530 1
problem42 0 29078870120 1
problem43 0.06 29921761734 1
problem44 0.01 29048243892 1
problem45 0.15 32176320178 1
problem46 0.01 27453605184 1
problem47 0.03 29593059806 1
problem48 0.1 29433004044 1
problem49 0.07 25886957386 1
problem50 0.03 28852708120 1
problem51 0 28894171894 1
problem52 0.01 28935576164 1
problem53 0.06 27657251042 1
problem54 0.11 33030181360 1
problem55 0.07 27932798222 1
problem56 0.03 29881202108 1
problem57 0.01 30358809466 1
problem58 0.05 27826368968 1
problem59 0.17 29866160166 1
problem60 0.01 31283982868 1
problem61 0.01 33314342674 1
problem62 0.06 30062420640 1
problem63 0.1 32202013758 1
problem64 0.03 27999629164 1
problem65 0.01 29437926314 1
problem66 0.13 34361394296 1
problem67 0.02 26958033238 1
problem68 0.02 28400258500 1
problem69 0 31298406722 1
problem70 0.02 30957270864 1
problem71 0.08 26859433838 1
problem72 0.08 30441696540 1
problem73 0.1 29805506522 1
problem74 0.09 32362339112 1
problem75 0.01 27380520582 1
problem76 0 28063985012 1
problem77 0.01 25105067890 1
problem78 0 27288571904 1
problem79 0 27036731038 1
problem80 0.09 28597743308 1
problem81 0.17 28751702026 1
problem82 0.03 23958009304 1
problem83 0.02 28617760694 1
problem84 0.04 28563034404 1
problem85 0.02 30716393890 1
problem86 0 30330809520 1
problem87 0.08 31025447374 1
problem88 0.03 26243888252 1
problem89 0.07 32160793658 1
problem90 0.08 29233026184 1
problem91 0.11 28896283878 1
problem92 0.17 30236293332 1
problem93 0.06 25866594258 1
problem94 0.01 28914748768 1
problem95 0.02 26451009790 1
problem96 0.1 27462434348 1
problem97 0.07 30620435562 1
problem98 0.05 25829848888 1
problem99 0.01 26916576790 1
