problem0 0 169760 1 0.00
problem1 0.00 130110 1 0.00
problem2 0.00 178028 1 0.00
problem3 0.00 147498 1 0.00
problem4 0.00 184824 1 0.00
problem5 0.00 150614 1 0.00
problem6 0.00 176836 1 0.00
problem7 0.00 175298 1 0.00
problem8 0.00 140752 1 0.00
problem9 0.00 159086 1 0.00
problem10 0.00 169756 1 0.00
problem11 0.00 162394 1 0.00
problem12 0.00 168616 1 2348.00
problem13 0.00 171910 1 2348.00
problem14 0.00 156788 1 2348.00
problem15 0.00 149746 1 2348.00
problem16 0.00 145536 1 2348.00
problem17 0.00 148126 1 2348.00
problem18 0.00 178892 1 2348.00
problem19 0.00 178314 1 2348.00
problem20 0.00 178008 1 2348.00
problem21 0.00 136886 1 2348.00
problem22 0.00 154148 1 2348.00
problem23 0.00 166178 1 2348.00
problem24 0.00 159536 1 2348.00
problem25 0.00 146382 1 2348.00
problem26 0.00 131708 1 2348.00
problem27 0.00 178874 1 2348.00
problem28 0.00 147464 1 2348.00
problem29 0.00 176614 1 2348.00
problem30 0.00 160724 1 2348.00
problem31 0.00 150866 1 2348.00
problem32 0.00 182752 1 2348.00
problem33 0.00 170238 1 2348.00
problem34 0.00 167468 1 2348.00
problem35 0.00 172266 1 2348.00
problem36 0.00 158904 1 2348.00
problem37 0.00 151830 1 2348.00
problem38 0.00 151940 1 2348.00
problem39 0.00 144770 1 2348.00
problem40 0.00 149648 1 2348.00
problem41 0.00 145966 1 2348.00
problem42 0.00 146908 1 2348.00
problem43 0.00 158490 1 2348.00
problem44 0.00 171368 1 2348.00
problem45 0.00 152646 1 2348.00
problem46 0.00 144180 1 2348.00
problem47 0.00 147890 1 2348.00
problem48 0.00 150336 1 2348.00
problem49 0.00 155486 1 2348.00
problem50 0.00 176524 1 2348.00
problem51 0.00 137546 1 2348.00
problem52 0.00 152088 1 2348.00
problem53 0.00 179062 1 2348.00
problem54 0.00 186596 1 2348.00
problem55 0.00 127458 1 2348.00
problem56 0.00 168432 1 2348.00
problem57 0.00 174222 1 2348.00
problem58 0.00 182588 1 2348.00
problem59 0.00 174970 1 2348.00
problem60 0.00 174792 1 2348.00
problem61 0.00 165542 1 2348.00
problem62 0.00 156308 1 2348.00
problem63 0.00 132626 1 2348.00
problem64 0.00 146592 1 2348.00
problem65 0.00 144830 1 2348.00
problem66 0.00 165100 1 2348.00
problem67 0.00 156074 1 2348.00
problem68 0.00 173944 1 2348.00
problem69 0.00 144854 1 2348.00
problem70 0.00 135236 1 2348.00
problem71 0.00 179778 1 2348.00
problem72 0.00 166736 1 2348.00
problem73 0.00 157422 1 2348.00
problem74 0.00 140444 1 2348.00
problem75 0.00 154586 1 2348.00
problem76 0.00 165928 1 2348.00
problem77 0.00 157958 1 2348.00
problem78 0.00 172532 1 2348.00
problem79 0.00 170610 1 2348.00
problem80 0.00 130560 1 2348.00
problem81 0.00 162846 1 2348.00
problem82 0.00 165964 1 2348.00
problem83 0.00 154122 1 2348.00
problem84 0.00 134360 1 2348.00
problem85 0.00 163894 1 2348.00
problem86 0.00 145316 1 2348.00
problem87 0.00 129698 1 2348.00
problem88 0.00 152752 1 2348.00
problem89 0.00 169294 1 2348.00
problem90 0.00 159740 1 2348.00
problem91 0.00 154682 1 2348.00
problem92 0.00 161160 1 2348.00
problem93 0.00 146278 1 2348.00
problem94 0.00 151892 1 2348.00
problem95 0.00 188114 1 2348.00
problem96 0.00 159584 1 2348.00
problem97 0.00 143998 1 2348.00
problem98 0.00 170924 1 2348.00
problem99 0.00 156266 1 2348.00
