problem0 3.26 10046096367 4163 1 2.17 131884.00
problem1 1.24 10462202276 2712 1 0.77 61828.00
problem2 5.71 10008575506 8912 2 2.94 140944.00
problem3 2.17 11786391504 4719 1 1.19 74972.00
problem4 8.33 8954150743 26330 2 6.61 250024.00
problem5 7.89 8167916322 15419 1 7.03 529720.00
problem6 3.28 11538174420 3551 1 1.90 529720.00
problem7 1.47 10628482383 769 1 1.24 52028.00
problem8 3.11 10932733557 3115 1 1.72 96616.00
problem9 6.54 9451405583 8200 1 2.68 167052.00
problem10 4.33 10231680591 9784 1 3.33 246952.00
problem11 2.46 9933298713 2336 1 1.64 77472.00
problem12 3.56 9200884825 8423 1 2.61 160936.00
problem13 8.80 9586792660 9839 1 4.32 284624.00
problem14 5.06 10196541777 9321 1 2.11 284628.00
problem15 3.49 10892373400 5698 1 2.33 133500.00
problem16 2.71 10595281848 2993 1 1.55 133500.00
problem17 5.47 10532996654 6767 1 1.97 96360.00
problem18 7.44 8828633125 17195 1 3.13 204332.00
problem19 7.45 9559805880 13692 1 2.89 191048.00
problem20 2.75 9124418389 3284 1 2.03 112712.00
problem21 5.83 8988684717 11753 1 4.80 369776.00
problem22 7.11 7857940292 23263 1 5.68 435196.00
problem23 2.47 9018189440 3257 1 2.14 107052.00
problem24 2.53 9681602620 2372 1 1.56 107056.00
problem25 8.07 9561301346 12618 1 2.06 107568.00
problem26 3.54 9323893815 4071 1 2.14 127724.00
problem27 5.87 10038111152 6098 1 2.51 166152.00
problem28 5.25 9505088596 8463 1 3.64 289900.00
problem29 4.24 8924953335 9919 1 3.39 224760.00
problem30 3.23 10811758216 3012 1 1.75 224768.00
problem31 3.32 11177566065 3531 1 1.62 72628.00
problem32 2.96 9651572182 3850 1 1.87 104368.00
problem33 4.58 9987245391 9223 1 2.17 110204.00
problem34 1.72 10670467321 1039 1 1.50 110204.00
problem35 4.27 9351961575 7804 1 2.39 141580.00
problem36 2.81 9560723053 3960 1 2.42 157052.00
problem37 2.50 9007701982 3217 1 2.06 123216.00
problem38 7.91 10015229700 9067 1 2.44 160108.00
problem39 3.84 9758938771 4966 1 2.19 119708.00
problem40 2.47 10706528516 2104 1 1.47 119708.00
problem41 3.30 9028555826 5687 1 2.34 134528.00
problem42 5.31 9151100038 9925 1 2.73 172084.00
problem43 3.87 9831182804 10093 1 2.84 164908.00
problem44 3.78 9159665734 12056 1 2.58 164992.00
problem45 2.64 9394065407 6563 1 2.20 100568.00
problem46 4.21 9631349306 9681 1 2.81 165760.00
problem47 3.37 10811056352 3374 1 1.77 88444.00
problem48 5.17 10671085785 8228 1 2.87 183292.00
problem49 18.58 9683275869 32130 2 10.11 348956.00
problem50 3.94 9625100380 6321 1 2.20 250924.00
problem51 3.22 10100064783 2775 1 2.51 150444.00
problem52 2.56 11203099434 1600 1 1.82 150700.00
problem53 3.02 10048946390 2769 1 2.29 135940.00
problem54 2.23 10640377924 1548 1 1.61 108284.00
problem55 4.46 9432194980 6180 1 3.38 226372.00
problem56 3.15 9901322984 3261 1 2.38 186368.00
problem57 5.62 10168947092 2970 1 1.88 99012.00
problem58 1.77 11763718274 1544 1 1.57 87776.00
problem59 5.04 9397161925 12072 1 3.35 187004.00
problem60 4.90 11294859112 4849 1 2.21 189612.00
problem61 2.79 10861620974 1631 1 1.74 92816.00
problem62 2.28 10433791253 2604 1 1.89 99500.00
problem63 4.95 9160016995 15177 1 2.83 96100.00
problem64 3.01 10117912838 3743 1 2.21 117424.00
problem65 4.40 9836521738 2666 1 1.83 94928.00
problem66 4.55 9925171627 8451 1 3.37 224500.00
problem67 2.07 9821131399 1744 1 1.78 86576.00
problem68 3.75 9055206305 7304 1 3.14 178724.00
problem69 3.19 9492988476 5678 1 2.03 97452.00
problem70 2.17 10975682146 1858 1 1.85 101548.00
problem71 5.36 10001917777 12703 1 2.98 154696.00
problem72 4.12 10285397117 4501 1 2.20 154796.00
problem73 4.47 10469725891 3308 1 2.73 162784.00
problem74 2.85 9014583527 2132 1 1.65 116100.00
problem75 2.85 9474524804 2128 1 2.35 148472.00
problem76 5.40 10236898940 7186 1 3.55 232544.00
problem77 6.73 9057072354 6795 1 2.40 142240.00
problem78 4.62 9368280128 5881 1 3.00 195156.00
problem79 6.80 9229064303 12869 1 4.23 294064.00
problem80 3.25 10471447756 3525 1 2.47 156836.00
problem81 3.33 10240007534 3718 1 1.81 85504.00
problem82 10.00 9864323651 7580 1 2.74 172344.00
problem83 4.75 9150685876 7011 1 2.22 129840.00
problem84 7.76 9486360092 18011 1 4.87 343156.00
problem85 2.45 11038745528 1214 1 1.80 343216.00
problem86 3.58 9087238545 5075 1 2.48 136140.00
problem87 3.99 9857716866 4866 1 2.97 188872.00
problem88 2.95 9630728649 5093 1 2.51 191660.00
problem89 3.84 11010221252 3119 1 1.91 107252.00
problem90 2.96 9035869963 5446 1 2.51 119980.00
problem91 4.95 8747201185 8443 1 2.89 180696.00
problem92 5.76 11152894801 3034 1 1.94 136388.00
problem93 3.63 9066180920 4843 1 2.37 129812.00
problem94 5.30 10108828559 5296 1 2.04 101528.00
problem95 6.63 9484839361 8114 1 3.16 209836.00
problem96 4.03 9024643892 8763 1 2.91 162872.00
problem97 3.08 9702205213 4743 1 2.19 162888.00
problem98 8.63 8360705184 29003 1 2.99 130192.00
problem99 7.98 9414509894 10455 1 2.94 178592.00
