problem0 6.17 1340314132639040 140734490769096 4 1.16637e-312 0.00
problem1 11.78 1624111123599614 140734490769096 4 1.16637e-312 0.00
problem2 8.56 1831641058255785 140734490769096 4 1.16637e-312 0.00
problem3 19.66 1691562726305237 140734490769096 4 1.16637e-312 0.00
problem4 10.47 1449208078514571 140734490769096 4 1.16637e-312 0.00
problem5 9.34 1560715158113744 140734490769096 4 1.16637e-312 0.00
problem6 7.54 1576147786471434 140734490769096 4 1.16637e-312 0.00
problem7 8.02 1596101546982635 140734490769096 4 1.16637e-312 0.00
problem8 10.95 1341175691306339 140734490769096 4 1.16637e-312 0.00
problem9 8.21 1421964619349965 140734490769096 4 1.16637e-312 0.00
problem10 21.97 1576272637878329 140734490769096 4 1.16637e-312 0.00
problem11 7.34 1331939450838100 140734490769096 4 1.16637e-312 0.00
problem12 18.87 1446721246618746 140734490769096 4 1.16637e-312 0.00
problem13 6.49 1407456722127774 140734490769096 4 1.16637e-312 0.00
problem14 10.97 1736776121459279 140734490769096 4 1.16637e-312 0.00
problem15 15.78 1654548428309634 140734490769096 4 1.16637e-312 0.00
problem16 11.11 1254936589373906 140734490769096 4 1.16637e-312 0.00
problem17 16.71 1634882499980232 140734490769096 4 1.16637e-312 0.00
problem18 12.17 1297658461780374 140734490769096 4 1.16637e-312 0.00
problem19 15.26 1666849177978533 140734490769096 4 1.16637e-312 0.00
problem20 7.66 1711196079459928 140734490769096 4 1.16637e-312 0.00
problem21 7.58 1350946337433671 140734490769096 4 1.16637e-312 0.00
problem22 9.73 1463501460554312 140734490769096 4 1.16637e-312 0.00
problem23 16.04 1379015792074318 140734490769096 4 1.16637e-312 0.00
problem24 14.19 1444715108604784 140734490769096 4 1.16637e-312 0.00
problem25 21.33 1118537563819046 140734490769096 4 1.16637e-312 0.00
problem26 10.02 1656133746100414 140734490769096 4 1.16637e-312 0.00
problem27 8.44 1248080397634442 140734490769096 4 1.16637e-312 0.00
problem28 19.49 1821718698491635 140734490769096 4 1.16637e-312 0.00
problem29 9.63 1890708893814634 140734490769096 4 1.16637e-312 0.00
problem30 22.94 1571864528945123 140734490769096 4 1.16637e-312 0.00
problem31 11.05 1593372708590695 140734490769096 4 1.16637e-312 0.00
problem32 12.32 1711564742461131 140734490769096 4 1.16637e-312 0.00
problem33 18.48 1523317783199466 140734490769096 4 1.16637e-312 0.00
problem34 6.64 1481056774561447 140734490769096 4 1.16637e-312 0.00
problem35 15.05 1644953828836834 140734490769096 4 1.16637e-312 0.00
problem36 11.44 1443195656884574 140734490769096 4 1.16637e-312 0.00
problem37 15.88 1571784841756250 140734490769096 4 1.16637e-312 0.00
problem38 21.43 1807598181267959 140734490769096 4 1.16637e-312 0.00
problem39 16.04 1410833034135906 140734490769096 4 1.16637e-312 0.00
problem40 14.88 1762630544873933 140734490769096 4 1.16637e-312 0.00
problem41 7.5 1715051586719820 140734490769096 4 1.16637e-312 0.00
problem42 8.69 1573290619405791 140734490769096 4 1.16637e-312 0.00
problem43 19.7 1486965864029138 140734490769096 4 1.16637e-312 0.00
problem44 4.92 1346151334439859 140734490769096 4 1.16637e-312 0.00
problem45 14.67 1393437909136497 140734490769096 4 1.16637e-312 0.00
problem46 5.82 1559180939506643 140734490769096 4 1.16637e-312 0.00
problem47 8.45 1654925326530757 140734490769096 4 1.16637e-312 0.00
problem48 11.55 1714441399783778 140734490769096 4 1.16637e-312 0.00
problem49 14.37 1587974667738547 140734490769096 4 1.16637e-312 0.00
problem50 13.53 1464128374021133 140734490769096 4 1.16637e-312 0.00
problem51 3.72 1581069783813328 140734490769096 4 1.16637e-312 0.00
problem52 15.55 1606208063197739 140734490769096 4 1.16637e-312 0.00
problem53 13.35 1516038465988834 140734490769096 4 1.16637e-312 0.00
problem54 12.4 1583266188128245 140734490769096 4 1.16637e-312 0.00
problem55 9.74 1529046415094194 140734490769096 4 1.16637e-312 0.00
problem56 13.12 1359549684989242 140734490769096 4 1.16637e-312 0.00
problem57 12.65 1359297587587565 140734490769096 4 1.16637e-312 0.00
problem58 18.13 1633669542730548 140734490769096 4 1.16637e-312 0.00
problem59 5.49 1268076379646489 140734490769096 4 1.16637e-312 0.00
problem60 19.53 1593526795590851 140734490769096 4 1.16637e-312 0.00
problem61 11.23 1498610279274776 140734490769096 4 1.16637e-312 0.00
problem62 5.87 1702966483265650 140734490769096 4 1.16637e-312 0.00
problem63 15.44 1694553593677300 140734490769096 4 1.16637e-312 0.00
problem64 10.91 1482663279932602 140734490769096 4 1.16637e-312 0.00
problem65 9.55 1692039333535944 140734490769096 4 1.16637e-312 0.00
problem66 17.51 1694917117822148 140734490769096 4 1.16637e-312 0.00
problem67 7.45 1431988898881445 140734490769096 4 1.16637e-312 0.00
problem68 6.27 1398649654331553 140734490769096 4 1.16637e-312 0.00
problem69 11.51 1830968852600404 140734490769096 4 1.16637e-312 0.00
problem70 12.41 1326249473030694 140734490769096 4 1.16637e-312 0.00
problem71 9.94 1398875704385431 140734490769096 4 1.16637e-312 0.00
problem72 9.4 1679764078873262 140734490769096 4 1.16637e-312 0.00
problem73 9.98 1633295252291273 140734490769096 4 1.16637e-312 0.00
problem74 12.9 1665043746925987 140734490769096 4 1.16637e-312 0.00
problem75 8.25 1484758157263708 140734490769096 4 1.16637e-312 0.00
problem76 6.6 1514799084725784 140734490769096 4 1.16637e-312 0.00
problem77 5.67 1578879675330335 140734490769096 4 1.16637e-312 0.00
problem78 9.29 1537190809109570 140734490769096 4 1.16637e-312 0.00
problem79 10.25 1635837473983566 140734490769096 4 1.16637e-312 0.00
problem80 14.62 1438065671689555 140734490769096 4 1.16637e-312 0.00
problem81 17.98 1540710087146218 140734490769096 4 1.16637e-312 0.00
problem82 11.46 1775149908342919 140734490769096 4 1.16637e-312 0.00
problem83 14.75 1527860846074359 140734490769096 4 1.16637e-312 0.00
problem84 7.22 1317527659279912 140734490769096 4 1.16637e-312 0.00
problem85 13.32 1481273558423465 140734490769096 4 1.16637e-312 0.00
problem86 10.52 1485396398875465 140734490769096 4 1.16637e-312 0.00
problem87 22.71 1534925455829347 140734490769096 4 1.16637e-312 0.00
problem88 11.43 1516538893062032 140734490769096 4 1.16637e-312 0.00
problem89 10.3 1583151502523189 140734490769096 4 1.16637e-312 0.00
problem90 19.46 1631880968130783 140734490769096 4 1.16637e-312 0.00
problem91 18.67 1602730749319347 140734490769096 4 1.16637e-312 0.00
problem92 7.48 1521176831368718 140734490769096 4 1.16637e-312 0.00
problem93 13.05 1564752523754507 140734490769096 4 1.16637e-312 0.00
problem94 9.61 1200981705703579 140734490769096 4 1.16637e-312 0.00
problem95 13.91 1469670006276779 140734490769096 4 1.16637e-312 0.00
problem96 2.16 1325420533859643 140734490769096 4 1.16637e-312 0.00
problem97 9.42 1495400569592532 140734490769096 4 1.16637e-312 0.00
problem98 11.45 1390807438196030 140734490769096 4 1.16637e-312 0.00
problem99 13.24 1887625273918442 140734490769096 4 1.16637e-312 0.00
