problem0 0 26553 1 0.00
problem1 0.00 25078 1 0.00
problem2 0.00 21498 1 0.00
problem3 0.00 26651 1 0.00
problem4 0.00 24851 1 0.00
problem5 0.00 25976 1 0.00
problem6 0.00 21828 1 0.00
problem7 0.00 23373 1 0.00
problem8 0.00 24269 1 0.00
problem9 0.00 23258 1 0.00
problem10 0.00 25582 1 0.00
problem11 0.00 25439 1 0.00
problem12 0.00 24807 1 0.00
problem13 0.00 22044 1 0.00
problem14 0.00 26616 1 0.00
problem15 0.00 25169 1 0.00
problem16 0.00 24417 1 0.00
problem17 0.00 22846 1 0.00
problem18 0.00 22370 1 0.00
problem19 0.00 24611 1 0.00
problem20 0.00 24123 1 0.00
problem21 0.00 24128 1 0.00
problem22 0.00 26668 1 0.00
problem23 0.00 23253 1 0.00
problem24 0.00 23413 1 0.00
problem25 0.00 26914 1 0.00
problem26 0.00 25174 1 0.00
problem27 0.00 23143 1 0.00
problem28 0.00 23311 1 0.00
problem29 0.00 24036 1 0.00
problem30 0.00 23008 1 0.00
problem31 0.00 23769 1 0.00
problem32 0.00 24841 1 0.00
problem33 0.00 26246 1 0.00
problem34 0.00 22730 1 0.00
problem35 0.00 25131 1 0.00
problem36 0.00 25443 1 0.00
problem37 0.00 25864 1 0.00
problem38 0.00 23316 1 0.00
problem39 0.00 22109 1 0.00
problem40 0.00 24093 1 0.00
problem41 0.00 23914 1 0.00
problem42 0.00 22718 1 0.00
problem43 0.00 26479 1 0.00
problem44 0.00 24887 1 0.00
problem45 0.00 22444 1 0.00
problem46 0.00 26056 1 0.00
problem47 0.00 24929 1 0.00
problem48 0.00 25777 1 0.00
problem49 0.00 22990 1 0.00
problem50 0.00 22578 1 0.00
problem51 0.00 24115 1 0.00
problem52 0.00 23179 1 0.00
problem53 0.00 24528 1 0.00
problem54 0.00 26108 1 0.00
problem55 0.00 25061 1 0.00
problem56 0.00 21189 1 0.00
problem57 0.00 28082 1 0.00
problem58 0.00 24358 1 0.00
problem59 0.00 25207 1 0.00
problem60 0.00 22367 1 0.00
problem61 0.00 22388 1 0.00
problem62 0.00 25008 1 0.00
problem63 0.00 23529 1 0.00
problem64 0.00 24665 1 0.00
problem65 0.00 26390 1 0.00
problem66 0.00 23450 1 0.00
problem67 0.00 22075 1 0.00
problem68 0.00 27059 1 0.00
problem69 0.00 25752 1 0.00
problem70 0.00 23780 1 0.00
problem71 0.00 23405 1 0.00
problem72 0.00 23405 1 0.00
problem73 0.00 23034 1 0.00
problem74 0.00 24462 1 0.00
problem75 0.00 24447 1 0.00
problem76 0.00 25479 1 0.00
problem77 0.00 23868 1 0.00
problem78 0.00 23960 1 0.00
problem79 0.00 26737 1 0.00
problem80 0.00 25089 1 0.00
problem81 0.00 23646 1 0.00
problem82 0.00 22274 1 0.00
problem83 0.00 24643 1 0.00
problem84 0.00 22747 1 0.00
problem85 0.00 23392 1 0.00
problem86 0.00 25548 1 0.00
problem87 0.00 25845 1 0.00
problem88 0.00 23061 1 0.00
problem89 0.00 25666 1 0.00
problem90 0.00 24054 1 0.00
problem91 0.00 26759 1 0.00
problem92 0.00 22447 1 0.00
problem93 0.00 22788 1 0.00
problem94 0.00 24448 1 0.00
problem95 0.00 23289 1 0.00
problem96 0.00 23465 1 0.00
problem97 0.00 26534 1 0.00
problem98 0.00 24682 1 0.00
problem99 0.00 21579 1 0.00
