problem0 0 7394624730117 0 2228.00
problem1 0.00 8844157450390 0 2284.00
problem2 0.01 9090029861391 0 2284.00
problem3 0.00 8998987583846 0 2284.00
problem4 0.00 7816431966114 0 2284.00
problem5 0.01 9237132710998 0 2284.00
problem6 0.00 7633605819236 0 2284.00
problem7 0.01 8677014787672 0 2284.00
problem8 0.00 7572060714976 0 2284.00
problem9 0.00 7855000493191 0 2284.00
problem10 0.01 8005952533071 0 2284.00
problem11 0.00 7050603856840 0 2284.00
problem12 0.00 8903965531841 0 2284.00
problem13 0.01 8972678648896 0 2284.00
problem14 0.00 7511601475732 0 2284.00
problem15 0.01 9802680171516 0 2284.00
problem16 0.00 7937125957030 0 2284.00
problem17 0.00 9488897309813 0 2284.00
problem18 0.01 7444652870855 0 2284.00
problem19 0.00 8359120836577 0 2284.00
problem20 0.01 7894820336373 0 2284.00
problem21 0.00 8243283224691 0 2284.00
problem22 0.00 7578089389684 0 2284.00
problem23 0.01 8583255046843 0 2284.00
problem24 0.00 9676969120335 0 2284.00
problem25 0.00 7623172462181 0 2284.00
problem26 0.01 8093315350671 0 2284.00
problem27 0.00 8479707383763 0 2284.00
problem28 0.01 8963875691022 0 2284.00
problem29 0.00 8654152381987 0 2284.00
problem30 0.00 8118013993763 0 2284.00
problem31 0.01 7602884377086 0 2284.00
problem32 0.00 7842593756113 0 2284.00
problem33 0.01 8739793200292 0 2284.00
problem34 0.00 7907479121002 0 2284.00
problem35 0.00 7445224472736 0 2284.00
problem36 0.01 7996342359626 0 2284.00
problem37 0.00 7642616382292 0 2284.00
problem38 0.01 7685804408856 0 2284.00
problem39 0.00 6885430266404 0 2284.00
problem40 0.00 7198092905681 0 2284.00
problem41 0.01 6682504485621 0 2284.00
problem42 0.00 7433307737478 0 2284.00
problem43 0.00 7497140362672 0 2284.00
problem44 0.01 8479946844262 0 2284.00
problem45 0.00 6744599655143 0 2284.00
problem46 0.01 7233643354089 0 2284.00
problem47 0.00 6409980650833 0 2284.00
problem48 0.00 8194091271156 0 2284.00
problem49 0.01 7665081388590 0 2284.00
problem50 0.00 8618688646923 0 2284.00
problem51 0.01 9115638541943 0 2284.00
problem52 0.00 9720346432246 0 2284.00
problem53 0.00 6890289456540 0 2284.00
problem54 0.01 8828077163491 0 2284.00
problem55 0.00 8574818305173 0 2284.00
problem56 0.01 7595615672641 0 2284.00
problem57 0.00 8223919776920 0 2284.00
problem58 0.00 8212673610760 0 2284.00
problem59 0.01 7547942080320 0 2284.00
problem60 0.00 9710972649705 0 2284.00
problem61 0.01 9970456717784 0 2284.00
problem62 0.00 8405211371425 0 2284.00
problem63 0.00 7965466572987 0 2284.00
problem64 0.01 6617568503376 0 2284.00
problem65 0.00 8028581527173 0 2284.00
problem66 0.00 8293248961609 0 2284.00
problem67 0.01 9076307487907 0 2284.00
problem68 0.00 10012919439085 0 2284.00
problem69 0.01 7981731564781 0 2284.00
problem70 0.00 7853258876604 0 2284.00
problem71 0.00 8558986207038 0 2284.00
problem72 0.01 9525373614319 0 2284.00
problem73 0.00 8622027061115 0 2284.00
problem74 0.01 7639551570099 0 2284.00
problem75 0.00 7652060496141 0 2284.00
problem76 0.00 8900980617720 0 2284.00
problem77 0.01 8679100727747 0 2284.00
problem78 0.00 9588801718613 0 2284.00
problem79 0.00 8990895343220 0 2284.00
problem80 0.01 7203236802346 0 2284.00
problem81 0.00 7986139415917 0 2284.00
problem82 0.01 9682658620021 0 2284.00
problem83 0.00 7657580460450 0 2284.00
problem84 0.00 8064604231653 0 2284.00
problem85 0.01 7575673635017 0 2284.00
problem86 0.00 7370661189741 0 2284.00
problem87 0.01 8661270815884 0 2284.00
problem88 0.00 8362183452868 0 2284.00
problem89 0.00 7974970484971 0 2284.00
problem90 0.01 8002288363627 0 2284.00
problem91 0.00 8683594267876 0 2284.00
problem92 0.01 7574996092145 0 2284.00
problem93 0.00 7994542480494 0 2284.00
problem94 0.00 8535748942461 0 2284.00
problem95 0.01 7741995922346 0 2284.00
problem96 0.00 7337199092996 0 2284.00
problem97 0.00 7127918594536 0 2284.00
problem98 0.01 9292795515436 0 2284.00
problem99 0.00 7297360490449 0 2284.00
