problem0 0 90038 1 0.00
problem1 0.00 106596 1 0.00
problem2 0.00 83315 1 2400.00
problem3 0.00 87677 1 2400.00
problem4 0.00 64056 1 2400.00
problem5 0.00 64510 1 2400.00
problem6 0.00 78661 1 2400.00
problem7 0.00 87335 1 2400.00
problem8 0.00 75738 1 2400.00
problem9 0.00 94264 1 2400.00
problem10 0.00 74039 1 2400.00
problem11 0.00 95601 1 2400.00
problem12 0.00 88732 1 2400.00
problem13 0.00 67346 1 2400.00
problem14 0.00 78153 1 2400.00
problem15 0.00 82267 1 2400.00
problem16 0.00 95358 1 2400.00
problem17 0.00 72332 1 2400.00
problem18 0.00 75131 1 2400.00
problem19 0.00 78565 1 2400.00
problem20 0.00 79744 1 2400.00
problem21 0.00 91302 1 2400.00
problem22 0.00 85965 1 2400.00
problem23 0.01 78863 1 2400.00
problem24 0.00 91554 1 2400.00
problem25 0.00 85856 1 2400.00
problem26 0.00 94783 1 2400.00
problem27 0.00 81625 1 2400.00
problem28 0.00 78052 1 2400.00
problem29 0.00 79034 1 2400.00
problem30 0.00 89809 1 2400.00
problem31 0.00 89411 1 2400.00
problem32 0.00 80710 1 2400.00
problem33 0.00 93876 1 2400.00
problem34 0.00 92035 1 2400.00
problem35 0.00 92493 1 2400.00
problem36 0.00 79560 1 2400.00
problem37 0.00 87886 1 2400.00
problem38 0.00 89685 1 2400.00
problem39 0.00 81143 1 2400.00
problem40 0.00 87402 1 2400.00
problem41 0.00 92296 1 2400.00
problem42 0.00 70983 1 2400.00
problem43 0.00 86593 1 2400.00
problem44 0.00 84268 1 2400.00
problem45 0.00 76898 1 2400.00
problem46 0.00 77401 1 2400.00
problem47 0.00 86827 1 2400.00
problem48 0.00 78862 1 2400.00
problem49 0.01 81116 1 2400.00
problem50 0.00 93067 1 2400.00
problem51 0.00 68021 1 2400.00
problem52 0.00 83984 1 2400.00
problem53 0.00 95222 1 2400.00
problem54 0.00 73437 1 2400.00
problem55 0.00 85983 1 2400.00
problem56 0.00 91954 1 2400.00
problem57 0.00 97200 1 2400.00
problem58 0.00 96847 1 2400.00
problem59 0.00 81833 1 2400.00
problem60 0.00 82804 1 2400.00
problem61 0.00 85514 1 2400.00
problem62 0.00 85985 1 2400.00
problem63 0.00 70419 1 2400.00
problem64 0.00 89814 1 2400.00
problem65 0.00 79108 1 2400.00
problem66 0.00 82323 1 2400.00
problem67 0.00 87069 1 2400.00
problem68 0.00 84824 1 2400.00
problem69 0.00 80542 1 2400.00
problem70 0.00 90469 1 2400.00
problem71 0.00 76999 1 2400.00
problem72 0.00 76538 1 2400.00
problem73 0.00 84184 1 2400.00
problem74 0.00 94551 1 2400.00
problem75 0.00 79633 1 2400.00
problem76 0.00 81852 1 2400.00
problem77 0.00 72114 1 2400.00
problem78 0.00 95081 1 2400.00
problem79 0.00 85243 1 2400.00
problem80 0.00 76702 1 2400.00
problem81 0.00 87852 1 2400.00
problem82 0.00 80283 1 2400.00
problem83 0.00 84101 1 2400.00
problem84 0.00 77984 1 2400.00
problem85 0.00 88902 1 2400.00
problem86 0.00 87533 1 2400.00
problem87 0.00 95151 1 2400.00
problem88 0.00 94402 1 2400.00
problem89 0.00 81920 1 2400.00
problem90 0.00 92767 1 2400.00
problem91 0.00 88185 1 2400.00
problem92 0.00 81412 1 2400.00
problem93 0.00 85850 1 2400.00
problem94 0.00 84209 1 2400.00
problem95 0.00 73955 1 2400.00
problem96 0.00 84582 1 2400.00
problem97 0.00 90964 1 2400.00
problem98 0.01 86947 1 2400.00
problem99 0.00 79597 1 2400.00
