problem0 0 16664047 1
problem1 0 15680433 1
problem2 0 16582748 1
problem3 0 17127050 1
problem4 0 15062385 1
problem5 0 15213163 1
problem6 0 18189422 1
problem7 0 15864212 1
problem8 0 16176787 1
problem9 0 16150597 1
problem10 0 12252960 1
problem11 0 16841918 1
problem12 0 16063317 1
problem13 0 15071039 1
problem14 0 14428786 1
problem15 0 16691720 1
problem16 0 15668663 1
problem17 0 16687449 1
problem18 0 17279076 1
problem19 0 14478194 1
problem20 0 15194041 1
problem21 0.01 17201299 1
problem22 0 16618230 1
problem23 0 17072892 1
problem24 0 15274843 1
problem25 0 15967981 1
problem26 0 14789672 1
problem27 0 16741030 1
problem28 0 15014557 1
problem29 0 15103591 1
problem30 0 17126906 1
problem31 0 14341232 1
problem32 0 16310143 1
problem33 0 16470273 1
problem34 0 14783084 1
problem35 0 17359450 1
problem36 0 17167361 1
problem37 0 16040123 1
problem38 0 14746494 1
problem39 0 15922788 1
problem40 0 12880419 1
problem41 0.01 16609173 1
problem42 0 16902960 1
problem43 0 15960718 1
problem44 0 16085989 1
problem45 0 16394127 1
problem46 0 15215490 1
problem47 0 17316056 1
problem48 0 15999815 1
problem49 0 15454889 1
problem50 0 13583988 1
problem51 0 15973186 1
problem52 0 17345097 1
problem53 0 15301347 1
problem54 0 14966278 1
problem55 0 16247756 1
problem56 0 15317739 1
problem57 0.01 16927293 1
problem58 0 16266296 1
problem59 0 15189110 1
problem60 0 16164653 1
problem61 0 16747191 1
problem62 0 16853770 1
problem63 0 13721408 1
problem64 0 16867599 1
problem65 0 15640145 1
problem66 0 16073852 1
problem67 0 15726122 1
problem68 0 15235729 1
problem69 0 15935243 1
problem70 0 13902478 1
problem71 0 16114484 1
problem72 0 16852403 1
problem73 0 17348325 1
problem74 0.01 14747456 1
problem75 0 18784350 1
problem76 0 17380469 1
problem77 0 18161631 1
problem78 0 16045202 1
problem79 0 15255464 1
problem80 0 16324823 1
problem81 0 16927737 1
problem82 0.01 17828996 1
problem83 0 18354962 1
problem84 0 18736345 1
problem85 0 18892083 1
problem86 0 17092886 1
problem87 0 16735388 1
problem88 0 16992891 1
problem89 0 17773965 1
problem90 0 16835656 1
problem91 0 16948806 1
problem92 0.01 17144765 1
problem93 0 15296263 1
problem94 0 14133274 1
problem95 0 14742032 1
problem96 0 14928543 1
problem97 0 15025057 1
problem98 0 13901452 1
problem99 0 16683514 1
