problem0 0 6405066 1 0.00
problem1 0.00 5389139 1 0.00
problem2 0.00 6103755 1 0.00
problem3 0.00 6262408 1 0.00
problem4 0.00 6577348 1 0.00
problem5 0.00 6524693 1 0.00
problem6 0.00 6650357 1 0.00
problem7 0.00 6265402 1 0.00
problem8 0.00 6736030 1 0.00
problem9 0.00 6808375 1 0.00
problem10 0.00 5956863 1 0.00
problem11 0.00 7258956 1 0.00
problem12 0.00 6572376 1 0.00
problem13 0.00 6523321 1 0.00
problem14 0.00 6446569 1 0.00
problem15 0.00 6343614 1 0.00
problem16 0.00 6031602 1 0.00
problem17 0.00 6698139 1 0.00
problem18 0.00 6930099 1 0.00
problem19 0.00 7198096 1 0.00
problem20 0.00 7016812 1 0.00
problem21 0.00 6223325 1 0.00
problem22 0.00 6668637 1 0.00
problem23 0.00 6972098 1 0.00
problem24 0.00 6048966 1 0.00
problem25 0.00 6307711 1 0.00
problem26 0.00 6291431 1 0.00
problem27 0.00 6509908 1 0.00
problem28 0.00 6456576 1 0.00
problem29 0.00 6415233 1 0.00
problem30 0.00 6616145 1 0.00
problem31 0.00 6418246 1 0.00
problem32 0.00 5923866 1 0.00
problem33 0.00 6755299 1 0.00
problem34 0.00 6158491 1 0.00
problem35 0.00 7066264 1 0.00
problem36 0.00 7369748 1 0.00
problem37 0.00 6578853 1 0.00
problem38 0.00 6244037 1 0.00
problem39 0.00 5439818 1 0.00
problem40 0.00 7020270 1 0.00
problem41 0.00 6537671 1 0.00
problem42 0.00 6420687 1 0.00
problem43 0.00 6282588 1 0.00
problem44 0.00 5680808 1 0.00
problem45 0.00 6325065 1 0.00
problem46 0.00 6949049 1 0.00
problem47 0.00 5843150 1 0.00
problem48 0.00 6638914 1 0.00
problem49 0.00 6904107 1 0.00
problem50 0.00 6312067 1 0.00
problem51 0.00 6686112 1 0.00
problem52 0.00 6620348 1 0.00
problem53 0.00 5920109 1 0.00
problem54 0.00 6720045 1 0.00
problem55 0.00 6026706 1 0.00
problem56 0.00 6274838 1 0.00
problem57 0.00 6220303 1 0.00
problem58 0.00 6508471 1 0.00
problem59 0.00 6216548 1 0.00
problem60 0.00 6768208 1 0.00
problem61 0.00 6678801 1 0.00
problem62 0.00 6298401 1 0.00
problem63 0.00 6223958 1 0.00
problem64 0.00 6374506 1 0.00
problem65 0.00 6259827 1 0.00
problem66 0.00 7030379 1 0.00
problem67 0.00 6221480 1 0.00
problem68 0.00 6505316 1 0.00
problem69 0.00 7163445 1 0.00
problem70 0.00 6949781 1 0.00
problem71 0.00 6799450 1 0.00
problem72 0.00 6073662 1 0.00
problem73 0.00 6568023 1 0.00
problem74 0.00 6980767 1 0.00
problem75 0.00 6868844 1 0.00
problem76 0.00 6343672 1 0.00
problem77 0.00 6460633 1 0.00
problem78 0.00 6138761 1 0.00
problem79 0.00 6413790 1 0.00
problem80 0.00 6605202 1 0.00
problem81 0.00 6297019 1 0.00
problem82 0.00 6642259 1 0.00
problem83 0.00 6622640 1 0.00
problem84 0.00 6926348 1 0.00
problem85 0.00 6147325 1 0.00
problem86 0.00 7097085 1 0.00
problem87 0.00 5955810 1 0.00
problem88 0.00 6842726 1 0.00
problem89 0.00 6171807 1 0.00
problem90 0.00 6297479 1 0.00
problem91 0.00 6437236 1 0.00
problem92 0.00 7192480 1 0.00
problem93 0.00 5965473 1 0.00
problem94 0.00 6109681 1 0.00
problem95 0.00 6576486 1 0.00
problem96 0.00 6446266 1 0.00
problem97 0.00 6262019 1 0.00
problem98 0.00 5966907 1 0.00
problem99 0.00 6349496 1 0.00
