problem0 0.8 4153346510954 0
problem1 0.38 3996384542382 0
problem2 0.63 3980113096371 0
problem3 0.73 4551535926286 0
problem4 0.54 4301157173525 0
problem5 0.36 3948711016482 0
problem6 1.09 4556455273938 0
problem7 0.7 4642953385019 0
problem8 0.72 4718559872370 0
problem9 0.63 4674080222876 0
problem10 0.85 5017721478921 0
problem11 0.58 3988874201856 0
problem12 0.81 5117254925597 0
problem13 0.61 4990839287510 0
problem14 0.24 3563783541845 0
problem15 0.74 5118497243963 0
problem16 0.48 4384308932719 0
problem17 0.61 3992213233442 0
problem18 0.8 4166949343785 0
problem19 0.71 4513707425753 0
problem20 1.31 4430445472286 0
problem21 0.62 5169473607314 0
problem22 0.42 4202456991037 0
problem23 0.72 4153947796805 0
problem24 0.59 4142731141639 0
problem25 0.61 4042432648371 0
problem26 0.31 4344079482031 0
problem27 0.96 4369393971496 0
problem28 0.8 4607255796205 0
problem29 1.22 4102361892698 0
problem30 0.27 3341444461854 0
problem31 1.07 4665587837629 0
problem32 0.89 3886452315112 0
problem33 0.47 3892730560447 0
problem34 0.61 3242714459560 0
problem35 0.8 4822949190470 0
problem36 0.66 3891044272209 0
problem37 0.83 4705786935384 0
problem38 0.47 4446784564344 0
problem39 0.48 4896775738411 0
problem40 1.24 4332731990571 0
problem41 0.63 3985488604743 0
problem42 0.84 4328892882094 0
problem43 1.13 4392609368948 0
problem44 0.3 4923215788488 0
problem45 0.21 4398473390157 0
