problem0 0.38 10629967155 1
problem1 0.16 9859234155 1
problem2 0.05 10084633891 1
problem3 0.04 9256902747 1
problem4 1.35 9679383315 1
problem5 0.23 8364795211 1
problem6 3.8 10334848771 1
problem7 0 8893909051 1
problem8 0.02 8441290995 1
problem9 1.43 11841685803 1
problem10 1.38 7116110051 1
problem11 2.46 10227476507 1
problem12 0.56 11355229907 1
problem13 2.46 10282165515 1
problem14 1.21 9762710211 1
problem15 1.47 9688121339 1
problem16 0.16 8356836531 1
problem17 2.61 9105144043 1
problem18 2.32 9078506659 1
problem19 0.2 9737768923 1
problem20 2.23 9237582483 1
problem21 0.32 8755086539 1
problem22 1.16 9549176451 1
problem23 0 8669206459 1
problem24 2.01 8211294323 1
problem25 0.02 8460109995 1
