problem0 0.94 739136258581005 1750 1 0.8
problem1 3.02 660155665601929 6042 3 2.26
problem2 0.87 785412559588298 1149 1 0.49
problem3 0.88 805443197985284 1202 1 0.52
problem4 3.34 653061765531404 6589 2 2.73
problem5 0.6 854047376752651 494 1 0.38
problem6 0.83 834355338337106 1440 1 0.51
problem7 0.9 764482589888264 2523 1 0.63
problem8 0.85 762234766813652 1979 1 0.64
problem9 1.3 845260371588132 1323 1 0.43
problem10 1.3 583689701473209 4386 1 1.1
problem11 1.42 780939855547202 4627 1 1.3
problem12 1.03 691104502384832 3813 1 0.93
problem13 2.91 732133596300968 6782 2 2.52
problem14 1.36 606605281056087 5094 1 0.9
problem15 1.45 693840885836190 6460 1 1.19
problem16 0.78 722203095478032 1790 1 0.66
problem17 0.81 833125338692468 1503 1 0.55
problem18 1.55 734568989437152 5784 1 1.19
problem19 1.18 804456887928453 3872 1 0.77
problem20 1.09 685392487251418 3656 1 0.72
problem21 1.2 826248578181831 1963 1 0.63
problem22 0.95 729253333149125 1421 1 0.87
problem23 1.13 703002719919520 4017 1 0.91
problem24 1.14 817439079640268 3162 1 0.91
problem25 0.61 890121860288741 670 1 0.46
problem26 2.03 735544689470162 4047 1 0.8
problem27 1.27 659895765211933 4863 1 1.07
problem28 1.41 651264881303899 3815 1 1.17
problem29 1.22 812156964136896 2407 1 0.65
problem30 1.24 702441512874659 4704 1 0.93
problem31 2.85 640092571019835 8218 2 2.29
problem32 1.38 657395750417637 3969 1 1.22
problem33 1.44 816830094319142 4928 1 0.9
problem34 1.12 804810511984479 1049 1 0.49
problem35 1.18 662264314404544 2944 1 0.75
problem36 1.03 789183242886706 2948 1 0.68
problem37 0.62 830257990500457 680 1 0.45
problem38 1.57 707906507056489 4746 1 1.33
problem39 1.45 720129857776412 4389 1 1.01
problem40 1.63 654326760585733 7208 1 1.29
problem41 0.71 776808924728781 1302 1 0.63
problem42 1.76 645897260318155 7915 1 1.35
problem43 1.46 735041704472518 3057 1 1.21
problem44 0.87 749754927944875 1871 1 0.7
problem45 3.73 625530170508033 10096 2 3.15
problem46 1.5 780215424721645 5318 1 1.02
problem47 2.09 758802088808028 3555 1 1.06
problem48 1.74 631540381959403 6855 1 1.48
problem49 1.5 843139246349952 2297 1 0.66
problem50 4.28 620492182005286 17146 2 3.31
problem51 1.39 769862542911914 1897 1 0.89
problem52 2.56 775285406874352 3692 1 1.13
problem53 2.69 689055626691962 8395 1 1.74
problem54 1.77 728557708516881 6018 1 1.29
problem55 1.54 751045479132901 2748 1 0.98
problem56 1.48 714744904687495 3075 1 1.38
problem57 1.02 888925509384813 876 1 0.74
problem58 1.44 763259834589783 2014 1 0.93
problem59 1.46 735956618568618 2212 1 0.97
problem60 2.37 777145167679276 4563 1 1.26
problem61 1.79 709915592697100 4375 1 1.23
problem62 1.46 746618111448454 2202 1 0.94
problem63 1.43 730311315095956 2844 1 1.11
problem64 1.77 753456869192904 1606 1 0.81
problem65 1.03 853161495771188 999 1 0.99
problem66 1.59 734944152754606 4182 1 1.08
problem67 1.81 789633898632578 4755 1 1.21
problem68 1.24 726731097625306 1267 1 0.76
problem69 1.75 654177299352194 6574 1 1.4
problem70 2.22 740164847348121 6075 1 1.4
problem71 1.44 721651806121187 3264 1 1.24
problem72 1.95 680658189406956 6905 1 1.3
problem73 2.02 662535508011154 7185 1 1.5
problem74 1.87 776249515521330 5690 1 1.47
problem75 1.96 695679310472094 6666 1 1.73
problem76 1.25 733639558518609 2463 1 1.08
problem77 1.46 717981628463015 2378 1 1.12
problem78 2.12 686704331826093 8047 1 1.5
problem79 2.78 694808686872145 7941 1 1.39
problem80 1.07 809920549333003 1296 1 0.92
problem81 1.4 747454718137213 3134 1 1.07
problem82 1.4 722677314038288 1646 1 1.27
problem83 1.14 718704107439690 1024 1 0.74
problem84 1.65 717282403284867 6354 1 1.41
problem85 1.63 748954908413796 4283 1 1.22
problem86 1.91 713680006301532 3707 1 1.16
problem87 1.96 673667429603818 6749 1 1.35
problem88 1.47 725137404233271 2091 1 1.39
problem89 1.62 775423723764798 3743 1 1.3
problem90 1.06 864599337041552 1188 1 0.84
problem91 1.07 794344394184944 996 1 0.95
problem92 1.37 641444760421939 3202 1 1.03
problem93 2.23 699693344403974 6086 1 1.57
problem94 1.41 738794600502505 3699 1 1.21
problem95 2.28 751912887385760 8448 1 1.78
problem96 1.49 766086480206478 3418 1 1.08
problem97 1.96 636202012530166 7041 1 1.63
problem98 1.05 743151385906903 2088 1 0.94
problem99 1.12 795113194566846 1334 1 0.88
