problem0 288.01 817934248599782 27362 2 149.35 4527688.00
problem1 179.47 765545485208360 24830 1 42.34 4255004.00
problem2 285.85 777016885219932 50450 2 200.44 4515864.00
problem3 72.36 769608212624439 13245 1 65.67 4194024.00
problem4 462.32 808990847214970 75151 2 298.34 7912348.00
problem5 485.76 854821831426626 46417 1 278.42 17214860.00
problem6 178.57 828445289097292 27272 1 63.04 1447528.00
problem7 203.28 933910369179572 26285 1 86.57 4618360.00
problem8 98.82 865721619560650 9278 1 39.90 1748388.00
problem9 178.11 730901382392632 33289 1 148.39 9368696.00
problem10 268.37 806456746664705 54763 1 131.94 4491276.00
problem11 117.32 748248281828626 11418 1 58.14 4491276.00
problem12 824.75 806298558943593 176602 2 534.83 9886100.00
problem13 101.16 871854076382708 7548 1 36.48 9218580.00
problem14 213.02 750749630138129 34703 1 127.99 6327500.00
problem15 276.03 756632862409386 40202 1 106.71 5443192.00
problem16 251.29 842176995664029 49185 1 185.64 9970824.00
problem17 435.08 737401516385493 109637 1 302.90 15751004.00
problem18 178.44 793418478063832 33760 1 109.42 15751004.00
problem19 180.48 756453761953129 37444 1 139.92 6131340.00
problem20 255.46 721553388563941 44828 1 184.28 10536272.00
problem21 244.71 777877220706342 37110 1 191.88 10625248.00
problem22 262.72 796304588471413 56540 1 223.18 11357056.00
problem23 574.96 743031905569979 133670 1 308.60 14851532.00
problem24 153.14 818604874323753 22174 1 143.86 8624176.00
problem25 295.77 798402651750925 84335 1 245.58 9912908.00
problem26 358.09 747848172926626 97584 1 319.31 14575412.00
problem27 231.93 832587638102677 17500 1 79.03 4011664.00
problem28 371.48 809628806306661 69415 1 173.76 8864480.00
problem29 3551.51 713332522918063 308836 2 3450.53 35045680.00
problem30 227.93 770529607498049 33091 1 195.30 10116340.00
problem31 87.80 805479009309150 6909 1 46.12 1299404.00
problem32 223.45 797692740040638 41234 1 147.76 6864948.00
problem33 469.80 800543076163871 60328 1 217.19 11160720.00
problem34 831.87 731691357942689 161802 1 652.49 36094388.00
problem35 168.32 792664514088490 19891 1 63.43 36021452.00
problem36 158.00 785911242423518 26640 1 121.72 5758464.00
problem37 88.18 966821338231919 5826 1 38.45 5685568.00
problem38 551.05 663947433931853 192264 1 378.52 14395456.00
problem39 161.31 849006117070052 11862 1 51.88 14323428.00
problem40 156.75 810593779479518 14436 1 94.90 4787156.00
problem41 198.38 848683372455956 40177 1 121.89 5817076.00
problem42 113.47 800233536267332 17488 1 101.84 4890456.00
problem43 136.09 850935794715077 20261 1 83.09 3606828.00
problem44 427.52 792132196514642 87928 1 244.12 10467000.00
problem45 184.48 773602509978406 30912 1 162.17 7334636.00
problem46 139.34 845487949401759 17687 1 96.74 4635928.00
problem47 256.61 781285189179571 89235 1 189.70 7146332.00
problem48 223.19 726144147238208 31756 1 152.54 8139324.00
problem49 155.23 846175163483767 21675 1 104.52 8066776.00
problem50 327.17 722902750470424 28561 1 305.00 16629012.00
problem51 127.59 886524564779624 15320 1 75.85 16561140.00
problem52 569.77 737683281292266 96882 1 516.66 20046032.00
problem53 73.56 920136871784530 9116 1 58.59 19597880.00
problem54 190.58 755959883909352 37562 1 154.54 5109344.00
problem55 121.70 862124899806037 11118 1 51.59 5042580.00
problem56 192.45 752692121936320 19487 1 180.47 9471940.00
problem57 219.46 785885303297764 49529 1 158.38 9405932.00
problem58 119.70 771526864325333 13253 1 71.16 2819020.00
problem59 91.33 842912125447291 10944 1 54.13 2758472.00
problem60 119.64 784619982172549 17706 1 110.31 5426124.00
problem61 534.57 809110830267926 165980 1 375.98 11012428.00
problem62 716.37 702866509410810 239578 1 520.94 16882032.00
problem63 630.92 728366679625275 129914 1 470.45 24996876.00
problem64 410.94 779936072817428 106237 1 252.18 5272292.00
problem65 392.65 791873820398126 87809 1 244.73 8470136.00
problem66 513.67 758639311875378 81641 1 460.76 24425444.00
problem67 269.41 837635678667745 46706 1 182.05 24359616.00
problem68 228.53 810999152901437 32598 1 138.01 6767380.00
problem69 179.66 839496001897553 35257 1 120.17 6701060.00
problem70 178.80 821299166878418 30260 1 127.33 5542964.00
problem71 208.84 806766762119431 28597 1 177.11 10210540.00
problem72 167.34 810041236002245 18027 1 117.52 5699560.00
problem73 220.80 888660005824324 30574 1 111.36 4199064.00
problem74 190.68 709819881456338 41060 1 159.74 7181600.00
problem75 320.95 776057284170996 37003 1 116.16 3868508.00
problem76 250.07 881830997589258 26593 1 118.64 5915692.00
problem77 295.91 700877539855768 49843 1 187.60 10064640.00
problem78 152.93 735150791134226 20873 1 115.29 5733940.00
problem79 207.69 708886163368539 72701 1 159.91 5666396.00
problem80 124.95 775658693972806 22921 1 73.12 2172620.00
problem81 280.54 750141991792714 53107 1 146.49 5607780.00
problem82 98.49 943048647455811 5680 1 39.76 961488.00
problem83 158.73 820408994418857 15767 1 112.30 5233616.00
problem84 171.95 862790396147807 16771 1 78.89 2472916.00
problem85 227.06 829238367329738 31209 1 96.42 3621948.00
problem86 638.37 769880305669147 99512 1 461.62 26293820.00
problem87 437.16 796071596972836 95536 1 250.02 11233888.00
problem88 601.92 697370691122461 125535 1 509.81 26848308.00
problem89 368.22 747742119337014 67819 1 260.49 26781112.00
problem90 620.82 716526342913987 127071 1 376.93 20401744.00
problem91 462.55 779677996099955 122371 1 259.34 20328988.00
problem92 332.13 739720563576338 79042 1 267.33 12388200.00
problem93 161.24 808125300285167 16977 1 55.93 12315328.00
problem94 61.03 818697524516594 5427 1 43.28 967412.00
problem95 597.71 678195724295155 108893 1 463.25 24411252.00
problem96 105.30 792425129639461 15204 1 98.62 3550164.00
problem97 357.94 792215773069767 82141 1 258.64 8195552.00
problem98 150.46 789498864867677 11544 1 61.13 2429908.00
problem99 240.42 812538769109627 48226 1 204.85 6436180.00
