problem0 0 37186508600 1
problem1 0.04 34981620118 1
problem2 0.04 36817106692 1
problem3 0 39514060546 1
problem4 0 41687016720 1
problem5 0.01 41591611566 1
problem6 0.01 39522078044 1
problem7 0 41528439450 1
problem8 0 39685512168 1
problem9 0.01 40149252294 1
problem10 0 37501959348 1
problem11 0 36929912626 1
problem12 0 38211935168 1
problem13 0.01 40221839838 1
problem14 0.01 34994464012 1
problem15 0 39295663306 1
problem16 0.01 37359109272 1
problem17 0.01 37189700598 1
problem18 0.01 42197673572 1
problem19 0 37190404962 1
problem20 0 36280596080 1
problem21 0 36833199886 1
problem22 0 34157469884 1
problem23 0.03 42509929210 1
problem24 0 38383243592 1
problem25 0 36164772646 1
problem26 0.01 37698679828 1
problem27 0.01 41382583186 1
problem28 0 40682042656 1
problem29 0.04 37815386174 1
problem30 0.01 36088545388 1
problem31 0 33386011946 1
problem32 0 38455804408 1
problem33 0 36772150870 1
problem34 0.01 36103644612 1
problem35 0 38820081602 1
problem36 0.04 38761207760 1
problem37 0.01 40670362990 1
problem38 0.03 36581000220 1
problem39 0.01 37528761178 1
problem40 0.05 44150511272 1
problem41 0 31298182534 1
problem42 0.01 35892329332 1
problem43 0 34691975154 1
problem44 0.05 32362733184 1
problem45 0 38038896286 1
problem46 0.02 38612986828 1
problem47 0 34544094602 1
problem48 0 38288740184 1
problem49 0.01 36561698998 1
problem50 0 40984507684 1
problem51 0 41204409378 1
problem52 0.05 40783759664 1
problem53 0.03 33538245582 1
problem54 0 31677970300 1
problem55 0.01 35079973818 1
problem56 0.02 38726888456 1
problem57 0 36737263590 1
problem58 0.01 35775468244 1
problem59 0 39731201106 1
problem60 0.01 35007240160 1
problem61 0 38272503038 1
problem62 0.02 37687191340 1
problem63 0 35460812266 1
problem64 0 42253364408 1
problem65 0.02 35700085526 1
problem66 0.04 35333444740 1
problem67 0 35306236034 1
problem68 0.01 39438977680 1
problem69 0 35130677806 1
problem70 0 39834270428 1
problem71 0.07 37820134426 1
problem72 0 37205053800 1
problem73 0.01 39577715270 1
problem74 0.01 41107765812 1
problem75 0 35953938610 1
problem76 0.01 37149909312 1
problem77 0.02 33279093598 1
problem78 0 32792638092 1
problem79 0 39094722122 1
problem80 0 38632364568 1
problem81 0 35006772598 1
problem82 0.02 37439194084 1
problem83 0 40609676514 1
problem84 0.03 35105922032 1
problem85 0 41049407630 1
problem86 0.01 36405743164 1
problem87 0.01 38272371834 1
problem88 0 38638667464 1
problem89 0 32887925926 1
problem90 0.01 39609872788 1
problem91 0.03 38851325202 1
problem92 0.01 33834646176 1
problem93 0 38826629566 1
problem94 0.01 36362817004 1
problem95 0.02 36123459242 1
problem96 0 43692824440 1
problem97 0.01 40200169430 1
problem98 0.01 38814057284 1
problem99 0 40695603522 1
