problem0 0 22718015628 0
problem1 0 23136605991 0
problem2 0 19139046522 0
problem3 0 24980750932 0
problem4 0 21945272833 0
problem5 0 20894089072 0
problem6 0 22258060970 0
problem7 0 21861835658 0
problem8 0 24466251701 0
problem9 0 23715905433 0
problem10 0 22900325603 0
problem11 0.01 25216045225 0
problem12 0 23083935570 0
problem13 0 21345398997 0
problem14 0 25785940920 0
problem15 0 22503072802 0
problem16 0 17079406884 0
problem17 0 24162983316 0
problem18 0 25979620616 0
problem19 0 17397522501 0
problem20 0 22859188092 0
problem21 0.01 24851959469 0
problem22 0 22810426842 0
problem23 0 24988971385 0
problem24 0 26865943474 0
problem25 0 23484230521 0
problem26 0 29020958016 0
problem27 0 23044968932 0
problem28 0 21714595815 0
problem29 0 19556997351 0
problem30 0 20954709152 0
problem31 0.01 26202529979 0
problem32 0 22239919329 0
problem33 0 23224792174 0
problem34 0 20941827144 0
problem35 0 18847434163 0
problem36 0 23102718670 0
problem37 0 22543506864 0
problem38 0 26838097139 0
problem39 0 17700110665 0
problem40 0 25495058229 0
problem41 0 20174587638 0
problem42 0 23900150833 0
problem43 0 15973395001 0
problem44 0 22651274842 0
problem45 0 23752215212 0
problem46 0.01 24806679159 0
problem47 0 23212713151 0
problem48 0 25533833537 0
problem49 0 27126095658 0
problem50 0 21894787911 0
problem51 0 18182200028 0
problem52 0 21622567128 0
problem53 0 24523060721 0
problem54 0 23980887869 0
problem55 0 21391082198 0
problem56 0 22264148947 0
problem57 0 27193975022 0
problem58 0 26402066046 0
problem59 0 19798268063 0
problem60 0.01 26011903334 0
problem61 0 29026223945 0
problem62 0 21148452691 0
problem63 0 22230138819 0
problem64 0 24422571995 0
problem65 0 20611095409 0
problem66 0 21350862190 0
problem67 0 26367973991 0
problem68 0 20546883799 0
problem69 0 22942462220 0
problem70 0.01 19089324500 0
problem71 0 20147281608 0
problem72 0 20151187932 0
problem73 0 28708808593 0
problem74 0 21511405100 0
problem75 0 18542605083 0
problem76 0 24962498827 0
problem77 0 20997190269 0
problem78 0 23023061995 0
problem79 0 23430618548 0
problem80 0.01 21260207730 0
problem81 0 18574710741 0
problem82 0 18812316787 0
problem83 0 24543150078 0
problem84 0 28540600677 0
problem85 0 24434390978 0
problem86 0 23768766070 0
problem87 0 22618067610 0
problem88 0 22262117793 0
problem89 0 18970665252 0
problem90 0 22744548856 0
problem91 0.01 19887346749 0
problem92 0 17662291449 0
problem93 0 21574495238 0
problem94 0 23451964722 0
problem95 0 22361525118 0
problem96 0 22353993191 0
problem97 0 21636555531 0
problem98 0 27347819400 0
problem99 0 21597723543 0
