problem0 0.04 557536131537 1
problem1 1 531640543086 1
problem2 0.04 552705304210 1
problem3 3.18 517659578259 1
problem4 1.71 545937505579 1
problem5 2.51 583000275440 1
problem6 0.23 561291998172 1
problem7 0.11 550173085125 1
problem8 1.64 534621406949 1
problem9 0.71 571309494354 1
problem10 1.34 482215446662 1
problem11 0.1 551141487831 1
problem12 0.9 599861506303 1
problem13 1.41 591926029460 1
problem14 1.23 516663422608 1
problem15 6.78 577796896457 1
problem16 0.51 507854861689 1
problem17 0.42 539776331958 1
problem18 0.05 582309679098 1
problem19 0.11 547684378011 1
problem20 0.37 600095059539 1
problem21 0.17 570385112760 1
problem22 3.1 504545507012 1
problem23 2.72 461919646541 1
problem24 0.34 543985128845 1
problem25 0.89 543868049562 1
problem26 0.63 652095704302 1
problem27 1.26 517194936799 1
problem28 0.04 573732472103 1
problem29 2.36 504915484764 1
problem30 0.1 537916857464 1
problem31 0.66 529698820945 1
problem32 0.28 493739898657 1
problem33 2.87 557586290686 1
problem34 0.56 565813137250 1
problem35 0.13 554595117475 1
problem36 0.44 548770219387 1
problem37 1.08 546188575104 1
problem38 0.51 529878560684 1
problem39 1.16 542604945109 1
problem40 0.33 544421276213 1
problem41 0.24 502742843106 1
problem42 0.22 479918876502 1
problem43 1.22 486766599399 1
problem44 0.29 543726042959 1
problem45 0.97 613373170212 1
problem46 0.53 518120751200 1
problem47 1.55 463211658713 1
problem48 0.16 445758897865 1
problem49 1.08 486227221830 1
problem50 0.13 470418220234 1
problem51 1.53 523309636523 1
problem52 0.72 546923283107 1
problem53 0.55 518056125000 1
problem54 0.14 484991164052 1
problem55 0.27 578680219741 1
problem56 0.1 608771441885 1
problem57 0.07 511006540586 1
problem58 0.28 515269760958 1
problem59 0 578949051887 1
problem60 0.55 558454890359 1
problem61 0.02 543295390188 1
problem62 0.47 516195015240 1
problem63 0.14 469837330017 1
problem64 0.99 615165512817 1
problem65 1.32 524146098318 1
problem66 0.25 551281119282 1
problem67 0.36 453725731763 1
problem68 0.05 544503260619 1
problem69 4 592314712336 1
problem70 0.13 529327063932 1
problem71 3.64 489453385701 1
problem72 0.17 536045790597 1
problem73 1.65 548447610226 1
problem74 0 506711268902 1
problem75 0.6 480131595511 1
problem76 0.01 480109553055 1
problem77 2.43 522475089844 1
problem78 0.97 504243759664 1
problem79 1.01 479796280553 1
problem80 0.65 631825162265 1
problem81 1.13 506863059414 1
problem82 0.42 554392588698 1
problem83 4.98 562718837179 1
problem84 0.83 501867327219 1
problem85 0.16 552126455256 1
problem86 0.06 480836066916 1
problem87 2.75 561298969965 1
problem88 0.1 554321300525 1
problem89 2.49 568612857274 1
problem90 1.71 576055327374 1
problem91 0.56 586595774975 1
problem92 0.07 539180306887 1
problem93 0.02 524863839100 1
problem94 0.05 448757018648 1
problem95 0.78 595021664625 1
problem96 0.03 580775426497 1
problem97 0.65 578194268446 1
problem98 0.48 508596758786 1
problem99 0.82 515477095875 1
