problem0 67.31 630500336763049 5 478256408 6.95317e-310 0.00
problem1 125.71 698369739020868 5 478256408 6.95317e-310 0.00
problem2 172.01 731845917055315 5 478256408 6.95317e-310 0.00
problem3 91.65 623376377225011 5 478256408 6.95317e-310 0.00
problem4 48.89 760607620955802 5 478256408 6.95317e-310 0.00
problem5 169.91 784046054245031 5 478256408 6.95317e-310 0.00
problem6 105.83 714680351089225 5 478256408 6.95317e-310 0.00
problem7 25.91 557619761018482 5 478256408 6.95317e-310 0.00
problem8 51.08 612418784903243 5 478256408 6.95317e-310 0.00
problem9 32.83 650238012139593 5 478256408 6.95317e-310 0.00
problem10 346.99 557138223302701 5 478256408 6.95317e-310 0.00
problem11 81.09 647177320491838 5 478256408 6.95317e-310 0.00
problem12 66.83 613463368052774 5 478256408 6.95317e-310 0.00
problem13 86.36 714645617976765 5 478256408 6.95317e-310 0.00
problem14 23.13 744188180516117 5 478256408 6.95317e-310 0.00
problem15 63.38 646690176462628 5 478256408 6.95317e-310 0.00
problem16 66.93 576603092883079 5 478256408 6.95317e-310 0.00
problem17 21.96 682866211440368 5 478256408 6.95317e-310 0.00
problem18 227.79 649615919027183 5 478256408 6.95317e-310 0.00
problem19 52.57 610090256545639 5 478256408 6.95317e-310 0.00
problem20 200.24 710078080629198 5 478256408 6.95317e-310 0.00
problem21 127.54 697501960312068 5 478256408 6.95317e-310 0.00
problem22 73.08 613823917065051 5 478256408 6.95317e-310 0.00
problem23 68.47 612591853457365 5 478256408 6.95317e-310 0.00
problem24 73.14 573832471145254 5 478256408 6.95317e-310 0.00
problem25 81.03 604725693295732 5 478256408 6.95317e-310 0.00
problem26 87.09 686353500809592 5 478256408 6.95317e-310 0.00
problem27 81.62 680729480706054 5 478256408 6.95317e-310 0.00
problem28 30.1 677424622368342 5 478256408 6.95317e-310 0.00
problem29 7.61 622618344438851 5 478256408 6.95317e-310 0.00
problem30 68.8 648278393453334 5 478256408 6.95317e-310 0.00
problem31 20.74 612323279187302 5 478256408 6.95317e-310 0.00
problem32 50.42 664214243307859 5 478256408 6.95317e-310 0.00
problem33 94.94 661628465397878 5 478256408 6.95317e-310 0.00
problem34 34.07 733054037826608 5 478256408 6.95317e-310 0.00
problem35 16.79 656797765574584 5 478256408 6.95317e-310 0.00
problem36 35.15 667459611490340 5 478256408 6.95317e-310 0.00
problem37 36.92 641599004270656 5 478256408 6.95317e-310 0.00
problem38 56.76 715279015628645 5 478256408 6.95317e-310 0.00
problem39 37.09 630779751203929 5 478256408 6.95317e-310 0.00
problem40 38.24 733694110876258 5 478256408 6.95317e-310 0.00
problem41 74.15 719470733116217 5 478256408 6.95317e-310 0.00
problem42 78.46 718453975566384 5 478256408 6.95317e-310 0.00
problem43 55.68 558019024660138 5 478256408 6.95317e-310 0.00
problem44 41.28 671490671648542 5 478256408 6.95317e-310 0.00
problem45 45.81 695998529070570 5 478256408 6.95317e-310 0.00
problem46 84.07 678234602407043 5 478256408 6.95317e-310 0.00
problem47 150.63 746487339359517 5 478256408 6.95317e-310 0.00
problem48 81.05 636649050931125 5 478256408 6.95317e-310 0.00
problem49 57.61 592681100501119 5 478256408 6.95317e-310 0.00
problem50 137.59 655915003078710 5 478256408 6.95317e-310 0.00
problem51 102.87 644611225862218 5 478256408 6.95317e-310 0.00
problem52 132.47 622895857130743 5 478256408 6.95317e-310 0.00
problem53 36.57 629835601526213 5 478256408 6.95317e-310 0.00
problem54 19.4 513847069145636 5 478256408 6.95317e-310 0.00
problem55 62.97 637450201762305 5 478256408 6.95317e-310 0.00
problem56 115.26 642527836682409 5 478256408 6.95317e-310 0.00
problem57 23.84 682048594137603 5 478256408 6.95317e-310 0.00
problem58 54.71 613055752409405 5 478256408 6.95317e-310 0.00
problem59 88.87 685248000046053 5 478256408 6.95317e-310 0.00
problem60 73.11 653443025543885 5 478256408 6.95317e-310 0.00
problem61 33.59 597492704967074 5 478256408 6.95317e-310 0.00
problem62 69.56 566774485044118 5 478256408 6.95317e-310 0.00
problem63 82.4 761568513274777 5 478256408 6.95317e-310 0.00
problem64 36.81 746645944599636 5 478256408 6.95317e-310 0.00
problem65 49.05 565275763159778 5 478256408 6.95317e-310 0.00
problem66 26.07 644751029575436 5 478256408 6.95317e-310 0.00
problem67 23.53 683958673545856 5 478256408 6.95317e-310 0.00
problem68 75.39 624557614239281 5 478256408 6.95317e-310 0.00
problem69 47.47 690154393524265 5 478256408 6.95317e-310 0.00
problem70 51.45 576054794033184 5 478256408 6.95317e-310 0.00
problem71 41.63 670024413336488 5 478256408 6.95317e-310 0.00
problem72 17.68 608203632617684 5 478256408 6.95317e-310 0.00
problem73 51.19 720133442115238 5 478256408 6.95317e-310 0.00
problem74 19.92 680636392824294 5 478256408 6.95317e-310 0.00
problem75 36.51 640025741445582 5 478256408 6.95317e-310 0.00
problem76 9.21 700370928873792 5 478256408 6.95317e-310 0.00
problem77 85.74 682101179631447 5 478256408 6.95317e-310 0.00
problem78 49.72 642934979683611 5 478256408 6.95317e-310 0.00
problem79 45.51 613778386117976 5 478256408 6.95317e-310 0.00
problem80 56.39 582047843334775 5 478256408 6.95317e-310 0.00
problem81 98.42 697681552086811 5 478256408 6.95317e-310 0.00
problem82 63.16 638595308595005 5 478256408 6.95317e-310 0.00
problem83 38.13 738177294562757 5 478256408 6.95317e-310 0.00
problem84 37.52 666138396371770 5 478256408 6.95317e-310 0.00
problem85 33.53 673330670049220 5 478256408 6.95317e-310 0.00
problem86 22.07 738280136434540 5 478256408 6.95317e-310 0.00
problem87 19.86 618602705789241 5 478256408 6.95317e-310 0.00
problem88 123.78 738451478390717 5 478256408 6.95317e-310 0.00
problem89 45.51 638926509756645 5 478256408 6.95317e-310 0.00
problem90 45.88 665115393375693 5 478256408 6.95317e-310 0.00
problem91 77.98 590127185557204 5 478256408 6.95317e-310 0.00
problem92 31.83 573445923628794 5 478256408 6.95317e-310 0.00
problem93 25.76 726438652050840 5 478256408 6.95317e-310 0.00
problem94 21.12 721825252060554 5 478256408 6.95317e-310 0.00
problem95 50.93 584500341158634 5 478256408 6.95317e-310 0.00
problem96 30.39 683693917898140 5 478256408 6.95317e-310 0.00
problem97 33.3 674804811370330 5 478256408 6.95317e-310 0.00
problem98 27.95 750093991859534 5 478256408 6.95317e-310 0.00
problem99 78.13 677423821216222 5 478256408 6.95317e-310 0.00
