problem0 0 15855 1 0.00
problem1 0.00 16817 1 0.00
problem2 0.00 15964 1 0.00
problem3 0.00 16010 1 0.00
problem4 0.00 13681 1 0.00
problem5 0.00 15979 1 0.00
problem6 0.00 17518 1 0.00
problem7 0.00 14740 1 0.00
problem8 0.00 17555 1 0.00
problem9 0.00 15941 1 0.00
problem10 0.00 14112 1 0.00
problem11 0.00 15038 1 0.00
problem12 0.00 14165 1 0.00
problem13 0.00 16191 1 0.00
problem14 0.00 14450 1 0.00
problem15 0.00 14856 1 0.00
problem16 0.00 15287 1 0.00
problem17 0.00 16729 1 0.00
problem18 0.00 16484 1 0.00
problem19 0.00 16754 1 0.00
problem20 0.00 14777 1 0.00
problem21 0.00 13459 1 0.00
problem22 0.00 18166 1 0.00
problem23 0.00 16124 1 0.00
problem24 0.00 15707 1 0.00
problem25 0.00 17133 1 0.00
problem26 0.00 14888 1 0.00
problem27 0.00 15014 1 0.00
problem28 0.00 14493 1 0.00
problem29 0.00 14439 1 0.00
problem30 0.00 16378 1 0.00
problem31 0.00 14960 1 0.00
problem32 0.00 14719 1 0.00
problem33 0.00 15105 1 0.00
problem34 0.00 17004 1 0.00
problem35 0.00 16986 1 0.00
problem36 0.00 15361 1 0.00
problem37 0.00 15035 1 0.00
problem38 0.00 13694 1 0.00
problem39 0.00 18532 1 0.00
problem40 0.00 16419 1 0.00
problem41 0.00 15253 1 0.00
problem42 0.00 17712 1 0.00
problem43 0.00 13966 1 0.00
problem44 0.00 14309 1 0.00
problem45 0.00 14735 1 0.00
problem46 0.00 15234 1 0.00
problem47 0.00 15576 1 0.00
problem48 0.00 15175 1 0.00
problem49 0.00 15529 1 0.00
problem50 0.00 14452 1 0.00
problem51 0.00 17218 1 0.00
problem52 0.00 17481 1 0.00
problem53 0.00 15075 1 0.00
problem54 0.00 14342 1 0.00
problem55 0.00 14796 1 0.00
problem56 0.00 17643 1 0.00
problem57 0.00 16957 1 0.00
problem58 0.00 15928 1 0.00
problem59 0.00 16502 1 0.00
problem60 0.00 14125 1 0.00
problem61 0.00 14519 1 0.00
problem62 0.00 14602 1 0.00
problem63 0.00 16192 1 0.00
problem64 0.00 14607 1 0.00
problem65 0.00 15953 1 0.00
problem66 0.00 14972 1 0.00
problem67 0.00 15914 1 0.00
problem68 0.00 16017 1 0.00
problem69 0.00 16651 1 0.00
problem70 0.00 16014 1 0.00
problem71 0.00 14132 1 0.00
problem72 0.00 14771 1 0.00
problem73 0.00 17637 1 0.00
problem74 0.00 16192 1 0.00
problem75 0.00 16478 1 0.00
problem76 0.00 15989 1 0.00
problem77 0.00 14815 1 0.00
problem78 0.00 14482 1 0.00
problem79 0.00 14248 1 0.00
problem80 0.00 16599 1 0.00
problem81 0.00 14329 1 0.00
problem82 0.00 14980 1 0.00
problem83 0.00 15122 1 0.00
problem84 0.00 16601 1 0.00
problem85 0.00 16691 1 0.00
problem86 0.00 16150 1 0.00
problem87 0.00 15516 1 0.00
problem88 0.00 13435 1 0.00
problem89 0.00 16781 1 0.00
problem90 0.00 17480 1 0.00
problem91 0.00 14406 1 0.00
problem92 0.00 17853 1 0.00
problem93 0.00 15623 1 0.00
problem94 0.00 14362 1 0.00
problem95 0.00 14864 1 0.00
problem96 0.00 13983 1 0.00
problem97 0.00 16289 1 0.00
problem98 0.00 14476 1 0.00
problem99 0.00 14842 1 0.00
