problem0 0.07 38786728556380 0 2292.00
problem1 0.07 43283526179945 0 2348.00
problem2 0.07 42214536279932 0 2348.00
problem3 0.07 44140679012449 0 2348.00
problem4 0.07 38927616488007 0 2348.00
problem5 0.08 46589842222284 0 2348.00
problem6 0.07 47431624250131 0 2348.00
problem7 0.07 44506304089405 0 2348.00
problem8 0.07 40160216073807 0 2348.00
problem9 0.07 39952229698928 0 2348.00
problem10 0.07 42489230243639 0 2348.00
problem11 0.07 39151851649705 0 2348.00
problem12 0.07 32729032626937 0 2348.00
problem13 0.07 45399185891389 0 2348.00
problem14 0.07 42311902561482 0 2348.00
problem15 0.07 37338569541908 0 2348.00
problem16 0.07 39451700164985 0 2348.00
problem17 0.07 38458027344623 0 2348.00
problem18 0.07 34647759035094 0 2348.00
problem19 0.07 45201714174320 0 2348.00
problem20 0.07 45686679132171 0 2348.00
problem21 0.07 38359563015908 0 2348.00
problem22 0.07 43633424194224 0 2348.00
problem23 0.07 42676669188466 0 2348.00
problem24 0.07 39340432166706 0 2348.00
problem25 0.07 41253391252820 0 2348.00
problem26 0.07 36126924612375 0 2348.00
problem27 0.06 39912292317887 0 2348.00
problem28 0.07 38756618076194 0 2348.00
problem29 0.07 39108062761451 0 2348.00
problem30 0.07 40270219170945 0 2348.00
problem31 0.07 46964846005730 0 2348.00
problem32 0.07 34983233718815 0 2348.00
problem33 0.07 46187834325290 0 2348.00
problem34 0.07 45573453860541 0 2348.00
problem35 0.07 45927442915585 0 2348.00
problem36 0.07 41270325316897 0 2348.00
problem37 0.07 46476522901848 0 2348.00
problem38 0.07 45736280650161 0 2348.00
problem39 0.07 41730675840543 0 2348.00
problem40 0.07 44902559377637 0 2348.00
problem41 0.07 48372731345611 0 2348.00
problem42 0.08 42537713737195 0 2348.00
problem43 0.07 39426560838474 0 2348.00
problem44 0.07 43773914283408 0 2348.00
problem45 0.07 46227501913162 0 2348.00
problem46 0.07 36109060420434 0 2348.00
problem47 0.07 42333404963269 0 2348.00
problem48 0.07 44722398997329 0 2348.00
problem49 0.07 42613075771332 0 2348.00
problem50 0.06 40373481279893 0 2348.00
problem51 0.08 46946832054704 0 2348.00
problem52 0.07 48252141359655 0 2348.00
problem53 0.07 43593756515320 0 2348.00
problem54 0.07 41764333197552 0 2348.00
problem55 0.07 45981450056177 0 2348.00
problem56 0.07 42346043101770 0 2348.00
problem57 0.07 40699823376555 0 2348.00
problem58 0.07 46108721981797 0 2348.00
problem59 0.07 42386428210099 0 2348.00
problem60 0.07 45939262655295 0 2348.00
problem61 0.07 39759806064308 0 2348.00
problem62 0.07 37780173955897 0 2348.00
problem63 0.07 40069735040648 0 2348.00
problem64 0.07 42787548486862 0 2348.00
problem65 0.07 40890659952103 0 2348.00
problem66 0.06 42736097453381 0 2348.00
problem67 0.07 41112340357576 0 2348.00
problem68 0.07 49160579360676 0 2348.00
problem69 0.08 45744072160792 0 2348.00
problem70 0.07 45326908707030 0 2348.00
problem71 0.07 39946143817332 0 2348.00
problem72 0.06 37896834272104 0 2348.00
problem73 0.07 38639634917119 0 2348.00
problem74 0.08 47799272129780 0 2348.00
problem75 0.07 44826689084477 0 2348.00
problem76 0.07 37566694959151 0 2348.00
problem77 0.07 46820174874891 0 2348.00
problem78 0.07 38323248079356 0 2348.00
problem79 0.06 36260321491622 0 2348.00
problem80 0.08 46267175837387 0 2348.00
problem81 0.07 42291777125700 0 2348.00
problem82 0.07 40467321374843 0 2348.00
problem83 0.07 36203115665989 0 2348.00
problem84 0.06 35364274965732 0 2348.00
problem85 0.07 41722199531618 0 2348.00
problem86 0.07 41287185045453 0 2348.00
problem87 0.08 39911312431789 0 2348.00
problem88 0.07 43895910618337 0 2348.00
problem89 0.07 39866623104359 0 2348.00
problem90 0.06 33074659553314 0 2348.00
problem91 0.07 41984951917899 0 2348.00
problem92 0.07 41366867367334 0 2348.00
problem93 0.07 36787166624625 0 2348.00
problem94 0.07 39050145214832 0 2348.00
problem95 0.07 47572663091003 0 2348.00
problem96 0.07 37386518523994 0 2348.00
problem97 0.07 43374494921403 0 2348.00
problem98 0.07 39736371821561 0 2348.00
problem99 0.07 45742354817667 0 2348.00
