problem0 0 104423 1
problem1 0 132668 1
problem2 0 94216 1
problem3 0 99233 1
problem4 0 129729 1
problem5 0 98302 1
problem6 0 100946 1
problem7 0 104083 1
problem8 0 124667 1
problem9 0 110752 1
problem10 0 118524 1
problem11 0 111973 1
problem12 0 124565 1
problem13 0 109090 1
problem14 0 104454 1
problem15 0 119319 1
problem16 0 111503 1
problem17 0 122500 1
problem18 0 130928 1
problem19 0 106153 1
problem20 0 120809 1
problem21 0 118726 1
problem22 0 110394 1
problem23 0 118043 1
problem24 0 109987 1
problem25 0 106472 1
problem26 0 106852 1
problem27 0 110445 1
problem28 0 106173 1
problem29 0 106730 1
problem30 0 110574 1
problem31 0 112543 1
problem32 0 124215 1
problem33 0 103628 1
problem34 0 120024 1
problem35 0 133041 1
problem36 0 113425 1
problem37 0 118158 1
problem38 0 109090 1
problem39 0 106915 1
problem40 0 113227 1
problem41 0 101680 1
problem42 0 121292 1
problem43 0 108405 1
problem44 0 117989 1
problem45 0 103858 1
problem46 0 110038 1
problem47 0 113447 1
problem48 0 117983 1
problem49 0 108820 1
problem50 0 110656 1
problem51 0 110265 1
problem52 0 111673 1
problem53 0 108886 1
problem54 0 117514 1
problem55 0 111659 1
problem56 0 113907 1
problem57 0 125048 1
problem58 0 129076 1
problem59 0 109949 1
problem60 0 119053 1
problem61 0 104570 1
problem62 0 119230 1
problem63 0 101551 1
problem64 0 117383 1
problem65 0 125788 1
problem66 0 102824 1
problem67 0 103361 1
problem68 0 103265 1
problem69 0 111390 1
problem70 0 123378 1
problem71 0 115891 1
problem72 0 112027 1
problem73 0 119232 1
problem74 0 113820 1
problem75 0 110981 1
problem76 0 101173 1
problem77 0 108866 1
problem78 0 109478 1
problem79 0 101431 1
problem80 0 114223 1
problem81 0 121764 1
problem82 0 104720 1
problem83 0 104137 1
problem84 0 112777 1
problem85 0 109286 1
problem86 0 106202 1
problem87 0 103227 1
problem88 0 111683 1
problem89 0 112904 1
problem90 0 116484 1
problem91 0 91021 1
problem92 0 105309 1
problem93 0 120842 1
problem94 0 113550 1
problem95 0 92607 1
problem96 0 116695 1
problem97 0 92652 1
problem98 0 132728 1
problem99 0 108497 1
