problem0 0 1572748701 1
problem1 0.01 1208355434 1
problem2 0 1338860446 1
problem3 0 1463842191 1
problem4 0 1528242423 1
problem5 0.01 1515665516 1
problem6 0 1826022376 1
problem7 0 1488093761 1
problem8 0 1654243505 1
problem9 0.01 1647673422 1
problem10 0 1658421650 1
problem11 0.01 1534569939 1
problem12 0.01 1414870731 1
problem13 0.01 1524737040 1
problem14 0 1472939676 1
problem15 0.01 1700883013 1
problem16 0 1612250437 1
problem17 0 1531594162 1
problem18 0.02 1780718854 1
problem19 0 1557399959 1
problem20 0 1548676639 1
problem21 0.07 1770907444 1
problem22 0 1487228624 1
problem23 0 1727577545 1
problem24 0 1765098329 1
problem25 0.01 1750919830 1
problem26 0 1602782714 1
problem27 0 1490000091 1
problem28 0 1450743539 1
problem29 0.02 1681625560 1
problem30 0 1560595588 1
problem31 0 1361153229 1
problem32 0 1764614893 1
problem33 0.01 1789132538 1
problem34 0.01 1664814190 1
problem35 0 1565682591 1
problem36 0 1479311687 1
problem37 0 1560818684 1
problem38 0.01 1568640952 1
problem39 0 1460856657 1
problem40 0 1825057793 1
problem41 0.01 1572082398 1
problem42 0 1392771170 1
problem43 0.01 1626509795 1
problem44 0 1508572443 1
problem45 0 1418681760 1
problem46 0 1759602796 1
problem47 0.01 1473371477 1
problem48 0.01 1670344341 1
problem49 0.02 1438627394 1
problem50 0 1501704662 1
problem51 0 1597250471 1
problem52 0 1419401839 1
problem53 0.01 1412079300 1
problem54 0.01 1466705568 1
problem55 0 1852931801 1
problem56 0 1561655977 1
problem57 0.02 1775728934 1
problem58 0 1634365642 1
problem59 0.01 1690900715 1
problem60 0.01 1657203011 1
problem61 0 1680967528 1
problem62 0.01 1377278548 1
problem63 0.02 1515379677 1
problem64 0 1781538877 1
problem65 0 1579805578 1
problem66 0.02 1690799422 1
problem67 0.01 1339136431 1
problem68 0 1440938391 1
problem69 0.04 1446619020 1
problem70 0 1506907016 1
problem71 0 1399129185 1
problem72 0 1514024785 1
problem73 0.01 1715707246 1
problem74 0.01 1413109554 1
problem75 0.01 1545317875 1
problem76 0 1535564651 1
problem77 0 1666617136 1
problem78 0 1589502524 1
problem79 0 1583679589 1
problem80 0.02 1348630501 1
problem81 0 1800347346 1
problem82 0 1379507878 1
problem83 0.06 1466131895 1
problem84 0 1924193983 1
problem85 0 1650052692 1
problem86 0.02 1534482032 1
problem87 0.01 1629353961 1
problem88 0.01 1623607801 1
problem89 0.03 1582628790 1
problem90 0 1582445466 1
problem91 0 1502793979 1
problem92 0 1694847891 1
problem93 0.01 1645409528 1
problem94 0 1481293860 1
problem95 0.02 1521017581 1
problem96 0 1440281997 1
problem97 0.02 1719390234 1
problem98 0 1483138574 1
problem99 0.01 1694629823 1
