problem0 0.73 113497 2653 1 0.68 19276.00
problem1 0.12 122465 937 1 0.1 13052.00
problem2 0.15 152412 679 1 0.09 13052.00
problem3 0.13 133154 1419 1 0.1 13052.00
problem4 0.12 133837 934 1 0.1 13052.00
problem5 0.08 166233 174 1 0.08 13052.00
problem6 0.12 135627 686 1 0.1 13052.00
problem7 0.1 152089 446 1 0.08 13052.00
problem8 0.12 153672 783 1 0.1 13052.00
problem9 0.15 127575 1807 1 0.12 13052.00
problem10 0.1 151103 310 1 0.1 13052.00
problem11 0.15 129554 1005 1 0.1 13052.00
problem12 0.12 132033 656 1 0.09 13052.00
problem13 0.13 145742 890 1 0.11 13052.00
problem14 0.12 133309 1012 1 0.1 13052.00
problem15 0.1 155655 346 1 0.09 13052.00
problem16 0.1 134451 716 1 0.09 13052.00
problem17 0.1 163397 329 1 0.09 13052.00
problem18 0.1 123180 345 1 0.1 13052.00
problem19 0.11 156673 489 1 0.08 13052.00
problem20 0.1 160944 328 1 0.08 13052.00
problem21 0.1 147770 453 1 0.09 13052.00
problem22 0.13 137131 928 1 0.11 13052.00
problem23 0.08 157176 519 1 0.07 13052.00
problem24 0.13 145962 1445 1 0.1 13052.00
problem25 0.12 139831 683 1 0.1 13052.00
problem26 0.08 150560 241 1 0.07 13052.00
problem27 0.09 157167 243 1 0.09 13052.00
problem28 0.1 146846 436 1 0.09 13052.00
problem29 0.1 164139 330 1 0.09 13052.00
problem30 0.14 130714 1681 1 0.12 13052.00
problem31 0.08 164839 197 1 0.08 13052.00
problem32 0.13 130839 881 1 0.09 13052.00
problem33 0.13 146984 1020 1 0.1 13052.00
problem34 0.08 143118 174 1 0.08 13052.00
problem35 0.09 163807 246 1 0.08 13052.00
problem36 0.14 130705 1220 1 0.11 13052.00
problem37 0.09 162074 214 1 0.08 13052.00
problem38 0.09 179593 217 1 0.08 13052.00
problem39 0.12 154075 709 1 0.1 13644.00
problem40 0.11 146438 770 1 0.1 13644.00
problem41 0.09 160278 312 1 0.08 13644.00
problem42 0.14 158215 381 1 0.08 13648.00
problem43 0.09 168400 290 1 0.08 13648.00
problem44 0.1 153467 337 1 0.1 13648.00
problem45 0.12 149776 1051 1 0.09 13648.00
problem46 0.12 136316 1255 1 0.1 13648.00
problem47 0.12 124873 922 1 0.1 13648.00
problem48 0.12 135412 1073 1 0.11 13648.00
problem49 0.09 146946 326 1 0.09 13648.00
problem50 0.12 130287 801 1 0.11 13648.00
problem51 0.09 195526 169 1 0.07 13648.00
problem52 0.1 141421 574 1 0.09 13648.00
problem53 0.11 151807 411 1 0.09 13648.00
problem54 0.12 148334 697 1 0.09 13648.00
problem55 0.11 142777 601 1 0.09 13648.00
problem56 0.08 179686 232 1 0.07 13648.00
problem57 0.11 156150 534 1 0.09 13648.00
problem58 0.11 133090 944 1 0.1 13648.00
problem59 0.12 138675 1088 1 0.1 13648.00
problem60 0.1 143709 572 1 0.09 13648.00
problem61 0.11 127210 617 1 0.1 13648.00
problem62 0.11 150105 444 1 0.09 13648.00
problem63 0.1 158634 462 1 0.09 13648.00
problem64 0.11 148184 550 1 0.09 13648.00
problem65 0.11 155107 524 1 0.1 13648.00
problem66 0.08 166606 161 1 0.08 13648.00
problem67 0.1 153501 340 1 0.09 13648.00
problem68 0.15 111186 1443 1 0.1 13648.00
problem69 0.13 133338 943 1 0.12 13648.00
problem70 0.1 141641 380 1 0.09 13648.00
problem71 0.09 172438 255 1 0.08 13648.00
problem72 0.1 139202 253 1 0.09 13648.00
problem73 0.13 119250 1641 1 0.12 13648.00
problem74 0.11 148930 690 1 0.1 13648.00
problem75 0.15 100750 1953 1 0.13 13648.00
problem76 0.15 133956 1071 1 0.1 13648.00
problem77 0.11 145610 570 1 0.09 13648.00
problem78 0.11 147516 561 1 0.09 13648.00
problem79 0.12 143243 978 1 0.1 13648.00
problem80 0.11 152759 526 1 0.09 13648.00
problem81 0.11 122308 520 1 0.08 13648.00
problem82 0.11 161973 518 1 0.09 13648.00
problem83 0.1 160641 302 1 0.08 13648.00
problem84 0.07 146474 149 1 0.06 13648.00
problem85 0.11 131261 827 1 0.09 13648.00
problem86 0.11 134954 522 1 0.08 13648.00
problem87 0.1 136568 555 1 0.09 13648.00
problem88 0.11 156074 649 1 0.09 13648.00
problem89 0.11 164278 395 1 0.09 13648.00
problem90 0.09 148386 531 1 0.09 13648.00
problem91 0.12 128367 583 1 0.09 13648.00
problem92 0.1 140576 783 1 0.09 13648.00
problem93 0.1 131243 557 1 0.09 13648.00
problem94 0.08 161303 142 1 0.08 13648.00
problem95 0.1 152427 326 1 0.08 13648.00
problem96 0.1 132757 367 1 0.08 13648.00
problem97 0.13 130472 1150 1 0.09 13648.00
problem98 0.13 124567 1264 1 0.1 13648.00
problem99 0.11 151393 503 1 0.09 13648.00
