problem0 0 123651079290 1
problem1 1.19 115547595864 1
problem2 0.1 118039608759 1
problem3 4.04 113720907825 1
problem4 34.06 122808369276 1
problem5 0.19 127125599730 1
problem6 0.28 124222374409 1
problem7 4.73 126576462299 1
problem8 0.14 112883650974 1
problem9 1.09 106116205100 1
problem10 0.19 121159032955 1
problem11 6.69 122706978597 1
problem12 1.67 116656329184 1
problem13 5.06 122196318982 1
problem14 14.04 124346977037 1
problem15 2.63 113368021519 1
problem16 5.3 131056255810 1
problem17 10.07 120242160256 1
problem18 0.48 124706821055 1
problem19 0.31 129801383065 1
problem20 0.25 118611675076 1
problem21 0.36 122911652506 1
