problem0 0.08 263321901365046 0
problem1 0.09 231939815140382 0
problem2 0.08 210063822701879 0
problem3 0.07 193570934238574 0
problem4 0.14 270621937681370 0
problem5 0.03 221452700052585 0
problem6 0.09 224679099465467 0
problem7 0.07 205293791281474 0
problem8 0.2 309683966274317 0
problem9 0.13 245369802541256 0
problem10 0.07 298421448591489 0
problem11 0.12 257615113859462 0
problem12 0.11 281731894781489 0
problem13 0.11 231956108093561 0
problem14 0.12 235525490455121 0
problem15 0.12 273754259711972 0
problem16 0.09 268076196987294 0
problem17 0.06 229641474102064 0
problem18 0.06 202567726782644 0
problem19 0.21 310906835797597 0
problem20 0.07 183513117479288 0
problem21 0.14 284409661778296 0
problem22 0.07 238168810450719 0
problem23 0.15 282488085047589 0
problem24 0.11 263044562018076 0
problem25 0.11 271921305397154 0
problem26 0.14 312069868870635 0
problem27 0.11 284213205884857 0
problem28 0.06 219099615658935 0
problem29 0.11 297202173633870 0
problem30 0.12 224653439379920 0
problem31 0.15 294716490619933 0
problem32 0.09 248143669016522 0
problem33 0.1 228339871431599 0
problem34 0.15 297476066663484 0
problem35 0.11 316414571156868 0
problem36 0.1 251898863820884 0
problem37 0.06 230043750109876 0
problem38 0.09 237050421490549 0
problem39 0.09 264840490940242 0
problem40 0.08 267787335918045 0
problem41 0.07 246351226315805 0
problem42 0.14 246368027149261 0
problem43 0.04 194503047122549 0
problem44 0.08 269096897321980 0
problem45 0.08 230192397244118 0
problem46 0.09 246554343905895 0
problem47 0.05 253646199286006 0
problem48 0.07 221095152313507 0
problem49 0.19 267126806288041 0
problem50 0.1 260022748767130 0
problem51 0.18 298164064559488 0
problem52 0.12 243898612316876 0
problem53 0.08 263882772797707 0
problem54 0.12 272167041780341 0
problem55 0.08 220814602514262 0
problem56 0.06 292190863180546 0
problem57 0.15 272618408029611 0
problem58 0.07 211460511454503 0
problem59 0.19 291450124777089 0
problem60 0.06 248074070008376 0
problem61 0.1 296721672586228 0
problem62 0.13 269652767387916 0
problem63 0.08 276153310027503 0
problem64 0.05 230220059439173 0
problem65 0.06 255899786652345 0
problem66 0.12 281125275914415 0
problem67 0.06 322110005881182 0
problem68 0.14 293096817166730 0
problem69 0.05 226578651056986 0
problem70 0.04 227034713195627 0
problem71 0.14 279889645520481 0
problem72 0.06 250204372670157 0
problem73 0.13 245933131457306 0
problem74 0.1 240606420404809 0
problem75 0.1 296257361875238 0
problem76 0.1 238665552985530 0
problem77 0.18 311953870614239 0
problem78 0.08 247181530578275 0
problem79 0.09 269652720856729 0
problem80 0.09 274824562266338 0
problem81 0.13 280438521622106 0
problem82 0.05 219681783896681 0
problem83 0.12 267381595241837 0
problem84 0.19 286208523943757 0
problem85 0.14 230901125295755 0
problem86 0.11 239290506769449 0
problem87 0.07 206735546300414 0
problem88 0.07 223653382386598 0
problem89 0.14 244871121447070 0
problem90 0.05 275355417088955 0
problem91 0.13 280628173106741 0
problem92 0.08 277677939832199 0
problem93 0.11 271338180589098 0
problem94 0.1 252434661805206 0
problem95 0.12 253457907315824 0
problem96 0.12 248338027955042 0
problem97 0.15 298291842932975 0
problem98 0.12 221911904133558 0
problem99 0.11 268511301828486 0
