problem0 0 64537645133 0 2240.00
problem1 0.01 57899531835 0 2296.00
problem2 0.01 63102921787 0 2296.00
problem3 0.01 67590068795 0 2296.00
problem4 0.01 66319419452 0 2296.00
problem5 0.00 70355547706 0 2296.00
problem6 0.01 68214449211 0 2296.00
problem7 0.01 68813214274 0 2296.00
problem8 0.01 62815322182 0 2296.00
problem9 0.01 69875281490 0 2296.00
problem10 0.00 74214120523 0 2296.00
problem11 0.01 71864027711 0 2296.00
problem12 0.01 57783449662 0 2296.00
problem13 0.01 77396698700 0 2296.00
problem14 0.01 67680162876 0 2296.00
problem15 0.00 71910670908 0 2296.00
problem16 0.01 67866800189 0 2296.00
problem17 0.01 58023190084 0 2296.00
problem18 0.01 65255574584 1 2296.00
problem19 0.01 77006207548 0 2296.00
problem20 0.00 79643600952 1 2296.00
problem21 0.01 67052459579 0 2296.00
problem22 0.00 66403484738 0 2296.00
problem23 0.01 65138930232 1 2296.00
problem24 0.01 53922275390 0 2296.00
problem25 0.01 69587897929 0 2296.00
problem26 0.00 74881989695 0 2296.00
problem27 0.01 70131706424 1 2296.00
problem28 0.01 76065298492 0 2296.00
problem29 0.00 56502699583 0 2296.00
problem30 0.01 68679382082 0 2296.00
problem31 0.01 69972828745 0 2296.00
problem32 0.01 76816322616 1 2296.00
problem33 0.00 65914699326 0 2296.00
problem34 0.01 77323562065 0 2296.00
problem35 0.01 68420393539 0 2296.00
problem36 0.01 68523378769 0 2296.00
problem37 0.01 67222255179 0 2296.00
problem38 0.00 65917920329 0 2296.00
problem39 0.01 64937529917 0 2296.00
problem40 0.01 72124432448 0 2296.00
problem41 0.01 72773398080 0 2296.00
problem42 0.01 63990357057 0 2296.00
problem43 0.00 71872268869 0 2296.00
problem44 0.01 69902743618 0 2296.00
problem45 0.01 69146355256 1 2296.00
problem46 0.00 71004001336 1 2296.00
problem47 0.00 62917935683 0 2296.00
problem48 0.01 69911375936 0 2296.00
problem49 0.01 64394190411 0 2296.00
problem50 0.01 73537080395 0 2296.00
problem51 0.01 80487332417 0 2296.00
problem52 0.00 67318491201 0 2296.00
problem53 0.01 53685065294 0 2296.00
problem54 0.01 66757755971 0 2296.00
problem55 0.01 55324111419 0 2296.00
problem56 0.01 70177153086 0 2296.00
problem57 0.00 66546880060 0 2296.00
problem58 0.01 63014059064 1 2296.00
problem59 0.01 64200813115 0 2296.00
problem60 0.01 65065588795 0 2296.00
problem61 0.00 72377992766 0 2296.00
problem62 0.01 74654020701 0 2296.00
problem63 0.01 63630893630 0 2296.00
problem64 0.01 55741894721 0 2296.00
problem65 0.01 66346565183 0 2296.00
problem66 0.00 75370966076 0 2296.00
problem67 0.01 78847285816 1 2296.00
problem68 0.00 76028938300 0 2296.00
problem69 0.01 77980497473 0 2296.00
problem70 0.01 68922991693 0 2296.00
problem71 0.01 57773511234 0 2296.00
problem72 0.01 52375404604 0 2296.00
problem73 0.00 72383180344 1 2296.00
problem74 0.01 76248063035 0 2296.00
problem75 0.01 68592175675 0 2296.00
problem76 0.01 74438735931 0 2296.00
problem77 0.01 61902644847 0 2296.00
problem78 0.00 71039505494 0 2296.00
problem79 0.01 59226800704 0 2296.00
problem80 0.01 60077682748 0 2296.00
problem81 0.01 71771823678 0 2296.00
problem82 0.01 61350382663 0 2296.00
problem83 0.00 63500253755 0 2296.00
problem84 0.01 60294981692 0 2296.00
problem85 0.01 62799140417 0 2296.00
problem86 0.01 68118660186 0 2296.00
problem87 0.01 67990762072 0 2296.00
problem88 0.00 70258794558 0 2296.00
problem89 0.01 73102429757 0 2296.00
problem90 0.01 69332630584 1 2296.00
problem91 0.01 59276552779 0 2296.00
problem92 0.00 67957413951 0 2296.00
problem93 0.01 63490115145 0 2296.00
problem94 0.01 77340324936 0 2296.00
problem95 0.01 66885526080 0 2296.00
problem96 0.00 57148936248 1 2296.00
problem97 0.01 54900162107 0 2296.00
problem98 0.01 70130035771 0 2296.00
problem99 0.00 73100941887 0 2296.00
