problem0 14.56 1128349860809328 1 6500.00
problem1 14.33 1133257535292016 1 10480.00
problem2 18.23 1125061071092336 1 10480.00
problem3 21.81 1186589852037744 1 10480.00
problem4 17.53 1123561972017776 1 10480.00
problem5 41.16 948369351205488 1 10480.00
problem6 26.47 1047203503479408 1 10480.00
problem7 25.02 1150912652825200 1 10480.00
problem8 17.07 1135446198356592 1 10480.00
problem9 9.97 1224164853826160 1 10480.00
problem10 22.65 1169803996559984 1 10480.00
problem11 20.80 1019733760389744 1 10480.00
problem12 24.69 1036794198452848 1 10480.00
problem13 23.61 1162733608837744 1 10480.00
problem14 19.59 1044596813650544 1 10480.00
problem15 16.74 940722740302448 1 10480.00
problem16 17.25 973076514622064 1 10480.00
problem17 20.61 1188822112010864 1 10480.00
problem18 23.16 1129313799354992 1 10480.00
problem19 20.52 1158306181378672 1 10480.00
problem20 18.97 1116151968246384 1 10480.00
problem21 22.62 1085062068494960 1 10480.00
problem22 11.74 1134018891389552 1 10480.00
problem23 12.58 1345164625990256 1 10480.00
problem24 20.49 1101317706353264 1 10480.00
problem25 12.83 1223423415927408 1 10480.00
problem26 15.22 1147008027425392 1 10480.00
problem27 18.11 1235551267664496 1 10480.00
problem28 17.61 1223577852635760 1 10480.00
problem29 18.92 1193023812969072 1 10480.00
problem30 13.48 1107043563756144 1 10480.00
problem31 28.23 1047504416150128 1 10480.00
problem32 22.46 1065452995988080 1 10480.00
problem33 15.17 1348241011212912 1 10480.00
problem34 26.75 1049644879919728 1 10480.00
problem35 7.22 1271741264884336 1 10480.00
problem36 28.70 1009908190325360 1 10480.00
problem37 23.88 1119862994920048 1 10480.00
problem38 35.98 1107088378698352 1 10480.00
problem39 16.33 1053176774906480 1 10480.00
problem40 13.91 1220006164007536 1 10480.00
problem41 10.24 1090965934260848 1 10480.00
problem42 13.31 1191748137319024 1 10480.00
problem43 15.32 1251964046586480 1 10480.00
problem44 20.15 1216694854773360 1 10480.00
problem45 23.13 1061773720429168 1 10480.00
problem46 21.21 1207202139986544 1 10480.00
problem47 26.08 1136163343274608 1 10480.00
problem48 21.61 1145444804938352 1 10480.00
problem49 16.38 1175557872484976 1 10480.00
problem50 27.24 1083416649972336 1 10480.00
problem51 26.33 1020569997963888 1 10480.00
problem52 15.59 1142930463795824 1 10480.00
problem53 22.32 1039028235133552 1 10480.00
problem54 16.50 1128589930502768 1 10480.00
problem55 26.07 1070445762269808 1 10480.00
problem56 10.30 1125923955083888 1 10480.00
problem57 6.33 1235260978545264 1 10480.00
problem58 27.09 1043989826271856 1 10480.00
problem59 37.97 1090412573897328 1 10480.00
problem60 27.47 1037585681607280 1 10480.00
problem61 12.93 1142267528847984 1 10480.00
problem62 19.65 1190591158639216 1 10480.00
problem63 17.65 1017033765884528 1 10480.00
problem64 20.89 1023386185681520 1 10480.00
problem65 24.18 1149610009723504 1 10480.00
problem66 19.67 1111332097899120 1 10480.00
problem67 14.46 1129920299135600 1 10480.00
problem68 17.73 1114446800333424 1 10480.00
problem69 7.04 1215841986765424 1 10480.00
problem70 16.91 1079226535189104 1 10480.00
problem71 16.84 1066568343933552 1 10480.00
problem72 32.83 1016433416768112 1 10480.00
problem73 13.09 1185167816278640 1 10480.00
problem74 37.98 1112201664002672 1 10480.00
problem75 17.27 1053812303049328 1 10480.00
problem76 29.20 1024350158678640 1 10480.00
problem77 7.09 1209655110345328 1 10480.00
problem78 30.06 1008282352278128 1 10480.00
problem79 12.49 1133768625787504 1 10480.00
problem80 18.56 1072561335847536 1 10480.00
problem81 19.08 1045547295048304 1 10480.00
problem82 17.97 1119647328352880 1 10480.00
problem83 21.02 1128651435897456 1 10480.00
problem84 32.07 1121819537123952 1 10480.00
problem85 13.79 1249532261491312 1 10480.00
problem86 16.89 1191544902031984 1 10480.00
problem87 8.13 1309275601261168 1 10480.00
problem88 15.54 1159265630423664 1 10480.00
problem89 16.95 1138048784646768 1 10480.00
problem90 14.33 1206717894720112 1 10480.00
problem91 13.79 1198788082872944 1 10480.00
problem92 13.64 987322530196080 1 10480.00
problem93 24.45 968717592863344 1 10480.00
problem94 24.75 998375546444400 1 10480.00
problem95 19.59 1155964678836848 1 10480.00
problem96 6.69 1208857615911536 1 10480.00
problem97 13.34 1095916437734000 1 10480.00
problem98 15.83 1164987190164080 1 10480.00
problem99 39.20 967835140813424 1 10480.00
