problem0 0.07 13932890087 1
problem1 0.01 13895353916 1
problem2 0.04 16109928456 1
problem3 0.29 15945778081 1
problem4 0.01 15192439489 1
problem5 0.07 13260791806 1
problem6 0 13609347666 1
problem7 0.01 15607940755 1
problem8 0 16046479099 1
problem9 0.79 17098772640 1
problem10 0 14197845756 1
problem11 0 14452102501 1
problem12 0.06 15775323797 1
problem13 0.01 15478749730 1
problem14 0 13210892294 1
problem15 0.19 15238382103 1
problem16 0.01 15645250447 1
problem17 0.05 15648267908 1
problem18 0.02 13326110576 1
problem19 0 15239298729 1
problem20 0.07 16158738409 1
problem21 0 14518460358 1
problem22 0.02 13583245114 1
problem23 0.03 15755730203 1
problem24 0.04 14126452131 1
problem25 0 15489630184 1
problem26 0.08 13543469412 1
problem27 0.01 14048251757 1
problem28 0.02 15566429885 1
problem29 0 15562285290 1
problem30 0 14502195182 1
problem31 0.03 17177421727 1
problem32 0.02 14400820535 1
problem33 0.12 16991143116 1
problem34 0 13091316952 1
problem35 0 13093623729 1
problem36 0.02 14695787281 1
problem37 0 14660406670 1
problem38 0 13208468002 1
problem39 0.06 15242572195 1
problem40 0.03 12592052811 1
problem41 0.06 15048441136 1
problem42 0.17 16175741388 1
problem43 0.08 13484746613 1
problem44 0.07 15671704805 1
problem45 0 14874703282 1
problem46 0.05 15065451990 1
problem47 0.11 15777467175 1
problem48 0 13761252575 1
problem49 0.01 11940051220 1
problem50 0 14298677312 1
problem51 0 15028489913 1
problem52 0 13813163065 1
problem53 0.01 15444863318 1
problem54 0 14554807050 1
problem55 0.11 14567097387 1
problem56 0.02 13674290419 1
problem57 0 13942589560 1
problem58 0 15236352052 1
problem59 0.01 17508523389 1
problem60 0 13424783629 1
problem61 0.05 14778923130 1
problem62 0 13718819262 1
problem63 0.05 15210310831 1
problem64 0 14794685063 1
problem65 0.01 16000580444 1
problem66 0.1 15512068520 1
problem67 0.25 13240427457 1
problem68 0.01 13926265697 1
problem69 0 17067684638 1
problem70 0 18456830450 1
problem71 0.15 14628492467 1
problem72 0.01 14224979355 1
problem73 0.15 13642473920 1
problem74 0 15147572380 1
problem75 0.04 13315453317 1
problem76 0 14101216053 1
problem77 0 12995111234 1
problem78 0.07 15360097190 1
problem79 0 14746700855 1
problem80 0.02 14062476847 1
problem81 0.13 14762445732 1
problem82 0 15100332304 1
problem83 0.01 14654265033 1
problem84 0.01 14064277641 1
problem85 0.06 15612209894 1
problem86 0 13910683354 1
problem87 0.01 14713234235 1
problem88 0.07 14977762371 1
problem89 0.13 16371370248 1
problem90 0 14566602500 1
problem91 0.02 14171104141 1
problem92 0.08 14946556765 1
problem93 0.02 15546058762 1
problem94 0.01 14457949070 1
problem95 0.02 12648655295 1
problem96 0.02 16638326743 1
problem97 0.06 16647055852 1
problem98 0.01 14592718456 1
problem99 0.09 14213801937 1
