problem0 3996.55 876937742921106 5 -1896331592 6.95326e-310 0.00
problem1 3677.13 963578520118831 5 -1896331592 6.95326e-310 0.00
problem2 5399.98 947237354241986 5 -1896331592 6.95326e-310 0.00
problem3 3719.7 821389323036894 5 -1896331592 6.95326e-310 0.00
problem4 8482.59 891503156387274 5 -1896331592 6.95326e-310 0.00
problem5 9894.48 998708604830402 5 101833496 6.95315e-310 0.00
problem6 1993.54 935016876684106 5 101833496 6.95315e-310 0.00
problem7 1711.35 827322945680324 5 101833496 6.95315e-310 0.00
problem8 2529.87 820274103234001 5 101833496 6.95315e-310 0.00
problem9 1707.39 826788865132644 5 101833496 6.95315e-310 0.00
problem10 2869.93 854363129456512 5 101833496 6.95315e-310 0.00
problem11 9320.94 943578147932004 5 101833496 6.95315e-310 0.00
problem12 5006.02 875681558810756 5 101833496 6.95315e-310 0.00
problem13 5426.47 825440904718732 5 101833496 6.95315e-310 0.00
problem14 2536.19 1010635295248630 5 101833496 6.95315e-310 0.00
problem15 3603.48 606255487827519 5 101833496 6.95315e-310 0.00
problem16 1520.78 867684110803043 5 101833496 6.95315e-310 0.00
problem17 5824.53 889806848752683 5 101833496 6.95315e-310 0.00
problem18 1725.37 902748765453918 5 101833496 6.95315e-310 0.00
problem19 10358.9 989893448042784 5 101833496 6.95315e-310 0.00
problem20 1148.98 888387573148627 5 101833496 6.95315e-310 0.00
problem21 8597.38 919916594453374 5 101833496 6.95315e-310 0.00
problem22 1828.95 953932558139721 5 101833496 6.95315e-310 0.00
problem23 6284.43 920808541860181 5 101833496 6.95315e-310 0.00
problem24 3492.11 887002208715902 5 101833496 6.95315e-310 0.00
problem25 3105.01 792596341581054 5 101833496 6.95315e-310 0.00
problem26 1574.15 694724073426015 5 101833496 6.95315e-310 0.00
problem27 3635.78 759134582881771 5 101833496 6.95315e-310 0.00
problem28 2378.26 863548379623395 5 101833496 6.95315e-310 0.00
problem29 1805.04 832604350503576 5 101833496 6.95315e-310 0.00
problem30 2284.49 977292347992017 5 101833496 6.95315e-310 0.00
problem31 4347.4 888892159948767 5 101833496 6.95315e-310 0.00
problem32 1414.86 836279363700630 5 101833496 6.95315e-310 0.00
problem33 1379.26 862302136935755 5 101833496 6.95315e-310 0.00
problem34 7973.73 911683101650615 5 101833496 6.95315e-310 0.00
problem35 7188.87 917455594465380 5 101833496 6.95315e-310 0.00
problem36 4619.19 903860325407893 5 101833496 6.95315e-310 0.00
problem37 2546.51 855090864220354 5 101833496 6.95315e-310 0.00
problem38 9565.73 1003518988863661 5 101833496 6.95315e-310 0.00
problem39 1827.35 940894707405994 5 101833496 6.95315e-310 0.00
problem40 3823.27 1039792801252497 5 -1858118296 6.95326e-310 0.00
problem41 3459.26 990451031350310 5 -1858118296 6.95326e-310 0.00
problem42 13476.9 1052572315084441 5 -1858118296 6.95326e-310 0.00
problem43 1213.61 883644087619541 5 -1858118296 6.95326e-310 0.00
problem44 6388.25 940134360316543 5 -1858118296 6.95326e-310 0.00
problem45 1725.07 878737490687467 5 -1858118296 6.95326e-310 0.00
problem46 8070.88 954257078514050 5 -1858118296 6.95326e-310 0.00
problem47 3859.95 877427081271965 5 -1858118296 6.95326e-310 0.00
problem48 1901.17 808513857297741 5 -1858118296 6.95326e-310 0.00
problem49 4092.96 900553732283842 5 -1858118296 6.95326e-310 0.00
problem50 2962.56 965390451011174 5 -1858118296 6.95326e-310 0.00
problem51 3731.15 859249494468364 5 -1858118296 6.95326e-310 0.00
problem52 2577.76 906463463690120 5 1665716168 6.95323e-310 0.00
problem53 8408.86 1045866934703483 5 1665716168 6.95323e-310 0.00
problem54 2293.51 850551420165498 5 1665716168 6.95323e-310 0.00
problem55 2726.37 905807631397855 5 1665716168 6.95323e-310 0.00
problem56 5721.55 913879372166672 5 1665716168 6.95323e-310 0.00
problem57 2761.62 921497942031847 5 1665716168 6.95323e-310 0.00
problem58 3775.35 863875849067141 5 1665716168 6.95323e-310 0.00
problem59 2588.06 765619538368097 5 1665716168 6.95323e-310 0.00
problem60 4415.28 787858146547502 5 1665716168 6.95323e-310 0.00
problem61 3113.96 896178078569816 5 1665716168 6.95323e-310 0.00
problem62 3654.34 805976165674099 5 1665716168 6.95323e-310 0.00
problem63 1418 870197207804428 5 1665716168 6.95323e-310 0.00
problem64 1612.91 988113114471041 5 1665716168 6.95323e-310 0.00
problem65 3392.26 1014898512313709 5 1665716168 6.95323e-310 0.00
problem66 6447.24 915058718657850 5 1665716168 6.95323e-310 0.00
problem67 6418.92 832731997745481 5 1665716168 6.95323e-310 0.00
problem68 4456.19 902215654662232 5 1665716168 6.95323e-310 0.00
problem69 7067.28 949060899395901 5 1665716168 6.95323e-310 0.00
problem70 4868.25 912312100910511 5 1665716168 6.95323e-310 0.00
problem71 4604.81 972682784877003 5 1665716168 6.95323e-310 0.00
problem72 804.18 818070767622740 5 1665716168 6.95323e-310 0.00
problem73 3106.33 871189043178480 5 1665716168 6.95323e-310 0.00
problem74 8183.55 880236986550421 5 1665716168 6.95323e-310 0.00
problem75 5529.81 904407807390432 5 1665716168 6.95323e-310 0.00
problem76 4899.45 928864707833519 5 1665716168 6.95323e-310 0.00
problem77 6152.41 891240788091728 5 1665716168 6.95323e-310 0.00
problem78 3662.24 856955315961865 5 1665716168 6.95323e-310 0.00
problem79 3459.76 848856141957113 5 1665716168 6.95323e-310 0.00
problem80 3886.02 827960332102607 5 1665716168 6.95323e-310 0.00
problem81 2314.62 792951566114415 5 1665716168 6.95323e-310 0.00
problem82 5247.51 895027807347801 5 1665716168 6.95323e-310 0.00
problem83 1902.99 953000736082864 5 1665716168 6.95323e-310 0.00
problem84 6638.48 980936319964508 5 1665716168 6.95323e-310 0.00
problem85 6311.33 1044739791374981 5 1665716168 6.95323e-310 0.00
problem86 4162.71 960891180590273 5 1665716168 6.95323e-310 0.00
problem87 11433.4 978755509157469 5 1665716168 6.95323e-310 0.00
problem88 2929.07 946720313642287 5 1665716168 6.95323e-310 0.00
problem89 3066.15 872439225772678 5 1665716168 6.95323e-310 0.00
problem90 1118.33 855246362719136 5 1665716168 6.95323e-310 0.00
problem91 2449.49 913639680936302 5 1665716168 6.95323e-310 0.00
problem92 2776.29 941763674738828 5 1665716168 6.95323e-310 0.00
problem93 1780.66 962913641484905 5 1665716168 6.95323e-310 0.00
problem94 4690.39 897639156175717 5 1665716168 6.95323e-310 0.00
problem95 2452.37 843886282795704 5 1665716168 6.95323e-310 0.00
problem96 2637.88 996495763437533 5 1665716168 6.95323e-310 0.00
problem97 2222.42 835718090715305 5 1665716168 6.95323e-310 0.00
problem98 1225.05 781042865329223 5 1665716168 6.95323e-310 0.00
problem99 1924.31 923718467603212 5 1665716168 6.95323e-310 0.00
