problem0 335.89 165997149430268 1
problem1 253.55 182935644362061 1
problem2 114.32 152084222493661 1
problem3 17.84 162316854122498 1
problem4 88.74 174920836638966 1
problem5 208.49 166101869040719 1
problem6 19.19 158705016436103 1
problem7 707.04 149741425791860 1
problem8 176.26 178549135096784 1
problem9 30.94 181337551234225 1
problem10 4.88 156982772141073 1
problem11 24.06 158291360542022 1
problem12 20.39 160234894443658 1
problem13 59.81 176831974062195 1
problem14 27.93 143583692251515 1
problem15 210.44 176489510717304 1
problem16 101.87 175953830022436 1
problem17 178.43 166877997425045 1
problem18 6.2 161392142266309 1
problem19 50.31 175140811760650 1
problem20 552.79 155590073810846 1
problem21 524.09 175963149734423 1
problem22 96.09 176607133733103 1
problem23 197.28 178044402656508 1
problem24 103.49 151036398527992 1
problem25 27.22 151156132994041 1
problem26 371.97 161830520356601 1
problem27 150.92 158524159282254 1
problem28 315.63 169736411605554 1
problem29 128.37 172845468758331 1
problem30 34.16 177254283105251 1
problem31 44.3 161300900805632 1
problem32 49.71 162102976583244 1
problem33 71.22 157852593447901 1
problem34 12.27 160311925950893 1
problem35 218.65 152429083571730 1
problem36 64.88 149746665444422 1
problem37 231 180278445975007 1
problem38 104.91 164478171642455 1
problem39 520.21 151769704012932 1
problem40 80 175486923271712 1
problem41 70.76 142546121951553 1
problem42 1.12 166516096065505 1
problem43 303.89 159177941889366 1
problem44 314.68 154368932253146 1
problem45 182.73 161532184756227 1
problem46 66.63 202517177128011 1
problem47 1790.65 161922499368584 1
problem48 65.49 169516712443252 1
problem49 44.52 173820298353701 1
problem50 333.43 159934509912469 1
problem51 19.33 158345761246746 1
problem52 145.53 152228771686126 1
problem53 92.25 150682667601831 1
problem54 28.04 166316446921151 1
problem55 1306.25 160362087168524 1
problem56 306.63 167084153820232 1
problem57 188.73 182491308158089 1
problem58 119.52 170481141100233 1
problem59 165.73 156260948647006 1
problem60 68.22 129039059890050 1
problem61 60.32 169407875491019 1
problem62 12.12 177121925030579 1
problem63 175.8 153387907700496 1
problem64 185.3 161821844996764 1
problem65 0.74 156302605896301 1
problem66 349.44 160930063353725 1
problem67 77.95 165659498327074 1
problem68 107.2 159794988169110 1
problem69 187.38 168535132671855 1
problem70 59.24 177129796876071 1
problem71 335.82 190772977778068 1
problem72 43.81 152350456322160 1
problem73 715.4 175702969976273 1
problem74 198.47 155266643258289 1
problem75 12.98 148516699540838 1
problem76 38.78 186456577494826 1
problem77 148.67 168066809044883 1
problem78 129.77 188370260983579 1
problem79 850.81 159657608314264 1
problem80 45.56 172364058256836 1
problem81 34.96 157327739629237 1
problem82 12.85 150904033291109 1
problem83 163.95 145708176887850 1
problem84 28.68 152978780276286 1
problem85 16.44 143102201324855 1
problem86 1.26 164238214498959 1
problem87 865.44 162163939813148 1
problem88 4.25 167900378118808 1
problem89 41.67 152979713414425 1
problem90 1.08 157421750982297 1
problem91 28.06 176549133059182 1
problem92 329.24 156552801971410 1
problem93 26.1 177653033234523 1
problem94 2.9 160538232793475 1
problem95 336.11 178177998604832 1
problem96 43.43 165642201556716 1
problem97 289.79 169954598848765 1
problem98 1.42 141395737673037 1
problem99 74.62 170071655070258 1
