problem0 0.01 95598855969 1 2456.00
problem1 0.03 90300995097 1 2512.00
problem2 0.04 90291130257 1 2512.00
problem3 0.02 92515756937 1 2512.00
problem4 0.03 87555891713 1 2512.00
problem5 0.02 99044616953 1 2512.00
problem6 0.01 87298227825 1 2512.00
problem7 0.03 102500078697 1 2512.00
problem8 0.02 87081231585 1 2512.00
problem9 0.03 94889093081 1 2512.00
problem10 0.02 81975006545 1 2512.00
problem11 0.04 75246691657 1 2512.00
problem12 0.03 92859830209 1 2512.00
problem13 0.02 94313712825 1 2512.00
problem14 0.03 90039489585 1 2512.00
problem15 0.01 91445485097 1 2512.00
problem16 0.03 95632630433 1 2512.00
problem17 0.05 86392183193 1 2512.00
problem18 0.02 86784998161 1 2512.00
problem19 0.02 94590664457 1 2512.00
problem20 0.01 99134528897 1 2512.00
problem21 0.03 88090332793 1 2512.00
problem22 0.02 92442626545 1 2512.00
problem23 0.02 105192245225 1 2512.00
problem24 0.02 93787701345 1 2512.00
problem25 0.03 117959437145 1 2512.00
problem26 0.04 85745025233 1 2512.00
problem27 0.01 108570032329 1 2512.00
problem28 0.02 94819437377 1 2512.00
problem29 0.04 92520132665 1 2512.00
problem30 0.01 93583843249 1 2512.00
problem31 0.03 84381520297 1 2512.00
problem32 0.01 103070563873 1 2512.00
problem33 0.02 104898419993 1 2512.00
problem34 0.02 95983576721 1 2512.00
problem35 0.02 109164237449 1 2512.00
problem36 0.03 91573672193 1 2512.00
problem37 0.01 97871278585 1 2512.00
problem38 0.04 98579142001 1 2512.00
problem39 0.03 85215935337 1 2512.00
problem40 0.02 90915593185 1 2512.00
problem41 0.03 99552997081 1 2512.00
problem42 0.02 84834364497 1 2512.00
problem43 0.04 87950068809 1 2512.00
problem44 0.05 89916278465 1 2512.00
problem45 0.01 89714316217 1 2512.00
problem46 0.02 92814519089 1 2512.00
problem47 0.03 86186050857 1 2512.00
problem48 0.03 86631537057 1 2512.00
problem49 0.02 89439871129 1 2512.00
problem50 0.04 94390374929 1 2512.00
problem51 0.01 83346302473 1 2512.00
problem52 0.02 92111131777 1 2512.00
problem53 0.03 100461778297 1 2512.00
problem54 0.02 97780539633 1 2512.00
problem55 0.03 99739512553 1 2512.00
problem56 0.03 108387071841 1 2512.00
problem57 0.04 108917731929 1 2512.00
problem58 0.03 95474980817 1 2512.00
problem59 0.01 94714355657 1 2512.00
problem60 0.02 97871970881 1 2512.00
problem61 0.02 101994002233 1 2512.00
problem62 0.00 102352860849 1 2512.00
problem63 0.02 112151509161 1 2512.00
problem64 0.03 90196358433 1 2512.00
problem65 0.03 97453335577 1 2512.00
problem66 0.02 86426189201 1 2512.00
problem67 0.03 112423057801 1 2512.00
problem68 0.03 87182528513 1 2512.00
problem69 0.03 91558476025 1 2512.00
problem70 0.03 101446937713 1 2512.00
problem71 0.02 83524772457 1 2512.00
problem72 0.02 92372439777 1 2512.00
problem73 0.05 97190000089 1 2512.00
problem74 0.02 88801674065 1 2512.00
problem75 0.05 87783879497 1 2512.00
problem76 0.04 80426073537 1 2512.00
problem77 0.01 91769838265 1 2512.00
problem78 0.03 87428088369 1 2512.00
problem79 0.01 93818465321 1 2512.00
problem80 0.02 103958745249 1 2512.00
problem81 0.03 89738848153 1 2512.00
problem82 0.03 91544201489 1 2512.00
problem83 0.02 96259689737 1 2512.00
problem84 0.03 99730705281 1 2512.00
problem85 0.01 86185368697 1 2512.00
problem86 0.04 88766199793 1 2512.00
problem87 0.01 106624980457 1 2512.00
problem88 0.02 89973730913 1 2512.00
problem89 0.04 86373120345 1 2512.00
problem90 0.02 89636335313 1 2512.00
problem91 0.02 92651620041 1 2512.00
problem92 0.02 87364974913 1 2512.00
problem93 0.02 96614399545 1 2512.00
problem94 0.02 92726316465 1 2512.00
problem95 0.01 98018959273 1 2512.00
problem96 0.01 98785061921 1 2512.00
problem97 0.04 80783534873 1 2512.00
problem98 0.04 105575273617 1 2512.00
problem99 0.02 100077625481 1 2512.00
