problem0 1723.31 5436572344830414 1 47512.00
problem1 5710.51 5355589598208988 1 47576.00
problem2 1598.19 6426715534541114 1 74476.00
problem3 2238.86 5786942018838888 1 74476.00
problem4 3167.93 5431382851270630 1 74476.00
problem5 4614.52 5434561547111476 1 74476.00
problem6 1410.73 5272260190230994 1 74476.00
problem7 1927.32 5852303150592064 1 74476.00
problem8 1315.99 5213702555013886 1 74476.00
problem9 3035.40 5089778132179340 1 74476.00
problem10 1352.74 5766797717409642 1 74476.00
problem11 2360.47 5487168641586200 1 74476.00
problem12 2276.80 5944455624538902 1 74476.00
problem13 1831.27 5553577986337764 1 74476.00
problem14 3244.14 5250237404856834 1 74476.00
problem15 3824.87 5291547835804912 1 74476.00
problem16 1605.57 5593186638467118 1 74476.00
problem17 472.91 6427818254230332 1 74476.00
