problem0 0.03 410348614101 1
problem1 0.01 396626655757 1
problem2 0.06 422034186949 1
problem3 0.01 420832945149 1
problem4 0.02 400186422709 1
problem5 0.07 398606372845 1
problem6 0.03 368977341093 1
problem7 0.03 410153024989 1
problem8 0.11 390286279061 1
problem9 0.03 386613947853 1
problem10 0.01 439397497477 1
problem11 0.06 370430762941 1
problem12 0.03 392903808373 1
problem13 0.02 406880965549 1
problem14 0.04 377924325989 1
problem15 0.22 384610486685 1
problem16 0 383124713813 1
problem17 0.01 392099201421 1
problem18 0.15 437209985605 1
problem19 0 421828279165 1
problem20 0.02 409997055285 1
problem21 0.05 401401919341 1
problem22 0 380959840805 1
problem23 0.01 414184519005 1
problem24 0.02 415605752085 1
problem25 0.05 379308832077 1
problem26 0.23 393928657413 1
problem27 0.05 385056028477 1
problem28 0 389154534645 1
problem29 0.01 404297333549 1
problem30 0.01 359829225957 1
problem31 0.01 397019595037 1
problem32 0.08 383608942805 1
problem33 0.04 396207851789 1
problem34 0.08 393371435461 1
problem35 0.11 413876146941 1
problem36 0.01 369130566837 1
problem37 0.05 416354688749 1
problem38 0.29 384458869157 1
problem39 0 428962901213 1
problem40 0.02 369979130005 1
problem41 0.03 409291111629 1
problem42 0 392788924805 1
problem43 0 413076885181 1
problem44 0.05 369486337141 1
problem45 0.01 374071173805 1
problem46 0.01 363848102245 1
problem47 0 391247476893 1
problem48 0.01 378238480469 1
problem49 0.04 389482647693 1
problem50 0.01 368893301061 1
problem51 0 373480057469 1
problem52 0.01 416359699509 1
problem53 0.01 390171854445 1
problem54 0.08 398256519461 1
problem55 0.07 422938616925 1
problem56 0.1 435665698837 1
problem57 0.04 415214896205 1
problem58 0.05 386577787141 1
problem59 0.23 406300780093 1
problem60 0.06 405026223093 1
problem61 0.01 410012289581 1
problem62 0.02 384066986213 1
problem63 0.05 388357926941 1
problem64 0.01 387137597397 1
problem65 0 380370917389 1
problem66 0.05 392758223045 1
problem67 0.06 382370218493 1
problem68 0 391956968373 1
problem69 0 400557092333 1
problem70 0 408922630309 1
problem71 0.01 401069333469 1
problem72 0 401935237013 1
problem73 0.01 398011321293 1
problem74 0 396761692293 1
problem75 0 395992055229 1
problem76 0.08 431609729909 1
problem77 0.03 384739668397 1
problem78 0.32 390949589093 1
problem79 0.03 411562223517 1
problem80 0.01 398218309461 1
problem81 0.11 388057407373 1
problem82 0.01 393017110597 1
problem83 0.03 412755171709 1
problem84 0.06 404630344501 1
problem85 0.03 389922608493 1
problem86 0.03 413764458533 1
problem87 0.02 379050136413 1
problem88 0 395212455701 1
problem89 0.02 420888548173 1
problem90 0.22 369645160453 1
problem91 0.02 406972601661 1
problem92 0.04 404399747829 1
problem93 0 413537949997 1
problem94 0.08 365697040357 1
problem95 0 331600305949 1
problem96 0 410130050773 1
problem97 0.07 399514609421 1
problem98 0.06 394357637061 1
problem99 0.16 387451334909 1
