problem0 0.02 349446800951585 264 1 0 2400.00
problem1 0.14 393617250011415 248 1 0.01 2504.00
problem2 0 346237382580651 41 1 0 2448.00
problem3 0 367646737728947 82 1 0 2344.00
problem4 0.01 324882930205552 70 1 0.01 2396.00
problem5 0 297345688995922 26 1 0 2360.00
problem6 0 420970939835872 37 1 0 2360.00
problem7 0 341800667181318 63 1 0 2364.00
problem8 0.01 316810191298149 115 1 0 2396.00
problem9 0 376117509901984 56 1 0 2384.00
problem10 0 310115235827262 52 1 0 2388.00
problem11 0.01 339313182190051 69 1 0 2384.00
problem12 0 361124130963911 61 1 0 2392.00
problem13 0 427010447830586 88 1 0 2364.00
problem14 0.01 372112886298995 73 1 0 2416.00
problem15 0.62 426396723333992 421 2 0 2492.00
problem16 0 425513505340444 64 1 0 2444.00
problem17 0.01 385862131163718 18 1 0.01 2432.00
problem18 0 378018881393007 38 1 0 2388.00
problem19 0.03 467217933590877 123 1 0 2388.00
problem20 0.01 406542488064421 98 1 0 2388.00
problem21 0.01 326437918449664 102 1 0 2388.00
problem22 0 324871668316723 58 1 0 2360.00
problem23 0 416118606225984 28 1 0 2360.00
problem24 0 428155641845595 46 1 0 2360.00
problem25 0.01 283660240644579 70 1 0 2520.00
problem26 0 294955040105829 48 1 0 2456.00
problem27 0 396547616194659 46 1 0 2512.00
problem28 0 430676970854447 39 1 0 2368.00
problem29 0.01 384613314946511 53 1 0 2472.00
problem30 0 367587979041778 52 1 0 2376.00
problem31 0.24 376610491216341 443 2 0 2504.00
problem32 0.01 330467422389723 51 1 0.01 2484.00
problem33 0 390247619270431 47 1 0 2392.00
problem34 0.4 422140101419171 533 2 0 2508.00
problem35 0.01 362678976168504 83 1 0 2380.00
problem36 1.82 394401794692980 631 2 0 2696.00
problem37 0 381015661227095 46 1 0 2492.00
problem38 0.01 326157250651273 34 1 0 2492.00
problem39 0.01 340777111301827 147 1 0 2412.00
problem40 0 486008625152111 70 1 0 2404.00
problem41 0 325679272838550 28 1 0 2392.00
problem42 0.01 391828686393341 97 1 0 2300.00
problem43 0 364778670737205 95 1 0 2344.00
problem44 0.02 333442356911944 174 1 0.01 2500.00
problem45 0.21 389497203137972 392 1 0.01 2548.00
problem46 5.16 436655920292408 1565 3 0 2716.00
problem47 0.17 412462362740127 380 1 0 2544.00
problem48 0.02 334578765762206 136 1 0 2488.00
problem49 0.01 339647334180471 120 1 0 2504.00
problem50 1.5 464094524221304 743 1 0.01 2564.00
problem51 0.01 435239827744689 85 1 0 2480.00
problem52 0 416865170054019 54 1 0 2456.00
problem53 0 469505163845388 70 1 0 2448.00
problem54 0.01 386413985761991 48 1 0 2396.00
problem55 0 375160057667413 80 1 0 2408.00
problem56 0 293459586964973 52 1 0 2468.00
problem57 0.04 451154171416859 94 1 0 2420.00
problem58 0.05 398550296945337 181 1 0 2400.00
problem59 0.02 406513402412810 132 1 0 2400.00
problem60 0 384482095904010 49 1 0 2360.00
problem61 0.07 438267302657194 236 1 0 2376.00
problem62 0 527090002318954 31 1 0 2376.00
problem63 0 349867225004638 39 1 0 2376.00
problem64 0 365858010945014 31 1 0 2376.00
problem65 0.01 338583754483020 32 1 0 2376.00
problem66 0 276323548995208 87 1 0 2376.00
problem67 0.01 322438523194073 65 1 0.01 2376.00
problem68 0 443637507489070 46 1 0 2376.00
problem69 0.01 444628271290891 75 1 0 2376.00
problem70 0 339368965393464 68 1 0 2452.00
problem71 0.01 372560351252388 121 1 0 2380.00
problem72 0.03 344043287081268 196 1 0 2392.00
problem73 0.09 412887251038942 242 1 0 2460.00
problem74 0 387949254370434 18 1 0 2424.00
problem75 0 448967430106149 36 1 0 2348.00
problem76 0.01 377902891476867 47 1 0 2368.00
problem77 0 309918093554035 40 1 0 2492.00
problem78 0 339931490587078 34 1 0 2400.00
problem79 0 329520146902067 51 1 0 2484.00
problem80 0.01 424269295614217 44 1 0 2400.00
problem81 0.22 379365793130679 418 1 0 2512.00
problem82 0.18 345745428079120 330 1 0.01 2520.00
problem83 0.05 399707264798542 254 1 0 2524.00
problem84 0.01 368877980374371 150 1 0 2524.00
problem85 0.02 362808389088704 174 1 0 2524.00
problem86 0.33 448468982009529 401 1 0 2492.00
problem87 0 446838192423785 32 1 0 2456.00
problem88 0.01 346134609182599 101 1 0 2448.00
problem89 0 291894099058846 41 1 0 2448.00
problem90 0 340189860519506 34 1 0 2364.00
problem91 0 283428270052762 41 1 0 2364.00
problem92 0.01 278612308381614 115 1 0 2364.00
problem93 0 363561666831622 56 1 0 2452.00
problem94 0 356849754776315 64 1 0 2380.00
problem95 0.01 378133085149961 34 1 0 2472.00
problem96 0.02 460883616744540 161 1 0 2392.00
problem97 0.01 420213889220067 41 1 0 2392.00
problem98 0.22 420789074521651 349 1 0 2476.00
problem99 0.03 362215859109429 196 1 0 2440.00
