problem0 0 141198 1 0.00
problem1 0.00 150638 1 0.00
problem2 0.00 138574 1 0.00
problem3 0.00 145966 1 0.00
problem4 0.00 140046 1 0.00
problem5 0.00 141294 1 0.00
problem6 0.00 145614 1 0.00
problem7 0.00 148910 1 0.00
problem8 0.00 159374 1 0.00
problem9 0.00 164718 1 0.00
problem10 0.00 148558 1 0.00
problem11 0.00 147758 1 0.00
problem12 0.00 145934 1 0.00
problem13 0.00 147182 1 0.00
problem14 0.00 139214 1 0.00
problem15 0.00 150702 1 0.00
problem16 0.00 152974 1 0.00
problem17 0.00 137838 1 0.00
problem18 0.00 142158 1 0.00
problem19 0.00 153646 1 0.00
problem20 0.00 135438 1 0.00
problem21 0.00 148974 1 0.00
problem22 0.00 149198 1 0.00
problem23 0.00 144302 1 0.00
problem24 0.00 142478 1 0.00
problem25 0.00 156014 1 0.00
problem26 0.00 164430 1 0.00
problem27 0.00 151342 1 0.00
problem28 0.00 161806 1 0.00
problem29 0.00 138478 1 0.00
problem30 0.00 155086 1 0.00
problem31 0.00 137902 1 0.00
problem32 0.00 160654 1 0.00
problem33 0.00 141422 1 0.00
problem34 0.00 125262 1 0.00
problem35 0.00 149038 1 0.00
problem36 0.00 159502 1 0.00
problem37 0.00 136174 1 0.00
problem38 0.00 165070 1 0.00
problem39 0.00 147886 1 0.00
problem40 0.00 141966 1 0.00
problem41 0.00 139118 1 0.00
problem42 0.00 135246 1 0.00
problem43 0.00 142638 1 0.00
problem44 0.00 157198 1 0.00
problem45 0.00 142062 1 0.00
problem46 0.00 134094 1 0.00
problem47 0.00 149678 1 0.00
problem48 0.00 139662 1 0.00
problem49 0.00 140910 1 0.00
problem50 0.00 145230 1 0.00
problem51 0.00 148526 1 0.00
problem52 0.00 118030 1 0.00
problem53 0.00 156142 1 0.00
problem54 0.00 148174 1 0.00
problem55 0.00 130990 1 0.00
problem56 0.00 141454 1 0.00
problem57 0.00 150894 1 0.00
problem58 0.00 142926 1 0.00
problem59 0.00 150318 1 0.00
problem60 0.00 144398 1 0.00
problem61 0.00 157934 1 0.00
problem62 0.00 162254 1 0.00
problem63 0.00 140974 1 0.00
problem64 0.00 151438 1 0.00
problem65 0.00 164974 1 0.00
problem66 0.00 148814 1 0.00
problem67 0.00 143918 1 0.00
problem68 0.00 142094 1 0.00
problem69 0.00 151534 1 0.00
problem70 0.00 159950 1 0.00
problem71 0.00 155054 1 0.00
problem72 0.00 149134 1 0.00
problem73 0.00 146286 1 0.00
problem74 0.00 150606 1 0.00
problem75 0.00 149806 1 0.00
problem76 0.00 147982 1 0.00
problem77 0.00 161518 1 0.00
problem78 0.00 141262 1 0.00
problem79 0.00 152750 1 0.00
problem80 0.00 134542 1 0.00
problem81 0.00 156270 1 0.00
problem82 0.00 131918 1 0.00
problem83 0.00 135214 1 0.00
problem84 0.00 145678 1 0.00
problem85 0.00 146926 1 0.00
problem86 0.00 147150 1 0.00
problem87 0.00 162734 1 0.00
problem88 0.00 152718 1 0.00
problem89 0.00 149870 1 0.00
problem90 0.00 154190 1 0.00
problem91 0.00 173870 1 0.00
problem92 0.00 147470 1 0.00
problem93 0.00 111854 1 0.00
problem94 0.00 148942 1 0.00
problem95 0.00 144046 1 0.00
problem96 0.00 142222 1 0.00
problem97 0.00 163950 1 0.00
problem98 0.00 123214 1 0.00
problem99 0.00 155182 1 0.00
