problem0 0.09 368293211256020 142 1 0 2684.00
problem1 0.02 389392159239478 113 1 0 2600.00
problem2 0.01 340411600416714 90 1 0.01 2664.00
problem3 0.01 383222755360357 39 1 0.01 2664.00
problem4 0.01 431008803559738 97 1 0.01 2664.00
problem5 0.04 451721493566199 124 1 0.01 2664.00
problem6 0.01 399732671928265 51 1 0.01 2532.00
problem7 0.04 389067007711327 98 1 0.01 2588.00
problem8 0.2 467816565158867 87 1 0.01 2648.00
problem9 0.01 406338928196308 66 1 0.01 2648.00
problem10 0.01 331525526657562 90 1 0 2648.00
problem11 0.01 357927668627728 59 1 0.01 2648.00
problem12 0.07 321290883669406 148 2 0 2648.00
problem13 0.02 466237000855223 84 1 0 2648.00
problem14 0.05 286982775323642 110 1 0.01 2700.00
problem15 0.09 356086820321981 148 1 0 2700.00
problem16 0.07 403499097283133 170 2 0.01 2720.00
problem17 0.24 496304650187521 145 1 0 2524.00
problem18 0.02 441597593769293 69 1 0 2604.00
problem19 0.05 445506143150840 144 1 0.01 2616.00
problem20 0.01 439583540242588 31 1 0.01 2628.00
problem21 0.04 364068293597869 81 1 0.01 2628.00
problem22 0.02 400762285906571 83 1 0.01 2628.00
problem23 0.01 369674481081764 69 1 0.01 2628.00
problem24 0.03 440439525928000 93 1 0 2524.00
problem25 15.99 364044385676457 457 3 0.02 2704.00
problem26 0.05 393021817142413 101 1 0.01 2952.00
problem27 0.03 358517263364919 106 1 0.01 2920.00
problem28 2.13 310466983333657 310 1 0.01 2888.00
problem29 0.09 386763178941019 162 1 0 2772.00
problem30 0.01 322956055100219 40 1 0.01 2784.00
problem31 0.02 326986549492851 77 1 0.01 2872.00
problem32 0.17 345514350650637 194 1 0 2868.00
problem33 0.01 382104147108705 94 1 0 2856.00
problem34 0.95 340513034960943 244 1 0 2836.00
problem35 0.03 366945346013319 105 1 0.01 2884.00
problem36 0.01 430997094483806 62 1 0.01 2840.00
problem37 0.01 344183394944479 57 1 0 2756.00
problem38 0.02 368692902784450 88 1 0 2800.00
problem39 0.03 367048838310808 79 1 0 2880.00
problem40 0.06 333510399417420 146 1 0 2828.00
problem41 0.46 339767059093216 209 1 0 2856.00
problem42 1.41 407697757375723 310 1 0 2900.00
problem43 0.01 310668463041221 63 1 0 2816.00
problem44 0.75 411833401731361 231 1 0.01 2888.00
problem45 0.05 360969198350862 97 1 0 2828.00
problem46 0.35 379946888931704 266 1 0.01 2908.00
problem47 0.01 373927687884955 70 1 0.01 2908.00
problem48 0.03 452077473315261 84 1 0.01 2908.00
problem49 0.04 431935156519927 94 1 0.01 2916.00
problem50 0 380119349238499 59 1 0 2916.00
problem51 0.08 347231432461557 92 1 0 2916.00
problem52 0.07 389037171076797 100 1 0 2916.00
problem53 0.04 399810612140874 53 1 0.01 2916.00
problem54 1.76 392870472650791 205 1 0.01 2936.00
problem55 372.74 442149156469577 1672 4 0.01 3148.00
problem56 124.9 338236431788854 734 1 0.01 2976.00
problem57 0.06 443293803168080 108 1 0.01 3132.00
problem58 0.03 388460058190919 93 1 0 3132.00
problem59 0.04 440102042827634 84 1 0.01 2940.00
problem60 0.21 466319776929469 186 1 0 2752.00
problem61 0.01 456247416947131 46 1 0 2756.00
problem62 0.01 405447864318164 82 1 0 2956.00
problem63 0.79 450737981784683 198 1 0.01 2956.00
problem64 0.07 355945076366748 90 1 0.01 3308.00
problem65 0.01 386471801224925 109 1 0.01 3272.00
problem66 0.01 441199376465888 77 1 0.01 2916.00
problem67 0.04 412547820080257 85 1 0.01 3312.00
problem68 0.01 381711587975617 61 1 0 3008.00
problem69 0.01 399453213164574 78 1 0.01 3348.00
problem70 0.02 346511939521562 76 1 0 2976.00
problem71 1.32 321237568627819 292 1 0.01 2984.00
problem72 0.27 410775134118262 151 1 0 2984.00
problem73 0.18 414057139595645 155 1 0.01 2920.00
problem74 0.08 402513633233850 124 1 0 3336.00
problem75 0.03 358676075779390 81 1 0.01 3316.00
problem76 0.03 442482498555336 120 1 0.01 2956.00
problem77 0.02 355720404613284 77 1 0.01 3296.00
problem78 2.63 472637244044215 216 1 0 2796.00
problem79 0.35 420526758448672 147 1 0 3084.00
problem80 0.06 364237696076727 119 1 0 3348.00
problem81 0.22 450895841004609 168 1 0.01 2952.00
problem82 115.84 424196916798025 713 1 0 3244.00
problem83 0.02 367535513766221 55 1 0 2984.00
problem84 0.32 441298543216626 119 1 0 3252.00
problem85 0.01 413015799168582 64 1 0.01 3248.00
problem86 0.56 454687222737614 259 1 0.01 2944.00
problem87 0.05 398846670400410 105 1 0.01 3264.00
problem88 0.02 379416162538088 144 1 0.01 2828.00
problem89 0.04 387263479512998 77 1 0 3240.00
problem90 0.34 427016806414552 167 1 0 2572.00
problem91 0.36 390560738918935 160 1 0.01 3244.00
problem92 0.28 478530696799840 98 1 0.01 2992.00
problem93 0.02 336277693849072 65 1 0 3044.00
problem94 0.04 366802081925259 120 1 0.01 3340.00
problem95 0.03 363923791558816 98 1 0.01 3244.00
problem96 6.06 349877019212164 454 1 0 2816.00
problem97 0.04 348493628341000 136 1 0 2872.00
problem98 1.78 425538316320741 230 1 0 3136.00
problem99 0.2 421904471435315 180 1 0.01 3136.00
