problem0 5.88 1000040121389772 3466 1 5.65 107620.00
problem1 12.91 848345039204692 4317 2 12.63 105752.00
problem2 13.64 896801430952684 6442 2 13.44 122312.00
problem3 21.1 847766555655206 9517 2 20.89 122312.00
problem4 5.17 974104095816213 3995 1 4.87 74832.00
problem5 5.71 979991208235138 3464 1 5.56 141856.00
problem6 9.22 857483004036269 7507 1 8.92 145224.00
problem7 2.85 1013714501041741 1248 1 2.59 145224.00
problem8 5.2 1084144778521359 4343 1 4.61 102872.00
problem9 21.83 772400904933411 10376 2 21.37 443804.00
problem10 9.46 925645428139174 8002 1 9.19 178480.00
problem11 8.45 868467274708435 6118 1 8.16 257568.00
problem12 7.81 866592617205402 7262 1 7.46 257568.00
problem13 7.54 939565941186033 6633 1 6.91 169040.00
problem14 8.33 853238379238073 5756 1 7.82 267808.00
problem15 6.23 934640422859470 5416 1 5.8 109048.00
problem16 5.86 1061649862852609 2499 1 5.72 116232.00
problem17 6.13 852756805254733 5123 1 5.62 109056.00
problem18 18.84 895482845532752 12874 2 17.44 139292.00
problem19 5.92 849304834948409 3199 1 5.51 181464.00
problem20 4.3 1033379350975530 2085 1 4.05 70732.00
problem21 9.16 826129206709383 6559 1 8.9 310668.00
problem22 4.79 958784679823213 2716 1 4.57 111152.00
problem23 7.57 870035152107741 4783 1 7.11 137760.00
problem24 21.83 799718291999634 17017 2 20.59 138276.00
problem25 8.49 881433777526173 7660 1 8.12 137480.00
problem26 5.6 968678391599856 3432 1 5.38 119452.00
problem27 10.36 960902037922471 11312 1 9.65 161572.00
problem28 4.12 1046182835089272 2179 1 3.77 161572.00
problem29 3.85 1118750094657925 1923 1 3.59 86304.00
problem30 11.71 906683241692033 13898 1 11.02 247052.00
problem31 26.03 847335500485754 20378 2 25.43 317332.00
problem32 8.73 950975907638996 5376 1 8.06 246760.00
problem33 5.82 975573795582414 4181 1 5.38 88776.00
problem34 6.21 930032009563869 3955 1 5.65 218192.00
problem35 8.61 928181180119316 6777 1 8.05 183316.00
problem36 4.92 1013418838378473 2176 1 4.76 162732.00
problem37 10.18 870756928707879 9559 1 9.92 272404.00
problem38 4.13 952604423312105 1651 1 3.98 272416.00
problem39 8.05 873930385330851 6342 1 7.7 205824.00
problem40 12.31 858988597431005 9793 1 11.39 436460.00
problem41 10.74 858560806844566 10723 1 10.44 204048.00
problem42 6.76 904234313458908 4466 1 6.5 204372.00
problem43 7.5 890400554425538 3960 1 7.27 284704.00
problem44 10.06 809554879278367 14390 1 9.53 284704.00
problem45 10.69 861612006998911 4847 1 10.32 571420.00
problem46 9.54 755379298969758 9280 1 8.86 571420.00
problem47 7.93 942678304944269 8253 1 7.39 77408.00
problem48 6.03 962002699381289 2971 1 5.77 197664.00
problem49 5.05 927326069671658 1592 1 4.99 58268.00
problem50 8.54 904021937278147 6691 1 7.7 177184.00
problem51 27.84 871565239694848 23550 2 26.88 231408.00
problem52 8.53 890410244580511 3714 1 8.34 235548.00
problem53 12.67 873254371493893 14971 1 12.2 160772.00
problem54 9.3 976014525396202 6133 1 8.73 260128.00
problem55 7.2 1011655442994680 4583 1 6.67 286712.00
problem56 5.65 1006061724478383 2522 1 5.42 286752.00
problem57 9.63 829280142087494 8060 1 9.23 378888.00
problem58 4.08 1068861123892360 1615 1 3.7 378912.00
problem59 5.09 999185266472691 2541 1 4.87 108724.00
problem60 5.43 953405473799267 3037 1 4.85 109828.00
problem61 10.11 909840681044689 7715 1 9.72 171032.00
problem62 13.01 822915703914419 23364 1 12.02 217168.00
problem63 6.21 1004717898787693 2911 1 5.96 152608.00
problem64 9.95 840388862049740 9161 1 9.26 257652.00
problem65 5.5 1041239210637540 2434 1 5.29 261752.00
problem66 12.69 867011046467849 18204 1 12.27 132756.00
problem67 8.68 944716321705780 8103 1 8.14 165916.00
problem68 27.92 810547507979264 25570 2 27.01 323684.00
problem69 6.73 930993740666348 4896 1 6.24 210032.00
problem70 7.61 891769735034825 3579 1 7.45 189452.00
problem71 6.2 964702944890002 3354 1 6 95008.00
problem72 9.56 917957026250528 4242 1 9.41 354324.00
problem73 8.19 902822211361556 5421 1 7.91 354336.00
problem74 7.66 1007905507845810 6474 1 6.92 181256.00
problem75 7.53 1008492443793623 5276 1 7.23 181280.00
problem76 6.18 989693681954699 3380 1 5.79 61160.00
problem77 7.09 925754351416677 6368 1 6.68 120208.00
problem78 8.78 917975234141137 5895 1 8.26 350200.00
problem79 13.27 834171156413116 18937 1 12.63 176560.00
problem80 13.19 820886693184829 11200 1 12.93 450532.00
problem81 6.04 1016225058519185 4022 1 5.39 450536.00
problem82 8.24 838286189430415 2931 1 8.14 266272.00
problem83 6.62 891537407016735 4601 1 5.99 266272.00
problem84 7.81 967644973938047 5992 1 7.4 230720.00
problem85 7.36 1005197109366567 4945 1 7 230736.00
problem86 5.29 927298974185862 2742 1 4.93 92892.00
problem87 9.92 965355622370438 10265 1 9.04 262176.00
problem88 11.54 860863529044661 13019 1 10.97 170004.00
problem89 11.49 828837468344813 9480 1 11.21 206876.00
problem90 8.13 906738177791607 5167 1 7.67 307208.00
problem91 6.17 994959007610030 3313 1 5.84 307232.00
problem92 10.62 813232143437941 8147 1 10.4 207908.00
problem93 8.84 895111555087999 7639 1 8.16 208924.00
problem94 6.49 945632039224705 3771 1 6.19 154656.00
problem95 5.91 982710585142484 4465 1 5.54 154656.00
problem96 8.74 988225732283884 6582 1 8.23 294908.00
problem97 3.87 1048462553301028 950 1 3.7 294944.00
problem98 7.6 1000894425673229 7594 1 7.3 146408.00
problem99 8.36 865512699661303 4139 1 8.21 147484.00
