problem0 1.46 900694014981272 45 1 0.8 101112.00
problem1 1.26 997652835024429 55 1 0.60 124076.00
problem2 1.49 1045466693267096 65 1 0.85 118404.00
problem3 1.47 890516249851767 47 1 0.81 119172.00
problem4 1.37 1086559906882476 50 1 0.73 118404.00
problem5 1.35 1120041221254840 62 1 0.73 126892.00
problem6 1.42 1020949915297632 66 1 0.78 118404.00
problem7 1.39 796585021911521 45 1 0.76 126764.00
problem8 1.48 874867377185493 37 1 0.84 118404.00
problem9 1.41 928893980243121 68 1 0.77 126744.00
problem10 1.65 795898339271391 57 1 1.00 118404.00
problem11 1.21 924523395462090 51 1 0.57 119396.00
problem12 1.45 876360542868570 76 1 0.76 118404.00
problem13 1.41 1020899187042741 57 1 0.78 126844.00
problem14 1.46 1063113079561377 45 1 0.83 118404.00
problem15 1.47 923829369757369 43 1 0.85 126984.00
problem16 1.38 823694692519013 66 1 0.74 118404.00
problem17 1.40 975511004377757 76 1 0.75 119272.00
problem18 1.38 927983530198590 47 1 0.76 135596.00
problem19 1.41 871541240097101 37 1 0.77 118404.00
problem20 1.44 1014372139368390 77 1 0.78 126804.00
problem21 1.31 996407619675531 50 1 0.66 118404.00
problem22 1.57 876866102772348 80 1 0.90 119516.00
problem23 1.70 875114975511283 47 1 1.05 118976.00
problem24 1.51 819749235907838 54 1 0.86 118404.00
problem25 1.43 863867615968665 71 1 0.77 119652.00
problem26 1.45 980477353369989 76 1 0.77 118404.00
problem27 1.59 972441090564947 63 1 0.94 118404.00
problem28 1.33 967731112681748 78 1 0.64 118404.00
problem29 1.36 889438488827261 65 1 0.70 119480.00
problem30 1.50 926101688668728 50 1 0.85 118404.00
problem31 1.38 874731840586718 75 1 0.72 126752.00
problem32 1.35 948862031078875 63 1 0.71 128192.00
problem33 1.47 945155419786527 59 1 0.80 118404.00
problem34 1.33 1047193357996255 74 1 0.68 126796.00
problem35 1.39 938265559537194 47 1 0.75 118404.00
problem36 1.55 953494972936753 68 1 0.88 126752.00
problem37 1.36 916553200863572 36 1 0.72 118404.00
problem38 1.26 1021817667726934 47 1 0.61 126852.00
problem39 1.61 901093000873272 64 1 0.95 118404.00
problem40 1.50 1048108346711379 59 1 0.85 119740.00
problem41 1.49 1027795703884742 74 1 0.81 118404.00
problem42 1.43 1026335855153700 84 1 0.74 126820.00
problem43 1.39 797149176135497 64 1 0.74 126820.00
problem44 1.46 959250119401338 68 1 0.80 118404.00
problem45 1.40 994265284638319 76 1 0.71 131208.00
problem46 1.58 968891325723760 50 1 0.94 118404.00
problem47 1.42 1066385604603950 54 1 0.77 119580.00
problem48 1.48 909478339316240 74 1 0.79 118404.00
problem49 1.32 846664816665158 66 1 0.68 126832.00
problem50 1.38 936992990649768 52 1 0.72 118404.00
problem51 1.25 920854370962771 77 1 0.62 126804.00
problem52 1.73 889825478200811 75 1 1.05 118404.00
problem53 1.40 899747884397217 76 1 0.73 118240.00
problem54 1.39 734043714227654 31 1 0.75 118404.00
problem55 1.39 910625533131541 58 1 0.73 128828.00
problem56 1.50 917877501605177 69 1 0.84 118404.00
problem57 1.48 974340594778418 51 1 0.83 126752.00
problem58 1.51 875770287906672 50 1 0.84 118404.00
problem59 1.27 978907763127591 50 1 0.64 126708.00
problem60 1.61 933464719759303 76 1 0.94 118404.00
problem61 1.78 853547816893707 56 1 1.13 126712.00
problem62 2.42 809659229869115 89 1 1.76 142980.00
problem63 1.39 1087934585736805 71 1 0.75 142996.00
problem64 1.40 1066610237631856 73 1 0.74 118404.00
problem65 1.60 807516419608677 69 1 0.95 126960.00
problem66 1.38 921043703116284 56 1 0.72 118404.00
problem67 1.48 977065341736934 43 1 0.85 126828.00
problem68 1.46 892205064433903 38 1 0.81 118404.00
problem69 1.43 985918087550194 83 1 0.77 126868.00
problem70 1.64 822916657513150 62 1 0.97 126868.00
problem71 1.55 957156216668803 92 1 0.86 118404.00
problem72 1.64 868847271950434 68 1 0.97 126772.00
problem73 1.42 1028740456992214 66 1 0.74 118404.00
problem74 1.34 972325626213136 63 1 0.69 126872.00
problem75 1.67 914301161338406 62 1 1.02 118404.00
problem76 1.51 1000521640442827 61 1 0.84 117716.00
problem77 1.38 974408483426077 54 1 0.74 131036.00
problem78 1.37 918458518783966 40 1 0.71 118404.00
problem79 1.70 876810816893933 76 1 1.04 126764.00
problem80 1.36 831481422199360 45 1 0.70 118404.00
problem81 1.28 996668216731331 72 1 0.61 119472.00
problem82 1.38 912256229564848 52 1 0.74 118404.00
problem83 1.33 1054512731841168 72 1 0.65 126840.00
problem84 1.34 951607834097248 72 1 0.69 118404.00
problem85 1.49 961878129568019 69 1 0.84 126780.00
problem86 1.27 1054667261135448 50 1 0.63 118404.00
problem87 1.85 883701303546820 58 1 1.16 132400.00
problem88 1.50 1054908461138741 38 1 0.87 118404.00
problem89 1.35 912731844274505 42 1 0.72 126876.00
problem90 1.58 950148404430040 93 1 0.91 118404.00
problem91 1.50 843020761236011 68 1 0.81 126792.00
problem92 1.69 819187554855412 64 1 1.03 118404.00
problem93 1.47 1037752502293953 65 1 0.81 117756.00
problem94 1.51 1031163819835918 83 1 0.86 118404.00
problem95 1.58 834970940999339 49 1 0.94 126808.00
problem96 1.39 976688665869622 51 1 0.74 118404.00
problem97 1.39 963988082071016 74 1 0.73 126788.00
problem98 1.55 1071539474796935 78 1 0.83 118404.00
problem99 1.31 967730223924084 83 1 0.63 126704.00
