problem0 0.02 200090296706 1
problem1 0.01 166058716352 1
problem2 0.02 188831182783 1
problem3 0.01 181982423577 1
problem4 0.11 189487273092 1
problem5 0.02 172631619162 1
problem6 0 171345976593 1
problem7 0 183527493059 1
problem8 0.01 182565398694 1
problem9 0 209794422420 1
problem10 0.02 197819840643 1
problem11 0 189156307213 1
problem12 0.09 182293823464 1
problem13 0.02 192443107182 1
problem14 0.03 192031585301 1
problem15 0 195472973303 1
problem16 0.04 179303832650 1
problem17 0 194065048296 1
problem18 0.02 178288583111 1
problem19 0 178558975617 1
problem20 0.03 199976673228 1
problem21 0.03 176422019842 1
problem22 0.02 189329421209 1
problem23 0.02 174032608427 1
problem24 0 193287654510 1
problem25 0.01 180315136444 1
problem26 0.01 212380040075 1
problem27 0.01 190202372725 1
problem28 0 185399936048 1
problem29 0 204236953878 1
problem30 0.13 187087121309 1
problem31 0.01 199295244767 1
problem32 0.01 182350514450 1
problem33 0 207286117136 1
problem34 0 181258507727 1
problem35 0 192432073961 1
problem36 0 195060989204 1
problem37 0.02 190072994218 1
problem38 0.01 183682542625 1
problem39 0 179332539795 1
problem40 0.03 173032038966 1
problem41 0.01 194064971492 1
problem42 0 177900765331 1
problem43 0.03 192510111197 1
problem44 0.01 209143028344 1
problem45 0 199943394494 1
problem46 0.01 186387694885 1
problem47 0 186603114439 1
problem48 0 218873866202 1
problem49 0 195991301432 1
problem50 0.01 185581702103 1
problem51 0.01 207208707409 1
problem52 0.07 174703815772 1
problem53 0.01 196294212178 1
problem54 0 179294897833 1
problem55 0 175478761595 1
problem56 0.03 185977465342 1
problem57 0.01 180199151116 1
problem58 0 181695924123 1
problem59 0.03 192199168837 1
problem60 0.01 196101276352 1
problem61 0 154794703462 1
problem62 0.01 200898822317 1
problem63 0.02 193289240495 1
problem64 0.02 199047395490 1
problem65 0 175492071776 1
problem66 0.07 203058873311 1
problem67 0.04 187933972409 1
problem68 0.02 215525944740 1
problem69 0.02 209716094202 1
problem70 0 179147096881 1
problem71 0.01 174352590179 1
problem72 0.01 206026744774 1
problem73 0 182371106612 1
problem74 0.07 188003864739 1
problem75 0 196690743981 1
problem76 0 197252545800 1
problem77 0.01 183653632526 1
problem78 0.17 181089476149 1
problem79 0.06 188869323159 1
problem80 0.04 207512976234 1
problem81 0 169633210248 1
problem82 0.04 187980529127 1
problem83 0.01 173030216737 1
problem84 0.01 192840450284 1
problem85 0 198104005026 1
problem86 0.03 192362308025 1
problem87 0 218967563339 1
problem88 0.01 188881506190 1
problem89 0.02 179014939228 1
problem90 0.01 188445449131 1
problem91 0.01 200682613781 1
problem92 0.02 192793725264 1
problem93 0.01 165874860982 1
problem94 0.01 173832609213 1
problem95 0.01 192043568511 1
problem96 0.02 188908711986 1
problem97 0.01 164219258800 1
problem98 0.01 187585051119 1
problem99 0 211617360521 1
