problem0 0 11336435 1
problem1 0 9757688 1
problem2 0 10103124 1
problem3 0 11369821 1
problem4 0 11591629 1
problem5 0 9233210 1
problem6 0 8603806 1
problem7 0 8210639 1
problem8 0 10568711 1
problem9 0 11431772 1
problem10 0 11237448 1
problem11 0 9762337 1
problem12 0 8905121 1
problem13 0 10562142 1
problem14 0 10216018 1
problem15 0 10573651 1
problem16 0 11522715 1
problem17 0 10196544 1
problem18 0 11014332 1
problem19 0 9641573 1
problem20 0 12030197 1
problem21 0 11867394 1
problem22 0 11005318 1
problem23 0 11066711 1
problem24 0 9107119 1
problem25 0 9955492 1
problem26 0 11125424 1
problem27 0 9504297 1
problem28 0 9780681 1
problem29 0 11219750 1
problem30 0 12335674 1
problem31 0 11266779 1
problem32 0 12255299 1
problem33 0 10811016 1
problem34 0 11558436 1
problem35 0 9813357 1
problem36 0 9713693 1
problem37 0 10753226 1
problem38 0 10721390 1
problem39 0 9998303 1
problem40 0 11943767 1
problem41 0 9588716 1
problem42 0 10072856 1
problem43 0 10900529 1
problem44 0 11915249 1
problem45 0 9849326 1
problem46 0 11458594 1
problem47 0 9624675 1
problem48 0 10552299 1
problem49 0 10323152 1
problem50 0 10064268 1
problem51 0 8772213 1
problem52 0 10048837 1
problem53 0 10379922 1
problem54 0 10275158 1
problem55 0 10805351 1
problem56 0 10329599 1
problem57 0 11150644 1
problem58 0 9554304 1
problem59 0 9265209 1
problem60 0 10229785 1
problem61 0 8318646 1
problem62 0 12205066 1
problem63 0 9350123 1
problem64 0 11296147 1
problem65 0 8503576 1
problem66 0 10627828 1
problem67 0 9696637 1
problem68 0 9005165 1
problem69 0 9469530 1
problem70 0 11665470 1
problem71 0 9326319 1
problem72 0 11244199 1
problem73 0 10217596 1
problem74 0 9995752 1
problem75 0 9349697 1
problem76 0 11179585 1
problem77 0 10068350 1
problem78 0 10282482 1
problem79 0 10475891 1
problem80 0 10456379 1
problem81 0 9841504 1
problem82 0 11053660 1
problem83 0 10522245 1
problem84 0 10416533 1
problem85 0 9365538 1
problem86 0 10075430 1
problem87 0 9263991 1
problem88 0 10132815 1
problem89 0 9181636 1
problem90 0 9201744 1
problem91 0 11711049 1
problem92 0 9161321 1
problem93 0 10150470 1
problem94 0 9786842 1
problem95 0 9889019 1
problem96 0 10293987 1
problem97 0 9913256 1
problem98 0 10719172 1
problem99 0 11806093 1
