problem0 0.04 1138616266050857 0 2280.00
problem1 0.04 1165068962112800 0 2336.00
problem2 0.05 1110335616990327 0 2336.00
problem3 0.04 1302018826595293 0 2336.00
problem4 0.05 1209941075818076 0 2336.00
problem5 0.04 1477007746186161 0 2336.00
problem6 0.05 1417974183289749 0 2336.00
problem7 0.04 1527872123401592 0 2336.00
problem8 0.05 1259363427376931 0 2336.00
problem9 0.04 1171411749960300 0 2336.00
problem10 0.04 1293983137925669 0 2336.00
problem11 0.05 1395030185619019 0 2336.00
problem12 0.04 1315927403741759 0 2336.00
problem13 0.05 1424690753229136 0 2336.00
problem14 0.05 1331341564864101 0 2336.00
problem15 0.04 1186412648438607 0 2336.00
problem16 0.04 1265269300996739 0 2336.00
problem17 0.05 1433493790858251 0 2336.00
problem18 0.05 1276552325064485 0 2336.00
problem19 0.04 1236816865347859 0 2336.00
problem20 0.05 1359980767795247 0 2336.00
problem21 0.04 1429072702490131 0 2336.00
problem22 0.05 1428368112287042 0 2336.00
problem23 0.05 1349562773305263 0 2336.00
problem24 0.04 1397548814392112 0 2336.00
problem25 0.05 1358129009944585 0 2336.00
problem26 0.04 1043729630612899 0 2336.00
problem27 0.05 1109968388026755 0 2336.00
problem28 0.04 1507854724173195 0 2336.00
problem29 0.05 1342238161033936 0 2336.00
problem30 0.05 1497160565334928 0 2336.00
problem31 0.04 1282968479111240 0 2336.00
problem32 0.05 1353346814219962 0 2336.00
problem33 0.04 1115051057244792 0 2336.00
problem34 0.04 1305091466649486 0 2336.00
problem35 0.05 1513900192865623 0 2336.00
problem36 0.04 1206657865472029 0 2336.00
problem37 0.05 1315721460097971 0 2336.00
problem38 0.04 1433918230475248 0 2336.00
problem39 0.05 1425827550573093 0 2336.00
problem40 0.04 1249311936634810 0 2336.00
problem41 0.05 1161652044847516 0 2336.00
problem42 0.04 1371456612350091 0 2336.00
problem43 0.05 1338182154941428 0 2336.00
problem44 0.05 1131329681576337 0 2336.00
problem45 0.04 1355318323400832 0 2336.00
problem46 0.05 1389287955022212 0 2336.00
problem47 0.04 1133445827290840 0 2336.00
problem48 0.05 1295544940866067 0 2336.00
problem49 0.04 1311179279483682 0 2336.00
problem50 0.05 1428090001376372 0 2336.00
problem51 0.04 1262375359927324 0 2336.00
problem52 0.05 1440692212306113 0 2336.00
problem53 0.04 1190020800366291 0 2336.00
problem54 0.05 1488252068631558 0 2336.00
problem55 0.05 1240575477496351 0 2336.00
problem56 0.04 1401895536643005 0 2336.00
problem57 0.05 1143865323708249 0 2336.00
problem58 0.04 1219005664309877 0 2336.00
problem59 0.04 1117901982801888 0 2336.00
problem60 0.05 1265251747012896 0 2336.00
problem61 0.04 1247466905432891 0 2336.00
problem62 0.05 1204608209612994 0 2336.00
problem63 0.04 1100870338889147 0 2336.00
problem64 0.05 1414801883967904 0 2336.00
problem65 0.04 1393466739024189 0 2336.00
problem66 0.05 1284829189309697 0 2336.00
problem67 0.04 1240752741325644 0 2336.00
problem68 0.04 1153331719070307 0 2336.00
problem69 0.05 1314005734691330 0 2336.00
problem70 0.05 1288735939105678 0 2336.00
problem71 0.04 1413911830591873 0 2336.00
problem72 0.04 1002400859589179 0 2336.00
problem73 0.05 1122664838800277 0 2336.00
problem74 0.05 1484436562823614 0 2336.00
problem75 0.04 1265537510377871 0 2336.00
problem76 0.04 1064763999598798 0 2336.00
problem77 0.05 1157496198859887 0 2336.00
problem78 0.04 1091898893256563 0 2336.00
problem79 0.05 1321136939898090 0 2336.00
problem80 0.05 1490565611929034 0 2336.00
problem81 0.04 1251423286053218 0 2336.00
problem82 0.05 1233364050284062 0 2336.00
problem83 0.04 1367389330093160 0 2336.00
problem84 0.05 1328967289858240 0 2336.00
problem85 0.05 1250322509934177 0 2336.00
problem86 0.04 1311987113598832 0 2336.00
problem87 0.05 1359473596064071 0 2336.00
problem88 0.04 1203288935530939 0 2336.00
problem89 0.04 1227794882038155 0 2336.00
problem90 0.05 1314304553510210 0 2336.00
problem91 0.05 1390419294825157 0 2336.00
problem92 0.04 1477983740998411 0 2336.00
problem93 0.05 1381701811644349 0 2336.00
problem94 0.04 1231798788845045 0 2336.00
problem95 0.05 1145715952288000 0 2336.00
problem96 0.04 1461447421122411 0 2336.00
problem97 0.05 1206547304918319 0 2336.00
problem98 0.05 1415824797888137 0 2336.00
problem99 0.04 1242230224610918 0 2336.00
