problem0 0 415120797 1
problem1 0 319162986 1
problem2 0 399336350 1
problem3 0 406877583 1
problem4 0 404168951 1
problem5 0 408369260 1
problem6 0 433513448 1
problem7 0 364020289 1
problem8 0 412729521 1
problem9 0.02 406159438 1
problem10 0 400130450 1
problem11 0 393719251 1
problem12 0 374683339 1
problem13 0 350331920 1
problem14 0 382420636 1
problem15 0.01 392260165 1
problem16 0 370736453 1
problem17 0 340411826 1
problem18 0 354655494 1
problem19 0 332663191 1
problem20 0 357494303 1
problem21 0 428730164 1
problem22 0 447041232 1
problem23 0.01 368623049 1
problem24 0 422921049 1
problem25 0 425519766 1
problem26 0 394823162 1
problem27 0 365926619 1
problem28 0 377001715 1
problem29 0 373002712 1
problem30 0.01 386190468 1
problem31 0 438406349 1
problem32 0 422437613 1
problem33 0 396623610 1
problem34 0 406522990 1
problem35 0.01 408054687 1
problem36 0 422347079 1
problem37 0 403190780 1
problem38 0 377458616 1
problem39 0 353560401 1
problem40 0 382217217 1
problem41 0 313791198 1
problem42 0 319029346 1
problem43 0 401773027 1
problem44 0.01 384498971 1
problem45 0 328162720 1
problem46 0 450979948 1
problem47 0 399629653 1
problem48 0 395275925 1
problem49 0 364885570 1
problem50 0 394408406 1
problem51 0 389290919 1
problem52 0 345660015 1
problem53 0.01 338337476 1
problem54 0 359409312 1
problem55 0.01 410091225 1
problem56 0 420805289 1
problem57 0.01 450328870 1
problem58 0 426406090 1
problem59 0 382277867 1
problem60 0 398911811 1
problem61 0 405899112 1
problem62 0 387422804 1
problem63 0 408083421 1
problem64 0 439361597 1
problem65 0 371846026 1
problem66 0 398953790 1
problem67 0 399612335 1
problem68 0 333642135 1
problem69 0 389654412 1
problem70 0 366056328 1
problem71 0 375719009 1
problem72 0.01 389951313 1
problem73 0 423861614 1
problem74 0 372922162 1
problem75 0 421244403 1
problem76 0 411491179 1
problem77 0 408325936 1
problem78 0 398320188 1
problem79 0 375720037 1
problem80 0.01 375551973 1
problem81 0 407838418 1
problem82 0 356097702 1
problem83 0 392390071 1
problem84 0 464576191 1
problem85 0.01 391761492 1
problem86 0 376854128 1
problem87 0 387839977 1
problem88 0 382093817 1
problem89 0 324337590 1
problem90 0 391263130 1
problem91 0 412274939 1
problem92 0 419779475 1
problem93 0.01 387118328 1
problem94 0 407552036 1
problem95 0 346612461 1
problem96 0 366540173 1
problem97 0 410767386 1
problem98 0.01 409396750 1
problem99 0 369229759 1
