problem0 0 1647119868 0
problem1 0 1470568274 0
problem2 0 1609612075 0
problem3 0.01 1954017143 0
problem4 0 1726883731 0
problem5 0 1465020564 0
problem6 0 1437217642 1
problem7 0 1410668200 0
problem8 0 1707055287 0
problem9 0.01 1753549883 0
problem10 0 1175056965 0
problem11 0 1682536053 0
problem12 0.01 1296193551 0
problem13 0 1350454338 0
problem14 0 1701929359 0
problem15 0.01 1506975807 0
problem16 0 1274724606 0
problem17 0 1493595036 0
problem18 0 1449544691 0
problem19 0 1400636963 0
problem20 0.01 1902808362 0
problem21 0 1483777067 0
problem22 0 1578948772 0
problem23 0 1867577676 0
problem24 0.01 1485493964 0
problem25 0 1753014127 0
problem26 0 1533121698 0
problem27 0.01 1403956505 0
problem28 0 1571166169 0
problem29 0 1578764584 0
problem30 0 1373858080 0
problem31 0.01 1580610508 0
problem32 0 1636968943 0
problem33 0 1544020160 0
problem34 0 1272815635 0
problem35 0.01 1788771239 0
problem36 0 1279936514 0
problem37 0 1247348231 0
problem38 0 1679942517 0
problem39 0.01 1399216589 0
problem40 0 1625885570 0
problem41 0 1691681065 0
problem42 0 1652702450 0
problem43 0.01 1583775902 0
problem44 0 1023569331 0
problem45 0 1379545015 0
problem46 0 1553667871 0
problem47 0.01 1732477308 0
problem48 0 1566427565 0
problem49 0 1449121323 0
problem50 0 1425881988 0
problem51 0.01 1774177853 0
problem52 0 1645205758 0
problem53 0 1631065461 0
problem54 0 1656214586 0
problem55 0.01 1844295745 0
problem56 0 1676981695 0
problem57 0 1555165352 0
problem58 0.01 1665297232 0
problem59 0 1480684320 0
problem60 0 1569315311 0
problem61 0.01 1937458875 0
problem62 0 1757866745 0
problem63 0 1468206919 0
problem64 0 1495801878 0
problem65 0.01 1654840454 0
problem66 0 1724619972 0
problem67 0 1654685544 0
problem68 0 1587396826 0
problem69 0.01 1612338111 0
problem70 0 1463626558 0
problem71 0 1482659043 0
problem72 0 1646810969 0
problem73 0 1343761764 0
problem74 0.01 1775804459 0
problem75 0 1123025552 0
problem76 0 1590615138 0
problem77 0.01 1666829255 0
problem78 0 1609917659 0
problem79 0 2036161440 0
problem80 0.01 1444653878 0
problem81 0 1615163606 0
problem82 0 1051673785 0
problem83 0 1491144308 0
problem84 0.01 1463188882 0
problem85 0 1760313119 0
problem86 0 1232103461 0
problem87 0.01 1611952250 0
problem88 0 1465806055 0
problem89 0 1475098833 0
problem90 0 1322998434 0
problem91 0 1308799134 0
problem92 0.01 1707340923 0
problem93 0 1580351017 0
problem94 0 1377109230 0
problem95 0 1327162519 0
problem96 0 1422060765 0
problem97 0.01 1268519657 0
problem98 0 1382986232 0
problem99 0 1644297089 0
