problem0 0 656086 1 0.00
problem1 0.00 657078 1 2392.00
problem2 0.00 693910 1 2392.00
problem3 0.00 569974 1 2392.00
problem4 0.00 645718 1 2392.00
problem5 0.00 626230 1 2392.00
problem6 0.00 642582 1 2392.00
problem7 0.00 727542 1 2392.00
problem8 0.01 618966 1 2392.00
problem9 0.00 677302 1 2392.00
problem10 0.00 705942 1 2392.00
problem11 0.00 639350 1 2392.00
problem12 0.00 674134 1 2392.00
problem13 0.00 679222 1 2392.00
problem14 0.00 687382 1 2392.00
problem15 0.01 698614 1 2392.00
problem16 0.00 614614 1 2392.00
problem17 0.00 664758 1 2392.00
problem18 0.00 619670 1 2392.00
problem19 0.00 610422 1 2392.00
problem20 0.00 637014 1 2392.00
problem21 0.00 568374 1 2392.00
problem22 0.00 633878 1 2392.00
problem23 0.00 604150 1 2392.00
problem24 0.00 708566 1 2392.00
problem25 0.00 750518 1 2392.00
problem26 0.01 697238 1 2392.00
problem27 0.00 745334 1 2392.00
problem28 0.00 599894 1 2392.00
problem29 0.00 752438 1 2392.00
problem30 0.00 547606 1 2392.00
problem31 0.00 706294 1 2392.00
problem32 0.00 573142 1 2392.00
problem33 0.00 574134 1 2392.00
problem34 0.00 774806 1 2392.00
problem35 0.00 683638 1 2392.00
problem36 0.00 693846 1 2392.00
problem37 0.01 707126 1 2392.00
problem38 0.00 559638 1 2392.00
problem39 0.00 579062 1 2392.00
problem40 0.00 634326 1 2392.00
problem41 0.00 627126 1 2392.00
problem42 0.00 655766 1 2392.00
problem43 0.00 687478 1 2392.00
problem44 0.00 656726 1 2392.00
problem45 0.01 661814 1 2392.00
problem46 0.00 604438 1 2392.00
problem47 0.00 713974 1 2392.00
problem48 0.00 695510 1 2392.00
problem49 0.00 680118 1 2392.00
problem50 0.00 766102 1 2392.00
problem51 0.00 691318 1 2392.00
problem52 0.00 619606 1 2392.00
problem53 0.00 714806 1 2392.00
problem54 0.00 649238 1 2392.00
problem55 0.01 685046 1 2392.00
problem56 0.00 592854 1 2392.00
problem57 0.00 536502 1 2392.00
problem58 0.00 679830 1 2392.00
problem59 0.00 662390 1 2392.00
problem60 0.00 779094 1 2392.00
problem61 0.00 702262 1 2392.00
problem62 0.00 595734 1 2392.00
problem63 0.00 721654 1 2392.00
problem64 0.00 752342 1 2392.00
problem65 0.00 655030 1 2392.00
problem66 0.00 691862 1 2392.00
problem67 0.00 600694 1 2392.00
problem68 0.01 610902 1 2392.00
problem69 0.00 689718 1 2392.00
problem70 0.00 738838 1 2392.00
problem71 0.01 528886 1 2392.00
problem72 0.00 616918 1 2392.00
problem73 0.00 708022 1 2392.00
problem74 0.00 638358 1 2392.00
problem75 0.00 702838 1 2392.00
problem76 0.00 639318 1 2392.00
problem77 0.00 742710 1 2392.00
problem78 0.00 587030 1 2392.00
problem79 0.00 663798 1 2392.00
problem80 0.00 612566 1 2392.00
problem81 0.00 662710 1 2392.00
problem82 0.00 683158 1 2392.00
problem83 0.00 641142 1 2392.00
problem84 0.00 667734 1 2392.00
problem85 0.00 533558 1 2392.00
problem86 0.00 631830 1 2392.00
problem87 0.00 700406 1 2392.00
problem88 0.01 673750 1 2392.00
problem89 0.00 682934 1 2392.00
problem90 0.00 662422 1 2392.00
problem91 0.00 644982 1 2392.00
problem92 0.00 761686 1 2392.00
problem93 0.00 750390 1 2392.00
problem94 0.00 709398 1 2392.00
problem95 0.00 671478 1 2392.00
problem96 0.00 734934 1 2392.00
problem97 0.00 735926 1 2392.00
problem98 0.00 674454 1 2392.00
problem99 0.00 779894 1 2392.00
