problem0 0 160861999 1
problem1 0 149607981 1
problem2 0 162158107 1
problem3 0 154558073 1
problem4 0 154335943 1
problem5 0 150917765 1
problem6 0 158992691 1
problem7 0 164896337 1
problem8 0 131648863 1
problem9 0 141815261 1
problem10 0 161764171 1
problem11 0 152415529 1
problem12 0 161048311 1
problem13 0 162957365 1
problem14 0 143168611 1
problem15 0 153447169 1
problem16 0 142747535 1
problem17 0 164561293 1
problem18 0 159526011 1
problem19 0 164214745 1
problem20 0 144469799 1
problem21 0 165788133 1
problem22 0 153648019 1
problem23 0 149222321 1
problem24 0 162373055 1
problem25 0 137302333 1
problem26 0 160358827 1
problem27 0 150306441 1
problem28 0 137827159 1
problem29 0 164849557 1
problem30 0 155500227 1
problem31 0 144029793 1
problem32 0 146157551 1
problem33 0 164044013 1
problem34 0 160789211 1
problem35 0 154927417 1
problem36 0 144987015 1
problem37 0 161386821 1
problem38 0 134766067 1
problem39 0 138066193 1
problem40 0 154590751 1
problem41 0 147465373 1
problem42 0 144760843 1
problem43 0 159399913 1
problem44 0 136261559 1
problem45 0 156645109 1
problem46 0 157178147 1
problem47 0 160888257 1
problem48 0 164276303 1
problem49 0 158017613 1
problem50 0 154937659 1
problem51 0 157629081 1
problem52 0 174237671 1
problem53 0 151869605 1
problem54 0 145862739 1
problem55 0 149778033 1
problem56 0 135040639 1
problem57 0 152905725 1
problem58 0 175263339 1
problem59 0 160297289 1
problem60 0 136952855 1
problem61 0 148305493 1
problem62 0 137192323 1
problem63 0 138486561 1
problem64 0 131567791 1
problem65 0 173220781 1
problem66 0 177098651 1
problem67 0 140338169 1
problem68 0 137325639 1
problem69 0 159780869 1
problem70 0 142373555 1
problem71 0 156570577 1
problem72 0 151432927 1
problem73 0 159390557 1
problem74 0 169553099 1
problem75 0 146182825 1
problem76 0 149862519 1
problem77 0 162375093 1
problem78 0 151641571 1
problem79 0 153895041 1
problem80 0 158656783 1
problem81 0 139923213 1
problem82 0 165930491 1
problem83 0 150764889 1
problem84 0 161652903 1
problem85 0 157333349 1
problem86 0 155231507 1
problem87 0 139045169 1
problem88 0 150814527 1
problem89 0 160104125 1
problem90 0 145980203 1
problem91 0 147989513 1
problem92 0 176563415 1
problem93 0 154289429 1
problem94 0 143378499 1
problem95 0 158354913 1
problem96 0 171618671 1
problem97 0 156166765 1
problem98 0 160754779 1
problem99 0 156927673 1
