problem0 711.89 5205872201862959 1 26404.00
problem1 294.89 5395065177036333 1 38916.00
problem2 353.41 4947435682682395 1 38916.00
problem3 848.65 4707678944648825 1 38916.00
problem4 686.13 5134071402527431 1 38916.00
problem5 651.77 5159906348814981 1 38916.00
problem6 495.8 5505982582622515 1 25748.00
problem7 299.21 5698248078794321 1 39208.00
problem8 863.63 4923789684559199 1 39208.00
problem9 524.97 5548215138250205 1 39208.00
problem10 1286.73 4811788095083339 1 39208.00
problem11 551.46 5174307899944233 1 39208.00
problem12 763.30 5308474583508727 1 39208.00
problem13 2569.79 4487270622464053 1 39208.00
problem14 771.84 4852585849197667 1 39208.00
problem15 832.02 5169058012293889 1 39208.00
problem16 476.95 5468043438335887 1 39208.00
problem17 732.10 5344288037601677 1 39208.00
problem18 804.33 5112437128965243 1 39208.00
problem19 493.87 5646600060385241 1 39208.00
problem20 568.06 5418062859497255 1 39208.00
problem21 863.79 5137502308514277 1 39208.00
problem22 2111.42 5105573295586195 1 39208.00
problem23 618.49 5248715327861681 1 39208.00
problem24 844.48 5308241545108927 1 39208.00
problem25 592.76 5173564779991357 1 39208.00
problem26 523.20 5193953977491883 1 39208.00
problem27 647.42 5381099399511689 1 39208.00
problem28 402.50 5159625820672855 1 39208.00
problem29 1656.59 4527348490921877 1 39208.00
problem30 416.73 4845035220942531 1 39208.00
problem31 1082.48 5285516762527841 1 39208.00
problem32 207.66 5530562260774895 1 39208.00
problem33 483.87 5163008632757485 1 39208.00
problem34 660.75 5402450636141275 1 39208.00
problem35 388.50 5367105620541753 1 39208.00
problem36 656.65 5321917617951623 1 39208.00
problem37 1015.99 4658938194596165 1 39208.00
problem38 723.19 5081832954027507 1 39208.00
problem39 519.70 5248467622082833 1 39208.00
problem40 865.61 5145146567351839 1 39208.00
problem41 669.63 5453662936245405 1 39208.00
problem42 1327.64 4953936899399691 1 39208.00
problem43 230.05 5660846743109609 1 39208.00
problem44 836.63 5391088946720695 1 39208.00
problem45 876.68 5346553192920821 1 39208.00
problem46 463.87 5384801877907747 1 39208.00
problem47 864.92 5344993989817793 1 39208.00
problem48 894.45 5329067105232975 1 39208.00
problem49 355.87 5008809221892173 1 39208.00
problem50 1207.44 5053515394984251 1 39208.00
problem51 253.44 5136910823799449 1 39208.00
problem52 321.73 5673307934468071 1 39208.00
problem53 663.22 4692736675240101 1 39208.00
problem54 708.39 4701889852715091 1 39208.00
problem55 765.63 4943746406641265 1 39208.00
problem56 1054.51 5165519557398143 1 39208.00
problem57 343.01 5254186876610557 1 39208.00
problem58 1200.91 5015755610541675 1 39208.00
problem59 1306.89 4311146229002569 1 39208.00
problem60 602.55 5185755910093847 1 39208.00
problem61 434.46 6042982123238997 1 39208.00
