problem0 0.89 202541 5 -1473117160 6.95328e-310 0.00
problem1 0.03 164960 5 -1473117160 6.95328e-310 0.00
problem2 2.66 187365 5 -1473117160 6.95328e-310 0.00
problem3 6.07 179167 5 -1473117160 6.95328e-310 0.00
problem4 1.51 171637 5 -1473117160 6.95328e-310 0.00
problem5 0.14 178505 5 -1473117160 6.95328e-310 0.00
problem6 0.06 192290 5 -1473117160 6.95328e-310 0.00
problem7 9.33 164811 5 -1473117160 6.95328e-310 0.00
problem8 0.36 200814 5 -1473117160 6.95328e-310 0.00
problem9 0.13 183268 5 -1473117160 6.95328e-310 0.00
problem10 3.63 191590 5 -1473117160 6.95328e-310 0.00
problem11 0.17 170403 5 -1473117160 6.95328e-310 0.00
problem12 0.14 162756 5 -1473117160 6.95328e-310 0.00
problem13 35.2 188011 5 -1473117160 6.95328e-310 0.00
problem14 6.87 179008 5 -1473117160 6.95328e-310 0.00
problem15 8.64 176485 5 -1473117160 6.95328e-310 0.00
problem16 1.93 172264 5 -1473117160 6.95328e-310 0.00
problem17 15.08 166903 5 -1473117160 6.95328e-310 0.00
problem18 1.84 157387 5 -1473117160 6.95328e-310 0.00
problem19 2.83 165423 5 -1473117160 6.95328e-310 0.00
problem20 0.78 200325 5 -1473117160 6.95328e-310 0.00
problem21 0.13 139631 5 -1473117160 6.95328e-310 0.00
problem22 0.88 211492 5 -1473117160 6.95328e-310 0.00
problem23 0.26 208781 5 -1473117160 6.95328e-310 0.00
problem24 5.98 190619 5 -1473117160 6.95328e-310 0.00
problem25 0.19 200515 5 -1473117160 6.95328e-310 0.00
problem26 14.32 165765 5 -1473117160 6.95328e-310 0.00
problem27 0.1 168776 5 -1473117160 6.95328e-310 0.00
problem28 2.38 183309 5 -1473117160 6.95328e-310 0.00
problem29 0.52 161708 5 -1473117160 6.95328e-310 0.00
problem30 1.06 188709 5 -1473117160 6.95328e-310 0.00
problem31 8.67 171588 5 -1473117160 6.95328e-310 0.00
problem32 0.31 169407 5 -1473117160 6.95328e-310 0.00
problem33 5.29 164864 5 -1473117160 6.95328e-310 0.00
problem34 0.09 166661 5 -1473117160 6.95328e-310 0.00
problem35 0.93 177734 5 -1473117160 6.95328e-310 0.00
problem36 0.92 185436 5 -1473117160 6.95328e-310 0.00
problem37 2.05 185976 5 -1473117160 6.95328e-310 0.00
problem38 11.7 177105 5 -1473117160 6.95328e-310 0.00
problem39 1.13 178682 5 -1473117160 6.95328e-310 0.00
problem40 0.91 182357 5 -1473117160 6.95328e-310 0.00
problem41 0.21 166447 5 -1473117160 6.95328e-310 0.00
problem42 1.05 175551 5 -1473117160 6.95328e-310 0.00
problem43 0.73 182282 5 -1473117160 6.95328e-310 0.00
problem44 0.3 185771 5 -1473117160 6.95328e-310 0.00
problem45 0.17 173294 5 -1473117160 6.95328e-310 0.00
problem46 1.68 184871 5 -1473117160 6.95328e-310 0.00
problem47 0.17 176361 5 -1473117160 6.95328e-310 0.00
problem48 2.85 193970 5 -1473117160 6.95328e-310 0.00
problem49 9.49 187970 5 -1473117160 6.95328e-310 0.00
problem50 0.12 178780 5 -1473117160 6.95328e-310 0.00
problem51 4.8 172409 5 -1473117160 6.95328e-310 0.00
problem52 9.89 177943 5 -1473117160 6.95328e-310 0.00
problem53 0.81 157341 5 -1473117160 6.95328e-310 0.00
problem54 5.38 183791 5 -1473117160 6.95328e-310 0.00
problem55 13.24 154613 5 -1473117160 6.95328e-310 0.00
problem56 0.17 168748 5 -1473117160 6.95328e-310 0.00
problem57 0.34 175729 5 -1473117160 6.95328e-310 0.00
problem58 3.28 213669 5 -1473117160 6.95328e-310 0.00
problem59 32.95 181793 5 -1473117160 6.95328e-310 0.00
problem60 1.93 199270 5 -1473117160 6.95328e-310 0.00
problem61 0.04 179077 5 -1473117160 6.95328e-310 0.00
problem62 1.98 174775 5 -1473117160 6.95328e-310 0.00
problem63 2.22 176242 5 -1473117160 6.95328e-310 0.00
problem64 0.72 158573 5 -1473117160 6.95328e-310 0.00
problem65 0.07 185248 5 -1473117160 6.95328e-310 0.00
problem66 0.1 193744 5 -1473117160 6.95328e-310 0.00
problem67 18.6 178577 5 -1473117160 6.95328e-310 0.00
problem68 1.39 192408 5 -1473117160 6.95328e-310 0.00
problem69 1.63 155672 5 -1473117160 6.95328e-310 0.00
problem70 2.14 166015 5 -1473117160 6.95328e-310 0.00
problem71 0.44 172982 5 -1473117160 6.95328e-310 0.00
problem72 0.14 171637 5 -1473117160 6.95328e-310 0.00
problem73 13.69 184670 5 -1473117160 6.95328e-310 0.00
problem74 0.19 170890 5 -1473117160 6.95328e-310 0.00
problem75 0.45 181873 5 -1473117160 6.95328e-310 0.00
problem76 0.09 187396 5 -1473117160 6.95328e-310 0.00
problem77 0.23 186339 5 -1473117160 6.95328e-310 0.00
problem78 0.07 194830 5 -1473117160 6.95328e-310 0.00
problem79 31.24 200358 5 -1473117160 6.95328e-310 0.00
problem80 0.15 165160 5 -1473117160 6.95328e-310 0.00
problem81 13.17 200390 5 -1473117160 6.95328e-310 0.00
problem82 2.43 167861 5 -1473117160 6.95328e-310 0.00
problem83 2.51 174390 5 -1473117160 6.95328e-310 0.00
problem84 0.36 163297 5 -1473117160 6.95328e-310 0.00
problem85 1.54 173686 5 -1473117160 6.95328e-310 0.00
problem86 3.39 182031 5 -1473117160 6.95328e-310 0.00
problem87 1.32 211946 5 -1473117160 6.95328e-310 0.00
problem88 6.86 176460 5 -1473117160 6.95328e-310 0.00
problem89 0.51 178705 5 -1473117160 6.95328e-310 0.00
problem90 0.32 207414 5 -1473117160 6.95328e-310 0.00
problem91 14.68 175241 5 -1473117160 6.95328e-310 0.00
problem92 4.18 179277 5 -1473117160 6.95328e-310 0.00
problem93 32.72 165954 5 -1473117160 6.95328e-310 0.00
problem94 2.55 186782 5 -1473117160 6.95328e-310 0.00
problem95 0.32 197735 5 -1473117160 6.95328e-310 0.00
problem96 2.36 140913 5 -1473117160 6.95328e-310 0.00
problem97 9.21 182421 5 -1473117160 6.95328e-310 0.00
problem98 15.35 181232 5 -1473117160 6.95328e-310 0.00
problem99 19.99 188977 5 -1473117160 6.95328e-310 0.00
