problem0 4.41 15892290 1 5216.00
problem1 0.00 17320880 1 5216.00
problem2 5.15 15657198 1 6772.00
problem3 1.54 14509692 1 5220.00
problem4 0.00 15001562 1 5220.00
problem5 0.00 15828104 1 5220.00
problem6 3.58 15738886 1 6776.00
problem7 2.02 16347604 1 6776.00
problem8 0.00 16356722 1 6776.00
problem9 1.16 18692704 1 6776.00
problem10 0.00 16997406 1 6776.00
problem11 0.00 16525868 1 6776.00
problem12 0.00 15525898 1 6776.00
problem13 1.36 17354040 1 6776.00
problem14 0.00 16704822 1 6776.00
problem15 0.00 17100676 1 6776.00
problem16 2.06 16727970 1 5216.00
problem17 1.65 18717968 1 6772.00
problem18 0.00 14492494 1 6772.00
problem19 0.00 16196060 1 6772.00
problem20 0.00 16055354 1 6772.00
problem21 4.52 15272424 1 6772.00
