problem0 0 774704294 0 2208.00
problem1 0.00 732370816 0 2264.00
problem2 0.00 670087980 0 2264.00
problem3 0.00 880275154 0 2264.00
problem4 0.00 720250742 0 2264.00
problem5 0.00 659714123 0 2264.00
problem6 0.00 833238190 0 2264.00
problem7 0.00 672470840 0 2264.00
problem8 0.00 767530985 0 2264.00
problem9 0.00 746916779 0 2264.00
problem10 0.00 705294889 0 2264.00
problem11 0.00 1011447414 0 2264.00
problem12 0.00 625104706 0 2264.00
problem13 0.00 746474807 0 2264.00
problem14 0.00 762405218 0 2264.00
problem15 0.00 835887134 0 2264.00
problem16 0.00 737853526 0 2264.00
problem17 0.00 755397605 0 2264.00
problem18 0.00 778455733 0 2264.00
problem19 0.00 595330491 0 2264.00
problem20 0.00 761957590 0 2264.00
problem21 0.00 745579474 0 2264.00
problem22 0.00 773642336 0 2264.00
problem23 0.00 793835811 0 2264.00
problem24 0.00 747296379 0 2264.00
problem25 0.00 746381118 0 2264.00
problem26 0.00 794924171 0 2264.00
problem27 0.00 665758954 0 2264.00
problem28 0.00 832968630 0 2264.00
problem29 0.00 840566546 0 2264.00
problem30 0.00 769878341 0 2264.00
problem31 0.00 842412488 0 2264.00
problem32 0.00 764553725 0 2264.00
problem33 0.01 805821898 0 2264.00
problem34 0.00 668835858 0 2264.00
problem35 0.00 849246947 0 2264.00
problem36 0.00 743065604 0 2264.00
problem37 0.00 643368354 0 2264.00
problem38 0.00 740418422 0 2264.00
problem39 0.00 795236786 0 2264.00
problem40 0.00 820579170 0 2264.00
problem41 0.00 886374460 0 2264.00
problem42 0.00 914504964 0 2264.00
problem43 0.00 845578481 0 2264.00
problem44 0.00 755133876 0 2264.00
problem45 0.00 775565274 0 2264.00
problem46 0.00 815470393 0 2264.00
problem47 0.00 860062007 0 2264.00
problem48 0.00 694012291 0 2264.00
problem49 0.00 778032684 0 2264.00
problem50 0.00 620575621 0 2264.00
problem51 0.00 834653692 0 2264.00
problem52 0.00 839899391 0 2264.00
problem53 0.00 758650378 0 2264.00
problem54 0.00 850908207 0 2264.00
problem55 0.00 837662829 0 2264.00
problem56 0.00 737457600 0 2264.00
problem57 0.00 682749855 0 2264.00
problem58 0.00 927099864 0 2264.00
problem59 0.00 742486688 0 2264.00
problem60 0.00 764008938 0 2264.00
problem61 0.00 930825863 0 2264.00
problem62 0.00 885451774 0 2264.00
problem63 0.00 730009295 0 2264.00
problem64 0.00 757604225 0 2264.00
problem65 0.00 715316350 0 2264.00
problem66 0.00 785095943 0 2264.00
problem67 0.00 715161283 0 2264.00
problem68 0.00 849199285 0 2264.00
problem69 0.00 807031601 0 2264.00
problem70 0.00 792537876 0 2264.00
problem71 0.00 543134912 0 2264.00
problem72 0.00 908613308 0 2264.00
problem73 0.00 873999643 0 2264.00
problem74 0.00 836280323 0 2264.00
problem75 0.00 720372370 0 2264.00
problem76 0.00 852417556 0 2264.00
problem77 0.00 794413980 0 2264.00
problem78 0.00 670393544 0 2264.00
problem79 0.00 761092725 0 2264.00
problem80 0.00 840674009 0 2264.00
problem81 0.00 742748335 0 2264.00
problem82 0.00 581911596 0 2264.00
problem83 0.00 752946659 0 2264.00
problem84 0.00 792100243 0 2264.00
problem85 0.00 753680147 0 2264.00
problem86 0.00 829450229 0 2264.00
problem87 0.00 940863335 0 2264.00
problem88 0.00 727608620 0 2264.00
problem89 0.00 804009988 0 2264.00
problem90 0.00 719018524 1 2264.00
problem91 0.00 771928275 0 2264.00
problem92 0.00 902034446 0 2264.00
problem93 0.00 707935857 0 2264.00
problem94 0.00 706020591 0 2264.00
problem95 0.00 656073738 0 2264.00
problem96 0.00 683863203 0 2264.00
problem97 0.00 664539889 0 2264.00
problem98 0.00 779006370 0 2264.00
problem99 0.00 838990563 0 2264.00
