problem0 6.2 520432505075696 5 -476325448 6.95333e-310 0.00
problem1 4.25 511405123849736 5 -476325448 6.95333e-310 0.00
problem2 2.36 547812351846822 5 -476325448 6.95333e-310 0.00
problem3 7.47 560687211115148 5 -476325448 6.95333e-310 0.00
problem4 1.77 584906825461840 5 -476325448 6.95333e-310 0.00
problem5 16.87 542533819075159 5 -476325448 6.95333e-310 0.00
problem6 2.01 528438932205349 5 -476325448 6.95333e-310 0.00
problem7 1.33 547623180056459 5 -476325448 6.95333e-310 0.00
problem8 1.73 574141507161824 5 -476325448 6.95333e-310 0.00
problem9 14.06 505789714401706 5 -476325448 6.95333e-310 0.00
problem10 2.14 607777100356217 5 -476325448 6.95333e-310 0.00
problem11 3.98 524405549325007 5 -476325448 6.95333e-310 0.00
problem12 2.42 487348149714803 5 -476325448 6.95333e-310 0.00
problem13 13.33 580058526262732 5 -476325448 6.95333e-310 0.00
problem14 7.32 501825187872159 5 -476325448 6.95333e-310 0.00
problem15 1.59 549617076628205 5 -476325448 6.95333e-310 0.00
problem16 2.25 481068632748694 5 -476325448 6.95333e-310 0.00
problem17 1.18 438561439174281 5 -476325448 6.95333e-310 0.00
problem18 12.64 470327769598628 5 -476325448 6.95333e-310 0.00
problem19 6.03 496081446248264 5 -476325448 6.95333e-310 0.00
problem20 13.34 529919034420916 5 -476325448 6.95333e-310 0.00
problem21 12.12 491930094606474 5 -476325448 6.95333e-310 0.00
problem22 3.81 480755222276907 5 -476325448 6.95333e-310 0.00
problem23 6.91 518955803528613 5 -476325448 6.95333e-310 0.00
problem24 5.51 570432816621893 5 -476325448 6.95333e-310 0.00
problem25 1.75 479568549000531 5 -476325448 6.95333e-310 0.00
problem26 2.18 557175463661006 5 -476325448 6.95333e-310 0.00
problem27 2.74 510097445928616 5 -476325448 6.95333e-310 0.00
problem28 6.92 524043992470075 5 -476325448 6.95333e-310 0.00
problem29 3.29 581854855455419 5 -476325448 6.95333e-310 0.00
problem30 1.19 477997307517652 5 -476325448 6.95333e-310 0.00
problem31 1.44 550092871673994 5 -476325448 6.95333e-310 0.00
problem32 3.58 559855443082969 5 -476325448 6.95333e-310 0.00
problem33 4.86 537116497345800 5 -476325448 6.95333e-310 0.00
problem34 3.81 521792442847761 5 -476325448 6.95333e-310 0.00
problem35 10.62 532772493612286 5 -476325448 6.95333e-310 0.00
problem36 2.9 508814928098699 5 -476325448 6.95333e-310 0.00
problem37 13.27 516764612337110 5 -476325448 6.95333e-310 0.00
problem38 5.44 526479195449394 5 -476325448 6.95333e-310 0.00
problem39 8.75 505459135642842 5 -476325448 6.95333e-310 0.00
problem40 2.18 564918682296428 5 -476325448 6.95333e-310 0.00
problem41 2.13 596538008848872 5 -476325448 6.95333e-310 0.00
problem42 1.41 521284514101332 5 -476325448 6.95333e-310 0.00
problem43 1.58 541291339373099 5 -476325448 6.95333e-310 0.00
problem44 3.17 467460945926611 5 -476325448 6.95333e-310 0.00
problem45 1.44 562640257473567 5 -476325448 6.95333e-310 0.00
problem46 1.83 441243274068458 5 -476325448 6.95333e-310 0.00
problem47 3.22 471555358779367 5 -476325448 6.95333e-310 0.00
problem48 2.43 557476072222268 5 -476325448 6.95333e-310 0.00
problem49 3.41 592282128862449 5 -476325448 6.95333e-310 0.00
problem50 7.61 621855513558238 5 -476325448 6.95333e-310 0.00
problem51 1.62 566196231412714 5 -476325448 6.95333e-310 0.00
problem52 8.33 458618987693182 5 -476325448 6.95333e-310 0.00
problem53 2.29 530341028133275 5 -476325448 6.95333e-310 0.00
problem54 2.62 483341020586054 5 -476325448 6.95333e-310 0.00
problem55 19.26 452087896158058 5 -476325448 6.95333e-310 0.00
problem56 3.01 692490335418342 5 -476325448 6.95333e-310 0.00
problem57 3.01 513046569892844 5 -476325448 6.95333e-310 0.00
problem58 1.71 652542372326649 5 -476325448 6.95333e-310 0.00
problem59 9.35 494642896862616 5 -476325448 6.95333e-310 0.00
problem60 1.89 582523860699578 5 -476325448 6.95333e-310 0.00
problem61 3.21 577554917339265 5 -476325448 6.95333e-310 0.00
problem62 2.32 453690950793684 5 -476325448 6.95333e-310 0.00
problem63 7.1 549150609865786 5 -476325448 6.95333e-310 0.00
problem64 2.55 509957565297267 5 -476325448 6.95333e-310 0.00
problem65 1.69 502909860768997 5 -476325448 6.95333e-310 0.00
problem66 1.83 454652691881269 5 -476325448 6.95333e-310 0.00
problem67 5.73 549239026164052 5 -476325448 6.95333e-310 0.00
problem68 2.82 497434782239987 5 -476325448 6.95333e-310 0.00
problem69 1.88 502420258481589 5 -476325448 6.95333e-310 0.00
problem70 6.7 532783534023775 5 -476325448 6.95333e-310 0.00
problem71 1.85 465871769323473 5 -476325448 6.95333e-310 0.00
problem72 10.8 558406112721160 5 -476325448 6.95333e-310 0.00
problem73 8.71 505336690895652 5 -476325448 6.95333e-310 0.00
problem74 1.17 488840023696745 5 -476325448 6.95333e-310 0.00
problem75 2.86 549868198061442 5 -476325448 6.95333e-310 0.00
problem76 1.56 463521669116484 5 -476325448 6.95333e-310 0.00
problem77 4.94 548577322997443 5 -476325448 6.95333e-310 0.00
problem78 6.73 546586938228726 5 -476325448 6.95333e-310 0.00
problem79 7.11 529082906749259 5 -476325448 6.95333e-310 0.00
problem80 1.96 555568996526516 5 -476325448 6.95333e-310 0.00
problem81 2.96 569799076636404 5 -476325448 6.95333e-310 0.00
problem82 2.07 519304807333839 5 -476325448 6.95333e-310 0.00
problem83 2.12 511183945759364 5 -476325448 6.95333e-310 0.00
problem84 2.2 456938103854305 5 -476325448 6.95333e-310 0.00
problem85 1.43 511666752855617 5 -476325448 6.95333e-310 0.00
problem86 2.01 517283271873572 5 -476325448 6.95333e-310 0.00
problem87 10.92 530479364097214 5 -476325448 6.95333e-310 0.00
problem88 5.29 551878042381368 5 -476325448 6.95333e-310 0.00
problem89 8.48 395251636075279 5 -476325448 6.95333e-310 0.00
problem90 1.92 483212931466391 5 -476325448 6.95333e-310 0.00
problem91 3.37 504023774103480 5 -476325448 6.95333e-310 0.00
problem92 5.14 509362946354052 5 -476325448 6.95333e-310 0.00
problem93 2.55 575682083653967 5 -476325448 6.95333e-310 0.00
problem94 1.87 507043605200125 5 -476325448 6.95333e-310 0.00
problem95 1.65 556127015201920 5 -476325448 6.95333e-310 0.00
problem96 2.36 515345927080082 5 -476325448 6.95333e-310 0.00
problem97 1.15 587155287937190 5 -476325448 6.95333e-310 0.00
problem98 5.6 549060460675488 5 -476325448 6.95333e-310 0.00
problem99 6.74 542004803354120 5 -476325448 6.95333e-310 0.00
