problem0 492.99 400743095719420 1084 1 0 2548.00
problem1 1.27 303978708246547 555 1 0.01 2660.00
problem2 239.02 276273633773476 4987 3 0.02 4432.00
problem3 3.57 272907789040998 922 1 0 4432.00
problem4 0.07 278117969227242 364 1 0.01 2964.00
problem5 188.63 379827830992326 1118 1 0 3192.00
problem6 0.02 276960294495929 292 1 0.01 3228.00
problem7 0.46 316080909839829 266 1 0 3228.00
problem8 35434.7 413810844288760 2767 1 0 3344.00
problem9 130.43 355418940176347 733 1 0 3344.00
problem10 1025.57 329565461130469 2313 1 0.01 3536.00
problem11 0.02 252105427981214 208 1 0 3536.00
problem12 22.68 353730569501450 447 1 0 2444.00
problem13 16.23 367509549105293 596 1 0 2464.00
problem14 0.17 311230820854011 160 1 0 2464.00
problem15 1609.75 385407166969161 2368 1 0.01 3048.00
problem16 1568.66 342684690580320 3413 1 0.01 3572.00
problem17 290.82 402282214960778 1216 1 0 3572.00
problem18 77.63 295229103599220 2091 1 0.01 3696.00
problem19 0.5 358110911329475 144 1 0 2556.00
problem20 0.02 369348646667217 90 1 0 2556.00
problem21 2468.94 388558156588495 1910 1 0 2824.00
problem22 7427.54 439006598615708 1332 1 0 2824.00
problem23 127.97 346273266538494 1322 1 0.01 3156.00
problem24 0.11 349189150113836 195 1 0 3156.00
problem25 0.18 305131111815850 432 1 0 3156.00
problem26 9.8 294702274129116 1289 1 0 3328.00
problem27 0.01 321854169412381 60 1 0 3328.00
problem28 0.02 339865086518557 173 1 0 3328.00
problem29 2.2 327565785306587 348 1 0 3328.00
problem30 0.08 355842355053202 136 1 0.01 3328.00
problem31 6.07 345770769466222 517 1 0 3380.00
problem32 0.02 370699846508865 115 1 0 3380.00
problem33 25.8 348917154937468 1080 1 0 3380.00
problem34 58617.6 432226695576954 3851 1 0.01 3380.00
problem35 0.03 290329101923409 214 1 0.01 3380.00
problem36 1.45 305604817567093 527 1 0 3380.00
problem37 32.66 281420860559745 3024 1 0.02 4180.00
problem38 0.09 286864336911178 327 1 0 3220.00
problem39 24.21 338586560541825 757 1 0 3296.00
problem40 4.01 353820313719020 346 1 0 2184.00
problem41 0.05 345262428254200 271 1 0 2428.00
problem42 7.15 384646063165628 415 1 0 2428.00
problem43 11.57 360350634707100 644 1 0 2428.00
problem44 0.95 315043101236781 415 1 0.01 2428.00
problem45 25.29 320331718728550 823 1 0.01 2692.00
problem46 102.98 309292178503715 1679 1 0.01 3052.00
problem47 6725.01 385298646715290 2157 1 0 3160.00
problem48 75.28 325839238234020 1459 1 0.01 3176.00
problem49 62.92 423945444463618 777 1 0 3176.00
problem50 51.89 315023084037683 1437 1 0.01 3180.00
problem51 0.15 431957815258629 70 1 0 3180.00
problem52 0.16 417555772512500 177 1 0 3180.00
problem53 5.47 365050499668979 535 1 0.01 3196.00
problem54 0.86 410042212957520 199 1 0 3196.00
problem55 1.64 269575608724955 480 1 0 3196.00
problem56 0.08 269295795220037 347 1 0 3200.00
problem57 7.91 439140493005551 350 1 0 3200.00
problem58 0.08 271355760299631 421 1 0.01 3236.00
problem59 1.61 338636494446587 465 1 0.01 3236.00
problem60 5.84 325107160864316 842 1 0 3236.00
problem61 32.8 292961635239777 2104 1 0.01 4192.00
problem62 4.49 411006371564220 237 1 0 3064.00
problem63 0.05 394057891300549 146 1 0 3064.00
problem64 0.35 339795634242317 376 1 0 3064.00
problem65 0.07 368655841903946 107 1 0 3064.00
problem66 0.72 350102225461509 377 1 0 3064.00
problem67 71.9 349873479714661 808 1 0 3064.00
problem68 4009.26 361507892661858 2322 1 0.01 3208.00
problem69 55.33 378480003042860 582 1 0 3208.00
problem70 4.4 350511848869432 256 1 0 3208.00
problem71 14.82 348875035458390 475 1 0 3208.00
problem72 0.02 336451624255120 151 1 0 3208.00
problem73 0.31 363088123122617 129 1 0 3208.00
problem74 2.98 307220430377860 504 1 0 3208.00
problem75 6.37 354417496723473 448 1 0 3208.00
problem76 2588.41 435557023296209 2171 1 0 3208.00
problem77 2.64 314054637203191 1214 1 0.01 3424.00
problem78 79.3 364002412546476 1154 1 0.01 3528.00
problem79 24.74 383945566746182 787 1 0.01 3528.00
problem80 0.32 349859720594945 324 1 0.01 3528.00
problem81 0.17 310778857674082 120 1 0 3528.00
problem82 194.99 377149042811400 1015 1 0 3528.00
problem83 7587.57 444760271532783 2642 1 0.01 3528.00
problem84 337.64 380126253301734 1676 1 0.01 3528.00
problem85 0.68 325017442941148 464 1 0 3528.00
problem86 241.79 385015556480257 749 1 0 3528.00
problem87 0.07 376967700817476 156 1 0 3528.00
problem88 0.35 326042569714633 281 1 0 3528.00
problem89 0.03 283807264907718 409 1 0.01 3528.00
problem90 0.1 290631124551387 238 1 0 3528.00
problem91 0.17 388039346873484 244 1 0 3528.00
problem92 32.27 403415961331340 567 1 0.01 3556.00
problem93 0.37 365429238430165 315 1 0.01 3556.00
problem94 1520.46 410294140720961 2246 1 0.01 3556.00
problem95 0.82 321756364874971 537 1 0 3556.00
problem96 3560.4 394619806574037 2806 1 0.01 3556.00
problem97 1.08 373036943879858 275 1 0 3556.00
problem98 1.38 357117960211184 410 1 0 3556.00
problem99 184.57 325307127486781 2274 1 0.01 3556.00
