problem0 79.9 3810117196997443 1 6293548.00
problem1 79.34 3750554783500897 1 6293616.00
problem2 80.67 4087396472314863 1 6293616.00
problem3 79.69 4453768420218733 1 6293616.00
problem4 79.63 4711575056898139 1 6293616.00
problem5 80.56 3996853387277881 1 6293616.00
problem6 80.01 4276703019885703 1 6293616.00
problem7 80.19 4052473911923397 1 6293616.00
problem8 78.67 3946413916572787 1 6293616.00
problem9 80.04 4157118415395089 1 6293616.00
problem10 79.75 3867605141953567 1 6293616.00
problem11 80.05 3539906214278429 1 6293616.00
problem12 79.12 3898877859110795 1 6293616.00
problem13 79.48 4318067541644009 1 6293616.00
problem14 78.83 3986813428785847 1 6293616.00
problem15 79.13 4719243650915957 1 6293616.00
problem16 78.58 4356091322413475 1 6293616.00
problem17 79.42 4473510277432257 1 6293616.00
problem18 79.55 4172786489661519 1 6293616.00
problem19 79.80 4248344572145357 1 6293616.00
problem20 78.56 4618529146856123 1 6293616.00
problem21 79.45 3996297941142425 1 6293616.00
problem22 79.37 3271084825058535 1 6293616.00
problem23 79.56 4009023504975397 1 6293616.00
problem24 80.74 3958938285216467 1 6293616.00
problem25 79.22 4037038020725361 1 6293616.00
problem26 78.84 3941413969219711 1 6293616.00
problem27 80.00 4053034136749181 1 6293616.00
problem28 77.99 3644915102720491 1 6293616.00
problem29 79.75 4138580389322825 1 6293616.00
problem30 79.13 4050680510649111 1 6293616.00
problem31 78.66 3893214288660949 1 6293616.00
problem32 79.54 3736710527643651 1 6293616.00
problem33 79.37 4150615302286625 1 6293616.00
problem34 79.41 4143914319365295 1 6293616.00
problem35 78.76 4095791580149293 1 6293616.00
problem36 80.33 4071764758650139 1 6293616.00
problem37 79.32 3858740786417913 1 6293616.00
problem38 79.43 4375624229176647 1 6293616.00
problem39 79.20 4131795932359045 1 6293616.00
problem40 78.90 4111543521691955 1 6293616.00
problem41 79.22 4146216757636049 1 6293616.00
problem42 79.84 3921273726661855 1 6293616.00
problem43 79.04 4284791388849117 1 6293616.00
problem44 79.56 3993967083492427 1 6293616.00
problem45 78.34 3896616698617257 1 6293616.00
problem46 78.02 3901412554617719 1 6293616.00
problem47 77.91 3763615367308597 1 6293616.00
problem48 79.12 3599506816507491 1 6293616.00
problem49 80.09 3790986057320065 1 6293616.00
problem50 79.48 4438350144790799 1 6293616.00
problem51 79.30 4127405924953485 1 6293616.00
problem52 78.83 3878044905883515 1 6293616.00
problem53 78.75 3536975326758489 1 6293616.00
problem54 79.34 4648705216961959 1 6293616.00
problem55 78.83 4356837907872997 1 6293616.00
problem56 79.07 4556815819206547 1 6293616.00
problem57 80.16 3946890001792305 1 6293616.00
problem58 79.47 4296767423351103 1 6293616.00
problem59 78.79 3723969321972541 1 6293616.00
problem60 78.67 4063670164256427 1 6293616.00
problem61 80.18 4377409663519497 1 6293616.00
problem62 79.01 3803633574527959 1 6293616.00
problem63 79.13 4344403736981653 1 6293616.00
problem64 78.79 4040563101088963 1 6293616.00
problem65 79.83 3939104817631201 1 6293616.00
problem66 80.48 4058895360355695 1 6293616.00
problem67 80.13 4063746633979117 1 6293616.00
problem68 81.67 4159895389544923 1 6293616.00
problem69 79.77 3321140957490105 1 6293616.00
problem70 79.51 3956346322937351 1 6293616.00
problem71 80.22 4098259841237061 1 6293616.00
problem72 78.03 3467507946161651 1 6293616.00
problem73 79.68 4151051235475089 1 6293616.00
problem74 79.05 4009266308222367 1 6293616.00
problem75 78.92 3864433564029597 1 6293616.00
problem76 79.49 3925983583422731 1 6293616.00
problem77 78.96 3825132992292969 1 6293616.00
problem78 79.65 4039810421867575 1 6293616.00
problem79 79.51 4171072072199157 1 6293616.00
problem80 79.72 3693049657576227 1 6293616.00
problem81 80.02 4419965164751169 1 6293616.00
problem82 77.97 4401420634483151 1 6293616.00
problem83 79.70 4340629677468749 1 6293616.00
problem84 80.31 4030450003897403 1 6293616.00
problem85 80.14 3994810767081753 1 6293616.00
problem86 78.99 4529260654190183 1 6293616.00
problem87 80.95 4115026193429413 1 6293616.00
problem88 79.15 4275749573233747 1 6293616.00
problem89 79.25 4217645755183089 1 6293616.00
problem90 78.78 4279218177212927 1 6293616.00
problem91 80.05 3661486706942461 1 6293616.00
problem92 78.94 3744923230702443 1 6293616.00
problem93 79.41 4066587968697801 1 6293616.00
problem94 79.56 4238064634147991 1 6293616.00
problem95 80.13 4291145936262997 1 6293616.00
problem96 79.57 4511774744332675 1 6293616.00
problem97 79.13 4197466914894497 1 6293616.00
problem98 78.64 4039220834096687 1 6293616.00
problem99 79.67 4164186388231085 1 6293616.00
