problem0 0.22 6089934 1 2824.00
problem1 0.11 6977447 1 2880.00
problem2 0.00 6362127 1 2880.00
problem3 0.09 7103068 1 2880.00
problem4 0.00 5937864 1 2880.00
problem5 0.12 6692585 1 2880.00
problem6 0.07 6814009 1 2880.00
problem7 0.09 7021198 1 2880.00
problem8 0.23 6440354 1 2880.00
problem9 0.03 7149707 1 2880.00
problem10 0.00 6374467 1 2880.00
problem11 0.10 6763040 1 2880.00
problem12 0.11 6747996 1 2880.00
problem13 0.16 5961357 1 2880.00
problem14 0.10 6467373 1 2880.00
problem15 0.11 6460178 1 2880.00
problem16 0.00 7051766 1 2880.00
problem17 0.07 7908079 1 2880.00
problem18 0.10 6738935 1 2880.00
problem19 0.03 7448420 1 2880.00
problem20 0.22 6616944 1 2880.00
problem21 0.00 5670833 1 2880.00
problem22 0.00 6237345 1 2880.00
problem23 0.07 7418134 1 2880.00
problem24 0.00 7059914 1 2880.00
problem25 0.07 7225043 1 2880.00
problem26 0.13 6689579 1 2880.00
problem27 0.00 6050344 1 2880.00
problem28 0.09 6974212 1 2880.00
problem29 0.02 7922261 1 2880.00
problem30 0.00 6603157 1 2880.00
problem31 0.07 6982810 1 2880.00
problem32 0.04 7304478 1 2880.00
problem33 0.08 7398455 1 2880.00
problem34 0.12 6640095 1 2880.00
problem35 0.06 7455340 1 2880.00
problem36 0.14 7021080 1 2880.00
problem37 0.30 5510777 1 2880.00
problem38 0.04 7650825 1 2880.00
problem39 0.15 6829470 1 2880.00
problem40 0.04 7445490 1 2880.00
problem41 0.09 6925083 1 2880.00
problem42 0.00 8445971 1 2880.00
problem43 0.13 6981680 1 2880.00
problem44 0.00 7400620 1 2880.00
problem45 0.00 7353373 1 2880.00
problem46 0.00 5665277 1 2880.00
problem47 0.13 7453730 1 2880.00
problem48 0.00 6225478 1 2880.00
problem49 0.15 6529919 1 2880.00
problem50 0.16 5967303 1 2880.00
problem51 0.15 6894452 1 2880.00
problem52 0.02 6527680 1 2880.00
problem53 0.05 7293761 1 2880.00
problem54 0.09 6761841 1 2880.00
problem55 0.00 6074406 1 2880.00
problem56 0.00 6974490 1 2880.00
problem57 0.15 6544739 1 2880.00
problem58 0.25 5253883 1 2880.00
problem59 0.16 6181944 1 2880.00
problem60 0.02 7666772 1 2880.00
problem61 0.10 6384613 1 2880.00
problem62 0.11 6439013 1 2880.00
problem63 0.15 6332842 1 2880.00
problem64 0.18 6862190 1 2880.00
problem65 0.05 7170247 1 2880.00
problem66 0.11 6981551 1 2880.00
problem67 0.32 5798524 1 2880.00
problem68 0.25 6349160 1 2880.00
problem69 0.21 5809673 1 2880.00
problem70 0.05 7404249 1 2880.00
problem71 0.15 6234286 1 2880.00
problem72 0.13 6859330 1 2880.00
problem73 0.08 7165355 1 2880.00
problem74 0.00 6190051 1 2880.00
problem75 0.09 6567488 1 2880.00
problem76 0.04 6625788 1 2880.00
problem77 0.00 5835181 1 2880.00
problem78 0.18 5680333 1 2880.00
problem79 0.00 6536498 1 2880.00
problem80 0.32 6232726 1 2880.00
problem81 0.10 6992911 1 2880.00
problem82 0.12 6963095 1 2880.00
problem83 0.07 7346052 1 2880.00
problem84 0.00 6125072 1 2880.00
problem85 0.12 6596305 1 2880.00
problem86 0.23 6334017 1 2880.00
problem87 0.07 7079734 1 2880.00
problem88 0.10 6477418 1 2880.00
problem89 0.25 6198259 1 2880.00
problem90 0.08 6961867 1 2880.00
problem91 0.14 6598216 1 2880.00
problem92 0.00 6538660 1 2880.00
problem93 0.12 7048565 1 2880.00
problem94 0.22 6174517 1 2880.00
problem95 0.20 6262458 1 2880.00
problem96 0.00 7122366 1 2880.00
problem97 0.10 6554967 1 2880.00
problem98 0.19 5551487 1 2880.00
problem99 0.00 6589068 1 2880.00
