problem0 0.03 528187540602298 98 1 0.03 4800.00
problem1 0.01 524556814631048 81 1 0 3804.00
problem2 0.01 545327536901007 48 1 0 3804.00
problem3 0.01 484182841502800 58 1 0.01 3804.00
problem4 0.01 538604281975439 66 1 0.01 3804.00
problem5 0.03 438708570348930 163 2 0.01 3804.00
problem6 0.03 487831432838375 147 1 0.01 3804.00
problem7 0.01 381568661906313 99 1 0 3804.00
problem8 0.01 605519656334927 52 1 0.01 3804.00
problem9 0.03 580907880149283 104 1 0.01 3804.00
problem10 0.01 550112169045983 91 1 0.01 3804.00
problem11 0.01 500188176582056 75 1 0.01 3804.00
problem12 0.01 554586768659230 57 1 0.01 3804.00
problem13 0.01 498024597141308 56 1 0.01 3804.00
problem14 0.02 463921836835013 90 1 0.01 3804.00
problem15 0.01 504226192495694 56 1 0 3804.00
problem16 0.02 507397153795378 126 1 0 3804.00
problem17 0.02 418385275812900 98 1 0.01 3804.00
problem18 0.01 512957250403813 105 1 0.01 3804.00
problem19 0.01 583621926717824 24 1 0.01 3804.00
problem20 0.03 569975680978576 145 1 0.01 3804.00
problem21 0.01 590521405153200 80 1 0 3804.00
problem22 0.01 380950949920397 115 1 0 3804.00
problem23 0.01 506438236636806 74 1 0 3804.00
problem24 0.01 461846575108992 65 1 0.01 3804.00
problem25 0.01 516952378538450 83 1 0.01 3804.00
problem26 0.02 589055613729383 164 2 0.01 3804.00
problem27 0.02 541955930172876 64 1 0 3804.00
problem28 0.06 543607084060840 105 1 0 3804.00
problem29 0.01 563213120365837 157 1 0.01 3804.00
problem30 0.01 527072830151197 76 1 0 3804.00
problem31 0.02 483108896265734 86 1 0 3804.00
problem32 0.01 524011744702963 40 1 0.01 3804.00
problem33 0.01 519110181193447 44 1 0.01 3804.00
problem34 0.01 510183868628711 92 1 0.01 3804.00
problem35 0.13 533270157879736 263 2 0.02 3804.00
problem36 0.01 463387622181613 55 1 0 3804.00
problem37 0.02 374613017630508 136 1 0.01 3804.00
problem38 0.03 552467509767084 87 1 0 3804.00
problem39 0.02 497699194619276 93 1 0 3804.00
problem40 0.03 489785961493029 135 1 0.01 3804.00
problem41 0.02 497296881627304 65 1 0.01 3804.00
problem42 0.01 453380599239918 110 1 0.01 3804.00
problem43 451.53 425102784482040 1760 7 0.06 3808.00
problem44 0.02 516150717815405 53 1 0.02 4552.00
problem45 0.03 630009393617841 112 1 0.01 4668.00
problem46 0.02 497525636665851 117 1 0.01 4676.00
problem47 0.03 552030813555176 76 1 0.02 4676.00
problem48 0.02 574507694093734 54 1 0.02 4680.00
problem49 0.02 564114356331824 67 1 0.01 4680.00
problem50 0.02 452553705963515 113 1 0.01 4764.00
problem51 0.03 558763819441233 81 1 0.02 4764.00
problem52 0.03 461541384260779 83 1 0.02 4764.00
problem53 0.04 532726189339408 116 1 0.02 4764.00
problem54 0.02 402627490614741 83 1 0.02 4764.00
problem55 0.01 570216585048355 78 1 0.01 4764.00
problem56 0.04 513200443097621 97 1 0.03 4764.00
problem57 0.03 473101484494145 69 1 0.03 4764.00
problem58 0.03 620488219574494 49 1 0.02 4764.00
problem59 0.02 512986202335649 69 1 0.02 4764.00
problem60 0.04 414522354643144 158 1 0.02 4764.00
problem61 0.03 602442292145489 83 1 0.03 4804.00
problem62 0.02 621965189056603 68 1 0 4804.00
problem63 0.03 522730774742631 151 1 0.01 4804.00
problem64 0.03 537331359074841 79 1 0.01 4804.00
problem65 0.01 609597204379905 54 1 0.01 4804.00
problem66 0.03 594092797895335 65 1 0.01 4804.00
problem67 0.02 503223771203315 109 1 0.01 4804.00
problem68 0.02 610163040249692 54 1 0.02 4804.00
problem69 0.03 567201968890766 59 1 0.02 4804.00
problem70 0.01 598187160166077 82 1 0.01 4804.00
problem71 0.03 510104428966698 75 1 0.02 4804.00
problem72 0.02 555720746540964 125 1 0.01 4804.00
problem73 0.01 545613273187331 72 1 0.01 4804.00
problem74 0.03 535688430452530 102 1 0.02 4804.00
problem75 0.05 479630358287638 165 1 0.02 4804.00
problem76 0.02 543797196315497 74 1 0.02 4804.00
problem77 0.03 584108996713241 63 1 0.02 4804.00
problem78 0.04 484646911135040 144 1 0.02 4804.00
problem79 0.03 459331354099155 113 1 0.02 4804.00
problem80 0.02 557379370942169 88 1 0.01 4804.00
problem81 0.03 532189487370069 66 1 0.03 4804.00
problem82 0.04 442561206241865 154 1 0.03 4804.00
problem83 0.02 524737547004669 100 1 0.01 4804.00
problem84 0.02 546969674744193 100 1 0.01 4804.00
problem85 0.02 471475338657441 65 1 0.02 4804.00
problem86 0.03 522055847529024 104 1 0.02 4804.00
problem87 0.02 443510377905700 90 1 0.02 4804.00
problem88 0.02 491740004317273 90 1 0.01 4804.00
problem89 0.03 492705641548005 91 1 0.02 4804.00
problem90 0.03 535283219362787 56 1 0.03 4804.00
problem91 0.02 594091097944760 94 1 0.01 4804.00
problem92 0.03 584674792624724 127 1 0.02 4804.00
problem93 0.01 582735886210626 61 1 0.01 4804.00
problem94 0.06 565056277425853 121 1 0.02 4804.00
problem95 0.03 617902667449282 64 1 0.03 4948.00
problem96 0.03 524177055793452 55 1 0.02 4948.00
problem97 0.04 462078025222634 92 1 0.03 4948.00
problem98 0.04 407651159825294 110 1 0.03 4948.00
problem99 0.02 503036966343223 114 1 0.02 4948.00
