problem0 0.13 469916682324508 241 1 0.05 7300.00
problem1 0.14 491839771186224 198 1 0.01 4692.00
problem2 0.11 474466053540784 181 1 0.01 4692.00
problem3 0.03 428251963317064 147 1 0.01 4692.00
problem4 0.02 465976377148742 148 1 0.01 4692.00
problem5 0.03 511788761993908 98 1 0 4692.00
problem6 0.06 562633966151509 150 1 0 4692.00
problem7 0.09 462378729011548 225 1 0.01 4692.00
problem8 0.04 513328058276352 103 1 0.02 4692.00
problem9 0.02 472880693301512 122 1 0.01 4692.00
problem10 0.03 504519752505012 145 1 0.01 4692.00
problem11 0.02 456661427958381 62 1 0.01 4692.00
problem12 0.06 511775364550325 126 1 0.01 4692.00
problem13 0.04 592914161658284 224 1 0.01 4692.00
problem14 0.02 443780896714371 174 1 0.01 4692.00
problem15 0.19 502360338235830 193 1 0 4692.00
problem16 0.02 483074340965487 132 1 0.01 4692.00
problem17 0.12 511487424706950 126 1 0.01 4692.00
problem18 0.04 417545193584982 164 1 0.02 4692.00
problem19 0.02 476274812207601 135 1 0.01 4692.00
problem20 0.04 551864531614032 171 1 0.01 4692.00
problem21 0.07 555794346272402 200 1 0.02 4692.00
problem22 0.06 567881530309701 192 1 0 4692.00
problem23 0.03 612367059068502 137 1 0.01 4692.00
problem24 0.11 490288079777571 153 1 0.01 4692.00
problem25 0.02 417604807921477 124 1 0.01 4692.00
problem26 0.02 500947996294324 168 1 0.01 4692.00
problem27 0.04 611853881722396 95 1 0.01 4692.00
problem28 0.21 552531322340888 161 1 0.01 4692.00
problem29 0.09 457590488898301 139 1 0.01 4692.00
problem30 0.02 604034431948789 94 1 0.01 4692.00
problem31 0.03 468607680965077 144 1 0.01 4692.00
problem32 0.05 476668647813309 139 1 0.02 4692.00
problem33 0.15 503711942327843 335 2 0.01 4692.00
problem34 0.03 581073509776354 105 1 0.01 4692.00
problem35 0.11 482521339599793 195 1 0.01 4692.00
problem36 0.04 466585899393299 160 1 0.01 4692.00
problem37 0.04 513088963596791 125 1 0.01 4692.00
problem38 0.07 493078661387661 227 1 0.02 4696.00
problem39 0.02 422583922481617 169 1 0.01 4696.00
problem40 0.04 466545213369333 230 1 0.02 4696.00
problem41 0.03 479798041279236 90 1 0.02 4696.00
problem42 0.03 523317416798644 177 1 0.01 4696.00
problem43 0.06 526768555817440 155 1 0.01 4696.00
problem44 0.03 527029511694246 95 1 0.01 4696.00
problem45 0.11 509016289634096 257 1 0.02 4700.00
problem46 0.02 530167658332654 167 1 0.01 4700.00
problem47 0.03 465102083836131 122 1 0.01 4700.00
problem48 0.02 493255119161888 110 1 0.01 4700.00
problem49 0.11 502205556986937 290 1 0.02 4704.00
problem50 0.04 448676816276542 151 1 0.02 4704.00
problem51 0.03 534761075350148 128 1 0.01 4704.00
problem52 0.03 512634146800943 162 1 0.01 4704.00
problem53 0.23 492654341717254 203 1 0.01 4704.00
problem54 0.03 408138047214941 123 1 0.01 4704.00
problem55 0.05 563674710485405 201 1 0.01 4704.00
problem56 0.06 513694432085267 148 1 0.02 4704.00
problem57 0.03 586353052079345 69 1 0.01 4704.00
problem58 0.04 558199239176941 113 1 0.01 4704.00
problem59 0.05 452751946436324 192 1 0.02 4704.00
problem60 0.04 518692051289895 119 1 0.01 4704.00
problem61 0.07 426627250026077 189 1 0.02 4704.00
problem62 0.02 539129475515158 104 1 0.02 4704.00
problem63 0.05 596307113474528 90 1 0.01 4704.00
problem64 0.04 586590153304312 137 1 0.01 4704.00
problem65 0.03 486821933618816 123 1 0.01 4704.00
problem66 0.07 588729778967369 110 1 0.01 4704.00
problem67 0.02 559846479892225 132 1 0.01 4704.00
problem68 0.05 560842650606467 97 1 0.01 4704.00
problem69 0.02 467344349655814 101 1 0.02 4704.00
problem70 0.03 476232247675480 140 1 0.01 4704.00
problem71 0.07 534253432155602 166 1 0 4704.00
problem72 0.03 476049375432076 170 1 0.02 4704.00
problem73 0.04 447888792790662 167 1 0.02 4704.00
problem74 0.02 480019075166051 76 1 0.01 4704.00
problem75 0.07 541528645634687 189 1 0.02 4704.00
problem76 0.03 415502832201381 112 1 0.02 4704.00
problem77 0.03 491715791301593 147 1 0.02 4704.00
problem78 0.09 488240800778788 245 1 0.01 4704.00
problem79 0.02 529036204710818 144 1 0.01 4704.00
problem80 0.03 534030550340576 115 1 0.01 4708.00
problem81 0.02 558825455590812 106 1 0.01 4708.00
problem82 0.03 478297337587753 168 1 0.01 4708.00
problem83 0.02 495171272217703 88 1 0.02 4708.00
problem84 0.02 573662933511470 172 1 0.01 4708.00
problem85 0.04 585991681592743 104 1 0.01 4708.00
problem86 0.06 458708565687335 168 1 0.02 4708.00
problem87 0.08 516865835190458 207 1 0.01 4708.00
problem88 0.04 570093780904825 167 1 0.01 4708.00
problem89 0.05 479669260682273 122 1 0.02 5116.00
problem90 0.07 478422034452816 249 1 0.01 5116.00
problem91 0.06 468056523820103 144 1 0.02 5116.00
problem92 0.03 503979767775561 143 1 0 5116.00
problem93 0.05 473573131906755 167 1 0.04 5988.00
problem94 0.05 531726691654580 143 1 0.01 5988.00
problem95 0.03 460027854155790 99 1 0.02 5988.00
problem96 0.01 591993279753116 110 1 0.01 5988.00
problem97 0.04 412071499142504 164 1 0.01 5988.00
problem98 0.05 464278948849059 144 1 0.02 5988.00
problem99 0.03 490024995820202 102 1 0.01 5988.00
