problem0 18.38 5764820313998 1 20356.00
problem1 107.25 4743714229358 1 33272.00
problem2 196.21 4939685563726 1 33272.00
problem3 246.42 4879549229614 1 33272.00
problem4 94.27 5361997406990 1 33272.00
problem5 108.62 4785983748078 1 19892.00
problem6 177.46 4622746593486 1 33344.00
problem7 371.95 4243829487022 1 33344.00
problem8 151.63 4312192736910 1 19136.00
problem9 122.07 5370477798254 1 31920.00
problem10 84.35 5165477528654 1 31920.00
problem11 75.14 4707496182062 1 31920.00
problem12 107.96 5025736497678 1 31920.00
