problem0 13.99 5083115148459 1 12532.00
problem1 28.84 4484008070755 1 18892.00
problem2 34.18 5058006852507 1 18892.00
problem3 18.30 4296320126035 1 18892.00
problem4 69.87 4403301925003 1 18892.00
problem5 107.34 3952567023683 1 18892.00
problem6 52.27 4300001536891 1 18892.00
problem7 90.38 4441491165747 1 18892.00
problem8 65.35 4163350488171 1 18892.00
problem9 74.03 4218546117155 1 18892.00
problem10 62.71 4405826579291 1 18892.00
problem11 26.39 4567072755731 1 18892.00
problem12 15.77 4702762352715 1 18892.00
problem13 26.89 5024679195651 1 18892.00
problem14 125.47 4065611195195 1 18892.00
problem15 50.61 4525685310963 1 18892.00
problem16 49.07 4629823280171 1 18892.00
problem17 72.45 4394161292771 1 18892.00
problem18 56.32 4571622413083 1 18892.00
problem19 33.19 5061482116051 1 18892.00
problem20 57.24 4050881814539 1 11648.00
problem21 21.00 5149872115651 1 17688.00
problem22 30.49 5058904439547 1 17688.00
problem23 26.16 4828905150899 1 17688.00
problem24 54.71 4604172149739 1 17688.00
problem25 15.91 4631687467427 1 17688.00
problem26 83.24 4446067006171 1 17688.00
problem27 32.52 4936223618963 1 17688.00
problem28 72.03 4374035980235 1 17688.00
problem29 8.35 4995273952131 1 17688.00
problem30 41.51 4853542466235 1 17688.00
problem31 32.41 4796058668403 1 17688.00
problem32 22.81 4453095658411 1 17688.00
problem33 35.11 4509948362083 1 17688.00
problem34 72.17 4129805828763 1 17688.00
problem35 51.13 4263740234579 1 17688.00
problem36 16.91 5024707149707 1 17688.00
problem37 41.40 4490218022723 1 17688.00
problem38 51.23 4423592610427 1 17688.00
problem39 12.05 4779231469875 1 17688.00
problem40 46.75 4709588132715 1 17688.00
problem41 34.65 4785528260899 1 17688.00
problem42 29.35 4366521485915 1 17688.00
problem43 26.30 4977135296275 1 17688.00
problem44 21.85 4963327639371 1 17688.00
problem45 48.31 4595769320195 1 17688.00
problem46 21.10 4690374640187 1 17688.00
problem47 64.57 4371239474419 1 17688.00
problem48 64.72 4406492353323 1 12068.00
problem49 23.91 5176568886499 1 17288.00
problem50 57.06 4739047453211 1 17288.00
problem51 21.91 4668239725267 1 17288.00
problem52 26.29 4527806308107 1 17288.00
problem53 25.84 4813643480771 1 17288.00
problem54 69.89 4168818678267 1 17288.00
problem55 13.49 5549544974515 1 17288.00
problem56 16.95 5319927243499 1 17288.00
problem57 13.59 4757906391203 1 17288.00
problem58 44.90 4751699835355 1 17288.00
problem59 59.17 4954208323219 1 17288.00
problem60 41.40 4591714967243 1 17288.00
problem61 62.67 4680855403139 1 17288.00
problem62 52.41 4310404518331 1 17288.00
problem63 14.71 4825056418931 1 17288.00
problem64 13.26 5080160326315 1 17288.00
problem65 46.77 4417792650339 1 17288.00
problem66 60.28 4225414357403 1 17288.00
problem67 33.81 4725831182931 1 17288.00
problem68 14.37 4897841069707 1 17288.00
problem69 12.99 5401806820931 1 17288.00
problem70 31.76 4538179430779 1 17288.00
problem71 35.82 4907259588659 1 17288.00
problem72 16.17 5538204017259 1 17288.00
problem73 51.90 4504253184035 1 17288.00
problem74 30.44 5067272890715 1 17288.00
problem75 49.08 4803278237203 1 17288.00
problem76 42.01 4728202608203 1 17288.00
problem77 45.62 4470987248131 1 17288.00
problem78 20.68 4428601549115 1 17288.00
