problem0 0 94553849 0 2208.00
problem1 0.00 93921234 1 2264.00
problem2 0.00 94093413 0 2264.00
problem3 0.00 96981006 0 2264.00
problem4 0.00 118430273 0 2264.00
problem5 0.00 94105197 0 2264.00
problem6 0.00 76415035 0 2264.00
problem7 0.00 84428629 0 2264.00
problem8 0.00 88596104 0 2264.00
problem9 0.00 87811611 0 2264.00
problem10 0.00 72769842 0 2264.00
problem11 0.00 109975363 0 2264.00
problem12 0.00 80311288 0 2264.00
problem13 0.00 86664875 0 2264.00
problem14 0.00 99828456 1 2264.00
problem15 0.00 100442185 0 2264.00
problem16 0.00 99891769 0 2264.00
problem17 0.00 81580098 0 2264.00
problem18 0.00 92734940 0 2264.00
problem19 0.00 91964010 0 2264.00
problem20 0.00 101487032 0 2264.00
problem21 0.00 93094605 0 2264.00
problem22 0.00 98044351 0 2264.00
problem23 0.00 104160633 0 2264.00
problem24 0.00 87742952 0 2264.00
problem25 0.00 87481966 0 2264.00
problem26 0.00 89173622 0 2264.00
problem27 0.00 98193806 1 2264.00
problem28 0.00 93025097 0 2264.00
problem29 0.00 85803779 0 2264.00
problem30 0.00 83842154 0 2264.00
problem31 0.00 85819077 0 2264.00
problem32 0.00 82754964 1 2264.00
problem33 0.00 88412326 0 2264.00
problem34 0.00 76962592 1 2264.00
problem35 0.00 104219843 0 2264.00
problem36 0.00 96016620 1 2264.00
problem37 0.00 91727706 0 2264.00
problem38 0.00 99361537 0 2264.00
problem39 0.00 106955739 0 2264.00
problem40 0.00 77784392 0 2264.00
problem41 0.00 88237783 0 2264.00
problem42 0.00 91950046 0 2264.00
problem43 0.01 81402879 0 2264.00
problem44 0.00 88638123 0 2264.00
problem45 0.00 91664242 0 2264.00
problem46 0.00 98661817 0 2264.00
problem47 0.00 90696987 0 2264.00
problem48 0.00 95047930 0 2264.00
problem49 0.00 95019252 0 2264.00
problem50 0.00 90292360 0 2264.00
problem51 0.00 89184046 0 2264.00
problem52 0.00 95203417 0 2264.00
problem53 0.00 104160146 0 2264.00
problem54 0.00 73550949 0 2264.00
problem55 0.00 90192447 0 2264.00
problem56 0.00 85459115 0 2264.00
problem57 0.00 95846180 0 2264.00
problem58 0.00 107837761 0 2264.00
problem59 0.00 82146899 0 2264.00
problem60 0.00 85500418 0 2264.00
problem61 0.00 84847569 0 2264.00
problem62 0.00 95528712 1 2264.00
problem63 0.00 112454517 0 2264.00
problem64 0.00 104789089 0 2264.00
problem65 0.00 82002285 0 2264.00
problem66 0.00 83965437 0 2264.00
problem67 0.00 77789579 0 2264.00
problem68 0.00 100620209 0 2264.00
problem69 0.00 85827587 0 2264.00
problem70 0.00 72517058 0 2264.00
problem71 0.00 93192368 0 2264.00
problem72 0.00 87174148 1 2264.00
problem73 0.00 82519941 0 2264.00
problem74 0.00 104855199 0 2264.00
problem75 0.00 89415856 0 2264.00
problem76 0.00 93573487 0 2264.00
problem77 0.00 71120940 0 2264.00
problem78 0.00 84404342 0 2264.00
problem79 0.00 89749987 0 2264.00
problem80 0.00 96774071 0 2264.00
problem81 0.00 88682944 0 2264.00
problem82 0.00 93109064 0 2264.00
problem83 0.00 92580850 0 2264.00
problem84 0.00 88674071 0 2264.00
problem85 0.00 84440142 0 2264.00
problem86 0.00 89444142 0 2264.00
problem87 0.00 79779578 0 2264.00
problem88 0.00 109668200 0 2264.00
problem89 0.00 95969253 0 2264.00
problem90 0.00 92963836 0 2264.00
problem91 0.01 92199709 0 2264.00
problem92 0.00 97652938 0 2264.00
problem93 0.00 98194575 0 2264.00
problem94 0.00 92027341 0 2264.00
problem95 0.00 112236606 0 2264.00
problem96 0.00 114518810 0 2264.00
problem97 0.00 112439831 0 2264.00
problem98 0.00 68964533 0 2264.00
problem99 0.00 97382008 0 2264.00
