problem0 0 387018408 1
problem1 0.01 413617320 1
problem2 0 420620968 1
problem3 0 399640744 1
problem4 0.02 417785512 1
problem5 0.01 374391976 1
problem6 0.01 428843688 1
problem7 0.04 413368488 1
problem8 0.03 403463848 1
problem9 0.01 365575336 1
problem10 0 383589032 1
problem11 0 415561896 1
problem12 0 369219240 1
problem13 0.02 403944616 1
problem14 0.03 435851944 1
problem15 0.01 414609576 1
problem16 0.01 390549160 1
problem17 0 346893480 1
problem18 0 417860264 1
problem19 0 402122920 1
problem20 0 391956136 1
problem21 0.01 362194088 1
problem22 0 438665896 1
problem23 0 411656360 1
problem24 0.01 406994600 1
problem25 0.04 391126184 1
problem26 0.01 439548584 1
problem27 0 409655464 1
problem28 0 418887336 1
problem29 0.01 391746728 1
problem30 0.01 428896936 1
problem31 0.01 421286056 1
problem32 0 368914088 1
problem33 0 422775976 1
problem34 0 398322344 1
problem35 0.02 345884840 1
problem36 0 441624232 1
problem37 0 383550632 1
problem38 0 356213416 1
problem39 0.02 401555624 1
problem40 0.01 410525352 1
problem41 0 441842856 1
problem42 0 445176488 1
problem43 0.03 403749032 1
problem44 0.01 367892136 1
problem45 0.01 396326056 1
problem46 0.01 388387496 1
problem47 0.01 427962536 1
problem48 0 397610664 1
problem49 0.01 406383784 1
problem50 0 387173032 1
problem51 0 415475880 1
problem52 0.01 415794856 1
problem53 0.02 455238824 1
problem54 0.01 416367272 1
problem55 0.01 408232104 1
problem56 0 414056104 1
problem57 0.08 442227880 1
problem58 0 392084136 1
problem59 0 381065384 1
problem60 0.01 400783016 1
problem61 0 367350952 1
problem62 0.01 347878056 1
problem63 0.01 409473192 1
problem64 0.01 384364200 1
problem65 0.02 398380200 1
problem66 0.01 417966760 1
problem67 0 401180840 1
problem68 0.02 448685736 1
problem69 0.03 426263720 1
problem70 0.01 417800872 1
problem71 0.01 406519976 1
problem72 0.01 425975464 1
problem73 0.01 425835688 1
problem74 0 397712040 1
problem75 0.01 400324776 1
problem76 0 425285288 1
problem77 0.01 397096104 1
problem78 0.02 408031912 1
problem79 0.01 374206632 1
problem80 0.01 429837992 1
problem81 0 415542440 1
problem82 0.01 431983272 1
problem83 0 403663016 1
problem84 0.03 439633576 1
problem85 0.01 405677224 1
problem86 0 410845864 1
problem87 0.02 413196456 1
problem88 0.02 446283432 1
problem89 0 367500456 1
problem90 0 428505768 1
problem91 0.01 394418344 1
problem92 0.02 391067304 1
problem93 0.01 368121000 1
problem94 0.03 417854120 1
problem95 0 372494504 1
problem96 0.03 450145960 1
problem97 0.01 382373032 1
problem98 0.03 420833960 1
problem99 0 431311016 1
