problem0 0 9412 1 0.00
problem1 0.00 9338 1 0.00
problem2 0.00 8577 1 0.00
problem3 0.00 9075 1 0.00
problem4 0.00 7686 1 0.00
problem5 0.00 9876 1 0.00
problem6 0.00 9107 1 0.00
problem7 0.00 8221 1 0.00
problem8 0.00 7528 1 0.00
problem9 0.00 8270 1 0.00
problem10 0.00 6853 1 0.00
problem11 0.00 9063 1 0.00
problem12 0.00 7402 1 0.00
problem13 0.00 7592 1 0.00
problem14 0.00 10007 1 0.00
problem15 0.00 8017 1 0.00
problem16 0.00 7820 1 0.00
problem17 0.00 8354 1 0.00
problem18 0.00 7817 1 0.00
problem19 0.00 8667 1 0.00
problem20 0.00 7758 1 0.00
problem21 0.00 8508 1 0.00
problem22 0.00 8987 1 0.00
problem23 0.00 8965 1 0.00
problem24 0.00 9264 1 0.00
problem25 0.00 9078 1 0.00
problem26 0.00 8397 1 0.00
problem27 0.00 8911 1 0.00
problem28 0.00 7218 1 0.00
problem29 0.00 7504 1 0.00
problem30 0.00 8607 1 0.00
problem31 0.00 9017 1 0.00
problem32 0.00 9300 1 0.00
problem33 0.00 8906 1 0.00
problem34 0.00 9105 1 0.00
problem35 0.00 7747 1 0.00
problem36 0.00 9878 1 0.00
problem37 0.00 8676 1 0.00
problem38 0.00 8355 1 0.00
problem39 0.00 7661 1 0.00
problem40 0.00 8440 1 0.00
problem41 0.00 6814 1 0.00
problem42 0.00 8917 1 0.00
problem43 0.00 7223 1 0.00
problem44 0.00 7546 1 0.00
problem45 0.00 9976 1 0.00
problem46 0.00 8231 1 0.00
problem47 0.00 7969 1 0.00
problem48 0.00 8220 1 0.00
problem49 0.00 7922 1 0.00
problem50 0.00 8345 1 0.00
problem51 0.00 7851 1 0.00
problem52 0.00 8414 1 2308.00
problem53 0.00 9356 1 2308.00
problem54 0.00 8747 1 2308.00
problem55 0.00 9429 1 2308.00
problem56 0.00 9152 1 2308.00
problem57 0.00 8134 1 2308.00
problem58 0.00 8925 1 2308.00
problem59 0.00 7071 1 2308.00
problem60 0.00 7874 1 2308.00
problem61 0.00 8352 1 2308.00
problem62 0.00 8879 1 2308.00
problem63 0.00 9481 1 2308.00
problem64 0.00 9188 1 2308.00
problem65 0.00 8986 1 2308.00
problem66 0.00 7585 1 2308.00
problem67 0.00 10003 1 2308.00
problem68 0.00 8486 1 2308.00
problem69 0.00 8500 1 2308.00
problem70 0.00 7603 1 2308.00
problem71 0.00 8637 1 2308.00
problem72 0.00 6792 1 2308.00
problem73 0.00 8942 1 2308.00
problem74 0.00 6885 1 2308.00
problem75 0.00 7943 1 2308.00
problem76 0.00 9738 1 2308.00
problem77 0.00 8264 1 2308.00
problem78 0.00 7991 1 2308.00
problem79 0.00 7921 1 2308.00
problem80 0.00 8108 1 2308.00
problem81 0.00 8514 1 2308.00
problem82 0.00 7849 1 2308.00
problem83 0.00 8059 1 2308.00
problem84 0.00 9582 1 2308.00
problem85 0.00 8668 1 2308.00
problem86 0.00 9531 1 2308.00
problem87 0.00 9381 1 2308.00
problem88 0.00 8016 1 2308.00
problem89 0.00 8726 1 2308.00
problem90 0.00 7405 1 2308.00
problem91 0.00 7791 1 2308.00
problem92 0.00 8018 1 2308.00
problem93 0.00 9200 1 2308.00
problem94 0.00 9151 1 2308.00
problem95 0.00 9433 1 2308.00
problem96 0.00 9076 1 2308.00
problem97 0.00 7530 1 2308.00
problem98 0.00 9649 1 2308.00
problem99 0.00 8675 1 2308.00
