problem0 0.67 123178723698760 1 2752.00
problem1 0.61 90001589949358 1 2808.00
problem2 1.05 106669823090053 1 2808.00
problem3 0.18 103463209323879 1 2808.00
problem4 0.84 96008678263050 1 2808.00
problem5 0.42 119690432528840 1 2808.00
problem6 0.44 109028973458455 1 2808.00
problem7 0.52 101433208951057 1 2808.00
problem8 0.36 104748149492204 1 2808.00
problem9 0.49 95165631534466 1 2808.00
problem10 1.31 108213037377481 1 2808.00
problem11 0.64 101347320214363 1 2808.00
problem12 0.62 96375051726062 1 2808.00
problem13 0.71 105054688995548 1 2808.00
problem14 1.20 103472348351131 1 2808.00
problem15 0.71 121297800306245 1 2808.00
problem16 0.29 105877047563280 1 2808.00
problem17 0.94 116277057189334 1 2808.00
problem18 0.31 103441534045837 1 2808.00
problem19 0.84 113480618236879 1 2808.00
problem20 0.43 109321081700690 1 2808.00
problem21 0.77 111413283821168 1 2808.00
problem22 0.40 108371564922271 1 2808.00
problem23 0.68 84412607223289 1 2808.00
problem24 0.44 106383423706804 1 2808.00
problem25 0.98 120278201222314 1 2808.00
problem26 0.90 106721709351377 1 2808.00
problem27 0.36 97685264996035 1 2808.00
problem28 1.37 91355283461686 1 2808.00
problem29 0.36 107591498439300 1 2808.00
problem30 0.71 114570150507811 1 2808.00
problem31 0.49 105968247425069 1 2808.00
problem32 0.55 111602888319448 1 2808.00
problem33 0.26 116234442396158 1 2808.00
problem34 0.40 94253094564245 1 2808.00
problem35 0.58 96321643623479 1 2808.00
problem36 0.67 121916053175194 1 2808.00
problem37 0.53 113505913259288 1 2808.00
problem38 0.60 100907780942119 1 2808.00
problem39 0.73 103104284804321 1 2808.00
problem40 1.03 109247358272892 1 2808.00
problem41 0.35 113491646868946 1 2808.00
problem42 0.47 103553425837529 1 2808.00
problem43 0.43 120686214415403 1 2808.00
problem44 0.76 111039118721406 1 2808.00
problem45 0.38 120804573079084 1 2808.00
problem46 0.35 102082647077291 1 2808.00
problem47 1.74 123634135407637 1 2808.00
problem48 0.48 105340683375008 1 2808.00
problem49 0.45 100822713657382 1 2808.00
problem50 1.41 95409608246941 1 2808.00
problem51 0.76 97605462972063 1 2808.00
problem52 0.85 100709864126434 1 2808.00
problem53 0.36 109806359072192 1 2808.00
problem54 0.73 101911723777711 1 2808.00
problem55 0.28 97748230741449 1 2808.00
problem56 0.62 109046443710020 1 2808.00
problem57 1.00 97024793383162 1 2808.00
problem58 0.44 114035909602273 1 2808.00
problem59 0.45 120586650385299 1 2808.00
problem60 0.21 105644970225350 1 2808.00
problem61 1.03 99195526204372 1 2808.00
problem62 0.95 92085926723635 1 2808.00
problem63 0.97 104772477786621 1 2808.00
problem64 0.15 107864417035112 1 2808.00
problem65 0.50 100915085391950 1 2808.00
problem66 0.27 112537298259365 1 2808.00
problem67 0.71 120474339689223 1 2808.00
problem68 0.31 117239997117994 1 2808.00
problem69 0.49 116136536453224 1 2808.00
problem70 0.26 94595348817463 1 2808.00
problem71 0.75 119091738501297 1 2808.00
problem72 0.34 92401840408844 1 2808.00
problem73 0.51 95915266551330 1 2808.00
problem74 1.00 105038464007145 1 2808.00
problem75 0.44 109743425453307 1 2808.00
problem76 0.68 105107624189454 1 2808.00
problem77 0.44 97207303654268 1 2808.00
problem78 0.62 112163462734011 1 2808.00
problem79 0.17 108787432178149 1 2808.00
problem80 0.83 110898191980336 1 2808.00
problem81 0.36 112269683540598 1 2808.00
problem82 0.37 103011267643053 1 2808.00
problem83 0.71 94761797712239 1 2808.00
problem84 0.15 108054423320178 1 2808.00
problem85 0.45 103970602380560 1 2808.00
problem86 0.55 97610452303807 1 2808.00
problem87 1.03 116578396147097 1 2808.00
problem88 0.50 96325146222036 1 2808.00
problem89 0.44 101040495707466 1 2808.00
problem90 0.36 99412826963441 1 2808.00
problem91 0.67 103442268358755 1 2808.00
problem92 0.34 112856317120342 1 2808.00
problem93 0.99 110691169559844 1 2808.00
problem94 1.44 111268599944003 1 2808.00
problem95 0.36 111671009481677 1 2808.00
problem96 0.40 97426190085368 1 2808.00
problem97 0.61 101487336294046 1 2808.00
problem98 0.43 97202560299445 1 2808.00
problem99 0.37 105688489949655 1 2808.00
