problem0 1.06 535525 5 -105886824 6.95335e-310 0.00
problem1 3.19 477881 5 -105886824 6.95335e-310 0.00
problem2 2.87 426370 5 -105886824 6.95335e-310 0.00
problem3 1.2 367254 5 -105886824 6.95335e-310 0.00
problem4 1.04 482719 5 -105886824 6.95335e-310 0.00
problem5 1.35 446366 5 -105886824 6.95335e-310 0.00
problem6 1.16 444477 5 -105886824 6.95335e-310 0.00
problem7 1.14 405969 5 -105886824 6.95335e-310 0.00
problem8 0.97 477530 5 -105886824 6.95335e-310 0.00
problem9 3.2 428334 5 -105886824 6.95335e-310 0.00
problem10 1.02 431010 5 -105886824 6.95335e-310 0.00
problem11 1.94 444513 5 -105886824 6.95335e-310 0.00
problem12 0.75 492650 5 -105886824 6.95335e-310 0.00
problem13 1.69 440169 5 -105886824 6.95335e-310 0.00
problem14 1.51 489735 5 -105886824 6.95335e-310 0.00
problem15 1.22 433734 5 -105886824 6.95335e-310 0.00
problem16 0.8 435237 5 -105886824 6.95335e-310 0.00
problem17 3.15 520099 5 -105886824 6.95335e-310 0.00
problem18 0.78 418583 5 -105886824 6.95335e-310 0.00
problem19 1.33 586625 5 -105886824 6.95335e-310 0.00
problem20 0.77 430901 5 -105886824 6.95335e-310 0.00
problem21 0.49 509747 5 -105886824 6.95335e-310 0.00
problem22 1.33 386855 5 -105886824 6.95335e-310 0.00
problem23 1.07 548198 5 -105886824 6.95335e-310 0.00
problem24 1.17 430490 5 -105886824 6.95335e-310 0.00
problem25 0.94 469187 5 -105886824 6.95335e-310 0.00
problem26 1.96 476471 5 -105886824 6.95335e-310 0.00
problem27 1.58 465910 5 -105886824 6.95335e-310 0.00
problem28 1.14 494079 5 -105886824 6.95335e-310 0.00
problem29 1.06 480339 5 -105886824 6.95335e-310 0.00
problem30 1.1 419826 5 -105886824 6.95335e-310 0.00
problem31 1.88 443526 5 -105886824 6.95335e-310 0.00
problem32 1.42 419599 5 -105886824 6.95335e-310 0.00
problem33 1.83 472206 5 -105886824 6.95335e-310 0.00
problem34 0.66 408066 5 -105886824 6.95335e-310 0.00
problem35 1.69 497430 5 -105886824 6.95335e-310 0.00
problem36 0.86 463733 5 -105886824 6.95335e-310 0.00
problem37 2.3 461171 5 -105886824 6.95335e-310 0.00
problem38 1.26 501266 5 -105886824 6.95335e-310 0.00
problem39 1.58 491089 5 -105886824 6.95335e-310 0.00
problem40 1.23 468101 5 -105886824 6.95335e-310 0.00
problem41 1.7 507310 5 -105886824 6.95335e-310 0.00
problem42 0.98 497357 5 -105886824 6.95335e-310 0.00
problem43 1.25 506422 5 -105886824 6.95335e-310 0.00
problem44 0.57 449087 5 -105886824 6.95335e-310 0.00
problem45 1.85 408553 5 -105886824 6.95335e-310 0.00
problem46 2.19 500103 5 -105886824 6.95335e-310 0.00
problem47 1.26 428742 5 -105886824 6.95335e-310 0.00
problem48 1.62 510458 5 -105886824 6.95335e-310 0.00
problem49 0.74 399737 5 -105886824 6.95335e-310 0.00
problem50 1.44 438509 5 -105886824 6.95335e-310 0.00
problem51 1.52 471041 5 -105886824 6.95335e-310 0.00
problem52 4.8 406453 5 -105886824 6.95335e-310 0.00
problem53 1.11 431710 5 -105886824 6.95335e-310 0.00
problem54 1.31 416338 5 -105886824 6.95335e-310 0.00
problem55 2.19 496785 5 -105886824 6.95335e-310 0.00
problem56 2.2 459290 5 -105886824 6.95335e-310 0.00
problem57 1.14 411630 5 -105886824 6.95335e-310 0.00
problem58 2.93 406285 5 -105886824 6.95335e-310 0.00
problem59 0.91 500513 5 -105886824 6.95335e-310 0.00
problem60 2.05 401365 5 -105886824 6.95335e-310 0.00
problem61 4.57 399571 5 -105886824 6.95335e-310 0.00
problem62 2.21 402887 5 -105886824 6.95335e-310 0.00
problem63 0.91 454918 5 -105886824 6.95335e-310 0.00
