problem0 0 4471249 1
problem1 0 3336046 1
problem2 0 4171410 1
problem3 0 4345747 1
problem4 0 4144427 1
problem5 0 4340208 1
problem6 0 4207580 1
problem7 0 4132293 1
problem8 0 3753701 1
problem9 0 3870802 1
problem10 0 4049030 1
problem11 0 4437207 1
problem12 0 3944703 1
problem13 0 4877460 1
problem14 0 4206224 1
problem15 0 4257481 1
problem16 0 3945849 1
problem17 0 4665526 1
problem18 0 4362234 1
problem19 0 3564955 1
problem20 0 4451923 1
problem21 0 3808952 1
problem22 0 4683460 1
problem23 0 3830605 1
problem24 0 3954061 1
problem25 0 4053146 1
problem26 0 3984622 1
problem27 0 4354527 1
problem28 0 4375847 1
problem29 0 3989596 1
problem30 0 3923064 1
problem31 0 4100945 1
problem32 0 4781857 1
problem33 0 4167678 1
problem34 0 4411234 1
problem35 0 3795363 1
problem36 0 4523387 1
problem37 0 3948928 1
problem38 0 3747756 1
problem39 0 3827413 1
problem40 0 4155957 1
problem41 0 4259554 1
problem42 0 4122454 1
problem43 0 4250855 1
problem44 0 4128591 1
problem45 0 4051492 1
problem46 0 3489888 1
problem47 0 3866073 1
problem48 0 4521673 1
problem49 0 4365638 1
problem50 0 4089034 1
problem51 0 3627947 1
problem52 0 4129443 1
problem53 0.01 4268616 1
problem54 0 4185748 1
problem55 0 4417629 1
problem56 0 3736797 1
problem57 0 3998506 1
problem58 0 4364222 1
problem59 0 4027887 1
problem60 0 4022135 1
problem61 0 4440556 1
problem62 0 3725896 1
problem63 0 4372065 1
problem64 0 4377713 1
problem65 0 3850382 1
problem66 0 4083762 1
problem67 0 4406195 1
problem68 0 4089291 1
problem69 0 4276496 1
problem70 0 4457340 1
problem71 0 4323301 1
problem72 0 4171141 1
problem73 0 3827058 1
problem74 0 3825190 1
problem75 0 4111607 1
problem76 0 4089247 1
problem77 0 3878836 1
problem78 0 3877424 1
problem79 0 4209897 1
problem80 0 4251673 1
problem81 0 3965398 1
problem82 0 3903898 1
problem83 0 4327867 1
problem84 0 3518195 1
problem85 0 3874264 1
problem86 0 4071012 1
problem87 0 3708269 1
problem88 0 3918893 1
problem89 0 4171194 1
problem90 0 4242062 1
problem91 0 4272639 1
problem92 0 4231623 1
problem93 0 3971964 1
problem94 0 3977240 1
problem95 0 4329841 1
problem96 0 4045249 1
problem97 0 4088094 1
problem98 0 4630786 1
problem99 0 4212163 1
