problem0 0.06 4976746002214 0 2292.00
problem1 0.07 5350375021646 0 2348.00
problem2 0.08 5655774656368 0 2348.00
problem3 0.07 5108016226348 0 2348.00
problem4 0.07 5667389747725 0 2348.00
problem5 0.07 5358156180572 0 2348.00
problem6 0.07 5100426580691 0 2348.00
problem7 0.07 6023397117134 0 2348.00
problem8 0.05 4700966077904 1 2348.00
problem9 0.07 5867369237872 0 2348.00
problem10 0.04 5380712806172 1 2348.00
problem11 0.07 6166502816348 0 2348.00
problem12 0.08 5516119839410 0 2348.00
problem13 0.07 5267011477394 0 2348.00
problem14 0.07 4928507217031 0 2348.00
problem15 0.07 5177854429431 0 2348.00
problem16 0.07 4817083889838 0 2348.00
problem17 0.07 5472678511265 0 2348.00
problem18 0.07 5510700899034 0 2348.00
problem19 0.07 5344417667216 0 2348.00
problem20 0.07 4729870997346 0 2348.00
problem21 0.03 4824458368694 1 2348.00
problem22 0.08 5700273035825 0 2348.00
problem23 0.07 5568151750950 0 2348.00
problem24 0.07 4705815891762 0 2348.00
problem25 0.06 4969507535834 0 2348.00
problem26 0.07 4515965313668 0 2348.00
problem27 0.02 5002798135994 1 2348.00
problem28 0.07 5221513429007 0 2348.00
problem29 0.07 5298080207345 0 2348.00
problem30 0.08 5910480802782 0 2348.00
problem31 0.07 5183404150120 0 2348.00
problem32 0.07 5296419768815 0 2348.00
problem33 0.06 4131514562844 0 2348.00
problem34 0.07 5166401539633 0 2348.00
problem35 0.07 4970634780908 0 2348.00
problem36 0.02 5261319507128 1 2348.00
problem37 0.08 4969958953256 0 2348.00
problem38 0.07 4779472515469 0 2348.00
problem39 0.07 4897036309908 0 2348.00
problem40 0.01 5045262870672 1 2348.00
problem41 0.05 5491777862190 1 2348.00
problem42 0.07 5429196299745 0 2348.00
problem43 0.07 5066822470428 0 2348.00
problem44 0.07 5016129404267 0 2348.00
problem45 0.07 5270693778516 0 2348.00
problem46 0.07 4772979028796 0 2348.00
problem47 0.07 5774643339711 0 2348.00
problem48 0.07 5964614118245 0 2348.00
problem49 0.07 4679924612965 0 2348.00
problem50 0.07 5738865004943 0 2348.00
problem51 0.07 4615634385228 0 2348.00
problem52 0.07 5646065783322 0 2348.00
problem53 0.07 5660605356921 0 2348.00
problem54 0.07 5205571574016 0 2348.00
problem55 0.06 4200008200689 0 2348.00
problem56 0.07 5787281478130 0 2348.00
problem57 0.08 5240573380761 0 2348.00
problem58 0.06 4877035940167 0 2348.00
problem59 0.07 5552788679549 0 2348.00
problem60 0.07 3608064985803 0 2348.00
problem61 0.03 5125189789350 1 2348.00
problem62 0.07 4794825122456 0 2348.00
problem63 0.02 4885362951698 1 2348.00
problem64 0.07 5129275235502 0 2348.00
problem65 0.07 4881654142400 0 2348.00
problem66 0.07 6177335829742 0 2348.00
problem67 0.07 5378212454831 0 2348.00
problem68 0.07 6004747970433 0 2348.00
problem69 0.08 5886775653849 0 2348.00
problem70 0.02 5744490106948 1 2348.00
problem71 0.07 5586405449295 0 2348.00
problem72 0.07 5186363345755 0 2348.00
problem73 0.07 5654286083828 0 2348.00
problem74 0.07 4368562832544 0 2348.00
problem75 0.07 5794026298334 0 2348.00
problem76 0.03 5405979846696 1 2348.00
problem77 0.07 4763855112456 0 2348.00
problem78 0.07 5337899246072 0 2348.00
problem79 0.07 5199118006898 1 2348.00
problem80 0.07 5035489795586 0 2348.00
problem81 0.07 4358625967159 0 2348.00
problem82 0.05 4733193472076 1 2348.00
problem83 0.07 5416790088223 0 2348.00
problem84 0.06 5677461015768 1 2348.00
problem85 0.02 5163437908022 1 2348.00
problem86 0.07 5278179235767 0 2348.00
problem87 0.06 4726940342968 0 2348.00
problem88 0.07 5413003646131 0 2348.00
problem89 0.07 5506884736353 0 2348.00
problem90 0.07 5586868858910 0 2348.00
problem91 0.07 5151312387148 0 2348.00
problem92 0.07 5082983650700 0 2348.00
problem93 0.07 4626451512181 0 2348.00
problem94 0.04 4965284753748 1 2348.00
problem95 0.07 5791221235420 0 2348.00
problem96 0.07 5225803411306 0 2348.00
problem97 0.07 4891587949193 0 2348.00
problem98 0.07 4826877639605 0 2348.00
problem99 0.06 5335302496874 1 2348.00
