problem0 56.17 1141651683793 1
problem1 35.56 995497011054 1
problem2 19.55 1085281248914 1
problem3 3.4 1015875784595 1
problem4 7.68 1095693319467 1
problem5 7.94 1081216481776 1
problem6 14.25 1111047812060 1
problem7 19.4 1082749029829 1
problem8 27.75 1032837613285 1
problem9 2.07 1138245177426 1
problem10 1.38 928892045446 1
problem11 22.14 1032177824983 1
problem12 75.94 1115257581823 1
problem13 41.06 1193221450900 1
problem14 21.6 1100778974864 1
problem15 16.53 1247811794633 1
problem16 24.06 1126330152313 1
