problem0 0 5334 1 0.00
problem1 0.00 6326 1 0.00
problem2 0.00 5014 1 0.00
problem3 0.00 4982 1 0.00
problem4 0.00 5462 1 0.00
problem5 0.00 4662 1 0.00
problem6 0.00 4374 1 0.00
problem7 0.00 4342 1 0.00
problem8 0.00 5334 1 0.00
problem9 0.00 5302 1 0.00
problem10 0.00 5270 1 0.00
problem11 0.00 5494 1 0.00
problem12 0.00 4694 1 0.00
problem13 0.00 5430 1 0.00
problem14 0.00 6166 1 0.00
problem15 0.00 4854 1 0.00
problem16 0.00 5334 1 0.00
problem17 0.00 4534 1 0.00
problem18 0.00 5270 1 0.00
problem19 0.00 4214 1 0.00
problem20 0.00 4438 1 0.00
problem21 0.00 5430 1 0.00
problem22 0.00 5398 1 0.00
problem23 0.00 5622 1 0.00
problem24 0.00 4822 1 0.00
problem25 0.00 5046 1 0.00
problem26 0.00 5270 1 0.00
problem27 0.00 6262 1 0.00
problem28 0.00 4694 1 0.00
problem29 0.00 5686 1 0.00
problem30 0.00 4374 1 0.00
problem31 0.00 5366 1 0.00
problem32 0.00 4054 1 0.00
problem33 0.00 4278 1 0.00
problem34 0.00 5270 1 0.00
problem35 0.00 6006 1 0.00
problem36 0.00 5206 1 0.00
problem37 0.00 4918 1 0.00
problem38 0.00 5142 1 0.00
problem39 0.00 5366 1 0.00
problem40 0.00 5846 1 0.00
problem41 0.00 5046 1 0.00
problem42 0.00 5782 1 0.00
problem43 0.00 4214 1 0.00
problem44 0.00 4950 1 0.00
problem45 0.00 4150 1 0.00
problem46 0.00 4630 1 0.00
problem47 0.00 5366 1 0.00
problem48 0.00 5590 1 0.00
problem49 0.00 5558 1 0.00
problem50 0.00 4758 1 0.00
problem51 0.00 4982 1 0.00
problem52 0.00 5718 1 0.00
problem53 0.00 5430 1 0.00
problem54 0.00 5398 1 0.00
problem55 0.00 5366 1 0.00
problem56 0.00 4566 1 0.00
problem57 0.00 4790 1 0.00
problem58 0.00 3990 1 2392.00
problem59 0.00 4982 1 2392.00
problem60 0.00 5462 1 2392.00
problem61 0.00 5174 1 2392.00
problem62 0.00 5654 1 2392.00
problem63 0.00 4598 1 2392.00
problem64 0.00 5334 1 2392.00
problem65 0.00 6326 1 2392.00
problem66 0.00 5014 1 2392.00
problem67 0.00 4982 1 2392.00
problem68 0.00 5462 1 2392.00
problem69 0.00 4662 1 2392.00
problem70 0.00 4374 1 2392.00
problem71 0.00 4342 1 2392.00
problem72 0.00 5334 1 2392.00
problem73 0.00 5302 1 2392.00
problem74 0.00 5270 1 2392.00
problem75 0.00 5494 1 2392.00
problem76 0.00 4694 1 2392.00
problem77 0.00 5430 1 2392.00
problem78 0.00 6166 1 2392.00
problem79 0.00 4854 1 2392.00
problem80 0.00 5334 1 2392.00
problem81 0.00 4534 1 2392.00
problem82 0.00 5270 1 2392.00
problem83 0.00 4214 1 2392.00
problem84 0.00 4438 1 2392.00
problem85 0.00 5430 1 2392.00
problem86 0.00 5398 1 2392.00
problem87 0.00 5622 1 2392.00
problem88 0.00 4822 1 2392.00
problem89 0.00 5046 1 2392.00
problem90 0.00 5270 1 2392.00
problem91 0.00 6262 1 2392.00
problem92 0.00 4694 1 2392.00
problem93 0.00 5686 1 2392.00
problem94 0.00 4374 1 2392.00
problem95 0.00 5366 1 2392.00
problem96 0.00 4054 1 2392.00
problem97 0.00 4278 1 2392.00
problem98 0.00 5270 1 2392.00
problem99 0.00 6006 1 2392.00
