problem0 0.25 11650473107842 1
problem1 0.44 12900636748992 1
problem2 0.25 10891889684415 1
problem3 1 11928717978137 1
problem4 6.49 9982012707972 1
problem5 0.03 12344568936026 1
problem6 10.28 12729830350097 1
problem7 1.94 13021184740803 1
problem8 6.77 12788294412454 1
problem9 0.99 11041701942932 1
problem10 0.62 12223728269443 1
problem11 0.87 12404043297037 1
problem12 2.05 12075058266088 1
problem13 3.55 11329293305710 1
problem14 2.25 12617371972629 1
problem15 2.14 10950071082487 1
problem16 2.1 12407075724362 1
problem17 0.91 12091124458216 1
problem18 0.87 11340908585415 1
problem19 0.37 11156495384193 1
problem20 4.76 12775640915916 1
problem21 0.08 10669027123970 1
problem22 2.51 12378446607257 1
problem23 5.68 12479113911467 1
problem24 1.97 10110367140974 1
problem25 0.5 11570568405436 1
problem26 11.81 11572568537995 1
problem27 0.11 11112304206453 1
problem28 4.92 12327272481840 1
problem29 0.08 11057619310870 1
problem30 1.54 13011859467165 1
problem31 0.13 11546598840799 1
problem32 4.82 13548288739602 1
problem33 3.39 11692028666640 1
problem34 1.29 12241526674895 1
problem35 0.04 11217613122793 1
problem36 7.12 11606789094676 1
problem37 0.49 11679110511018 1
problem38 2.4 12871015935009 1
problem39 0.13 12810831357331 1
problem40 0.04 12246185108022 1
problem41 0.31 11846311245540 1
problem42 6.68 13067097620627 1
problem43 0.86 13068822064605 1
problem44 0.56 12063252765304 1
problem45 0.16 11053325751486 1
problem46 0.18 12779231806757 1
problem47 0.11 11521021808583 1
problem48 1.28 13232624773082 1
problem49 0.43 11633489210680 1
problem50 1.27 12228670000087 1
problem51 0.79 11696246224209 1
problem52 3.11 11693806103644 1
problem53 1.88 12823498062418 1
problem54 3.43 12351232214697 1
problem55 7.46 11531372292219 1
problem56 0.55 12748756806142 1
problem57 0.27 11682121569804 1
problem58 9.74 12456712456091 1
problem59 0.56 12681964065605 1
problem60 0.31 10770310759104 1
problem61 2.27 10806313597542 1
problem62 5.05 11406468497581 1
problem63 11.24 12657284333487 1
problem64 7.8 13204208367778 1
problem65 0.02 11110478807392 1
problem66 1.07 11997039068127 1
problem67 1.41 12926806972345 1
problem68 6.6 13405370510756 1
problem69 0.26 14073870525690 1
problem70 3.73 10980989846321 1
problem71 0.08 11959742850403 1
problem72 7.81 12163215696838 1
problem73 0.21 11890451955508 1
problem74 2.13 12132307914915 1
problem75 0.22 11711498064557 1
problem76 0.11 12008412609800 1
problem77 0.45 13545296890382 1
problem78 2.26 12705214111285 1
problem79 0.09 12828958075287 1
problem80 4.26 10128887429994 1
problem81 0.01 12199836606344 1
problem82 4.58 12334148042215 1
problem83 0.02 13556148311073 1
problem84 6.88 13563073642732 1
problem85 0.53 13804560398754 1
problem86 1.2 11878968320441 1
problem87 0.09 12236286057547 1
problem88 2.69 13662193913742 1
problem89 0.4 10843418735196 1
problem90 1.43 13459894393771 1
problem91 0.1 10908036082709 1
problem92 0.14 11763435620688 1
problem93 0.51 12105883943862 1
problem94 2.64 12697957244349 1
problem95 5.11 12252311735679 1
problem96 1.97 12433860472882 1
problem97 0.15 12800013043632 1
problem98 0.64 11337320151535 1
problem99 0.46 11790849190537 1
