problem0 0 43950145 0
problem1 0.01 58918427 0
problem2 0 49184765 0
problem3 0.01 54300123 0
problem4 0 47755200 0
problem5 0.01 58615198 0
problem6 0 45690746 1
problem7 0 56921439 0
problem8 0 40632124 0
problem9 0.01 51053855 0
problem10 0 51191547 0
problem11 0.01 51236060 0
problem12 0 41455290 1
problem13 0 55108762 1
problem14 0 51007100 0
problem15 0.01 51924061 0
problem16 0 52321851 0
problem17 0 47711258 1
problem18 0.01 47234555 0
problem19 0 48499674 1
problem20 0.01 50163133 0
problem21 0.01 64512925 0
problem22 0 54553981 0
problem23 0 43060059 0
problem24 0.01 45464890 1
problem25 0 53084954 1
problem26 0 58285309 0
problem27 0.01 41896670 0
problem28 0 44518587 0
problem29 0 49078941 0
problem30 0 31165565 0
problem31 0.01 47106650 1
problem32 0 57809981 0
problem33 0.01 50397722 1
problem34 0 46595066 1
problem35 0 60787162 1
problem36 0 41298874 1
problem37 0.01 50749853 0
problem38 0.01 52145020 0
problem39 0 55675226 1
problem40 0 59996986 1
problem41 0 48038174 0
problem42 0.01 58301182 0
problem43 0 46450906 1
problem44 0 44698300 0
problem45 0.01 48554139 0
problem46 0.01 58772091 0
problem47 0 39405658 1
problem48 0 39443002 1
problem49 0 41811995 0
problem50 0.01 55654906 1
problem51 0 49219547 0
problem52 0 37939647 0
problem53 0 67657626 1
problem54 0.01 51046781 0
problem55 0 52823898 1
problem56 0 50673978 1
problem57 0 48496414 0
problem58 0 42850554 1
problem59 0.01 60704476 0
problem60 0 50383035 0
problem61 0.01 40951454 0
problem62 0 49940603 0
problem63 0.01 53986908 0
problem64 0 55941186 0
problem65 0 38731291 0
problem66 0.01 45053949 0
problem67 0 51545562 1
problem68 0.01 48474042 1
problem69 0 48127387 0
problem70 0 42870650 1
problem71 0.01 47088988 0
problem72 0 46855995 0
problem73 0.01 50265374 0
problem74 0.01 62265085 0
problem75 0 55297243 0
problem76 0 48989883 0
problem77 0.01 47242402 0
problem78 0 46614138 1
problem79 0 57295963 0
problem80 0.01 52778555 0
problem81 0 45349914 1
problem82 0.01 56735227 0
problem83 0 50987996 0
problem84 0 51930557 0
problem85 0.01 46685086 0
problem86 0 40199546 1
problem87 0 51053402 1
problem88 0 52737338 1
problem89 0.01 53345054 0
problem90 0.01 49435901 0
problem91 0 51200730 1
problem92 0.01 53101755 0
problem93 0 50649755 0
problem94 0.01 52987003 0
problem95 0.01 53527131 0
problem96 0 55120954 1
problem97 0 53279260 0
problem98 0.01 48755707 0
problem99 0 51741146 1
