problem0 1.11 1566727530922 1
problem1 0.02 1429836697994 1
problem2 0 1728924937578 1
problem3 0.03 1660504866122 1
problem4 0.01 1613065208106 1
problem5 0.05 1536560281866 1
problem6 1.25 1542061253866 1
problem7 0.1 1501753754826 1
problem8 0.34 1573427206314 1
problem9 0.01 1553511817354 1
problem10 0.02 1463844936810 1
problem11 0.4 1516740889674 1
problem12 0.24 1561443512362 1
problem13 0.47 1558149613578 1
problem14 0.05 1430335919082 1
problem15 0.05 1463620604874 1
problem16 0.21 1430093285290 1
problem17 0 1633569124234 1
problem18 0.11 1512080296810 1
problem19 0 1535681108810 1
problem20 0.75 1527619100458 1
problem21 0.11 1456186087178 1
problem22 0.97 1398714254058 1
problem23 0.89 1639789978314 1
problem24 0.05 1563655583402 1
problem25 0.22 1429607890570 1
problem26 0.09 1464115952234 1
problem27 0.35 1568192850506 1
problem28 0.1 1605661822506 1
problem29 0.6 1550762206730 1
problem30 0.24 1323296518634 1
problem31 0.01 1376470544842 1
problem32 0.31 1426086340010 1
problem33 0.12 1409896992138 1
problem34 0.07 1516027226474 1
problem35 0.09 1520978016586 1
problem36 0 1601878719786 1
problem37 0.48 1427531068682 1
problem38 0.06 1685773361386 1
problem39 0.59 1450095083722 1
problem40 0.41 1521624781994 1
problem41 0.02 1445704850570 1
problem42 0.09 1438687680618 1
problem43 0.12 1528371775562 1
problem44 0.27 1584569838634 1
problem45 0.01 1449534850058 1
problem46 0.07 1717999947754 1
problem47 0.19 1490340106186 1
problem48 0.19 1551351251882 1
problem49 0.5 1532853939082 1
problem50 1.39 1677280741226 1
problem51 0 1540025702218 1
problem52 0.18 1574790585130 1
problem53 0.04 1382815273738 1
problem54 0.44 1394860785386 1
problem55 0.29 1354515390154 1
problem56 0.36 1547058573994 1
problem57 1.66 1448123398794 1
problem58 0.39 1598953043562 1
problem59 0.8 1458346731082 1
problem60 0.01 1546351725098 1
problem61 0.93 1702083666442 1
problem62 0.2 1537348939242 1
problem63 0.61 1505521102282 1
problem64 0.23 1390215717290 1
problem65 0.15 1299004852618 1
problem66 0 1554398733674 1
problem67 0.11 1482094540106 1
problem68 0.07 1666337552682 1
problem69 0.03 1426057441546 1
problem70 0.04 1579183037674 1
problem71 1.63 1465659571402 1
problem72 0.08 1464802824362 1
problem73 0.44 1317543975050 1
problem74 0.24 1297311503466 1
problem75 0.98 1556625736778 1
problem76 0.08 1539191646250 1
problem77 0.24 1519074197514 1
problem78 0.1 1456592882666 1
problem79 0.13 1603341683658 1
problem80 0.01 1454720368554 1
problem81 0.55 1516743108490 1
problem82 0.03 1633652032362 1
problem83 0.04 1408253596490 1
problem84 0.02 1306228496170 1
problem85 0.21 1626916572938 1
problem86 0.4 1436520757994 1
problem87 0.32 1483819440842 1
problem88 0.08 1477660520106 1
problem89 0.72 1518762571402 1
problem90 0.02 1569789702762 1
problem91 0.98 1403241521738 1
problem92 0.08 1508194551338 1
problem93 0.74 1657360211466 1
problem94 0.13 1463786400234 1
problem95 0.78 1518453402058 1
problem96 0.05 1466631855530 1
problem97 0.03 1688792024458 1
problem98 0.42 1439238791530 1
problem99 0.04 1654449844554 1
