problem0 0 15151090 1
problem1 0 14633170 1
problem2 0 15500722 1
problem3 0 15885970 1
problem4 0 17066866 1
problem5 0 14029906 1
problem6 0 15393074 1
problem7 0 17191442 1
problem8 0.01 16508658 1
problem9 0 13049810 1
problem10 0 15432882 1
problem11 0 14974354 1
problem12 0 14000754 1
problem13 0 12217170 1
problem14 0 12474418 1
problem15 0 13953298 1
problem16 0 14786034 1
problem17 0 14677714 1
problem18 0 13333426 1
problem19 0.01 15176850 1
problem20 0 17815922 1
problem21 0 14664274 1
problem22 0 13815602 1
problem23 0 12877842 1
problem24 0 14701810 1
problem25 0 15846866 1
problem26 0 13920946 1
problem27 0 14396306 1
problem28 0 13308018 1
problem29 0 15604050 1
problem30 0 15746610 1
problem31 0.01 16062226 1
problem32 0 15207410 1
problem33 0 16557266 1
problem34 0 13525426 1
problem35 0 15778450 1
problem36 0 14632818 1
problem37 0 16609362 1
problem38 0 14073138 1
problem39 0 13544978 1
problem40 0 14729970 1
problem41 0 12614610 1
problem42 0 16341170 1
problem43 0 13031826 1
problem44 0 15498866 1
problem45 0.01 16107346 1
problem46 0 15086642 1
problem47 0 14238994 1
problem48 0 17988082 1
problem49 0 13456082 1
problem50 0 13979570 1
problem51 0 15593618 1
problem52 0 14857586 1
problem53 0 15670866 1
problem54 0 14068530 1
problem55 0 13425682 1
problem56 0.01 14495986 1
problem57 0 15411666 1
problem58 0 11683506 1
problem59 0 17172370 1
problem60 0 14281842 1
problem61 0 16348498 1
problem62 0 13640242 1
problem63 0 14250770 1
problem64 0 18409458 1
problem65 0 14811346 1
problem66 0 13647282 1
problem67 0 15670930 1
problem68 0 15344498 1
problem69 0 15518802 1
problem70 0 15898930 1
problem71 0 13044242 1
problem72 0 15048434 1
problem73 0.01 15325138 1
problem74 0 14628018 1
problem75 0 16332178 1
problem76 0 14899826 1
problem77 0 14230354 1
problem78 0 12980274 1
problem79 0 15573266 1
problem80 0 13325810 1
problem81 0 14331602 1
problem82 0.01 13577138 1
problem83 0 14437522 1
problem84 0 15569266 1
problem85 0 15104594 1
problem86 0 15894322 1
problem87 0 14497810 1
problem88 0 12193010 1
problem89 0 14976466 1
problem90 0 14164658 1
problem91 0 14705554 1
problem92 0 12634226 1
problem93 0 15520082 1
problem94 0 15203890 1
problem95 0 14012178 1
problem96 0 14271474 1
problem97 0 13589714 1
problem98 0.01 14293426 1
problem99 0 13990546 1
