problem0 0 599950 1 0.00
problem1 0.00 642158 1 0.00
problem2 0.00 511310 1 0.00
problem3 0.00 535086 1 0.00
problem4 0.00 533262 1 0.00
problem5 0.00 587758 1 0.00
problem6 0.00 583886 1 0.00
problem7 0.00 603566 1 0.00
problem8 0.00 581262 1 0.00
problem9 0.00 631662 1 0.00
problem10 0.00 656462 1 0.00
problem11 0.00 622894 1 0.00
problem12 0.00 612878 1 0.00
problem13 0.00 659182 1 0.00
problem14 0.00 581582 1 0.00
problem15 0.00 576686 1 0.00
problem16 0.00 578958 1 0.00
problem17 0.00 637550 1 0.00
problem18 0.00 605006 1 0.00
problem19 0.00 612398 1 0.00
problem20 0.00 545038 1 0.00
problem21 0.00 583150 1 0.00
problem22 0.00 612046 1 0.00
problem23 0.00 566190 1 0.00
problem24 0.00 576654 1 0.00
problem25 0.00 545134 1 0.00
problem26 0.00 635470 1 0.00
problem27 0.00 585518 1 0.00
problem28 0.00 641038 1 0.00
problem29 0.00 539886 1 0.00
problem30 0.00 609742 1 0.00
problem31 0.00 539310 1 0.00
problem32 0.00 590734 1 0.00
problem33 0.00 567406 1 0.00
problem34 0.00 534862 1 0.00
problem35 0.00 493102 1 0.00
problem36 0.00 573198 1 0.00
problem37 0.00 578542 1 0.00
problem38 0.00 623822 1 0.00
problem39 0.00 594350 1 0.00
problem40 0.00 572046 1 0.00
problem41 0.00 556910 1 0.00
problem42 0.00 630862 1 0.00
problem43 0.00 613678 1 0.00
problem44 0.00 603662 1 0.00
problem45 0.00 584430 1 0.00
problem46 0.00 621518 1 0.00
problem47 0.00 633006 1 0.00
problem48 0.00 618894 1 0.00
problem49 0.00 628334 1 0.00
problem50 0.00 563022 1 0.00
problem51 0.00 603182 1 0.00
problem52 0.00 535822 1 0.00
problem53 0.00 672238 1 0.00
problem54 0.00 635598 1 0.00
problem55 0.00 556974 1 0.00
problem56 0.00 600206 1 0.00
problem57 0.00 634222 1 0.00
problem58 0.00 609870 1 0.00
problem59 0.00 543534 1 0.00
problem60 0.00 566286 1 0.00
problem61 0.00 579822 1 0.00
problem62 0.00 600526 1 0.00
problem63 0.00 513710 1 0.00
problem64 0.00 630670 1 0.00
problem65 0.00 558190 1 0.00
problem66 0.00 542030 1 0.00
problem67 0.00 582190 1 0.00
problem68 0.00 613134 1 0.00
problem69 0.00 536558 1 0.00
problem70 0.00 581838 1 0.00
problem71 0.00 568750 1 0.00
problem72 0.00 628366 1 0.00
problem73 0.00 613230 1 0.00
problem74 0.00 638030 1 0.00
problem75 0.00 555310 1 0.00
problem76 0.00 578062 1 0.00
problem77 0.00 558830 1 0.00
problem78 0.00 513998 1 0.00
problem79 0.00 591022 1 0.00
problem80 0.00 658830 1 0.00
problem81 0.00 668270 1 0.00
problem82 0.00 537422 1 0.00
problem83 0.00 561198 1 0.00
problem84 0.00 575758 1 0.00
problem85 0.00 613870 1 0.00
problem86 0.00 511694 1 0.00
problem87 0.00 695214 1 0.00
problem88 0.00 607374 1 0.00
problem89 0.00 608622 1 0.00
problem90 0.00 649806 1 0.00
problem91 0.00 534318 1 0.00
problem92 0.00 606222 1 0.00
problem93 0.00 619758 1 0.00
problem94 0.00 591310 1 0.00
problem95 0.00 586414 1 0.00
problem96 0.00 605070 1 0.00
problem97 0.00 614510 1 0.00
problem98 0.00 581966 1 0.00
problem99 0.00 589358 1 0.00
