problem0 0 705872585 1 2280.00
problem1 0.00 631248835 1 2336.00
problem2 0.00 671626998 1 2336.00
problem3 0.01 564549372 1 2336.00
problem4 0.00 671479307 1 2336.00
problem5 0.00 537572221 1 2336.00
problem6 0.00 561963848 1 2336.00
problem7 0.00 690844550 1 2336.00
problem8 0.01 498818029 1 2336.00
problem9 0.00 524152663 1 2336.00
problem10 0.00 625477434 1 2336.00
problem11 0.01 581574960 1 2336.00
problem12 0.00 561194607 1 2336.00
problem13 0.00 541242705 1 2336.00
problem14 0.01 588014796 1 2336.00
problem15 0.00 678926842 1 2336.00
problem16 0.00 624633745 1 2336.00
problem17 0.01 607194987 1 2336.00
problem18 0.00 635395582 1 2336.00
problem19 0.00 669595620 1 2336.00
problem20 0.00 747688275 1 2336.00
problem21 0.01 617228197 1 2336.00
problem22 0.00 569439440 1 2336.00
problem23 0.00 599028974 1 2336.00
problem24 0.00 614675893 1 2336.00
problem25 0.01 556943359 1 2336.00
problem26 0.00 601869122 1 2336.00
problem27 0.00 763030296 1 2336.00
problem28 0.00 691340983 1 2336.00
problem29 0.01 583719545 1 2336.00
problem30 0.00 631972692 1 2336.00
problem31 0.00 611603554 1 2336.00
problem32 0.01 572429913 1 2336.00
problem33 0.00 707553555 1 2336.00
problem34 0.00 658824966 1 2336.00
problem35 0.00 691571404 1 2336.00
problem36 0.01 560977563 1 2336.00
problem37 0.00 608214477 1 2336.00
problem38 0.00 616792152 1 2336.00
problem39 0.00 648644694 1 2336.00
problem40 0.00 674388349 1 2336.00
problem41 0.01 628900519 1 2336.00
problem42 0.00 674507082 1 2336.00
problem43 0.00 637363968 1 2336.00
problem44 0.01 634081535 1 2336.00
problem45 0.00 590954913 1 2336.00
problem46 0.00 588028892 1 2336.00
problem47 0.01 568877258 1 2336.00
problem48 0.00 570265377 1 2336.00
problem49 0.00 556836027 1 2336.00
problem50 0.00 524106254 1 2336.00
problem51 0.01 551997364 1 2336.00
problem52 0.00 629900771 1 2336.00
problem53 0.00 588551669 1 2336.00
problem54 0.01 568526304 1 2336.00
problem55 0.00 614935998 1 2336.00
problem56 0.00 595150661 1 2336.00
problem57 0.01 608853839 1 2336.00
problem58 0.00 563716434 1 2336.00
problem59 0.00 647238888 1 2336.00
problem60 0.00 619611463 1 2336.00
problem61 0.01 600074953 1 2336.00
problem62 0.00 577588836 1 2336.00
problem63 0.00 595476274 1 2336.00
problem64 0.01 699961833 1 2336.00
problem65 0.00 704397923 1 2336.00
problem66 0.00 728559382 1 2336.00
problem67 0.01 610698908 1 2336.00
problem68 0.00 661413675 1 2336.00
problem69 0.00 655134749 1 2336.00
problem70 0.01 534513000 1 2336.00
problem71 0.00 577234214 1 2336.00
problem72 0.00 656965389 1 2336.00
problem73 0.00 652942839 1 2336.00
problem74 0.01 604287834 1 2336.00
problem75 0.00 633435344 1 2336.00
problem76 0.00 636953487 1 2336.00
problem77 0.01 700634609 1 2336.00
problem78 0.00 531217132 1 2336.00
problem79 0.00 570453914 1 2336.00
problem80 0.01 600841905 1 2336.00
problem81 0.00 745390603 1 2336.00
problem82 0.00 572030494 1 2336.00
problem83 0.00 659173252 1 2336.00
problem84 0.01 691724915 1 2336.00
problem85 0.00 655297605 1 2336.00
problem86 0.00 635109104 1 2336.00
problem87 0.00 549858958 1 2336.00
problem88 0.01 630227157 1 2336.00
problem89 0.00 567082655 1 2336.00
problem90 0.00 604626786 1 2336.00
problem91 0.00 673711800 1 2336.00
problem92 0.01 534621143 1 2336.00
problem93 0.00 564855577 1 2336.00
problem94 0.00 624845172 1 2336.00
problem95 0.01 609841666 1 2336.00
problem96 0.00 610579833 1 2336.00
problem97 0.00 595829683 1 2336.00
problem98 0.00 673474342 1 2336.00
problem99 0.01 558123628 1 2336.00
