problem0 27.36 4529314922473 1 9040.00
problem1 21.30 4844086123031 1 12272.00
problem2 13.23 4243983773941 1 12272.00
problem3 15.98 5073306172419 1 12272.00
problem4 16.86 4606383439553 1 12272.00
problem5 21.18 4685961291951 1 12272.00
problem6 27.17 4199255881037 1 12272.00
problem7 21.19 4687086636059 1 12272.00
problem8 16.62 4512695443609 1 12272.00
problem9 23.80 4548370174535 1 12272.00
problem10 10.36 4629865811109 1 12272.00
problem11 10.46 4724280796979 1 12272.00
problem12 15.31 4530782750065 1 12272.00
problem13 39.46 4460824180447 1 12272.00
problem14 17.34 4582581131005 1 12272.00
problem15 12.96 4613954383179 1 12272.00
problem16 16.14 4610565459273 1 12272.00
problem17 20.26 4384478836343 1 12272.00
problem18 30.58 4367016408149 1 12272.00
problem19 15.40 4647864647267 1 12272.00
problem20 14.62 5139182901281 1 12272.00
problem21 20.19 4902440726799 1 12272.00
problem22 12.89 4991205721261 1 8720.00
problem23 15.15 4596700756603 1 11264.00
problem24 26.51 4275656050169 1 11264.00
problem25 17.99 4764816197287 1 11264.00
problem26 9.59 5205683693573 1 11264.00
problem27 6.53 4863307678099 1 11264.00
problem28 39.52 4451815454417 1 11264.00
problem29 7.89 5209876272959 1 11264.00
problem30 13.96 4634340490845 1 11264.00
problem31 28.02 4563666269099 1 11264.00
problem32 13.59 4494483966633 1 11264.00
problem33 16.92 4594433180375 1 11264.00
problem34 51.60 4015569135541 1 11264.00
problem35 18.81 4670297632963 1 11264.00
problem36 30.98 4263999480193 1 11264.00
problem37 6.65 4937113971055 1 11264.00
problem38 21.40 4434900812813 1 11264.00
problem39 31.88 4561550498011 1 11264.00
problem40 50.45 4448819862361 1 11264.00
problem41 32.39 4149460937479 1 9212.00
problem42 9.65 5093861634917 1 12444.00
problem43 21.12 4097169329139 1 12444.00
problem44 14.43 4084600526897 1 12444.00
problem45 18.09 4904393156511 1 12444.00
problem46 28.26 4657342469565 1 12444.00
problem47 12.57 4373965302283 1 12444.00
problem48 9.43 5375521716233 1 12444.00
problem49 10.53 4708548968247 1 12444.00
problem50 21.34 4487264717589 1 12444.00
problem51 45.86 4026264015651 1 12444.00
problem52 12.60 4609316985569 1 12444.00
problem53 21.72 4312796631503 1 12444.00
problem54 11.23 4648621437805 1 12444.00
problem55 20.61 4703356135227 1 12444.00
problem56 20.97 4307425304761 1 12444.00
problem57 11.66 4662430056295 1 12444.00
problem58 32.15 4464694144709 1 12444.00
problem59 12.85 4858999850579 1 12444.00
problem60 18.60 4236119435665 1 12444.00
problem61 21.99 4370008369151 1 12444.00
