problem0 0.02 144515655842 1
problem1 0.02 160814870027 1
problem2 0.02 150407686947 1
problem3 0.04 140302988352 1
problem4 0.22 146165744540 1
problem5 0.01 142500657869 1
problem6 0.03 139911443021 1
problem7 0.06 144008802034 1
problem8 0.02 142610822518 1
problem9 0.01 144168358895 1
problem10 0.13 145976138071 1
problem11 0.89 162960200452 1
problem12 0.2 161166149680 1
problem13 0.02 138250505073 1
problem14 0 133802908225 1
problem15 0.23 154073244278 1
problem16 0.02 153324316106 1
problem17 0 141832147795 1
problem18 0.07 153996185355 1
problem19 0.22 141494779720 1
problem20 0 139963750468 1
problem21 0 150202727829 1
problem22 0.02 132551356853 1
problem23 0.29 151646432122 1
problem24 0.14 159473174942 1
problem25 0.14 140375227447 1
problem26 0.01 154593795135 1
problem27 0.11 116985383180 1
problem28 0.03 147271926744 1
problem29 0.02 146485207353 1
problem30 0.03 140646353065 1
problem31 0.01 168885410302 1
problem32 0.02 162432004338 1
problem33 0.05 144304971419 1
problem34 0.01 145832792307 1
problem35 0.18 161104314448 1
problem36 0.24 148210178796 1
problem37 0.35 140848711261 1
problem38 0.1 145360760605 1
problem39 0.17 144542563842 1
problem40 0.01 143633460166 1
problem41 0.16 153690524287 1
problem42 0 131891117351 1
problem43 0.25 144059266324 1
problem44 0.09 140462452096 1
problem45 0.01 122710097153 1
problem46 0.03 147272693009 1
problem47 0.04 132342835078 1
problem48 0.09 158004759066 1
problem49 0 146483810275 1
problem50 0.08 136872669403 1
problem51 0.27 152551520088 1
problem52 0.02 145641065364 1
problem53 0.83 131479573797 1
problem54 0.02 149851056773 1
problem55 0.3 143617631882 1
problem56 0.04 142728387566 1
problem57 0.12 142847573703 1
problem58 0.1 154060422159 1
problem59 0.15 136116426524 1
problem60 0.02 158640489768 1
problem61 0.08 144459538121 1
problem62 0 155349327737 1
problem63 0.2 139591502606 1
problem64 0.05 141406679362 1
problem65 0.77 145332021035 1
problem66 0.06 142279962307 1
problem67 0.03 143350801504 1
problem68 0.01 136585357884 1
problem69 0.07 143387208173 1
problem70 0.03 145532724205 1
problem71 0.25 164731643154 1
problem72 0 140471376406 1
problem73 0.28 139583658255 1
problem74 0.16 116618090743 1
problem75 1.09 138709921572 1
problem76 0.02 139041852112 1
problem77 0.2 166347523729 1
problem78 0.1 141728057313 1
problem79 0.3 135828931734 1
problem80 0.02 162083268202 1
problem81 0.01 164176258163 1
problem82 0.05 157402827435 1
problem83 0.11 138608494440 1
problem84 0.02 147046069988 1
problem85 0 117423047861 1
problem86 0.07 138037828437 1
problem87 0.03 137214015898 1
problem88 0.35 145370474046 1
problem89 0.45 144621279575 1
problem90 0.04 152761226207 1
problem91 0.38 125659725100 1
problem92 0.02 132180016760 1
problem93 0.04 145829688409 1
problem94 0.15 148236742217 1
problem95 1.1 144071660574 1
problem96 0.07 144286345618 1
problem97 0.03 157277669307 1
problem98 0.25 133748458643 1
problem99 0.33 157664305264 1
