problem0 0.56 3215756683 1
problem1 0.05 3031803485 1
problem2 0.03 3138373112 1
problem3 0.17 3325083382 1
problem4 0.07 2917616269 1
problem5 0.14 2954234391 1
problem6 0.01 3509490314 1
problem7 0.05 3289520640 1
problem8 0 3182952239 1
problem9 0.07 3085337329 1
problem10 0.41 2981211068 1
problem11 0.01 3191434026 1
problem12 1.13 3009199473 1
problem13 0.4 3141376747 1
problem14 0.65 2951426958 1
problem15 0.11 2950106228 1
problem16 0.04 2685941587 1
problem17 0.05 2986343429 1
problem18 1.17 3148803072 1
problem19 0.02 3327293406 1
problem20 0.09 2849226453 1
problem21 0.03 3300552767 1
problem22 0.02 2642687762 1
problem23 0.53 2708752232 1
problem24 1.04 3294709239 1
problem25 0.24 3281772953 1
problem26 0.85 2843219652 1
problem27 0.1 3283105042 1
problem28 0.03 2791136953 1
problem29 0.08 2794412563 1
problem30 0.09 3398380822 1
problem31 0.56 3163495132 1
problem32 0.25 3014736667 1
problem33 0.84 3363177389 1
problem34 0.95 3235363848 1
problem35 0.31 2671309510 1
problem36 0.66 3082071325 1
problem37 0.12 2810259559 1
problem38 0.28 3155928474 1
problem39 0.02 3072251600 1
problem40 0.08 2834310847 1
problem41 0.17 3165401665 1
problem42 0.16 3174198220 1
problem43 0.22 2764374266 1
problem44 0.55 3229530625 1
problem45 0.12 3025578811 1
problem46 0.2 3354603678 1
problem47 0.12 2897005380 1
problem48 0.14 3205503203 1
problem49 0.08 3120446805 1
problem50 0.21 2814817808 1
problem51 0.08 2724114350 1
problem52 0.1 3112867173 1
problem53 0.02 3239621263 1
problem54 0.49 2832817698 1
problem55 0.04 2979285048 1
problem56 0.02 2672632199 1
problem57 0.34 2903373033 1
problem58 0.07 3219991252 1
problem59 0.19 2810334946 1
problem60 0.08 3289468745 1
problem61 0.07 2589068899 1
problem62 0.77 2865479206 1
problem63 0.18 3192036780 1
problem64 0.12 3211612331 1
problem65 0.24 3265210621 1
problem66 0.48 3008911896 1
problem67 0.11 2623418006 1
problem68 0.44 2750805933 1
problem69 0.12 2656014007 1
problem70 0.37 3342983338 1
problem71 0.33 3799456672 1
problem72 0.3 2818618959 1
problem73 0.05 2899814801 1
problem74 0.33 2790577116 1
problem75 0 3105005258 1
problem76 0.36 2986712721 1
problem77 0.43 3328181131 1
problem78 1.06 3110950318 1
problem79 0.04 2961379860 1
problem80 0.13 3131138675 1
problem81 0.03 2826913445 1
problem82 0.42 3288934432 1
problem83 0.41 2901536638 1
problem84 0.37 2922861557 1
problem85 0.07 2819898591 1
problem86 0.51 3262754098 1
problem87 0.12 2961821960 1
problem88 0.19 2956158231 1
problem89 0.03 2990526521 1
problem90 0.64 2931156708 1
problem91 0.11 3317723314 1
problem92 0.27 2985043929 1
problem93 0 3061779123 1
problem94 0.2 2915858230 1
problem95 0.01 2881529980 1
problem96 0.24 2535771707 1
problem97 0.01 2883917389 1
problem98 0.06 2817892392 1
problem99 0.06 2666820198 1
