problem0 16.56 51005063360981 1
problem1 5.62 50879672252941 1
problem2 12.59 53499240030917 1
problem3 7.41 53893175780349 1
problem4 23.41 46132998190517 1
problem5 3.14 50048428314605 1
problem6 6.37 47106811456165 1
problem7 8.97 46374893026781 1
problem8 25.1 46389386019221 1
problem9 12.62 50534652095949 1
problem10 18.65 52769279031941 1
problem11 3.03 49358827741117 1
problem12 0.71 51975461033333 1
problem13 44.57 55743239607213 1
problem14 1.66 47648334385765 1
problem15 20.21 46314990750109 1
problem16 0.06 47430196474197 1
problem17 0.27 51536569762189 1
problem18 5.16 53806473605701 1
problem19 4.37 53533393861501 1
problem20 10.82 49510063183157 1
problem21 3.8 53366938613613 1
problem22 25.58 45916203112997 1
problem23 6.02 49900797703517 1
problem24 0.35 52298810687765 1
problem25 12.58 52288283571533 1
problem26 8.57 44271314553349 1
problem27 1.06 56245400680253 1
problem28 5.73 55364735923445 1
problem29 4.03 50062709209901 1
problem30 3.21 46754065957349 1
problem31 9.73 55286701637917 1
problem32 2.53 51820137279701 1
problem33 79.19 50320907700493 1
problem34 14.24 47148385419717 1
problem35 1.29 52357210624765 1
problem36 11.9 49950233031861 1
problem37 7.6 49756938985197 1
problem38 12.08 54037190330789 1
problem39 1.64 51496124050653 1
problem40 0.47 53644753469589 1
problem41 19.76 46949556731085 1
problem42 42.74 48711171004805 1
problem43 2.36 48070034001597 1
problem44 14.97 44513160205429 1
problem45 1.59 49018870768301 1
problem46 63.41 44816759615845 1
problem47 0.05 51114811242653 1
problem48 0.19 51445399629909 1
problem49 1.72 49730066944141 1
problem50 22.19 54030214697285 1
problem51 19.3 54034801453693 1
problem52 4.59 47033934730293 1
problem53 4.38 53810975082093 1
problem54 4.96 51216309565733 1
problem55 1.63 58112939336797 1
problem56 26.6 50188566855701 1
problem57 6.34 54024996684877 1
problem58 11.33 52321322330373 1
problem59 7.77 47676710839869 1
problem60 2.48 49015466079221 1
problem61 10.25 52258857486893 1
problem62 57.63 48814118215909 1
problem63 10.11 46662335574045 1
problem64 1.42 47425619423189 1
problem65 0.1 50957905795085 1
problem66 2.91 50463486959813 1
problem67 22.4 48769471775229 1
problem68 1.34 51854255109045 1
problem69 5.93 47894305451501 1
problem70 12.67 55032316700837 1
problem71 4.57 51004374014941 1
problem72 0.23 46469754453909 1
problem73 1.82 50760797834189 1
problem74 10.53 47143185741957 1
problem75 2.49 52073038560701 1
problem76 1.79 48131516519285 1
problem77 1.43 54415428252077 1
problem78 0.47 51604139626597 1
problem79 1.06 50808708474781 1
problem80 49.31 57478333673301 1
problem81 21.41 54444515794829 1
problem82 0.04 48780118667333 1
problem83 31.88 53429831473533 1
problem84 14.38 54581347816245 1
problem85 8.89 47565843387757 1
problem86 4.02 47778663798821 1
problem87 15.57 55543610086237 1
problem88 9.83 55654261686037 1
problem89 0.14 50757905257293 1
problem90 2.64 53567110088709 1
problem91 1.97 52771213874493 1
problem92 10.52 48301875032821 1
problem93 96.76 54452816468269 1
problem94 2.34 52266081845221 1
problem95 9.53 53606374645533 1
problem96 1.09 52697061912277 1
problem97 5.44 50530372888333 1
problem98 6.99 45405614899141 1
problem99 10.76 48327876292861 1
