problem0 0.471324 396801041111181 1713 1 0.372768 18996.00
problem1 0.05 500492488229154 348 1 0.04 11992.00
problem2 0.10 447405044386406 1681 1 0.05 11992.00
problem3 0.09 542062426224654 576 1 0.04 11992.00
problem4 0.06 509548918174610 1067 1 0.04 11992.00
problem5 0.08 577079448304969 602 1 0.04 11992.00
problem6 0.12 593526545000693 549 1 0.03 11992.00
problem7 0.05 544977407852302 479 1 0.04 11992.00
problem8 0.07 477203355545816 639 1 0.04 11992.00
problem9 0.06 487724007570422 503 1 0.05 11992.00
problem10 0.04 596733716445797 207 1 0.03 11992.00
problem11 0.08 603041828104219 930 1 0.04 11992.00
problem12 0.07 544848738802090 630 1 0.04 11992.00
problem13 0.07 496232762339302 1249 1 0.04 11992.00
problem14 0.06 576083227801166 507 1 0.04 11992.00
problem15 0.08 518941040740914 693 1 0.04 11992.00
problem16 0.11 506620903668401 1501 1 0.05 11992.00
problem17 0.05 582390518974236 223 1 0.03 11992.00
problem18 0.04 536923231391758 347 1 0.03 11992.00
problem19 0.06 430452207244975 768 1 0.05 11992.00
problem20 0.08 567724604159524 1289 1 0.05 11992.00
problem21 0.05 567445790784742 404 1 0.03 11992.00
problem22 0.09 511018538511783 878 1 0.04 11992.00
problem23 0.07 607939342467772 628 1 0.04 11992.00
problem24 0.07 533119356179157 783 1 0.03 11992.00
problem25 0.05 525081901694808 508 1 0.04 11992.00
problem26 0.23 434181363336214 3161 2 0.14 13044.00
problem27 0.85 503864775891982 3041 1 0.08 13044.00
problem28 0.06 611353786287767 229 1 0.05 13044.00
problem29 0.08 507901352612572 605 1 0.06 13044.00
problem30 0.07 595134731058936 302 1 0.06 13044.00
problem31 0.06 622716776347831 403 1 0.05 13044.00
problem32 0.09 524235761068840 1027 1 0.07 13044.00
problem33 0.10 504593198097322 881 1 0.08 13044.00
problem34 0.19 514622820477603 1719 1 0.07 13044.00
problem35 0.07 556238275093273 329 1 0.06 13044.00
problem36 0.15 438622425863603 3135 1 0.08 13044.00
problem37 0.06 629284469488783 153 1 0.03 13044.00
problem38 0.09 540263736776705 409 1 0.06 13044.00
problem39 0.07 594908765301808 303 1 0.06 13044.00
problem40 0.12 531631348563343 1152 1 0.06 13044.00
problem41 0.13 514076764797296 2343 1 0.08 13044.00
problem42 0.07 541791530771649 324 1 0.06 13044.00
problem43 0.10 563394061613929 461 1 0.06 13044.00
problem44 0.44 522266346109335 2374 1 0.07 13044.00
problem45 0.07 524504198516578 228 1 0.06 13044.00
problem46 0.04 573586413693151 170 1 0.03 13044.00
problem47 0.10 451995713540368 636 1 0.07 13044.00
problem48 0.05 582896162712232 191 1 0.05 13044.00
problem49 0.10 487589103325342 874 1 0.07 13044.00
problem50 0.10 426537116948232 835 1 0.06 13044.00
problem51 0.08 520061478691035 460 1 0.06 13044.00
problem52 0.13 485362022427359 1504 1 0.08 13044.00
problem53 0.19 505646115134925 2156 1 0.08 13044.00
problem54 0.10 537178702410603 530 1 0.05 13044.00
problem55 0.12 501604042941215 567 1 0.06 13044.00
problem56 0.10 505728776564160 897 1 0.08 13044.00
problem57 0.15 552747078463697 1063 1 0.07 13044.00
problem58 0.09 497315250618707 1087 1 0.07 13044.00
problem59 0.09 406663646706439 651 1 0.07 13044.00
problem60 0.08 534708962581791 693 1 0.07 13044.00
problem61 0.07 545107937989551 236 1 0.07 13044.00
problem62 0.14 494457550288056 1854 1 0.09 13044.00
problem63 0.39 459648721716908 3435 2 0.26 19580.00
problem64 0.09 536524384040788 702 1 0.07 19580.00
problem65 0.14 560424984999889 702 1 0.06 19580.00
problem66 0.10 468278803413699 850 1 0.07 19580.00
problem67 0.17 403139020714458 1709 1 0.09 19580.00
problem68 0.09 526367379912412 639 1 0.08 19580.00
problem69 0.08 516262292434890 464 1 0.07 19580.00
problem70 0.10 483106030328043 648 1 0.07 19580.00
problem71 0.07 592562314824152 242 1 0.05 19580.00
problem72 0.17 439845472475162 1828 1 0.11 19580.00
problem73 0.13 407613866498426 1509 1 0.10 19580.00
problem74 0.13 564563181028314 594 1 0.06 19580.00
problem75 0.08 576993859444471 718 1 0.06 19580.00
problem76 0.06 494533105806709 364 1 0.05 19580.00
problem77 0.20 527360094282989 2350 1 0.09 19580.00
problem78 0.09 485877689419023 730 1 0.07 19580.00
problem79 0.18 475567411286517 1841 1 0.10 19580.00
problem80 0.13 622108062950723 504 1 0.06 19580.00
problem81 0.07 503790666199635 627 1 0.06 19580.00
problem82 0.12 472020068685216 1447 1 0.10 19580.00
problem83 0.09 470610323636254 713 1 0.08 19580.00
problem84 0.07 547465458086342 366 1 0.06 19580.00
problem85 0.11 503591428657881 1362 1 0.08 19580.00
problem86 0.10 544000439580464 550 1 0.07 19580.00
problem87 0.14 581823752139594 784 1 0.07 19580.00
problem88 0.10 508234156323941 723 1 0.07 19580.00
problem89 0.20 456895901745589 2798 1 0.09 19580.00
problem90 0.16 516490019133086 1999 1 0.08 19580.00
problem91 0.10 503348798424686 428 1 0.08 19580.00
problem92 0.09 563171770134700 571 1 0.07 19580.00
problem93 0.07 614297727166661 281 1 0.06 19580.00
problem94 0.17 485827344618600 2738 1 0.10 19580.00
problem95 0.10 468563835191209 994 1 0.08 19580.00
problem96 0.10 531710071775301 395 1 0.06 19580.00
problem97 0.12 494855587599496 1164 1 0.07 19580.00
problem98 0.09 522613715650508 799 1 0.07 19580.00
problem99 0.08 558253865536735 538 1 0.06 19580.00
