problem0 0 1647119869 0 2208.00
problem1 0.00 1470568275 0 2264.00
problem2 0.00 1609612076 0 2264.00
problem3 0.00 1954017144 0 2264.00
problem4 0.00 1726883732 0 2264.00
problem5 0.00 1465020565 0 2264.00
problem6 0.00 1437217642 1 2264.00
problem7 0.00 1410668201 0 2264.00
problem8 0.00 1707055288 0 2264.00
problem9 0.00 1753549884 0 2264.00
problem10 0.00 1175056966 0 2264.00
problem11 0.00 1682536054 0 2264.00
problem12 0.00 1296193450 0 2264.00
problem13 0.00 1350454339 0 2264.00
problem14 0.00 1701929360 0 2264.00
problem15 0.00 1506975808 0 2264.00
problem16 0.00 1274724423 0 2264.00
problem17 0.00 1493595037 0 2264.00
problem18 0.00 1449544373 0 2264.00
problem19 0.00 1400636964 0 2264.00
problem20 0.00 1902808363 0 2264.00
problem21 0.00 1483777068 0 2264.00
problem22 0.00 1578948773 0 2264.00
problem23 0.00 1867577677 0 2264.00
problem24 0.00 1485493965 0 2264.00
problem25 0.00 1753014128 0 2264.00
problem26 0.00 1533121699 0 2264.00
problem27 0.00 1403956417 0 2264.00
problem28 0.00 1571166170 0 2264.00
problem29 0.00 1578764450 0 2264.00
problem30 0.00 1373858081 0 2264.00
problem31 0.00 1580609985 0 2264.00
problem32 0.01 1636968944 0 2264.00
problem33 0.00 1544020015 0 2264.00
problem34 0.00 1272815636 0 2264.00
problem35 0.00 1788771240 0 2264.00
problem36 0.00 1279936515 0 2264.00
problem37 0.00 1247348232 0 2264.00
problem38 0.00 1679942518 0 2264.00
problem39 0.00 1399216590 0 2264.00
problem40 0.00 1625885571 0 2264.00
problem41 0.00 1691681066 0 2264.00
problem42 0.00 1652702451 0 2264.00
problem43 0.00 1583775903 0 2264.00
problem44 0.00 1023569332 0 2264.00
problem45 0.00 1379545016 0 2264.00
problem46 0.00 1553667872 0 2264.00
problem47 0.00 1732477309 0 2264.00
problem48 0.00 1566427566 0 2264.00
problem49 0.00 1449121324 0 2264.00
problem50 0.00 1425881989 0 2264.00
problem51 0.00 1774177854 0 2264.00
problem52 0.00 1645205759 0 2264.00
problem53 0.00 1631065462 0 2264.00
problem54 0.00 1656214587 0 2264.00
problem55 0.00 1844295746 0 2264.00
problem56 0.00 1676981696 0 2264.00
problem57 0.00 1555165182 0 2264.00
problem58 0.00 1665297233 0 2264.00
problem59 0.00 1480684321 0 2264.00
problem60 0.00 1569315312 0 2264.00
problem61 0.00 1937458876 0 2264.00
problem62 0.00 1757866746 0 2264.00
problem63 0.00 1468206920 0 2264.00
problem64 0.00 1495801879 0 2264.00
problem65 0.00 1654840455 0 2264.00
problem66 0.00 1724619973 0 2264.00
problem67 0.00 1654685379 0 2264.00
problem68 0.00 1587396827 0 2264.00
problem69 0.00 1612338112 0 2264.00
problem70 0.01 1463626559 0 2264.00
problem71 0.00 1482659044 0 2264.00
problem72 0.00 1646810970 0 2264.00
problem73 0.00 1343761765 0 2264.00
problem74 0.00 1775804460 0 2264.00
problem75 0.00 1123025553 0 2264.00
problem76 0.00 1590615139 0 2264.00
problem77 0.00 1666829256 0 2264.00
problem78 0.00 1609917660 0 2264.00
problem79 0.00 2036161079 0 2264.00
problem80 0.00 1444653879 0 2264.00
problem81 0.00 1615163607 0 2264.00
problem82 0.00 1051673786 0 2264.00
problem83 0.00 1491144309 0 2264.00
problem84 0.00 1463188883 0 2264.00
problem85 0.00 1760313120 0 2264.00
problem86 0.00 1232103462 0 2264.00
problem87 0.00 1611952251 0 2264.00
problem88 0.00 1465806056 0 2264.00
problem89 0.00 1475098834 0 2264.00
problem90 0.00 1322998435 0 2264.00
problem91 0.00 1308799135 0 2264.00
problem92 0.00 1707340924 0 2264.00
problem93 0.00 1580351018 0 2264.00
problem94 0.00 1377109231 0 2264.00
problem95 0.00 1327162520 0 2264.00
problem96 0.00 1422060766 0 2264.00
problem97 0.00 1268519658 0 2264.00
problem98 0.00 1382986233 0 2264.00
problem99 0.00 1644297090 0 2264.00
