problem0 0 4392347810 1
problem1 0 5122305547 1
problem2 0 4378798883 1
problem3 0 4206212160 1
problem4 0 4163388316 1
problem5 0.01 4524833485 1
problem6 0 4619973197 1
problem7 0 4422364914 1
problem8 0 4769215862 1
problem9 0 4045050863 1
problem10 0 4644870487 1
problem11 0 4583281412 1
problem12 0 4936714288 1
problem13 0 4838083441 1
problem14 0 5088107073 1
problem15 0 4554695286 1
problem16 0 4611073482 1
problem17 0 5064282963 1
problem18 0 4477636363 1
problem19 0.01 4190043976 1
problem20 0 4806498372 1
problem21 0.03 4442275221 1
problem22 0 4239208885 1
problem23 0 3738495866 1
problem24 0.01 4988570014 1
problem25 0 4681104439 1
problem26 0 4269939775 1
problem27 0.01 4242491660 1
problem28 0 4464264152 1
problem29 0 4214415673 1
problem30 0 4281141417 1
problem31 0 4334475774 1
problem32 0 4591956210 1
problem33 0.01 4584316571 1
problem34 0 4635742451 1
problem35 0.01 4069572688 1
problem36 0 4328774380 1
problem37 0.01 4215064157 1
problem38 0 4432146205 1
problem39 0 4553473538 1
problem40 0 4583893958 1
problem41 0.01 4306193023 1
problem42 0 4652711207 1
problem43 0 4472829204 1
problem44 0 4499893632 1
problem45 0 4464278785 1
problem46 0 4196594961 1
problem47 0 4701775750 1
problem48 0 4325460506 1
problem49 0 4481454051 1
problem50 0.01 4533989595 1
problem51 0 4777801560 1
problem52 0 5115104148 1
problem53 0 4106949925 1
problem54 0 4359039621 1
problem55 0 4299630218 1
problem56 0 4752563182 1
problem57 0 4737531591 1
problem58 0 4139219983 1
problem59 0.01 4180399900 1
problem60 0 4424320296 1
problem61 0 5007318729 1
problem62 0 4757036921 1
problem63 0 4702685966 1
problem64 0.01 4101943618 1
problem65 0 4671842091 1
problem66 0 4975226563 1
problem67 0 4972323936 1
problem68 0 4649331260 1
problem69 0 4471859693 1
problem70 0 4335674349 1
problem71 0.01 5012546834 1
problem72 0 4240382486 1
problem73 0 4963277071 1
problem74 0 4814723319 1
problem75 0.01 4223758116 1
problem76 0 4824124112 1
problem77 0 3809855121 1
problem78 0.01 4691757025 1
problem79 0 3892905110 1
problem80 0 4377437802 1
problem81 0 4322944115 1
problem82 0 3857746603 1
problem83 0.01 4524984168 1
problem84 0 4775278308 1
problem85 0 4277503157 1
problem86 0 5028059989 1
problem87 0.01 4741118362 1
problem88 0 4710295102 1
problem89 0.01 4766406999 1
problem90 0 4450636767 1
problem91 0 4326898988 1
problem92 0 4538957432 1
problem93 0 4632638553 1
problem94 0 3952684617 1
problem95 0 4485223454 1
problem96 0 4834126226 1
problem97 0 4135241659 1
problem98 0 4765222035 1
problem99 0 4387659888 1
