problem0 4.89 6522447300925 1 395580.00
problem1 4.90 6634417694475 1 395636.00
problem2 4.93 7099790237449 1 395636.00
problem3 4.92 7280388462775 1 395636.00
problem4 4.96 7779085674389 1 395636.00
problem5 4.95 7006055066403 1 395636.00
problem6 4.82 6193345490657 1 395636.00
problem7 4.93 6935113845327 1 395636.00
problem8 4.86 7310856093933 1 395636.00
problem9 4.88 6770750825019 1 395636.00
problem10 4.87 7997409995193 1 395636.00
problem11 4.93 6740811800295 1 395636.00
problem12 4.83 7253495362885 1 395636.00
problem13 4.87 7326110788691 1 395636.00
problem14 4.86 8192108277649 1 395636.00
problem15 4.88 6569677846143 1 395636.00
problem16 4.84 7676096341149 1 395636.00
problem17 4.81 6261300947307 1 395636.00
problem18 4.88 7135307227241 1 395636.00
problem19 4.85 6546539606295 1 395636.00
problem20 4.93 7434824969973 1 395636.00
problem21 4.85 7596811532675 1 395636.00
problem22 4.89 6786840697921 1 395636.00
problem23 4.79 5884811620015 1 395636.00
problem24 4.89 7327397590093 1 395636.00
problem25 4.79 7127100980379 1 395636.00
problem26 4.84 6441685992217 1 395636.00
problem27 4.90 7109144448839 1 395636.00
problem28 4.87 7396470625445 1 395636.00
problem29 4.94 7592593068723 1 395636.00
problem30 4.88 7399625110769 1 395636.00
problem31 4.91 6311645442783 1 395636.00
problem32 4.90 6722769121277 1 395636.00
problem33 4.93 5982436580299 1 395636.00
problem34 4.91 5637720166857 1 395636.00
problem35 4.87 6988275267959 1 395636.00
problem36 4.93 6901955044949 1 395636.00
problem37 4.88 7419622864867 1 395636.00
problem38 4.87 6527513754017 1 395636.00
problem39 4.92 6216460354319 1 395636.00
problem40 4.93 6380463003565 1 395636.00
problem41 4.87 6280603207419 1 395636.00
problem42 4.88 7403056925817 1 395636.00
problem43 4.83 6938321874855 1 395636.00
problem44 4.97 8009903121413 1 395636.00
problem45 4.96 6593187424531 1 395636.00
problem46 4.90 7860198828625 1 395636.00
problem47 4.93 6759828856639 1 395636.00
problem48 4.75 6654293617501 1 395636.00
problem49 4.84 6147069083179 1 395636.00
problem50 4.90 6512502272809 1 395636.00
problem51 4.91 6859793478103 1 395636.00
problem52 4.91 6697513520565 1 395636.00
problem53 4.90 7289787835971 1 395636.00
problem54 4.95 6700823938817 1 395636.00
problem55 4.90 6812178941807 1 395636.00
problem56 4.93 6323546204941 1 395636.00
problem57 4.86 6605142868315 1 395636.00
problem58 4.90 6099720013273 1 395636.00
problem59 4.81 6650527514631 1 395636.00
problem60 4.92 6663241392997 1 395636.00
problem61 4.88 6930536558451 1 395636.00
problem62 4.89 7561122926513 1 395636.00
problem63 4.85 7816502377375 1 395636.00
problem64 4.82 7144300025533 1 395636.00
problem65 4.90 6659041415307 1 395636.00
problem66 4.90 7996508128393 1 395636.00
problem67 4.97 6558682274359 1 395636.00
problem68 4.86 6930180580629 1 395636.00
problem69 4.89 6484134511779 1 395636.00
problem70 4.89 7585798898785 1 395636.00
problem71 4.87 6607974693839 1 395636.00
problem72 4.87 7044857982573 1 395636.00
problem73 4.83 6949712243643 1 395636.00
problem74 4.96 6834466500409 1 395636.00
problem75 4.89 7587269132391 1 395636.00
problem76 4.89 7230610428613 1 395636.00
problem77 4.88 7001637774803 1 395636.00
problem78 4.90 7103916696849 1 395636.00
problem79 4.97 5602422917119 1 395636.00
problem80 4.92 6154538529309 1 395636.00
problem81 4.91 7689759576811 1 395636.00
problem82 4.84 6050997847529 1 395636.00
problem83 4.96 7277299970711 1 395636.00
problem84 4.94 6982451391605 1 395636.00
problem85 4.88 6202763891459 1 395636.00
problem86 4.85 6625378578881 1 395636.00
problem87 4.76 6268780585007 1 395636.00
problem88 4.87 7798765904333 1 395636.00
problem89 4.93 8024299521563 1 395636.00
problem90 4.85 7146252339353 1 395636.00
problem91 4.91 7637102112967 1 395636.00
problem92 4.91 7203478270501 1 395636.00
problem93 4.91 7208365689907 1 395636.00
problem94 4.94 7050035440241 1 395636.00
problem95 5.00 8150640510047 1 395636.00
problem96 4.92 6763877301629 1 395636.00
problem97 4.87 7092622296395 1 395636.00
problem98 4.89 7100510074697 1 395636.00
problem99 4.92 6355620543223 1 395636.00
