problem0 0.01 6327691 1 2480.00
problem1 0.01 5351005 1 2536.00
problem2 0.01 6800888 1 2536.00
problem3 0.02 4767478 1 2536.00
problem4 0.00 5458573 1 2536.00
problem5 0.01 5900823 1 2536.00
problem6 0.02 6460042 1 2536.00
problem7 0.01 5904896 1 2536.00
problem8 0.01 7077679 1 2536.00
problem9 0.01 5931761 1 2536.00
problem10 0.02 6400956 1 2536.00
problem11 0.04 5335850 1 2536.00
problem12 0.01 6339953 1 2536.00
problem13 0.01 5610219 1 2536.00
problem14 0.01 5976974 1 2536.00
problem15 0.02 6491252 1 2536.00
problem16 0.01 6567763 1 2536.00
problem17 0.00 5241861 1 2536.00
problem18 0.01 5696512 1 2536.00
problem19 0.01 5666782 1 2536.00
problem20 0.00 7061205 1 2536.00
problem21 0.02 5926975 1 2536.00
problem22 0.02 6043410 1 2536.00
problem23 0.03 5523304 1 2536.00
problem24 0.02 5326327 1 2536.00
problem25 0.01 7070105 1 2536.00
problem26 0.03 5248708 1 2536.00
problem27 0.02 5780754 1 2536.00
problem28 0.02 5332665 1 2536.00
problem29 0.00 6511123 1 2536.00
problem30 0.02 5451030 1 2536.00
problem31 0.01 6232796 1 2536.00
problem32 0.03 5061403 1 2536.00
problem33 0.01 5637037 1 2536.00
problem34 0.00 5749768 1 2536.00
problem35 0.00 6353606 1 2536.00
problem36 0.01 6860061 1 2536.00
problem37 0.00 5843047 1 2536.00
problem38 0.02 5481882 1 2536.00
problem39 0.01 5691088 1 2536.00
problem40 0.04 5514943 1 2536.00
problem41 0.01 5517889 1 2536.00
problem42 0.01 6450124 1 2536.00
problem43 0.02 6095098 1 2536.00
problem44 0.01 5683713 1 2536.00
problem45 0.01 6204219 1 2536.00
problem46 0.04 5451934 1 2536.00
problem47 0.03 5294916 1 2536.00
problem48 0.00 6035683 1 2536.00
problem49 0.02 5389653 1 2536.00
problem50 0.01 6206992 1 2536.00
problem51 0.02 6205358 1 2536.00
problem52 0.00 5412197 1 2536.00
problem53 0.01 6075023 1 2536.00
problem54 0.03 4808226 1 2536.00
problem55 0.00 5523512 1 2536.00
problem56 0.01 6365575 1 2536.00
problem57 0.02 5633257 1 2536.00
problem58 0.01 5319380 1 2536.00
problem59 0.00 5394146 1 2536.00
problem60 0.01 6639433 1 2536.00
problem61 0.01 6164067 1 2536.00
problem62 0.02 5750310 1 2536.00
problem63 0.03 5938604 1 2536.00
problem64 0.01 6115499 1 2536.00
problem65 0.02 5187837 1 2536.00
problem66 0.02 5265944 1 2536.00
problem67 0.00 5123734 1 2536.00
problem68 0.03 5896109 1 2536.00
problem69 0.00 6524599 1 2536.00
problem70 0.01 6152362 1 2536.00
problem71 0.01 6495136 1 2536.00
problem72 0.02 5813839 1 2536.00
problem73 0.02 5745041 1 2536.00
problem74 0.02 5559260 1 2536.00
problem75 0.02 6201034 1 2536.00
problem76 0.02 5873297 1 2536.00
problem77 0.00 6030219 1 2536.00
problem78 0.00 7427502 1 2536.00
problem79 0.01 6230548 1 2536.00
problem80 0.03 5595763 1 2536.00
problem81 0.02 5719717 1 2536.00
problem82 0.04 5318688 1 2536.00
problem83 0.00 5894014 1 2536.00
problem84 0.00 5723125 1 2536.00
problem85 0.00 5782751 1 2536.00
problem86 0.02 6139186 1 2536.00
problem87 0.00 5886216 1 2536.00
problem88 0.04 5727511 1 2536.00
problem89 0.02 5754937 1 2536.00
problem90 0.02 5891812 1 2536.00
problem91 0.01 6058162 1 2536.00
problem92 0.02 6039513 1 2536.00
problem93 0.02 5966515 1 2536.00
problem94 0.02 5535542 1 2536.00
problem95 0.00 5810300 1 2536.00
problem96 0.01 5557819 1 2536.00
problem97 0.02 6100557 1 2536.00
problem98 0.01 6135848 1 2536.00
problem99 0.02 5534310 1 2536.00
