problem0 0 69115967 0
problem1 0.01 121832986 1
problem2 0 116293626 1
problem3 0.01 108826074 1
problem4 0 102281148 0
problem5 0.01 104752546 0
problem6 0 79245179 0
problem7 0 103058778 1
problem8 0.01 74186555 0
problem9 0 97191194 1
problem10 0 105717502 0
problem11 0.01 97373402 1
problem12 0 83398331 0
problem13 0 97051802 1
problem14 0.01 109727355 0
problem15 0 81284187 0
problem16 0.01 85876283 0
problem17 0 93848603 0
problem18 0 89177594 1
problem19 0.01 103025632 0
problem20 0 113077692 0
problem21 0.01 93873055 0
problem22 0.01 125857149 0
problem23 0 93391709 0
problem24 0.01 70630715 0
problem25 0.01 103416604 0
problem26 0 108616954 1
problem27 0 83839706 1
problem28 0 99044540 0
problem29 0.01 103604894 0
problem30 0 94080122 1
problem31 0 114215514 1
problem32 0.01 137501758 0
problem33 0 100729370 1
problem34 0 96926716 0
problem35 0.01 106924514 0
problem36 0 66464699 0
problem37 0 92692890 1
problem38 0.01 81505153 0
problem39 0.01 110201180 0
problem40 0.01 118717246 0
problem41 0 102564123 0
problem42 0.01 96049915 0
problem43 0.01 96782554 1
problem44 0 107612860 0
problem45 0.01 69525660 0
problem46 0.01 113298045 0
problem47 0.01 98125915 0
problem48 0 72997434 1
problem49 0 108920863 0
problem50 0.01 114375162 1
problem51 0.01 112134108 0
problem52 0 79882688 0
problem53 0.01 117989275 0
problem54 0.01 97184123 0
problem55 0 111544154 1
problem56 0.01 109394236 0
problem57 0 77856539 0
problem58 0 76404986 1
problem59 0.01 119424732 0
problem60 0 83937469 0
problem61 0 87088809 0
problem62 0.01 100272259 0
problem63 0 100124254 0
problem64 0.01 102078522 1
problem65 0 93257242 1
problem66 0.01 82802682 1
problem67 0 101877214 0
problem68 0.01 77834170 1
problem69 0 119430555 0
problem70 0.01 114173819 0
problem71 0 105809246 0
problem72 0.01 101381948 0
problem73 0 96402714 1
problem74 0.01 108402441 0
problem75 0.01 93045983 0
problem76 0 103515834 1
problem77 0 97574053 0
problem78 0.01 122111612 0
problem79 0 120210525 0
problem80 0 107304506 1
problem81 0 104070170 1
problem82 0.01 128038409 0
problem83 0 92931036 0
problem84 0.01 93873595 0
problem85 0 80239519 0
problem86 0.01 90531195 0
problem87 0 92996444 0
problem88 0 103068994 0
problem89 0.01 99482395 0
problem90 0.01 82990336 0
problem91 0.01 109920987 0
problem92 0 107627706 1
problem93 0 100981403 0
problem94 0.01 103318650 1
problem95 0.01 116441695 0
problem96 0 105452602 1
problem97 0 107805210 1
problem98 0 99087354 1
problem99 0.01 102072798 0
