problem0 0.62 1907950636802986 94 1 0.61
problem1 0.3 1874731210729949 81 1 0.29
problem2 0.31 2008339977950210 72 1 0.31
problem3 0.32 2055453515941637 74 1 0.3
problem4 0.3 2144162426978839 50 1 0.3
problem5 0.3 1988860567755618 46 1 0.3
problem6 0.31 1937313831309197 55 1 0.3
problem7 0.29 2007566007409500 31 1 0.29
problem8 0.31 2104837923747758 90 1 0.31
problem9 0.59 1854048676839595 108 2 0.59
problem10 0.3 2228068161344481 71 1 0.3
problem11 0.3 1922487416753154 19 1 0.3
problem12 0.3 1786705430738646 66 1 0.3
problem13 0.31 2126450640549857 94 1 0.3
problem14 0.29 1839558844499946 99 1 0.29
problem15 0.31 2014933984442386 64 1 0.3
problem16 0.29 1763368381149958 90 1 0.29
problem17 0.28 1607683155521082 68 1 0.28
problem18 0.29 1724152787230743 58 1 0.29
problem19 0.58 1818624042273034 146 2 0.58
problem20 0.3 1942711901401364 54 1 0.29
problem21 0.29 1803221630869840 37 1 0.29
problem22 0.28 1762323294833813 57 1 0.28
problem23 0.31 1902589956137767 71 1 0.3
problem24 0.3 2091065469200929 88 1 0.3
problem25 0.29 1757895975917876 70 1 0.28
problem26 0.31 2042648141921704 15 1 0.3
problem27 0.3 1870015307053857 72 1 0.29
problem28 0.3 1921038232147295 112 1 0.3
problem29 0.32 2132970419107758 53 1 0.31
problem30 0.29 1751748359218768 49 1 0.29
problem31 0.3 2016604502826582 24 1 0.3
problem32 0.3 2052333452552967 28 1 0.29
problem33 0.3 1969019829188814 76 1 0.3
problem34 0.29 1912859702847149 15 1 0.29
problem35 0.31 1953025946168564 73 1 0.31
problem36 0.29 1865281352359314 24 1 0.29
problem37 0.3 1894366356725397 116 1 0.3
problem38 0.29 1929977342091520 31 1 0.29
problem39 0.3 1852831307409959 86 1 0.3
problem40 0.31 2071003214668429 64 1 0.31
problem41 0.31 2186850860060391 53 1 0.31
problem42 0.31 1910951878021216 141 1 0.31
problem43 0.3 1984446422287318 96 1 0.3
problem44 0.31 1713712848609772 32 1 0.3
problem45 0.32 2062550322793382 31 1 0.32
problem46 0.28 1617448149385210 24 1 0.28
problem47 0.28 1728650697017279 59 1 0.27
problem48 0.32 2043718577573664 123 1 0.31
problem49 0.31 2171220754642877 16 1 0.31
problem50 0.31 2279725789930594 37 1 0.3
problem51 0.3 2075538191573876 5 1 0.29
problem52 0.31 1681017348699399 76 1 0.3
problem53 0.31 1944118530057346 132 1 0.31
problem54 0.3 1771942759872450 82 1 0.3
problem55 0.29 1657360900198484 99 1 0.29
problem56 0.32 2538687981296263 30 1 0.32
problem57 0.3 1880678886751298 89 1 0.3
problem58 0.3 2392063866771941 67 1 0.3
problem59 0.3 1813238536576719 65 1 0.3
problem60 0.32 2135379684952080 9 1 0.32
problem61 0.31 2117338843647077 27 1 0.31
problem62 0.28 1663160656541375 86 1 0.27
problem63 0.31 2013112534771747 126 1 0.3
problem64 0.3 1869515212442503 45 1 0.3
problem65 0.3 1843602366266061 14 1 0.3
problem66 0.3 1666726210441447 113 1 0.3
problem67 0.3 2013239334240785 59 1 0.3
problem68 0.3 1823452757615044 43 1 0.3
problem69 0.3 1841812162257670 51 1 0.3
problem70 0.29 1952943922744385 31 1 0.29
problem71 0.3 1707820081882419 61 1 0.3
problem72 0.32 2046933691128286 86 1 0.32
problem73 0.29 1852539404448253 64 1 0.29
problem74 0.29 1792096221920483 62 1 0.29
problem75 0.31 2015817486647324 91 1 0.31
problem76 0.27 1699249832331563 110 1 0.27
problem77 0.31 2011126962260167 67 1 0.3
problem78 0.32 2003696220972493 75 1 0.32
problem79 0.3 1939470577096875 117 1 0.3
problem80 0.31 2036759188028681 22 1 0.31
problem81 0.31 2088828424128001 41 1 0.3
problem82 0.31 1903786131598292 95 1 0.31
problem83 0.31 1873930884202058 46 1 0.31
problem84 0.3 1675194160061882 70 1 0.3
problem85 0.3 1875669507639616 121 1 0.29
problem86 0.31 1896273497069410 58 1 0.31
problem87 0.3 1944589036996657 84 1 0.3
problem88 0.3 2022934598409452 57 1 0.3
problem89 0.56 1448948627062714 159 2 0.56
problem90 0.3 1771348650106354 74 1 0.3
problem91 0.31 1847682680986826 28 1 0.31
problem92 0.29 1867319295758093 45 1 0.29
problem93 0.31 2110337706089459 83 1 0.3
problem94 0.3 1858788227354203 42 1 0.29
problem95 0.31 2038805260122421 135 1 0.31
problem96 0.31 1889056243156190 71 1 0.31
problem97 0.31 2152369034723755 43 1 0.31
problem98 0.3 2012905611917677 40 1 0.3
problem99 0.31 1986918297556465 14 1 0.31
