problem0 2.44 72689568368 1 7312.00
problem1 5.26 71216431728 1 10832.00
problem2 81.24 60959898224 1 6512.00
problem3 30.95 72924263024 1 10324.00
problem4 32.44 69394344560 1 10324.00
problem5 31.82 72784503408 1 10324.00
problem6 42.60 69001878128 1 10324.00
problem7 28.13 69723411056 1 10324.00
problem8 22.58 75888626288 1 10324.00
problem9 29.61 75552146032 1 10324.00
problem10 59.35 67506010736 1 10324.00
problem11 57.92 69869613680 1 10324.00
problem12 61.59 62107642480 1 10324.00
problem13 52.57 60192006768 1 10324.00
problem14 41.68 75799648880 1 10324.00
problem15 28.31 69067903600 1 10324.00
problem16 67.30 58116164208 1 10324.00
problem17 33.37 65358791280 1 10324.00
problem18 11.02 83145374320 1 10324.00
problem19 51.33 65170797168 1 10324.00
problem20 33.49 70356642416 1 10324.00
problem21 27.29 71725146736 1 10324.00
problem22 33.77 68068350576 1 10324.00
problem23 19.85 71063196272 1 10324.00
problem24 31.60 75206756976 1 10324.00
problem25 65.64 66406171248 1 10324.00
problem26 43.03 64928316016 1 10324.00
problem27 46.30 71712715376 1 10324.00
problem28 73.74 59781606000 1 10324.00
problem29 24.28 73024184944 1 10324.00
problem30 33.27 69430303344 1 10324.00
problem31 33.18 71414321776 1 10324.00
problem32 51.14 67030862448 1 10324.00
problem33 25.31 74399318640 1 10324.00
problem34 86.98 57951992432 1 10324.00
problem35 63.39 55135629936 1 10324.00
problem36 26.84 75479689840 1 10324.00
problem37 62.60 64089121392 1 10324.00
problem38 26.01 67000605296 1 10324.00
problem39 21.57 78711214704 1 10324.00
problem40 40.97 74390669936 1 10324.00
problem41 24.99 72158364272 1 10324.00
problem42 57.73 66511370864 1 10324.00
problem43 94.49 58389213808 1 10324.00
problem44 37.35 65911286384 1 10324.00
problem45 31.11 62099825264 1 10324.00
problem46 46.42 65074223728 1 10324.00
problem47 47.34 67184071280 1 10324.00
problem48 44.87 69368892016 1 10324.00
problem49 59.16 66125759088 1 10324.00
problem50 34.20 66984131184 1 10324.00
problem51 11.49 72883532400 1 10324.00
problem52 24.86 69731101296 1 10324.00
problem53 30.97 67056296560 1 10324.00
problem54 19.39 72241093232 1 10324.00
problem55 62.02 62602695280 1 10324.00
problem56 51.32 66997914224 1 10324.00
problem57 45.36 67038921328 1 10324.00
problem58 16.57 72255175280 1 10324.00
problem59 41.44 68553814640 1 10324.00
problem60 36.57 63316814448 1 10324.00
problem61 35.07 70368600688 1 10324.00
problem62 39.85 64878893680 1 10324.00
problem63 38.26 64967086704 1 10324.00
problem64 49.47 69425220208 1 10324.00
problem65 23.17 72750367344 1 10324.00
problem66 16.27 80177019504 1 10324.00
problem67 31.38 71169864304 1 10324.00
problem68 47.64 68143262320 1 10324.00
problem69 31.70 69889254000 1 10324.00
problem70 63.69 64462461552 1 10324.00
problem71 75.46 59244860016 1 10324.00
problem72 30.52 65913391728 1 10324.00
problem73 57.10 68227711600 1 10324.00
problem74 46.37 67127343728 1 10324.00
problem75 33.10 72141746800 1 10324.00
problem76 26.40 73473026672 1 10324.00
problem77 82.29 59175805552 1 10324.00
problem78 43.54 66696829552 1 10324.00
problem79 59.35 62615884400 1 10324.00
problem80 37.60 69347330672 1 10324.00
problem81 27.04 70650823280 1 10324.00
problem82 52.51 69613369968 1 10324.00
problem83 48.58 65027011184 1 10324.00
problem84 35.35 70716172912 1 10324.00
problem85 25.18 76882961008 1 10324.00
problem86 56.88 58697095792 1 10324.00
problem87 32.04 70785192560 1 10324.00
problem88 41.59 71137102448 1 10324.00
problem89 46.83 69282284144 1 10324.00
problem90 69.14 66160261744 1 10324.00
problem91 36.02 62710559344 1 10324.00
problem92 51.28 62020184688 1 10324.00
problem93 37.70 73618596464 1 10324.00
problem94 33.67 68380547696 1 10324.00
problem95 36.84 66572915312 1 10324.00
problem96 26.22 69135223408 1 10324.00
problem97 57.47 64122094192 1 10324.00
problem98 48.04 63210470000 1 10324.00
problem99 50.94 63044907632 1 10324.00
