problem0 8.05 762024527142932 84 1 2.53 165740.00
problem1 7.15 750111970206218 77 1 1.89 166128.00
problem2 7.25 817480219316979 81 1 1.58 152840.00
problem3 6.17 890754452506833 85 1 1.24 146704.00
problem4 3.46 942315578330319 72 1 1.06 146704.00
problem5 4.29 799371503713513 96 1 1.56 154888.00
problem6 11.20 855341634187590 114 1 2.27 168484.00
problem7 4.16 810495479888748 63 1 1.57 164392.00
problem8 4.25 789283477787879 78 1 1.42 148296.00
problem9 8.13 831424853113477 88 1 1.15 146704.00
problem10 4.91 773521756193465 74 1 1.80 156936.00
problem11 5.91 707982006870500 82 1 1.46 150824.00
problem12 6.66 779776492825758 86 1 1.08 146704.00
problem13 4.02 863614325450613 86 1 1.32 147328.00
problem14 4.69 797363557280001 89 1 1.17 147176.00
problem15 7.87 943849491338259 90 1 1.02 152012.00
problem16 4.85 871219073746071 81 1 1.31 146704.00
problem17 7.77 894702971934667 78 1 1.56 152840.00
problem18 4.50 834558080911239 72 1 1.52 151392.00
problem19 4.16 849669669725432 75 1 1.86 158984.00
problem20 3.89 923706636682129 70 1 0.83 146704.00
problem21 4.00 799260506446449 88 1 1.04 146704.00
problem22 6.25 654217667050605 73 1 2.11 162452.00
problem23 2.67 801805177935236 45 1 1.47 150832.00
problem24 3.26 791788327308071 62 1 1.33 147188.00
problem25 6.54 807408613182009 76 1 1.71 154888.00
problem26 5.03 788283516769645 59 1 1.38 148112.00
problem27 3.22 810607406343075 58 1 1.63 161032.00
problem28 7.38 728983934324997 73 1 1.10 161032.00
problem29 3.47 827716662347737 50 1 1.62 154888.00
problem30 5.29 810136901433599 64 1 1.24 146704.00
problem31 4.16 778643578375651 73 1 1.48 150792.00
problem32 5.25 747342925962692 77 1 1.22 152840.00
problem33 3.35 830123861797246 58 1 1.33 147428.00
problem34 7.33 828783968395729 85 1 1.55 150792.00
problem35 2.81 819158889418642 70 1 1.24 146704.00
problem36 9.11 814353903357223 84 1 1.74 156936.00
problem37 4.33 771748956008724 74 1 1.44 147952.00
problem38 4.28 875125653243513 72 1 1.03 143856.00
problem39 4.68 826359934039068 83 1 1.28 147240.00
problem40 6.50 822309620056283 69 1 1.57 158984.00
problem41 4.70 829244092186891 83 1 1.19 151576.00
problem42 2.97 784255402817850 60 1 1.43 150792.00
problem43 3.92 856959284524687 83 1 1.18 146704.00
problem44 5.54 798794330739441 63 1 1.06 146704.00
problem45 4.12 779323995001904 60 1 1.64 156936.00
problem46 8.68 780283472157434 80 1 1.44 148660.00
problem47 2.89 752723702889800 59 1 1.76 156936.00
problem48 7.46 719902174272648 70 1 2.01 165136.00
problem49 3.13 758197892237078 61 1 1.36 147832.00
problem50 2.22 887670472744542 39 1 1.11 149012.00
problem51 2.79 825481600526602 38 1 1.45 150792.00
problem52 6.53 775609580355850 88 1 1.28 146704.00
problem53 4.63 707395906847252 74 1 2.21 162256.00
problem54 9.10 929742032230733 96 1 1.45 162260.00
problem55 3.67 871368472185151 79 1 1.45 151640.00
problem56 5.75 911364309310323 100 1 0.88 146704.00
problem57 14.72 789379087845008 94 1 1.63 154892.00
problem58 4.82 859354525557019 103 1 1.35 154892.00
problem59 8.01 744794600895782 93 1 1.45 150844.00
problem60 3.70 812734965866225 67 1 1.45 150796.00
problem61 11.75 875482864784263 94 1 1.31 147820.00
problem62 5.06 760727412737091 66 1 1.46 158988.00
problem63 4.08 868881544776962 60 1 1.38 148232.00
problem64 4.60 808113466114825 84 1 1.80 163084.00
problem65 5.25 787821727898688 83 1 1.61 152844.00
problem66 6.86 811780112355165 84 1 1.51 156940.00
problem67 4.34 812749999519859 62 1 1.25 146708.00
problem68 9.33 831979941309133 92 1 2.57 162568.00
problem69 4.28 664228768865054 82 1 1.63 162100.00
problem70 11.78 791270577283014 118 1 1.41 150796.00
problem71 3.87 819652728433934 89 1 1.55 152844.00
problem72 6.98 693502559478288 85 1 1.89 156940.00
problem73 5.83 830210991432346 71 1 1.42 150804.00
problem74 7.97 801854206401218 81 1 1.82 156940.00
problem75 8.60 772887668584491 94 1 1.33 146964.00
problem76 5.69 785197476920374 67 1 1.91 156940.00
problem77 9.06 765027599850101 107 1 1.33 156944.00
problem78 4.54 807962601463385 45 1 1.67 154892.00
problem79 5.10 834215330698107 74 1 1.22 146708.00
problem80 2.72 738610437984845 43 1 1.33 147348.00
problem81 5.14 883993959945365 81 1 1.37 151044.00
problem82 9.33 880285092253972 98 1 1.38 149176.00
problem83 3.30 868126678341832 78 1 1.19 148940.00
problem84 7.43 806090612045081 78 1 1.71 162328.00
problem85 6.90 798963069387284 75 1 2.45 162136.00
problem86 7.32 905853192538574 81 1 1.22 162136.00
problem87 3.90 823005933732506 53 1 2.03 165132.00
problem88 3.86 855150522951250 64 1 1.40 150796.00
problem89 6.72 843530047081799 69 1 1.21 149096.00
problem90 4.30 855844393210500 64 1 1.48 150984.00
problem91 5.19 732298219757398 91 1 1.29 155084.00
problem92 4.40 748985313452850 58 1 1.91 166132.00
problem93 4.76 813318464997771 72 1 1.31 146708.00
problem94 11.07 847613973674755 91 1 1.05 146708.00
problem95 2.56 858229698740755 55 1 1.28 146708.00
problem96 3.25 902355688645647 76 1 1.05 146708.00
problem97 3.08 839493908845484 61 1 1.06 146708.00
problem98 4.24 807844960838696 60 1 1.45 150796.00
problem99 4.81 832837960916674 63 1 1.36 148544.00
