problem0 0 89483 1
problem1 0 99933 1
problem2 0 87544 1
problem3 0 85750 1
problem4 0 76429 1
problem5 0 88599 1
problem6 0 94858 1
problem7 0 84480 1
problem8 0 89903 1
problem9 0 107249 1
problem10 0 93116 1
problem11 0 101162 1
problem12 0 101745 1
problem13 0 88811 1
problem14 0 91022 1
problem15 0 97396 1
problem16 0 108371 1
problem17 0 101381 1
problem18 0 97280 1
problem19 0 83934 1
problem20 0 69333 1
problem21 0 86079 1
problem22 0 91922 1
problem23 0 79720 1
problem24 0 103927 1
problem25 0 82329 1
problem26 0 104132 1
problem27 0 95506 1
problem28 0 77497 1
problem29 0 80403 1
problem30 0 105750 1
problem31 0 84700 1
problem32 0 84763 1
problem33 0 82861 1
problem34 0 85000 1
problem35 0 103110 1
problem36 0 93469 1
problem37 0 88167 1
problem38 0 99738 1
problem39 0 91856 1
problem40 0 104127 1
problem41 0 82497 1
problem42 0 89036 1
problem43 0 98554 1
problem44 0 92673 1
problem45 0 92987 1
problem46 0 98462 1
problem47 0 105284 1
problem48 0 100579 1
problem49 0 85333 1
problem50 0 103952 1
problem51 0 94126 1
problem52 0 91493 1
problem53 0 94863 1
problem54 0 85538 1
problem55 0 92216 1
problem56 0 90503 1
problem57 0 87273 1
problem58 0 88788 1
problem59 0 89826 1
problem60 0 89929 1
problem61 0 89699 1
problem62 0 85542 1
problem63 0 89516 1
problem64 0 102571 1
problem65 0 84221 1
problem66 0 96792 1
problem67 0 97942 1
problem68 0 108461 1
problem69 0 97975 1
problem70 0 90282 1
problem71 0 97184 1
problem72 0 83535 1
problem73 0 92561 1
problem74 0 91100 1
problem75 0 89802 1
problem76 0 89745 1
problem77 0 99211 1
problem78 0 83374 1
problem79 0 102932 1
problem80 0 78451 1
problem81 0 95909 1
problem82 0 84000 1
problem83 0 98174 1
problem84 0 95221 1
problem85 0 85215 1
problem86 0 85298 1
problem87 0 98568 1
problem88 0 95511 1
problem89 0 86073 1
problem90 0 87780 1
problem91 0 106674 1
problem92 0 75737 1
problem93 0 96947 1
problem94 0 96054 1
problem95 0 104572 1
problem96 0 101947 1
problem97 0 87629 1
problem98 0 110632 1
problem99 0 86630 1
