problem0 0 95383951282 0
problem1 0 97510500350 0
problem2 0 86116902446 0
problem3 0 95642212514 0
problem4 0 84927574087 0
problem5 0 106640986481 0
problem6 0 82059238900 0
problem7 0 86238133935 0
problem8 0 79357987374 0
problem9 0 70881058833 0
problem10 0 60325909735 0
problem11 0 101348353923 0
problem12 0 86338182677 0
problem13 0 92137390251 0
problem14 0 89527472211 0
problem15 0 84717224053 0
problem16 0 92483526948 0
problem17 0 77189418182 0
problem18 0 73077310239 0
problem19 0 91782617062 0
problem20 0 92891113504 0
problem21 0 93634432603 0
problem22 0.01 70777405710 0
problem23 0 87276596537 0
problem24 0 94896620111 0
problem25 0 72998149615 0
problem26 0 79238815388 0
problem27 0 77832349268 0
problem28 0 96063077573 0
problem29 0 89370873545 0
problem30 0 69998933293 0
problem31 0 81382535983 0
problem32 0 96528568880 0
problem33 0 79697257692 0
problem34 0 87768914844 0
problem35 0 79377563508 0
problem36 0 76995192149 0
problem37 0 88053271226 0
problem38 0 65213125320 0
problem39 0 89263601346 0
problem40 0 71205755863 0
problem41 0 89014648353 0
problem42 0 84405826650 0
problem43 0 82340996302 0
problem44 0 83803557122 0
problem45 0 85905455990 0
problem46 0 71350700267 0
problem47 0.01 90601649987 0
problem48 0 94089173773 0
problem49 0 97375245782 0
problem50 0 74617723978 0
problem51 0 90228275443 0
problem52 0 102729622243 0
problem53 0 58079195097 0
problem54 0 88712199929 0
problem55 0 91250843628 0
problem56 0 92565825385 0
problem57 0 88722701118 0
problem58 0 75013103115 0
problem59 0 89767020625 0
problem60 0 83910659576 0
problem61 0 104683477618 0
problem62 0 94379334981 0
problem63 0 80288225691 0
problem64 0 86767434780 0
problem65 0 77467454103 0
problem66 0 87570545681 0
problem67 0 85268551933 0
problem68 0.01 78818007001 0
problem69 0 64236378668 0
problem70 0 67983202277 0
problem71 0 81553366610 0
problem72 0 86490747581 0
problem73 0 91307502312 0
problem74 0 82459213328 0
problem75 0 81446171963 0
problem76 0 59868912395 0
problem77 0 72011638839 0
problem78 0 86194838882 0
problem79 0 84927944293 0
problem80 0 91197998593 0
problem81 0 85329362389 0
problem82 0 92527925406 0
problem83 0 83415422384 0
problem84 0 109404996973 0
problem85 0 79001722738 0
problem86 0 82206211713 0
problem87 0 80697460523 0
problem88 0 90016222911 0
problem89 0 105216353700 0
problem90 0.01 75865904380 0
problem91 0 88105241424 0
problem92 0 84684426806 0
problem93 0 83846833818 0
problem94 0 94838894337 0
problem95 0 85319135136 0
problem96 0 87508020036 0
problem97 0 81090006529 0
problem98 0 104782017919 0
problem99 0 84257203111 0
