problem0 0.26 528528488055497 314 1 0.25 13864.00
problem1 0.06 492453160033052 820 2 0.04 8600.00
problem2 0.11 602597141822155 691 1 0.03 8600.00
problem3 0.03 589986117281996 306 1 0.02 8600.00
problem4 0.04 550520351434036 809 1 0.04 8600.00
problem5 0.05 637295971212122 235 1 0.02 8604.00
problem6 0.08 582150929882616 459 1 0.03 8604.00
problem7 0.03 558335790339606 392 1 0.03 8604.00
problem8 0.1 588912612055404 579 1 0.03 8604.00
problem9 0.06 510459583424365 447 1 0.03 8604.00
problem10 0.16 421557743778243 2425 2 0.11 8604.00
problem11 0.06 545339286277037 274 1 0.05 8604.00
problem12 0.09 573198292925928 429 1 0.08 8604.00
problem13 0.09 545577485223339 542 1 0.07 8604.00
problem14 0.08 571192398448939 414 1 0.07 8604.00
problem15 0.07 636472638591987 159 1 0.05 8604.00
problem16 0.09 478368875567979 595 1 0.07 8604.00
problem17 0.08 528908027608581 308 1 0.07 8604.00
problem18 0.08 542115797000694 499 1 0.07 8604.00
problem19 0.09 540331418953633 862 1 0.08 8604.00
problem20 0.11 581432979273004 573 1 0.07 8604.00
problem21 0.1 542238490348965 541 1 0.07 8604.00
problem22 0.07 516339436794761 187 1 0.06 8604.00
problem23 0.08 543987738395296 348 1 0.07 8604.00
problem24 0.09 572880606210317 616 1 0.08 8604.00
problem25 0.09 540251734520008 405 1 0.07 8604.00
problem26 0.07 501339678786168 342 1 0.06 8604.00
problem27 0.06 528084456652248 446 1 0.05 8604.00
problem28 0.11 478146602747036 1214 1 0.09 8604.00
problem29 0.13 485934655991213 1060 1 0.09 8604.00
problem30 0.1 484841833317875 726 1 0.08 8604.00
problem31 0.16 498277511688725 1152 1 0.08 8604.00
problem32 0.09 562485623428506 652 1 0.07 8604.00
problem33 0.14 495537711559679 2137 1 0.1 8604.00
problem34 0.1 574064407885896 685 1 0.06 8604.00
problem35 0.07 615155291230782 202 1 0.07 8604.00
problem36 0.09 518515873168522 509 1 0.08 8604.00
problem37 0.14 567601859828536 1122 1 0.09 8604.00
problem38 0.1 536081507112364 1006 1 0.08 8604.00
problem39 0.09 525384020984263 507 1 0.08 8604.00
problem40 0.13 442976699021264 2337 1 0.09 8604.00
problem41 0.1 534325394469904 607 1 0.09 8604.00
problem42 0.1 547031067050954 844 1 0.08 8604.00
problem43 0.08 480490138059442 688 1 0.07 8604.00
problem44 0.09 545592204820579 222 1 0.07 8604.00
problem45 0.11 477910021456266 989 1 0.09 8604.00
problem46 0.08 608505141797259 317 1 0.06 8604.00
problem47 0.09 556278041596205 756 1 0.08 8604.00
problem48 0.08 533339914028817 369 1 0.07 8604.00
problem49 0.1 446451931262818 705 1 0.08 8604.00
problem50 0.18 594960996595636 1284 1 0.08 9064.00
problem51 0.08 661729668383372 282 1 0.05 9064.00
problem52 0.13 520785074660950 1827 1 0.09 9064.00
problem53 0.07 632057358422565 330 1 0.06 9064.00
problem54 0.06 623265039772731 267 1 0.05 9064.00
problem55 0.08 593411789766595 513 1 0.07 9064.00
problem56 0.08 568603669544443 278 1 0.07 9064.00
problem57 0.08 606556760485038 202 1 0.06 9064.00
problem58 0.06 671597771306837 181 1 0.05 9064.00
problem59 0.09 446619867838521 620 1 0.08 9064.00
problem60 0.11 637757858433787 353 1 0.02 9064.00
problem61 0.13 623544763881765 402 1 0.06 9064.00
problem62 0.17 572257442436564 1621 1 0.08 9064.00
problem63 0.14 513308460033695 1505 1 0.09 9064.00
problem64 0.13 550262105820377 586 1 0.07 9064.00
problem65 0.1 555417090476592 682 1 0.07 9064.00
problem66 0.09 496551440503424 767 1 0.08 9064.00
problem67 0.07 644673071372799 174 1 0.05 9064.00
problem68 0.14 453083396223240 1173 1 0.08 9064.00
problem69 0.1 496583605440655 931 1 0.07 9064.00
problem70 0.09 479571730395370 1224 1 0.08 9064.00
problem71 0.08 594578556930257 335 1 0.06 9064.00
problem72 0.12 399506303075094 1012 1 0.1 9064.00
problem73 0.08 547329223604181 654 1 0.07 9064.00
problem74 0.06 558165056360155 250 1 0.04 9064.00
problem75 0.07 514285233619094 218 1 0.05 9064.00
problem76 0.08 648465971573492 287 1 0.05 9064.00
problem77 0.07 570189269695496 809 1 0.06 9064.00
problem78 0.07 580225911402165 269 1 0.06 9064.00
problem79 0.12 545158848004791 877 1 0.08 9064.00
problem80 0.11 570760657466052 974 1 0.07 9064.00
problem81 0.08 484523415857005 430 1 0.06 9064.00
problem82 0.09 580993418498497 478 1 0.07 9064.00
problem83 0.15 521686808218657 863 1 0.08 9064.00
problem84 0.06 558077392816693 338 1 0.05 9064.00
problem85 0.09 539090391303264 355 1 0.07 9064.00
problem86 0.14 539754755418686 1298 1 0.08 9064.00
problem87 0.07 616249953684188 215 1 0.05 9064.00
problem88 0.06 559358086750721 216 1 0.05 9064.00
problem89 0.08 607097736792573 336 1 0.07 9064.00
problem90 0.08 598934576486939 314 1 0.06 9064.00
problem91 0.1 568252143044950 1119 1 0.08 9064.00
problem92 0.13 487945570873849 991 1 0.07 9064.00
problem93 0.07 595979559010803 192 1 0.06 9064.00
problem94 0.06 625893963428526 226 1 0.05 9064.00
problem95 0.11 511134383400934 1111 1 0.09 9064.00
problem96 0.08 494063524984823 320 1 0.07 9064.00
problem97 0.08 519398590759262 308 1 0.06 9064.00
problem98 0.13 471536930812522 645 1 0.06 9064.00
problem99 0.12 535818997548980 727 1 0.07 9064.00
