problem0 0 293619 1 0.00
problem1 0.00 287736 1 2348.00
problem2 0.00 305492 1 2348.00
problem3 0.00 294237 1 2348.00
problem4 0.00 335821 1 2348.00
problem5 0.00 303930 1 2348.00
problem6 0.00 297118 1 2348.00
problem7 0.01 313551 1 2348.00
problem8 0.00 345095 1 2348.00
problem9 0.00 356188 1 2348.00
problem10 0.00 260168 1 2348.00
problem11 0.00 292385 1 2348.00
problem12 0.00 270753 1 2348.00
problem13 0.00 387678 1 2348.00
problem14 0.00 303698 1 2348.00
problem15 0.01 333651 1 2348.00
problem16 0.00 283291 1 2348.00
problem17 0.00 316992 1 2348.00
problem18 0.00 299196 1 2348.00
problem19 0.00 319077 1 2348.00
problem20 0.01 315637 1 2348.00
problem21 0.00 333058 1 2348.00
problem22 0.00 339334 1 2348.00
problem23 0.00 335191 1 2348.00
problem24 0.00 358063 1 2348.00
problem25 0.00 354468 1 2348.00
problem26 0.00 328368 1 2348.00
problem27 0.00 312873 1 2348.00
problem28 0.00 294345 1 2348.00
problem29 0.00 373542 1 2348.00
problem30 0.00 293434 1 2348.00
problem31 0.00 289499 1 2348.00
problem32 0.00 294979 1 2348.00
problem33 0.00 341640 1 2348.00
problem34 0.00 302628 1 2348.00
problem35 0.00 327021 1 2348.00
problem36 0.00 342045 1 2348.00
problem37 0.00 283850 1 2348.00
problem38 0.00 268398 1 2348.00
problem39 0.00 282591 1 2348.00
problem40 0.00 343895 1 2348.00
problem41 0.00 331756 1 2348.00
problem42 0.00 291608 1 2348.00
problem43 0.00 332849 1 2348.00
problem44 0.01 348145 1 2348.00
problem45 0.00 313838 1 2348.00
problem46 0.00 317474 1 2348.00
problem47 0.00 367715 1 2348.00
problem48 0.00 263147 1 2348.00
problem49 0.00 328912 1 2348.00
problem50 0.00 299404 1 2348.00
problem51 0.00 285301 1 2348.00
problem52 0.00 333125 1 2348.00
problem53 0.00 287378 1 2348.00
problem54 0.00 330070 1 2348.00
problem55 0.00 319591 1 2348.00
problem56 0.00 302591 1 2348.00
problem57 0.00 304436 1 2348.00
problem58 0.00 297344 1 2348.00
problem59 0.00 335929 1 2348.00
problem60 0.00 366617 1 2348.00
problem61 0.00 306870 1 2348.00
problem62 0.01 293898 1 2348.00
problem63 0.00 322539 1 2348.00
problem64 0.00 335251 1 2348.00
problem65 0.00 327960 1 2348.00
problem66 0.00 338676 1 2348.00
problem67 0.00 324989 1 2348.00
problem68 0.01 321645 1 2348.00
problem69 0.00 343642 1 2348.00
problem70 0.00 262206 1 2348.00
problem71 0.00 315119 1 2348.00
problem72 0.00 283303 1 2348.00
problem73 0.00 305276 1 2348.00
problem74 0.00 263656 1 2348.00
problem75 0.00 207425 1 2348.00
problem76 0.00 333377 1 2348.00
problem77 0.00 303486 1 2348.00
problem78 0.00 337394 1 2348.00
problem79 0.00 285043 1 2348.00
problem80 0.00 281915 1 2348.00
problem81 0.00 289632 1 2348.00
problem82 0.00 322140 1 2348.00
problem83 0.00 298629 1 2348.00
problem84 0.00 373141 1 2348.00
problem85 0.00 370722 1 2348.00
problem86 0.01 326950 1 2348.00
problem87 0.00 367479 1 2348.00
problem88 0.00 318799 1 2348.00
problem89 0.00 334276 1 2348.00
problem90 0.00 338000 1 2348.00
problem91 0.00 340553 1 2348.00
problem92 0.00 346729 1 2348.00
problem93 0.00 287302 1 2348.00
problem94 0.00 382426 1 2348.00
problem95 0.00 353531 1 2348.00
problem96 0.01 299747 1 2348.00
problem97 0.00 295848 1 2348.00
problem98 0.00 298948 1 2348.00
problem99 0.01 353677 1 2348.00
