problem0 0.23 741378057807316 5 -367310680 6.95334e-310 0.00
problem1 0.04 686302630034923 5 -367310680 6.95334e-310 0.00
problem2 0.2 727650940895036 5 -367310680 6.95334e-310 0.00
problem3 0.19 696997370328448 5 -367310680 6.95334e-310 0.00
problem4 0.15 753047444478982 5 -367310680 6.95334e-310 0.00
problem5 0.1 657496904577005 5 -367310680 6.95334e-310 0.00
problem6 0.07 578352391833971 5 -367310680 6.95334e-310 0.00
problem7 0.07 770552295609501 5 -367310680 6.95334e-310 0.00
problem8 0.16 700385595631299 5 -367310680 6.95334e-310 0.00
problem9 0.11 712752893761564 5 -367310680 6.95334e-310 0.00
problem10 0.06 619697007608377 5 -367310680 6.95334e-310 0.00
problem11 0.31 805957921424720 5 -367310680 6.95334e-310 0.00
problem12 0.13 739313982489570 5 -367310680 6.95334e-310 0.00
problem13 0.11 723936909905118 5 -367310680 6.95334e-310 0.00
problem14 0.1 704195687663270 5 -367310680 6.95334e-310 0.00
problem15 0.12 640458918207871 5 -367310680 6.95334e-310 0.00
problem16 0.58 643352675204501 5 -367310680 6.95334e-310 0.00
problem17 0.49 582847018748281 5 -367310680 6.95334e-310 0.00
problem18 0.2 713534969945698 5 -367310680 6.95334e-310 0.00
problem19 0.21 705971009404280 5 -367310680 6.95334e-310 0.00
problem20 0.2 654493252901399 5 -367310680 6.95334e-310 0.00
problem21 0.46 701895595803333 5 -367310680 6.95334e-310 0.00
problem22 0.41 643764359976973 5 -367310680 6.95334e-310 0.00
problem23 0.44 755355436494383 5 -367310680 6.95334e-310 0.00
problem24 0.1 747619826781985 5 -367310680 6.95334e-310 0.00
problem25 0.13 657154974357785 5 -367310680 6.95334e-310 0.00
problem26 0.34 776442588138555 5 -367310680 6.95334e-310 0.00
problem27 0.21 839411165792947 5 -367310680 6.95334e-310 0.00
problem28 0.18 660348244199221 5 -367310680 6.95334e-310 0.00
problem29 0.06 735001153297208 5 -367310680 6.95334e-310 0.00
problem30 0.15 682233005374863 5 -367310680 6.95334e-310 0.00
problem31 0.15 746388856290184 5 -367310680 6.95334e-310 0.00
problem32 0.19 546724537073298 5 -367310680 6.95334e-310 0.00
problem33 0.36 598335438400292 5 -367310680 6.95334e-310 0.00
problem34 0.21 737884544122316 5 -367310680 6.95334e-310 0.00
problem35 0.16 720496005927503 5 -367310680 6.95334e-310 0.00
problem36 0.24 752568327576049 5 -367310680 6.95334e-310 0.00
problem37 0.15 774443718721325 5 -367310680 6.95334e-310 0.00
problem38 0.16 845569366837286 5 -367310680 6.95334e-310 0.00
problem39 0.56 668649858860106 5 -367310680 6.95334e-310 0.00
problem40 0.32 673696724917877 5 -367310680 6.95334e-310 0.00
problem41 0.48 731067496034603 5 -367310680 6.95334e-310 0.00
problem42 0.15 734598000645146 5 -367310680 6.95334e-310 0.00
problem43 0.27 934930453680296 5 -367310680 6.95334e-310 0.00
problem44 0.05 711112989833625 5 -367310680 6.95334e-310 0.00
problem45 0.09 593991175774570 5 -367310680 6.95334e-310 0.00
problem46 0.25 675730330065082 5 -367310680 6.95334e-310 0.00
problem47 0.13 772375178992558 5 -367310680 6.95334e-310 0.00
problem48 0.15 761981227037354 5 -367310680 6.95334e-310 0.00
problem49 0.13 656251895292024 5 -367310680 6.95334e-310 0.00
problem50 0.17 637146809166566 5 -367310680 6.95334e-310 0.00
problem51 0.16 658020346860664 5 -367310680 6.95334e-310 0.00
problem52 0.07 729489510472223 5 -367310680 6.95334e-310 0.00
problem53 0.23 738277593660661 5 -367310680 6.95334e-310 0.00
problem54 0.23 749003365626511 5 -367310680 6.95334e-310 0.00
problem55 0.32 768356820805031 5 -367310680 6.95334e-310 0.00
problem56 0.11 746558850540011 5 -367310680 6.95334e-310 0.00
problem57 0.12 629677639974617 5 -367310680 6.95334e-310 0.00
problem58 0.15 841882149607397 5 -367310680 6.95334e-310 0.00
problem59 0.12 781725257407151 5 -367310680 6.95334e-310 0.00
problem60 0.22 735923022495784 5 -367310680 6.95334e-310 0.00
problem61 0.3 683780147211327 5 -367310680 6.95334e-310 0.00
problem62 0.29 695546200095991 5 -367310680 6.95334e-310 0.00
problem63 0.42 619165629454919 5 -367310680 6.95334e-310 0.00
problem64 0.12 728638954760038 5 -367310680 6.95334e-310 0.00
problem65 0.23 777309979315790 5 -367310680 6.95334e-310 0.00
problem66 0.27 693836158337820 5 -367310680 6.95334e-310 0.00
problem67 0.13 621345370444936 5 -367310680 6.95334e-310 0.00
problem68 0.24 665472466699816 5 -367310680 6.95334e-310 0.00
problem69 0.14 744129032009306 5 -367310680 6.95334e-310 0.00
problem70 0.31 746488927385701 5 -367310680 6.95334e-310 0.00
problem71 0.06 644803944631779 5 -367310680 6.95334e-310 0.00
problem72 0.13 595481736016639 5 -367310680 6.95334e-310 0.00
problem73 0.26 702393034318661 5 -367310680 6.95334e-310 0.00
problem74 0.22 686849844129820 5 -367310680 6.95334e-310 0.00
problem75 0.03 778453853052244 5 -367310680 6.95334e-310 0.00
problem76 0.6 728352651722286 5 -367310680 6.95334e-310 0.00
problem77 0.48 809433379351790 5 -367310680 6.95334e-310 0.00
problem78 0.22 769968406350354 5 -367310680 6.95334e-310 0.00
problem79 0.3 535569190400967 5 -367310680 6.95334e-310 0.00
problem80 0.11 610275730150972 5 -367310680 6.95334e-310 0.00
problem81 0.08 795797510614367 5 -367310680 6.95334e-310 0.00
problem82 0.09 678163864333407 5 -367310680 6.95334e-310 0.00
problem83 0.13 694354633012033 5 -367310680 6.95334e-310 0.00
problem84 0.36 742704979803234 5 -367310680 6.95334e-310 0.00
problem85 0.09 714675990622634 5 -367310680 6.95334e-310 0.00
problem86 0.14 631964796096453 5 -367310680 6.95334e-310 0.00
problem87 0.19 642098762877775 5 -367310680 6.95334e-310 0.00
problem88 0.04 645283663759987 5 -367310680 6.95334e-310 0.00
problem89 0.13 721220639439545 5 -367310680 6.95334e-310 0.00
problem90 0.09 686586745154859 5 -367310680 6.95334e-310 0.00
problem91 0.24 796057154170969 5 -367310680 6.95334e-310 0.00
problem92 0.08 674181961841755 5 -367310680 6.95334e-310 0.00
problem93 0.35 769800928636101 5 -367310680 6.95334e-310 0.00
problem94 0.18 722165564544746 5 -367310680 6.95334e-310 0.00
problem95 0.05 727202603967080 5 -367310680 6.95334e-310 0.00
problem96 0.15 680318680030064 5 -367310680 6.95334e-310 0.00
problem97 0.23 608233584688876 5 -367310680 6.95334e-310 0.00
problem98 0.08 685919172252113 5 -367310680 6.95334e-310 0.00
problem99 0.25 771581849757454 5 -367310680 6.95334e-310 0.00
