problem0 0 380448694 1
problem1 0 319426660 1
problem2 0.03 321561971 1
problem3 0 279434877 1
problem4 0 366430776 1
problem5 0 353438718 1
problem6 0 341390149 1
problem7 0.01 335586599 1
problem8 0 316221402 1
problem9 0.01 297771064 1
problem10 0 388329783 1
problem11 0 320968049 1
problem12 0 324872860 1
problem13 0.01 389007122 1
problem14 0 372773193 1
problem15 0 344371547 1
problem16 0 371119230 1
problem17 0 386538124 1
problem18 0.01 325576059 1
problem19 0 355705573 1
problem20 0.01 388810624 1
problem21 0 283104422 1
problem22 0.01 357294029 1
problem23 0 320713743 1
problem24 0 306890146 1
problem25 0 321179488 1
problem26 0 334303807 1
problem27 0 305516249 1
problem28 0.02 376680676 1
problem29 0 382305466 1
problem30 0 345550545 1
problem31 0 336756035 1
problem32 0.02 293309254 1
problem33 0 309661364 1
problem34 0.01 349308803 1
problem35 0 389671245 1
problem36 0.01 349271752 1
problem37 0 392111950 1
problem38 0 375688789 1
problem39 0.01 319544567 1
problem40 0 358724970 1
problem41 0 332015752 1
problem42 0.01 311809351 1
problem43 0 407618113 1
problem44 0 379037996 1
problem45 0 387779682 1
problem46 0.01 293047897 1
problem47 0 323658539 1
problem48 0.01 343921678 1
problem49 0 312306908 1
problem50 0 307858315 1
problem51 0.01 380709301 1
problem52 0 319412240 1
problem53 0 348750838 1
problem54 0 324779741 1
problem55 0 384409567 1
problem56 0 292190002 1
problem57 0 307375024 1
problem58 0.01 337656399 1
problem59 0 321515433 1
problem60 0 329094004 1
problem61 0 364174858 1
problem62 0 379400161 1
problem63 0 337486611 1
problem64 0.01 336080598 1
problem65 0 343258372 1
problem66 0.03 336523667 1
problem67 0.01 355460125 1
problem68 0 389704536 1
problem69 0.01 318335646 1
problem70 0 386527589 1
problem71 0 393575623 1
problem72 0.01 298945274 1
problem73 0 352278744 1
problem74 0 330088791 1
problem75 0.01 288806673 1
problem76 0 343535548 1
problem77 0.01 314276274 1
problem78 0.01 351409001 1
problem79 0 354024699 1
problem80 0.02 336665502 1
problem81 0 378562348 1
problem82 0 337820059 1
problem83 0 351049861 1
problem84 0 350728352 1
problem85 0 426335046 1
problem86 0 308782573 1
problem87 0.01 353235887 1
problem88 0 371421378 1
problem89 0 280244224 1
problem90 0.01 276556383 1
problem91 0 360249465 1
problem92 0 339820036 1
problem93 0 368795482 1
problem94 0 377403633 1
problem95 0 342765795 1
problem96 0 330766950 1
problem97 0 320865108 1
problem98 0.01 367354787 1
problem99 0 331204333 1
