problem0 0.71 108959041511 1 3228.00
problem1 0.76 116974569020 1 3472.00
problem2 0.50 122410369032 1 3472.00
problem3 0.87 115266896801 1 3472.00
problem4 1.87 110218590913 1 3472.00
problem5 0.92 105065717758 1 3472.00
problem6 1.60 104877402706 1 3472.00
problem7 0.21 134256412307 1 3472.00
problem8 0.91 116978210555 1 3472.00
problem9 0.36 126620438688 1 3472.00
problem10 0.54 127477608188 1 3472.00
problem11 0.71 113236350309 1 3472.00
problem12 0.25 139792504469 1 3472.00
problem13 1.01 98693741090 1 3472.00
problem14 0.88 104478947334 1 3472.00
problem15 0.43 125833789975 1 3472.00
problem16 0.45 131609367439 1 3472.00
problem17 0.16 133222997636 1 3472.00
problem18 0.59 123921518448 1 3472.00
problem19 1.04 124224093865 1 3472.00
problem20 0.42 125680404457 1 3472.00
problem21 0.40 119745159110 1 3472.00
problem22 1.09 105388171066 1 3472.00
problem23 0.35 111855623451 1 3472.00
problem24 0.53 114521312675 1 3472.00
problem25 0.95 111589523432 1 3472.00
problem26 0.22 140781875556 1 3472.00
problem27 0.47 98873855853 1 3472.00
problem28 0.43 115424419517 1 3472.00
problem29 0.57 115957145834 1 3472.00
problem30 1.28 105770250222 1 3472.00
problem31 0.50 120793507743 1 3472.00
problem32 0.41 122311873847 1 3472.00
problem33 1.08 108259198156 1 3472.00
problem34 0.54 116170532056 1 3472.00
problem35 0.42 123689031601 1 3472.00
problem36 0.34 130659904273 1 3472.00
problem37 0.67 119887105422 1 3472.00
problem38 0.64 123803875874 1 3472.00
problem39 0.67 111342465443 1 3472.00
problem40 0.63 127482427979 1 3472.00
problem41 0.81 114906430768 1 3472.00
problem42 0.78 109054409164 1 3472.00
problem43 0.59 128911992693 1 3472.00
problem44 0.28 120361532645 1 3472.00
problem45 1.25 109363983794 1 3472.00
problem46 0.41 134250794454 1 3472.00
problem47 0.41 112414231335 1 3472.00
problem48 0.68 117914209503 1 3472.00
problem49 0.69 114482395412 1 3472.00
problem50 0.35 129189052480 1 3472.00
problem51 0.46 113812737721 1 3472.00
problem52 0.56 126019183673 1 3472.00
problem53 0.72 124429658454 1 3472.00
problem54 0.52 123539602186 1 3472.00
problem55 0.62 113888216107 1 3472.00
problem56 0.71 114069150963 1 3472.00
problem57 0.26 141180995704 1 3472.00
problem58 0.72 117778696244 1 3472.00
problem59 0.85 124882705789 1 3472.00
problem60 0.61 113282773261 1 3472.00
problem61 0.36 125374331002 1 3472.00
problem62 0.47 117334905278 1 3472.00
problem63 0.69 116142042287 1 3472.00
problem64 0.80 116800158343 1 3472.00
problem65 0.41 118006053724 1 3472.00
problem66 0.27 134697410984 1 3472.00
problem67 0.69 111487804353 1 3472.00
problem68 0.54 114321126241 1 3472.00
problem69 0.74 120146899742 1 3472.00
problem70 0.28 124757271026 1 3472.00
problem71 1.21 102138451123 1 3472.00
problem72 0.47 127504741787 1 3472.00
problem73 0.87 107594883520 1 3472.00
problem74 0.87 108026240156 1 3472.00
problem75 0.49 118542152069 1 3472.00
problem76 0.82 118254172981 1 3472.00
problem77 1.07 110168746306 1 3472.00
problem78 0.53 115218086822 1 3472.00
problem79 0.65 125342108727 1 3472.00
problem80 0.36 128952852015 1 3472.00
problem81 0.81 108714855332 1 3472.00
problem82 0.29 112273967376 1 3472.00
problem83 0.27 124712801993 1 3472.00
problem84 0.71 104795461769 1 3232.00
problem85 0.92 125133875942 1 3476.00
problem86 0.91 109473705690 1 3476.00
problem87 1.12 105444418363 1 3476.00
problem88 0.43 129868137539 1 3476.00
problem89 1.13 115692488968 1 3476.00
problem90 0.82 118719559428 1 3476.00
problem91 0.20 131745833869 1 3476.00
problem92 0.36 135205641053 1 3476.00
problem93 1.46 114867177482 1 3476.00
problem94 0.42 118610905998 1 3476.00
problem95 0.41 130760255935 1 3476.00
problem96 0.75 118643800023 1 3476.00
problem97 0.61 114357561836 1 3476.00
problem98 0.86 111229482616 1 3476.00
problem99 0.34 126956693457 1 3476.00
