problem0 3.7 43665109454639 1
problem1 5.39 40443549767213 1
problem2 9.25 44713334429211 1
problem3 38.32 40252084739705 1
problem4 40.62 38934519413447 1
problem5 30.62 42779233145477 1
problem6 12.54 43608815831347 1
problem7 39.2 41260753886801 1
problem8 19.16 37560010722655 1
problem9 4.5 41860906347997 1
problem10 7.38 39907630535499 1
problem11 3.69 42887133113641 1
problem12 21.66 37415839950583 1
problem13 2.39 39746088110133 1
problem14 9.97 41122966049891 1
problem15 0.22 42035291974401 1
problem16 6.94 37555508750223 1
problem17 27.24 38044921954701 1
problem18 32 43688524917883 1
problem19 8.16 44588316866521 1
problem20 3.64 39251976417063 1
problem21 1.51 43464937028069 1
problem22 18.72 44521272933267 1
problem23 3.67 38129723831217 1
problem24 2.45 41580848061887 1
problem25 11.28 42144013160765 1
problem26 112.16 38343954850219 1
problem27 72.84 40771423403657 1
problem28 15.77 43598216631127 1
problem29 1.49 42440561223573 1
problem30 73.47 36870872678083 1
problem31 16.18 39746786408545 1
problem32 21.41 41800214917103 1
problem33 2.87 39284447321325 1
problem34 2.36 33535357711067 1
problem35 0.15 38872272339257 1
problem36 1 43162292999047 1
problem37 47.57 42088869564741 1
problem38 69.91 41671652302323 1
problem39 11.06 40081041307921 1
problem40 13.81 40114079587871 1
problem41 10.29 41866704331933 1
problem42 10.95 42418458124299 1
problem43 28.97 43441836802025 1
problem44 3.94 38666342707127 1
problem45 10.6 38111054018293 1
problem46 8.3 38976343660835 1
problem47 8.82 46447455565249 1
problem48 34.14 39316664002639 1
problem49 2.56 39016664344653 1
problem50 0.39 35344325814587 1
problem51 42.11 38475405802137 1
problem52 0.17 42708888627175 1
problem53 0.98 41802489747621 1
problem54 3.16 41060062572627 1
problem55 3.4 38825035132529 1
problem56 2.05 39596348706431 1
problem57 13.14 41402249324541 1
problem58 10.47 37166959971947 1
problem59 12.68 41742578348361 1
problem60 15.35 38941980474391 1
problem61 44.84 39648635582037 1
problem62 45.18 41766269838211 1
problem63 23.95 41632976151329 1
problem64 122.35 41478530764975 1
problem65 6.29 38896588235693 1
problem66 13.01 35005376909211 1
problem67 15.94 46400135848953 1
problem68 16.47 35101961317447 1
problem69 15.42 42239074373637 1
problem70 2.46 41839293657779 1
problem71 74.51 40458496840657 1
problem72 15.8 43116304707295 1
problem73 18.24 37113961651037 1
problem74 6.61 46104898645195 1
problem75 0.05 44501350912681 1
problem76 10.22 39469557135479 1
problem77 53.86 43279297914293 1
problem78 11.05 39192739044835 1
problem79 5.37 45002536009857 1
problem80 74.59 41824571156751 1
problem81 54.42 40877130452749 1
problem82 7.55 40133409891835 1
problem83 24.19 41142267444569 1
problem84 39.49 41023638249639 1
problem85 43.73 42631864301413 1
problem86 67.64 39089365624083 1
problem87 2.58 44256132180273 1
problem88 4.77 39857573150527 1
problem89 3.65 42890164895421 1
problem90 5.08 43567048522539 1
problem91 16.76 41652765991945 1
problem92 12.23 37269117740247 1
problem93 2.89 38828927763733 1
problem94 3.42 41351480330307 1
problem95 14.1 39724948409825 1
problem96 1.47 41235720614255 1
problem97 8.7 37407983331949 1
problem98 7.35 40236748172379 1
problem99 20.48 41519228290745 1
