problem0 0.24 487410 1 3496.00
problem1 0.00 444626 1 3496.00
problem2 0.00 443826 1 3496.00
problem3 0.00 485010 1 3496.00
problem4 0.00 387954 1 3496.00
problem5 0.00 513106 1 3496.00
problem6 0.13 483634 1 4116.00
problem7 0.00 463378 1 4116.00
problem8 0.00 485106 1 4116.00
problem9 0.00 483282 1 4116.00
problem10 0.00 507058 1 4116.00
problem11 0.00 458130 1 4116.00
problem12 0.00 451186 1 4116.00
problem13 0.00 437074 1 4116.00
problem14 0.00 448562 1 4116.00
problem15 0.11 485650 1 4116.00
problem16 0.00 515570 1 4116.00
problem17 0.00 440018 1 4116.00
problem18 0.00 488370 1 4116.00
problem19 0.00 447634 1 4116.00
problem20 0.00 416114 1 4116.00
problem21 0.00 442962 1 4116.00
problem22 0.15 495410 1 4116.00
problem23 0.00 458770 1 4116.00
problem24 0.00 447730 1 4116.00
problem25 0.00 478674 1 4116.00
problem26 0.00 453298 1 4116.00
problem27 0.00 469906 1 4116.00
problem28 0.00 430194 1 4116.00
problem29 0.00 416082 1 4116.00
problem30 0.00 443954 1 4116.00
problem31 0.00 448274 1 4116.00
problem32 0.00 461810 1 4116.00
problem33 0.00 484562 1 4116.00
problem34 0.00 467378 1 4116.00
problem35 0.00 459410 1 4116.00
problem36 0.00 493426 1 4116.00
problem37 0.00 471122 1 4116.00
problem38 0.00 490802 1 4116.00
problem39 0.00 503314 1 4116.00
problem40 0.00 443122 1 4116.00
problem41 0.00 441298 1 4116.00
problem42 0.00 432306 1 4116.00
problem43 0.00 399762 1 4116.00
problem44 0.00 441970 1 4116.00
problem45 0.00 395090 1 4116.00
problem46 0.00 472114 1 4116.00
problem47 0.00 460050 1 4116.00
problem48 0.30 473586 1 4116.00
problem49 0.00 463570 1 4116.00
problem50 0.00 430002 1 4116.00
problem51 0.00 520338 1 4116.00
problem52 0.00 505202 1 4116.00
problem53 0.00 515666 1 4116.00
problem54 0.22 437042 1 4116.00
problem55 0.00 515090 1 4116.00
problem56 0.00 504050 1 4116.00
problem57 0.00 436690 1 4116.00
problem58 0.00 493234 1 4116.00
problem59 0.00 427922 1 4116.00
problem60 0.00 453746 1 4116.00
problem61 0.00 505170 1 4116.00
problem62 0.00 467506 1 4116.00
problem63 0.00 488210 1 4116.00
problem64 0.00 452594 1 4116.00
problem65 0.00 426194 1 4116.00
problem66 0.00 441778 1 4116.00
problem67 0.00 499346 1 4116.00
problem68 0.00 435058 1 4116.00
problem69 0.00 445522 1 4116.00
problem70 0.00 416050 1 4116.00
problem71 0.00 461330 1 4116.00
problem72 0.00 450290 1 4116.00
problem73 0.00 497618 1 4116.00
problem74 0.00 439474 1 4116.00
problem75 0.00 521618 1 4116.00
problem76 0.00 432754 1 4116.00
problem77 0.00 451410 1 4116.00
problem78 0.53 462898 1 4116.00
problem79 0.00 401682 1 4116.00
problem80 0.00 497138 1 4116.00
problem81 0.00 421586 1 4116.00
problem82 0.00 437170 1 4116.00
problem83 0.00 429202 1 4116.00
problem84 0.00 364914 1 4116.00
problem85 0.00 440914 1 4116.00
problem86 0.00 411442 1 4116.00
problem87 0.00 473106 1 4116.00
problem88 0.00 462066 1 4116.00
problem89 0.00 493010 1 4116.00
problem90 0.00 467634 1 4116.00
problem91 0.00 418706 1 4116.00
problem92 0.00 444530 1 4116.00
problem93 0.00 479570 1 4116.00
problem94 0.00 474674 1 4116.00
problem95 0.00 478994 1 4116.00
problem96 0.00 476146 1 4116.00
problem97 0.00 449746 1 4116.00
problem98 0.00 465330 1 4116.00
problem99 0.00 490130 1 4116.00
