problem0 0.13 44459262678 1 18608.00
problem1 0.13 51551471286 1 18664.00
problem2 0.13 42688943766 1 18664.00
problem3 0.13 28590977654 1 18664.00
problem4 0.13 46647401046 1 18664.00
problem5 0.13 43310288438 1 18664.00
problem6 0.14 45322227222 1 18664.00
problem7 0.12 46403000822 1 18664.00
problem8 0.13 43186385366 1 18664.00
problem9 0.14 44313400758 1 18664.00
problem10 0.12 46239565206 1 18664.00
problem11 0.13 44475629942 1 18664.00
problem12 0.13 45902055766 1 18664.00
problem13 0.13 34912591158 1 18664.00
problem14 0.13 48005774614 1 18664.00
problem15 0.13 43291748598 1 18664.00
problem16 0.13 45950722262 1 18664.00
problem17 0.13 49952040118 1 18664.00
problem18 0.13 38958593174 1 18664.00
problem19 0.13 42664710262 1 18664.00
problem20 0.13 39588968534 1 18664.00
problem21 0.13 34886921270 1 18664.00
problem22 0.13 44748286998 1 18664.00
problem23 0.13 41065691126 1 18664.00
problem24 0.12 43206037462 1 18664.00
problem25 0.13 45499380662 1 18664.00
problem26 0.14 42438304662 1 18664.00
problem27 0.12 37771173750 1 18664.00
problem28 0.14 46079190870 1 18664.00
problem29 0.13 39592622902 1 18664.00
problem30 0.12 39962172182 1 18664.00
problem31 0.14 41452881654 1 18664.00
problem32 0.13 46880931542 1 18664.00
problem33 0.12 42347152054 1 18664.00
problem34 0.14 50353689238 1 18664.00
problem35 0.13 46555459190 1 18664.00
problem36 0.12 45089068630 1 18664.00
problem37 0.14 43241556534 1 18664.00
problem38 0.12 42354805270 1 18664.00
problem39 0.14 41886406134 1 18664.00
problem40 0.13 40986717654 1 18664.00
problem41 0.12 43297149366 1 18664.00
problem42 0.14 41347350934 1 18664.00
problem43 0.12 40680848758 1 18664.00
problem44 0.14 50694686038 1 18664.00
problem45 0.12 44340549942 1 18664.00
problem46 0.14 45601175830 1 18664.00
problem47 0.13 41946834166 1 18664.00
problem48 0.12 39599480022 1 18664.00
problem49 0.13 46856200374 1 18664.00
problem50 0.13 47748984982 1 18664.00
problem51 0.14 47645199478 1 18664.00
problem52 0.13 44759872598 1 18664.00
problem53 0.13 37101463606 1 18664.00
problem54 0.12 43376273430 1 18664.00
problem55 0.14 43362218998 1 18664.00
problem56 0.12 50352851926 1 18664.00
problem57 0.13 45088681910 1 18664.00
problem58 0.14 41758744470 1 18664.00
problem59 0.13 49849211766 1 18664.00
problem60 0.12 41360712534 1 18664.00
problem61 0.14 45800929078 1 18664.00
problem62 0.13 46534956822 1 18664.00
problem63 0.12 41418162934 1 18664.00
problem64 0.14 40078277334 1 18664.00
problem65 0.12 40796389046 1 18664.00
problem66 0.14 38526455446 1 18664.00
problem67 0.12 46873455222 1 18664.00
problem68 0.14 37393420886 1 18664.00
problem69 0.12 47470937654 1 18664.00
problem70 0.14 44457248278 1 18664.00
problem71 0.12 39990202870 1 18664.00
problem72 0.13 40031709654 1 18664.00
problem73 0.14 43223567798 1 18664.00
problem74 0.12 46759493014 1 18664.00
problem75 0.13 38298499446 1 18664.00
problem76 0.13 34049179990 1 18664.00
problem77 0.13 38470833462 1 18664.00
problem78 0.13 41555555606 1 18664.00
problem79 0.14 42953875702 1 18664.00
problem80 0.12 34224462038 1 18664.00
problem81 0.13 50877045942 1 18664.00
problem82 0.13 47247944854 1 18664.00
problem83 0.13 36589815926 1 18664.00
problem84 0.13 41109106774 1 18664.00
problem85 0.13 40929764406 1 18664.00
problem86 0.13 33652352022 1 18664.00
problem87 0.13 43447300086 1 18664.00
problem88 0.13 41027586006 1 18664.00
problem89 0.13 51526233014 1 18664.00
problem90 0.13 42256735126 1 18664.00
problem91 0.12 37033006966 1 18664.00
problem92 0.13 44731998038 1 18664.00
problem93 0.13 38322172726 1 18664.00
problem94 0.13 46634881814 1 18664.00
problem95 0.13 41051045622 1 18664.00
problem96 0.13 40157427414 1 18664.00
problem97 0.12 47972924086 1 18664.00
problem98 0.14 44788206230 1 18664.00
problem99 0.13 43503609462 1 18664.00
