problem0 0 4942 1 0.00
problem1 0.00 5340 1 0.00
problem2 0.00 4794 1 0.00
problem3 0.00 4456 1 0.00
problem4 0.00 5606 1 0.00
problem5 0.00 4916 1 0.00
problem6 0.00 4434 1 0.00
problem7 0.00 5184 1 0.00
problem8 0.00 5502 1 0.00
problem9 0.00 4364 1 0.00
problem10 0.00 5226 1 0.00
problem11 0.00 5400 1 0.00
problem12 0.00 4502 1 0.00
problem13 0.00 4836 1 0.00
problem14 0.00 5378 1 0.00
problem15 0.00 4848 1 0.00
problem16 0.00 4398 1 0.00
problem17 0.00 5308 1 0.00
problem18 0.00 5274 1 0.00
problem19 0.00 4424 1 0.00
problem20 0.00 5190 1 0.00
problem21 0.00 5780 1 0.00
problem22 0.00 4274 1 0.00
problem23 0.00 5024 1 0.00
problem24 0.00 5214 1 0.00
problem25 0.00 4844 1 0.00
problem26 0.00 4426 1 0.00
problem27 0.00 5624 1 0.00
problem28 0.00 4982 1 0.00
problem29 0.00 4292 1 0.00
problem30 0.00 5346 1 0.00
problem31 0.00 5328 1 0.00
problem32 0.00 4366 1 0.00
problem33 0.00 5276 1 0.00
problem34 0.00 5498 1 0.00
problem35 0.00 4392 1 0.00
problem36 0.00 4902 1 0.00
problem37 0.00 5364 1 0.00
problem38 0.00 4882 1 0.00
problem39 0.00 4352 1 0.00
problem40 0.00 5438 1 0.00
problem41 0.00 5196 1 0.00
problem42 0.00 4394 1 0.00
problem43 0.00 5208 1 0.00
problem44 0.00 5718 1 0.00
problem45 0.00 4260 1 0.00
problem46 0.00 5058 1 0.00
problem47 0.00 5296 1 0.00
problem48 0.00 4846 1 0.00
problem49 0.00 4476 1 0.00
problem50 0.00 5466 1 0.00
problem51 0.00 5000 1 0.00
problem52 0.00 4358 1 0.00
problem53 0.00 5332 1 0.00
problem54 0.00 5234 1 0.00
problem55 0.00 4448 1 0.00
problem56 0.00 5278 1 0.00
problem57 0.00 5420 1 0.00
problem58 0.00 4490 1 0.00
problem59 0.00 4920 1 0.00
problem60 0.00 5302 1 0.00
problem61 0.00 4868 1 0.00
problem62 0.00 4386 1 0.00
problem63 0.00 5520 1 0.00
problem64 0.00 5198 1 0.00
problem65 0.00 4316 1 0.00
problem66 0.00 5178 1 0.00
problem67 0.00 5608 1 0.00
problem68 0.00 4326 1 0.00
problem69 0.00 5172 1 0.00
problem70 0.00 5202 1 0.00
problem71 0.00 4800 1 0.00
problem72 0.00 4606 1 0.00
problem73 0.00 5388 1 0.00
problem74 0.00 4970 1 0.00
problem75 0.00 4376 1 0.00
problem76 0.00 5270 1 0.00
problem77 0.00 5348 1 0.00
problem78 0.00 4354 1 0.00
problem79 0.00 5360 1 0.00
problem80 0.00 5422 1 0.00
problem81 0.00 4540 1 0.00
problem82 0.00 4890 1 0.00
problem83 0.00 5320 1 0.00
problem84 0.00 4806 1 0.00
problem85 0.00 4372 1 0.00
problem86 0.00 5554 1 0.00
problem87 0.00 5152 1 0.00
problem88 0.00 4318 1 0.00
problem89 0.00 5228 1 0.00
problem90 0.00 5578 1 0.00
problem91 0.00 4344 1 0.00
problem92 0.00 5110 1 0.00
problem93 0.00 5316 1 0.00
problem94 0.00 4706 1 0.00
problem95 0.00 4688 1 0.00
problem96 0.00 5390 1 0.00
problem97 0.00 4892 1 0.00
problem98 0.00 4346 1 0.00
problem99 0.00 5416 1 0.00
