problem0 0 12811685764 0
problem1 0 11947031314 0
problem2 0 11250944160 0
problem3 0 11379662875 0
problem4 0 12088978378 0
problem5 0.01 13306163218 0
problem6 0 10411181510 0
problem7 0 12038197048 0
problem8 0 12646343227 0
problem9 0 10489685867 0
problem10 0 10994738791 0
problem11 0 11593980277 0
problem12 0.01 13359479256 0
problem13 0 12308867224 0
problem14 0 11407675889 0
problem15 0 13295725015 0
problem16 0 9906175257 0
problem17 0 13335582843 0
problem18 0.01 12843419877 0
problem19 0 12305781530 0
problem20 0 10025212932 0
problem21 0 8959856264 0
problem22 0 14274793239 0
problem23 0 11965657454 0
problem24 0.01 11462696689 0
problem25 0 9642106710 0
problem26 0 13083129156 0
problem27 0 13486412714 0
problem28 0 12399119222 0
problem29 0 10336682754 0
problem30 0.01 12398319505 0
problem31 0 13423711520 0
problem32 0 10333634739 0
problem33 0 11723413159 0
problem34 0 11527413109 0
problem35 0 11084907828 0
problem36 0 9826802396 0
problem37 0.01 12716586240 0
problem38 0 8462806193 0
problem39 0 11909730323 0
problem40 0 12258045708 0
problem41 0 11832290293 0
problem42 0 11248799708 0
problem43 0 12865644051 0
problem44 0 11220321116 0
problem45 0.01 10971689379 0
problem46 0 10961914470 0
problem47 0 12807828031 0
problem48 0 10731803324 0
problem49 0 10882770689 0
problem50 0 14015383812 0
problem51 0.01 12370108608 0
problem52 0 12577454008 0
problem53 0 13333002763 0
problem54 0 11381398649 0
problem55 0 10903109141 0
problem56 0 12508990831 0
problem57 0 13886720024 0
problem58 0.01 11432459490 0
problem59 0 14418278010 0
problem60 0 12819409645 0
problem61 0 13204632136 0
problem62 0 11847968615 0
problem63 0 9440589959 0
problem64 0.01 13711111899 0
problem65 0 11431790338 0
problem66 0 11517640240 0
problem67 0 13365346927 0
problem68 0 12448653653 0
problem69 0 13591488596 0
problem70 0.01 9828469350 0
problem71 0 13414302823 0
problem72 0 10296110373 0
problem73 0 13772729906 0
problem74 0 11588860005 0
problem75 0 13234367368 0
problem76 0.01 14354209360 0
problem77 0 12872141054 0
problem78 0 11820077430 0
problem79 0 11045272054 0
problem80 0 12822293127 0
problem81 0.01 10834490791 0
problem82 0 8733376106 0
problem83 0 10267962373 0
problem84 0 9584580880 0
problem85 0 12046597497 0
problem86 0 11607004696 0
problem87 0 10020281138 0
problem88 0 11820165555 0
problem89 0.01 12745991337 0
problem90 0 12424218057 0
problem91 0 10913504874 0
problem92 0 11439051370 0
problem93 0 13394139476 0
problem94 0 11466980328 0
problem95 0.01 13601118309 0
problem96 0 11883738696 0
problem97 0 13064451765 0
problem98 0 10965766305 0
problem99 0 13301051221 0
