problem0 5.8e-05 188623811383 1
problem1 3.3e-05 182811176053 1
problem2 4.2e-05 176527678883 1
problem3 3.1e-05 183891555905 1
problem4 3e-05 171026997711 1
problem5 3.3e-05 193436248013 1
problem6 0.000104 175396178875 1
problem7 6.8e-05 183107743001 1
problem8 3.4e-05 177964525415 1
problem9 3.1e-05 175178166821 1
problem10 3.9e-05 185128288467 1
problem11 3e-05 196241728241 1
problem12 3.3e-05 180236788735 1
problem13 4.6e-05 191932722045 1
problem14 4e-05 170688945387 1
problem15 3e-05 169675257801 1
problem16 4e-05 196740003735 1
problem17 5.8e-05 169697211349 1
problem18 3.6e-05 189476896771 1
problem19 3.3e-05 172420778913 1
problem20 3.2e-05 189264675375 1
problem21 7.4e-05 178117290797 1
problem22 7.7e-05 182909733403 1
problem23 3.8e-05 180391607929 1
problem24 6.9e-05 178216444871 1
problem25 4.5e-05 179189444997 1
problem26 3.1e-05 190794767155 1
problem27 3.4e-05 186821177425 1
problem28 0.000122 177679875167 1
problem29 4.7e-05 181569431261 1
problem30 3e-05 178884416331 1
problem31 3.7e-05 179269861673 1
problem32 3e-05 179605924855 1
problem33 3.9e-05 173421472565 1
problem34 3.4e-05 190433186403 1
problem35 4.9e-05 180787876097 1
problem36 3.8e-05 187123110543 1
problem37 2.9e-05 185995517581 1
problem38 3.5e-05 179658635387 1
problem39 8.6e-05 189878009817 1
problem40 3.6e-05 183155724327 1
problem41 3e-05 167957504229 1
problem42 2.9e-05 179941352851 1
problem43 3.9e-05 195351850417 1
problem44 3.8e-05 182525478079 1
problem45 3e-05 168688833085 1
problem46 2.9e-05 179698727339 1
problem47 4e-05 186622605961 1
problem48 3.6e-05 185000464471 1
problem49 5e-05 190604923541 1
problem50 6.2e-05 186968839363 1
problem51 4.7e-05 176614393441 1
problem52 3.1e-05 186057741039 1
problem53 3.3e-05 174349320685 1
problem54 3.9e-05 184204252891 1
problem55 8e-05 170716000569 1
problem56 4e-05 187377478791 1
problem57 3.2e-05 168402960453 1
problem58 5.8e-05 188024070131 1
problem59 6.6e-05 176268401425 1
problem60 3.2e-05 174856420639 1
problem61 2.9e-05 172007484829 1
problem62 3.6e-05 164816146443 1
problem63 4.7e-05 192456483817 1
problem64 3.5e-05 197284635831 1
problem65 3.2e-05 181831068149 1
problem66 7.1e-05 184441554723 1
problem67 3e-05 178457504705 1
problem68 4.2e-05 195645735759 1
problem69 3.8e-05 178236265805 1
problem70 4.6e-05 202155943227 1
problem71 8.6e-05 193119802009 1
problem72 4e-05 177893521639 1
problem73 2.9e-05 177851420581 1
problem74 3e-05 201039710803 1
problem75 0.000141 171448334449 1
problem76 3.8e-05 183006799231 1
problem77 3.1e-05 178499451133 1
problem78 3.9e-05 177393440363 1
problem79 5.4e-05 181858123081 1
problem80 3.4e-05 178203765015 1
problem81 3.6e-05 174725165397 1
problem82 3e-05 185994439043 1
problem83 3.3e-05 169910665505 1
problem84 7.1e-05 187816190895 1
problem85 3e-05 175201622189 1
problem86 0.000108 168188994459 1
problem87 3e-05 182818251769 1
problem88 3e-05 181377004871 1
problem89 7.5e-05 189803286277 1
problem90 3.2e-05 174853186739 1
problem91 4.6e-05 164183115217 1
problem92 3.9e-05 193367670239 1
problem93 3e-05 182051009629 1
problem94 5.8e-05 189653306571 1
problem95 7e-05 173669910185 1
problem96 3e-05 154934320503 1
problem97 3e-05 197382236341 1
problem98 3e-05 183966071779 1
problem99 3.1e-05 187650442881 1
