problem0 0.3 156730 5 1060515016 6.9532e-310 0.00
problem1 0.51 110610 5 1060515016 6.9532e-310 0.00
problem2 0.62 134223 5 1060515016 6.9532e-310 0.00
problem3 0.4 136031 5 1060515016 6.9532e-310 0.00
problem4 1.01 145085 5 1060515016 6.9532e-310 0.00
problem5 0.47 148583 5 1060515016 6.9532e-310 0.00
problem6 0.33 122173 5 1060515016 6.9532e-310 0.00
problem7 0.66 115822 5 1060515016 6.9532e-310 0.00
problem8 0.55 129039 5 1060515016 6.9532e-310 0.00
problem9 0.53 115585 5 1060515016 6.9532e-310 0.00
problem10 0.51 131499 5 1060515016 6.9532e-310 0.00
problem11 0.33 140254 5 1060515016 6.9532e-310 0.00
problem12 0.38 111427 5 1060515016 6.9532e-310 0.00
problem13 0.79 155973 5 1060515016 6.9532e-310 0.00
problem14 0.8 129560 5 1060515016 6.9532e-310 0.00
problem15 0.51 132574 5 1060515016 6.9532e-310 0.00
problem16 0.42 126057 5 1060515016 6.9532e-310 0.00
problem17 0.33 131963 5 1060515016 6.9532e-310 0.00
problem18 1.53 136434 5 1060515016 6.9532e-310 0.00
problem19 0.29 112421 5 1060515016 6.9532e-310 0.00
problem20 1.15 135723 5 1060515016 6.9532e-310 0.00
problem21 0.28 140631 5 1060515016 6.9532e-310 0.00
problem22 0.56 145013 5 1060515016 6.9532e-310 0.00
problem23 0.88 145032 5 1060515016 6.9532e-310 0.00
problem24 0.81 177832 5 1060515016 6.9532e-310 0.00
problem25 0.29 113340 5 1060515016 6.9532e-310 0.00
problem26 0.84 135390 5 1060515016 6.9532e-310 0.00
problem27 0.43 151753 5 1060515016 6.9532e-310 0.00
problem28 0.48 153326 5 1060515016 6.9532e-310 0.00
problem29 0.69 128956 5 1060515016 6.9532e-310 0.00
problem30 0.43 154941 5 1060515016 6.9532e-310 0.00
problem31 0.49 143183 5 1060515016 6.9532e-310 0.00
problem32 0.66 132362 5 1060515016 6.9532e-310 0.00
problem33 0.51 151633 5 1060515016 6.9532e-310 0.00
problem34 0.89 136493 5 1060515016 6.9532e-310 0.00
problem35 1.14 131714 5 1060515016 6.9532e-310 0.00
problem36 1.89 143318 5 1060515016 6.9532e-310 0.00
problem37 0.3 118218 5 1060515016 6.9532e-310 0.00
problem38 0.39 131100 5 1060515016 6.9532e-310 0.00
problem39 0.41 124278 5 1060515016 6.9532e-310 0.00
problem40 0.28 150752 5 1060515016 6.9532e-310 0.00
problem41 0.42 113040 5 1060515016 6.9532e-310 0.00
problem42 0.31 133433 5 1060515016 6.9532e-310 0.00
problem43 0.52 151524 5 1060515016 6.9532e-310 0.00
problem44 0.39 121133 5 1060515016 6.9532e-310 0.00
problem45 0.6 120263 5 1060515016 6.9532e-310 0.00
problem46 0.52 154522 5 1060515016 6.9532e-310 0.00
problem47 0.48 136599 5 1060515016 6.9532e-310 0.00
problem48 0.47 146512 5 1060515016 6.9532e-310 0.00
problem49 0.3 147748 5 1060515016 6.9532e-310 0.00
problem50 2.4 119833 5 1060515016 6.9532e-310 0.00
problem51 0.71 157472 5 1060515016 6.9532e-310 0.00
problem52 0.38 109575 5 1060515016 6.9532e-310 0.00
problem53 0.86 132341 5 1060515016 6.9532e-310 0.00
problem54 0.74 145981 5 1060515016 6.9532e-310 0.00
problem55 0.32 133700 5 1060515016 6.9532e-310 0.00
problem56 0.51 135140 5 1060515016 6.9532e-310 0.00
problem57 0.67 151091 5 1060515016 6.9532e-310 0.00
problem58 0.47 140262 5 1060515016 6.9532e-310 0.00
problem59 0.31 154124 5 1060515016 6.9532e-310 0.00
problem60 0.51 145968 5 1060515016 6.9532e-310 0.00
problem61 0.46 159015 5 1060515016 6.9532e-310 0.00
problem62 0.52 135544 5 1060515016 6.9532e-310 0.00
problem63 0.48 134682 5 1060515016 6.9532e-310 0.00
problem64 0.31 132110 5 1060515016 6.9532e-310 0.00
problem65 0.41 113025 5 1060515016 6.9532e-310 0.00
problem66 0.23 137409 5 1060515016 6.9532e-310 0.00
problem67 0.46 124182 5 1060515016 6.9532e-310 0.00
problem68 0.61 114646 5 1060515016 6.9532e-310 0.00
problem69 0.45 139285 5 1060515016 6.9532e-310 0.00
problem70 1.14 116828 5 1060515016 6.9532e-310 0.00
problem71 1.24 136846 5 1060515016 6.9532e-310 0.00
problem72 1.33 138332 5 1060515016 6.9532e-310 0.00
problem73 0.94 125513 5 1060515016 6.9532e-310 0.00
problem74 0.8 126731 5 1060515016 6.9532e-310 0.00
problem75 0.61 123168 5 1060515016 6.9532e-310 0.00
problem76 1.03 111266 5 1060515016 6.9532e-310 0.00
problem77 0.81 121427 5 1060515016 6.9532e-310 0.00
problem78 0.23 134447 5 1060515016 6.9532e-310 0.00
problem79 0.39 130160 5 1060515016 6.9532e-310 0.00
problem80 0.4 140113 5 1060515016 6.9532e-310 0.00
problem81 0.52 113004 5 1060515016 6.9532e-310 0.00
problem82 1.42 138283 5 1060515016 6.9532e-310 0.00
problem83 0.31 119219 5 1060515016 6.9532e-310 0.00
problem84 0.3 122131 5 1060515016 6.9532e-310 0.00
problem85 1.63 146348 5 1060515016 6.9532e-310 0.00
problem86 0.65 123741 5 1060515016 6.9532e-310 0.00
problem87 0.41 133738 5 1060515016 6.9532e-310 0.00
problem88 0.27 152984 5 1060515016 6.9532e-310 0.00
problem89 1.27 131011 5 1060515016 6.9532e-310 0.00
problem90 0.28 151080 5 1060515016 6.9532e-310 0.00
problem91 0.43 138747 5 1060515016 6.9532e-310 0.00
problem92 0.68 126310 5 1060515016 6.9532e-310 0.00
problem93 0.35 131273 5 1060515016 6.9532e-310 0.00
problem94 0.29 136637 5 1060515016 6.9532e-310 0.00
problem95 0.3 123017 5 1060515016 6.9532e-310 0.00
problem96 0.42 134130 5 1060515016 6.9532e-310 0.00
problem97 0.49 125835 5 1060515016 6.9532e-310 0.00
problem98 0.31 129669 5 1060515016 6.9532e-310 0.00
problem99 0.73 135329 5 1060515016 6.9532e-310 0.00
