problem0 0 774004534 1
problem1 0 753607940 1
problem2 0 903094562 1
problem3 0.01 723120912 1
problem4 0 621866574 1
problem5 0.01 722467420 1
problem6 0.01 873493178 1
problem7 0 779814632 1
problem8 0.01 802789990 1
problem9 0 744891572 1
problem10 0 867078482 1
problem11 0 784703424 1
problem12 0 867746686 1
problem13 0 692257804 1
problem14 0 854908138 1
problem15 0.01 826875288 1
problem16 0 744409494 1
problem17 0 793770084 1
problem18 0 727561602 1
problem19 0 795402352 1
problem20 0 728763566 1
problem21 0 889872828 1
problem22 0.01 790067994 1
problem23 0 773605448 1
problem24 0 704965830 1
problem25 0.01 792961044 1
problem26 0 847547826 1
problem27 0 661566752 1
problem28 0 908708318 1
problem29 0.01 681644908 1
problem30 0 767249738 1
problem31 0.01 671057656 1
problem32 0 845087734 1
problem33 0 723262404 1
problem34 0 839260642 1
problem35 0 847388112 1
problem36 0 756611854 1
problem37 0.01 797055260 1
problem38 0 727929722 1
problem39 0 658364840 1
problem40 0 876613414 1
problem41 0 854879092 1
problem42 0 704993810 1
problem43 0 864950912 1
problem44 0 883990590 1
problem45 0.01 778597068 1
problem46 0 835882410 1
problem47 0 694304856 1
problem48 0.01 867896918 1
problem49 0.01 875007780 1
problem50 0 937774658 1
problem51 0.01 784182064 1
problem52 0 782481774 1
problem53 0 760160380 1
problem54 0.01 772537306 1
problem55 0 758627080 1
problem56 0 740491654 1
problem57 0 793806548 1
problem58 0 776533618 1
problem59 0.01 796643296 1
problem60 0.01 669337246 1
problem61 0 728834604 1
problem62 0 743611914 1
problem63 0 684280248 1
problem64 0 806021302 1
problem65 0.01 743068292 1
problem66 0 789795490 1
problem67 0 745769104 1
problem68 0 816334798 1
problem69 0 894007260 1
problem70 0 707359802 1
problem71 0 694283368 1
problem72 0 692437990 1
problem73 0 774894132 1
problem74 0 828859090 1
problem75 0.01 797955392 1
problem76 0 744471806 1
problem77 0.03 781394316 1
problem78 0 710114922 1
problem79 0 697082648 1
problem80 0 652645142 1
problem81 0 828138980 1
problem82 0.01 765994754 1
problem83 0 805025264 1
problem84 0 868132398 1
problem85 0 776544060 1
problem86 0 785628314 1
problem87 0 789867976 1
problem88 0.01 826299974 1
problem89 0 761965972 1
problem90 0.02 729325362 1
problem91 0 841099936 1
problem92 0 850920286 1
problem93 0.01 816214252 1
problem94 0 753741514 1
problem95 0 755256440 1
problem96 0.01 702942582 1
problem97 0 825608516 1
problem98 0 834390882 1
problem99 0.01 766391120 1
