problem0 46.37 544264713808816 5 514725288 6.95317e-310 0.00
problem1 45.98 446107392291045 5 514725288 6.95317e-310 0.00
problem2 130.21 492231383802818 5 514725288 6.95317e-310 0.00
problem3 130.24 524906759119593 5 514725288 6.95317e-310 0.00
problem4 45.42 563009015358886 5 514725288 6.95317e-310 0.00
problem5 22.78 508255243798728 5 514725288 6.95317e-310 0.00
problem6 51.41 527634639018386 5 514725288 6.95317e-310 0.00
problem7 145.45 538302748354105 5 514725288 6.95317e-310 0.00
problem8 78.03 548984281010081 5 514725288 6.95317e-310 0.00
problem9 17.13 380601148620512 5 514725288 6.95317e-310 0.00
problem10 155.42 489598761717842 5 514725288 6.95317e-310 0.00
problem11 29.82 512111482217443 5 514725288 6.95317e-310 0.00
problem12 70.84 621191887045316 5 514725288 6.95317e-310 0.00
problem13 91.45 523072332369558 5 514725288 6.95317e-310 0.00
problem14 133.29 490815290664856 5 514725288 6.95317e-310 0.00
problem15 13.66 634648203115729 5 514725288 6.95317e-310 0.00
problem16 18.34 539068360763348 5 514725288 6.95317e-310 0.00
problem17 110.45 539923681769920 5 514725288 6.95317e-310 0.00
problem18 85.04 501809819858258 5 514725288 6.95317e-310 0.00
problem19 94.49 516942619016931 5 514725288 6.95317e-310 0.00
problem20 10.62 499153597228598 5 514725288 6.95317e-310 0.00
problem21 856.39 476889620193636 5 514725288 6.95317e-310 0.00
problem22 23.65 539415442305142 5 514725288 6.95317e-310 0.00
problem23 109.1 599092519864385 5 514725288 6.95317e-310 0.00
problem24 68.67 603598279321348 5 514725288 6.95317e-310 0.00
problem25 64.25 592080744289319 5 514725288 6.95317e-310 0.00
problem26 6.1 481369103832762 5 514725288 6.95317e-310 0.00
problem27 64.14 485678891759876 5 514725288 6.95317e-310 0.00
problem28 19.03 538128698274783 5 514725288 6.95317e-310 0.00
problem29 38.18 518765443951789 5 514725288 6.95317e-310 0.00
problem30 445.42 525015281840416 5 514725288 6.95317e-310 0.00
problem31 27.74 568946984750758 5 514725288 6.95317e-310 0.00
problem32 42.55 573217031744920 5 514725288 6.95317e-310 0.00
problem33 133.78 541280437315450 5 514725288 6.95317e-310 0.00
problem34 3.17 372347313921426 5 514725288 6.95317e-310 0.00
problem35 34.89 515089255079390 5 514725288 6.95317e-310 0.00
problem36 9.45 544911258451538 5 514725288 6.95317e-310 0.00
problem37 235.98 499964198868775 5 514725288 6.95317e-310 0.00
problem38 1591.45 609027531814746 5 514725288 6.95317e-310 0.00
problem39 16.51 538858293812378 5 514725288 6.95317e-310 0.00
problem40 59.49 548430546524320 5 514725288 6.95317e-310 0.00
problem41 20 485233016588266 5 514725288 6.95317e-310 0.00
problem42 221.42 480654030434110 5 514725288 6.95317e-310 0.00
problem43 4.43 543107893712906 5 514725288 6.95317e-310 0.00
problem44 120.19 543299664127353 5 514725288 6.95317e-310 0.00
problem45 37.37 549075363297101 5 514725288 6.95317e-310 0.00
problem46 213.94 489517386781036 5 514725288 6.95317e-310 0.00
problem47 93.22 549444163565389 5 514725288 6.95317e-310 0.00
problem48 31.97 546590405874739 5 514725288 6.95317e-310 0.00
problem49 163.48 514855010951043 5 514725288 6.95317e-310 0.00
problem50 55.21 523937868385682 5 514725288 6.95317e-310 0.00
problem51 308.62 533044551161285 5 514725288 6.95317e-310 0.00
problem52 14.09 565859498052387 5 514725288 6.95317e-310 0.00
problem53 34.26 508301269476931 5 514725288 6.95317e-310 0.00
problem54 286.59 550636410042404 5 514725288 6.95317e-310 0.00
problem55 19.36 461046445406945 5 514725288 6.95317e-310 0.00
problem56 151.62 522130894662152 5 514725288 6.95317e-310 0.00
problem57 86.39 515856918008470 5 514725288 6.95317e-310 0.00
problem58 75.57 486634319385794 5 514725288 6.95317e-310 0.00
problem59 116.12 477283140564473 5 514725288 6.95317e-310 0.00
problem60 12.59 520417128117921 5 514725288 6.95317e-310 0.00
problem61 48.33 518539108140143 5 514725288 6.95317e-310 0.00
problem62 164.79 508417574569836 5 514725288 6.95317e-310 0.00
problem63 42.78 564026992248111 5 514725288 6.95317e-310 0.00
problem64 88.24 437670508214366 5 514725288 6.95317e-310 0.00
problem65 108.97 672980051378150 5 514725288 6.95317e-310 0.00
problem66 12.38 485942327279908 5 514725288 6.95317e-310 0.00
problem67 6.18 445686919110916 5 514725288 6.95317e-310 0.00
problem68 67.87 521668715634133 5 514725288 6.95317e-310 0.00
problem69 150.21 549431180198332 5 514725288 6.95317e-310 0.00
problem70 70.21 585957144747563 5 514725288 6.95317e-310 0.00
problem71 1858.32 493079211463851 5 514725288 6.95317e-310 0.00
problem72 30.28 495694076048515 5 514725288 6.95317e-310 0.00
problem73 6.03 457013232667625 5 514725288 6.95317e-310 0.00
problem74 32.36 586167852604640 5 514725288 6.95317e-310 0.00
problem75 63.39 515236806187140 5 514725288 6.95317e-310 0.00
problem76 65.51 630044579191354 5 514725288 6.95317e-310 0.00
problem77 24.04 579422613568910 5 514725288 6.95317e-310 0.00
problem78 222.21 498967461701001 5 514725288 6.95317e-310 0.00
problem79 12.85 404509728065036 5 514725288 6.95317e-310 0.00
problem80 160.03 548607679432638 5 514725288 6.95317e-310 0.00
problem81 43.49 530325750311590 5 514725288 6.95317e-310 0.00
problem82 101.54 553839621938137 5 514725288 6.95317e-310 0.00
problem83 6.63 538478664437770 5 514725288 6.95317e-310 0.00
problem84 48.34 561551089732609 5 514725288 6.95317e-310 0.00
problem85 212.03 590203389813652 5 514725288 6.95317e-310 0.00
problem86 143.27 569072749069679 5 514725288 6.95317e-310 0.00
problem87 72.09 485290784995583 5 514725288 6.95317e-310 0.00
problem88 32.74 540346824937667 5 514725288 6.95317e-310 0.00
problem89 16.52 502421921068420 5 514725288 6.95317e-310 0.00
problem90 24.92 486856166197754 5 514725288 6.95317e-310 0.00
problem91 64.99 538033437977817 5 514725288 6.95317e-310 0.00
problem92 64.72 536751133386223 5 514725288 6.95317e-310 0.00
problem93 65.34 525764750244972 5 514725288 6.95317e-310 0.00
problem94 139.29 425707565423860 5 514725288 6.95317e-310 0.00
problem95 25.75 476225224858763 5 514725288 6.95317e-310 0.00
problem96 4.38 529169371206067 5 514725288 6.95317e-310 0.00
problem97 209.23 574301417014053 5 514725288 6.95317e-310 0.00
problem98 11.35 524982695895519 5 514725288 6.95317e-310 0.00
problem99 322.89 513966101006708 5 514725288 6.95317e-310 0.00
