problem0 0 324516792415928 140735892077176 4 1.16637e-312 0.00
problem1 0 427931644717787 140735892077176 4 1.16637e-312 0.00
problem2 0.01 513823817834758 140735892077176 4 1.16637e-312 0.00
problem3 0 451741718223438 140735892077176 4 1.16637e-312 0.00
problem4 0 439046266664253 140735892077176 4 1.16637e-312 0.00
problem5 0.01 475185773618408 140735892077176 4 1.16637e-312 0.00
problem6 0.01 554707258692834 140735892077176 4 1.16637e-312 0.00
problem7 0.01 511496337337525 140735892077176 4 1.16637e-312 0.00
problem8 0 414368954531527 140735892077176 4 1.16637e-312 0.00
problem9 0 453536184353171 140735892077176 4 1.16637e-312 0.00
problem10 0.01 454545346895005 140735892077176 4 1.16637e-312 0.00
problem11 0 413239894223331 140735892077176 4 1.16637e-312 0.00
problem12 0.01 430904873740943 140735892077176 4 1.16637e-312 0.00
problem13 0.01 411416441076726 140735892077176 4 1.16637e-312 0.00
problem14 0.01 375603859619223 140735892077176 4 1.16637e-312 0.00
problem15 0.01 462913006623002 140735892077176 4 1.16637e-312 0.00
problem16 0.01 479253114874425 140735892077176 4 1.16637e-312 0.00
problem17 0 449815754245052 140735892077176 4 1.16637e-312 0.00
problem18 0.01 586212731008273 140735892077176 4 1.16637e-312 0.00
problem19 0.01 484482677216587 140735892077176 4 1.16637e-312 0.00
problem20 0 349601376287102 140735892077176 4 1.16637e-312 0.00
problem21 0.01 360762914138585 140735892077176 4 1.16637e-312 0.00
problem22 0 481721372082057 140735892077176 4 1.16637e-312 0.00
problem23 0.01 435366426888781 140735892077176 4 1.16637e-312 0.00
problem24 0 412586257915128 140735892077176 4 1.16637e-312 0.00
problem25 0.01 436955014310148 140735892077176 4 1.16637e-312 0.00
problem26 0.02 427268721096855 140735892077176 4 1.16637e-312 0.00
problem27 0.01 434674399583821 140735892077176 4 1.16637e-312 0.00
problem28 0 444420905547716 140735892077176 4 1.16637e-312 0.00
problem29 0.01 447576096716533 140735892077176 4 1.16637e-312 0.00
problem30 0.01 427910162143037 140735892077176 4 1.16637e-312 0.00
problem31 0.02 513106351262573 140735892077176 4 1.16637e-312 0.00
problem32 0.01 476670245860822 140735892077176 4 1.16637e-312 0.00
problem33 0 401636193573693 140735892077176 4 1.16637e-312 0.00
problem34 0 452934162373017 140735892077176 4 1.16637e-312 0.00
problem35 0 555975696662570 140735892077176 4 1.16637e-312 0.00
problem36 0.01 466850216995887 140735892077176 4 1.16637e-312 0.00
problem37 0 386297902740575 140735892077176 4 1.16637e-312 0.00
problem38 0.01 536198263796588 140735892077176 4 1.16637e-312 0.00
problem39 0.01 425781419597709 140735892077176 4 1.16637e-312 0.00
problem40 0 465885879856845 140735892077176 4 1.16637e-312 0.00
problem41 0.01 377857707685447 140735892077176 4 1.16637e-312 0.00
problem42 0 480873713591683 140735892077176 4 1.16637e-312 0.00
problem43 0.01 411837196642949 140735892077176 4 1.16637e-312 0.00
problem44 0.01 401083711243080 140735892077176 4 1.16637e-312 0.00
problem45 0.01 428403090677965 140735892077176 4 1.16637e-312 0.00
problem46 0 418997355853259 140735892077176 4 1.16637e-312 0.00
problem47 0 452395769026137 140735892077176 4 1.16637e-312 0.00
problem48 0.01 383283061074911 140735892077176 4 1.16637e-312 0.00
problem49 0 414101156744438 140735892077176 4 1.16637e-312 0.00
problem50 0.01 404581004337000 140735892077176 4 1.16637e-312 0.00
problem51 0 464340367252354 140735892077176 4 1.16637e-312 0.00
problem52 0 409176012567283 140735892077176 4 1.16637e-312 0.00
problem53 0.01 449610996454693 140735892077176 4 1.16637e-312 0.00
problem54 0.02 496951989362450 140735892077176 4 1.16637e-312 0.00
problem55 0 436134224602256 140735892077176 4 1.16637e-312 0.00
problem56 0.01 427017345256598 140735892077176 4 1.16637e-312 0.00
problem57 0.01 450333187839148 140735892077176 4 1.16637e-312 0.00
problem58 0 388274179810596 140735892077176 4 1.16637e-312 0.00
problem59 0.02 418878446766574 140735892077176 4 1.16637e-312 0.00
problem60 0.02 430075646869062 140735892077176 4 1.16637e-312 0.00
problem61 0 416343702518601 140735892077176 4 1.16637e-312 0.00
problem62 0.01 465812653095027 140735892077176 4 1.16637e-312 0.00
problem63 0.01 503650435102465 140735892077176 4 1.16637e-312 0.00
problem64 0.01 392952433339259 140735892077176 4 1.16637e-312 0.00
problem65 0.02 512092863801160 140735892077176 4 1.16637e-312 0.00
problem66 0 454802215120829 140735892077176 4 1.16637e-312 0.00
problem67 0 492147493755580 140735892077176 4 1.16637e-312 0.00
problem68 0.01 317109851843916 140735892077176 4 1.16637e-312 0.00
problem69 0.01 483043731955249 140735892077176 4 1.16637e-312 0.00
problem70 0 414007758421971 140735892077176 4 1.16637e-312 0.00
problem71 0 425092067669933 140735892077176 4 1.16637e-312 0.00
problem72 0.03 554509731613870 140735892077176 4 1.16637e-312 0.00
problem73 0 480850051516133 140735892077176 4 1.16637e-312 0.00
problem74 0 546467513729023 140735892077176 4 1.16637e-312 0.00
problem75 0.01 312232582202243 140735892077176 4 1.16637e-312 0.00
problem76 0 348901993004652 140735892077176 4 1.16637e-312 0.00
problem77 0 492277595034585 140735892077176 4 1.16637e-312 0.00
problem78 0 466826996675091 140735892077176 4 1.16637e-312 0.00
problem79 0.01 474030357783250 140735892077176 4 1.16637e-312 0.00
problem80 0.01 435689185057782 140735892077176 4 1.16637e-312 0.00
problem81 0 352594411580487 140735892077176 4 1.16637e-312 0.00
problem82 0 471705460554767 140735892077176 4 1.16637e-312 0.00
problem83 0 387640766122175 140735892077176 4 1.16637e-312 0.00
problem84 0.01 439738770398208 140735892077176 4 1.16637e-312 0.00
problem85 0.01 400511328987807 140735892077176 4 1.16637e-312 0.00
problem86 0 426496886467107 140735892077176 4 1.16637e-312 0.00
problem87 0 369104453570683 140735892077176 4 1.16637e-312 0.00
problem88 0 410734725471385 140735892077176 4 1.16637e-312 0.00
problem89 0.01 377106147726397 140735892077176 4 1.16637e-312 0.00
problem90 0.01 428790523570842 140735892077176 4 1.16637e-312 0.00
problem91 0.01 532123762521856 140735892077176 4 1.16637e-312 0.00
problem92 0 424093484951057 140735892077176 4 1.16637e-312 0.00
problem93 0 452076744832200 140735892077176 4 1.16637e-312 0.00
problem94 0.01 507259459681891 140735892077176 4 1.16637e-312 0.00
problem95 0.01 516034547531614 140735892077176 4 1.16637e-312 0.00
problem96 0 431175643613271 140735892077176 4 1.16637e-312 0.00
problem97 0 465597880090255 140735892077176 4 1.16637e-312 0.00
problem98 0.01 479583681393694 140735892077176 4 1.16637e-312 0.00
problem99 0.01 498800828484731 140735892077176 4 1.16637e-312 0.00
