problem0 0.02 2794316987727 1
problem1 0.46 3054792723268 1
problem2 0.41 2733676553968 1
problem3 0.1 3033579681449 1
problem4 0.01 2953467582505 1
problem5 2.04 2944686749190 1
problem6 0.05 2837331071802 1
problem7 0.14 2746694083739 1
problem8 0.14 2884692848739 1
problem9 0.67 3032696294312 1
problem10 0.52 3043805277668 1
problem11 0.12 3102141788781 1
problem12 0.21 3171193192445 1
problem13 0.11 2786586226218 1
problem14 0.31 2631266820334 1
problem15 0.52 2633085202975 1
problem16 0.69 3237683077367 1
problem17 1.35 3176542134156 1
problem18 0.1 3049075062360 1
problem19 0.57 3077600941489 1
problem20 2.68 3156275481937 1
problem21 0.66 2962305450446 1
problem22 0.04 3168864917538 1
problem23 0.5 3262263799587 1
problem24 0.42 3281686109963 1
problem25 1.4 2958057232112 1
problem26 0.05 3399006638156 1
problem27 0 2838584930421 1
problem28 0.3 3108299837477 1
problem29 7.87 2957620166898 1
problem30 0.91 2885583833302 1
problem31 0.06 2995220523943 1
problem32 0.05 3041059994271 1
problem33 0.02 2995880952276 1
problem34 0.04 3127341009856 1
problem35 0.21 2959231390393 1
problem36 0.48 3088600438905 1
problem37 1.71 3368914697110 1
problem38 0.06 3167267013386 1
problem39 1.01 2661188941739 1
problem40 0.12 2912536626099 1
problem41 0.02 3267889754168 1
problem42 0.04 2912712358068 1
problem43 0.34 2928860941437 1
problem44 1.41 3016992896589 1
problem45 0.2 3048140177850 1
problem46 0.11 2919613912766 1
problem47 0.35 2716931515183 1
problem48 0.45 2942748691015 1
problem49 2.61 2874944631324 1
problem50 0.04 3134223230760 1
problem51 0.98 2886946844097 1
problem52 0.51 2884731648417 1
problem53 0.7 2955303756638 1
problem54 0.21 2924136666098 1
problem55 0.67 2944217038387 1
problem56 0.05 2727855775323 1
problem57 0.44 2906544461696 1
problem58 0.09 3031228983068 1
problem59 0.22 3242679043717 1
problem60 0.06 3136447476341 1
problem61 0.29 3150687056002 1
problem62 0.21 2925287262886 1
problem63 0.29 2903078099127 1
problem64 0.09 2918817157103 1
problem65 1.1 3238630092900 1
problem66 0.05 2878591912080 1
problem67 1.97 3008051291849 1
problem68 0.55 3249675153609 1
problem69 2.1 2998492215590 1
problem70 1.26 2980742417114 1
problem71 0.28 2938985104059 1
problem72 0.26 2993666928387 1
problem73 1.26 2991640087752 1
problem74 0.06 3254645185412 1
problem75 0.35 2758641311373 1
problem76 0.49 3137651000477 1
problem77 0.65 2971302776138 1
problem78 0.06 2945927799950 1
problem79 0.03 3068172241983 1
problem80 0.13 2808689249175 1
problem81 1.61 2969485917356 1
problem82 0.37 3175688056824 1
problem83 0.45 2811810659793 1
problem84 0.1 3136247627249 1
problem85 0.25 2940053355758 1
problem86 0.35 2622517372866 1
problem87 0.54 2769067328835 1
problem88 0.27 3002166244779 1
problem89 2.07 2696397819920 1
problem90 0.12 2994002466284 1
problem91 0.81 3086250071189 1
problem92 0.67 3008837561541 1
problem93 0.43 2829318346770 1
problem94 0.17 2970339779702 1
problem95 0.35 2989790559687 1
problem96 0.08 2691625418047 1
problem97 0.9 2879253878516 1
problem98 0.91 3456571530592 1
problem99 1.1 3135336755929 1
