problem0 2.03 2939342489575 1 3228.00
problem1 1.17 3810646443580 1 3472.00
problem2 0.98 4241284005896 1 3472.00
problem3 1.29 3529765897121 1 3472.00
problem4 0.79 3524717591233 1 3472.00
problem5 1.53 3218917007358 1 3472.00
problem6 1.00 3570916010578 1 3472.00
problem7 0.93 3965367240339 1 3472.00
problem8 0.88 4128477665019 1 3472.00
problem9 0.75 3820292313248 1 3472.00
problem10 0.52 4259236146940 1 3472.00
problem11 0.58 4223520052581 1 3472.00
problem12 0.97 3451212289685 1 3472.00
problem13 0.46 4170322737698 1 3472.00
problem14 0.83 3695071606790 1 3472.00
problem15 0.84 3995599323671 1 3472.00
problem16 0.79 4087274247055 1 3472.00
problem17 0.50 3942858989188 1 3472.00
problem18 0.96 3233477840752 1 3472.00
problem19 0.88 4019759431337 1 3472.00
problem20 0.83 3295366268905 1 3472.00
problem21 0.56 4148424482758 1 3472.00
problem22 1.05 4043873181498 1 3472.00
problem23 0.71 4204959456539 1 3472.00
problem24 0.74 3481775672739 1 3472.00
problem25 0.66 3766606692328 1 3472.00
problem26 0.26 3997662507364 1 3472.00
problem27 0.73 3796840697709 1 3472.00
problem28 0.94 3740376817341 1 3472.00
problem29 0.78 3624945426666 1 3472.00
problem30 0.57 3653413236718 1 3472.00
problem31 0.83 3569652246431 1 3472.00
problem32 0.56 3523925972279 1 3472.00
problem33 1.23 3484103492812 1 3472.00
problem34 1.57 3612273911000 1 3472.00
problem35 0.55 3731461560241 1 3472.00
problem36 1.20 3639648185105 1 3472.00
problem37 1.16 3727659634062 1 3472.00
problem38 0.87 3649972025890 1 3472.00
problem39 0.86 3701935124899 1 3472.00
problem40 1.35 3640765676107 1 3472.00
problem41 1.02 3971787062576 1 3472.00
problem42 0.93 4000294779340 1 3472.00
problem43 0.56 3917073147765 1 3472.00
problem44 0.56 4140450921701 1 3472.00
problem45 0.66 4133748340146 1 3472.00
problem46 0.80 3574519598550 1 3472.00
problem47 1.06 3750251531047 1 3472.00
problem48 0.64 3691326999775 1 3472.00
problem49 0.93 4052967405844 1 3472.00
problem50 1.12 3732666613824 1 3472.00
problem51 1.45 3442412392121 1 3472.00
problem52 0.70 4120338768953 1 3472.00
problem53 1.15 3989900224854 1 3472.00
problem54 1.45 4225233369866 1 3472.00
problem55 0.56 4052373226539 1 3472.00
problem56 0.55 3743316516083 1 3472.00
problem57 1.55 3985176725624 1 3472.00
problem58 0.92 4348321482804 1 3472.00
problem59 0.83 4325360721277 1 3472.00
problem60 0.81 3519191838989 1 3472.00
problem61 0.91 4111103981690 1 3472.00
problem62 0.36 4017165210046 1 3472.00
problem63 1.35 3702439734447 1 3472.00
problem64 0.79 4042400266887 1 3472.00
problem65 0.90 3596929563484 1 3472.00
problem66 1.34 3433232294312 1 3472.00
problem67 0.16 4432224904129 1 3472.00
problem68 0.74 4074280973153 1 3472.00
problem69 1.07 3624840213278 1 3472.00
problem70 0.93 3620860649970 1 3472.00
problem71 1.08 3855939867827 1 3472.00
problem72 0.51 4370932430235 1 3472.00
problem73 0.76 4114799370688 1 3472.00
problem74 0.52 4269849549980 1 3472.00
problem75 1.44 3644710302085 1 3472.00
problem76 1.01 4112573758261 1 3472.00
problem77 0.71 4156027939138 1 3472.00
problem78 0.99 3405163035558 1 3472.00
problem79 0.75 3995107642423 1 3472.00
problem80 0.98 3779675053615 1 3472.00
problem81 0.61 3892581043108 1 3472.00
problem82 1.14 3148815845648 1 3472.00
problem83 0.72 3693830624969 1 3472.00
problem84 0.95 3845711976585 1 3472.00
problem85 0.55 3999194376934 1 3472.00
problem86 0.80 3635641855706 1 3472.00
problem87 1.38 3391094399803 1 3472.00
problem88 0.80 3600201712707 1 3472.00
problem89 0.76 3955393251592 1 3472.00
problem90 1.16 3395779606276 1 3472.00
problem91 2.04 3245597123469 1 3472.00
problem92 1.01 3665668758365 1 3472.00
problem93 0.93 3756999444490 1 3472.00
problem94 1.12 3773628074894 1 3472.00
problem95 0.77 3918921411007 1 3472.00
problem96 1.78 3176660514775 1 3472.00
problem97 0.78 3949763357164 1 3472.00
problem98 0.95 3598742926968 1 3472.00
problem99 0.68 4116981311441 1 3472.00
