problem0 0 664059 0
problem1 0 628045 1
problem2 0 639964 0
problem3 0 612354 1
problem4 0 600309 0
problem5 0 595023 1
problem6 0 537990 0
problem7 0 643956 1
problem8 0 621519 0
problem9 0 664753 1
problem10 0 625681 1
problem11 0 634182 1
problem12 0 607369 0
problem13 0 538739 1
problem14 0 680314 0
problem15 0 591736 1
problem16 0 625955 0
problem17 0 663957 1
problem18 0 552901 1
problem19 0 680970 1
problem20 0 589725 0
problem21 0 610839 1
problem22 0 561391 1
problem23 0 550140 1
problem24 0 615928 1
problem25 0 629753 1
problem26 0 687864 0
problem27 0 625742 1
problem28 0 617010 1
problem29 0 602427 1
problem30 0 562146 0
problem31 0 687104 1
problem32 0 579148 1
problem33 0 615389 1
problem34 0 674221 1
problem35 0 587282 1
problem36 0 627782 1
problem37 0 583135 1
problem38 0 555606 0
problem39 0 580740 1
problem40 0 634399 0
problem41 0 559425 1
problem42 0 597985 1
problem43 0 618838 1
problem44 0 626137 0
problem45 0 573443 1
problem46 0 644170 0
problem47 0 644744 1
problem48 0 589171 0
problem49 0 646181 1
problem50 0 594324 0
problem51 0 626202 1
problem52 0 616173 0
problem53 0 593831 1
problem54 0 684478 0
problem55 0 637452 1
problem56 0 644167 0
problem57 0 683145 1
problem58 0 650952 0
problem59 0 629854 1
problem60 0 585601 0
problem61 0 582859 1
problem62 0 647858 0
problem63 0 595728 1
problem64 0 524955 0
problem65 0 576109 1
problem66 0 591740 0
problem67 0 568354 1
problem68 0 587669 0
problem69 0 561007 1
problem70 0 571174 0
problem71 0 638356 1
problem72 0 596080 1
problem73 0 673233 1
problem74 0 584624 0
problem75 0 576870 1
problem76 0 626473 0
problem77 0 647059 1
problem78 0 573211 1
problem79 0 605592 1
problem80 0 648643 0
problem81 0 601781 1
problem82 0 600932 0
problem83 0 675882 1
problem84 0 591421 0
problem85 0 632119 1
problem86 0 641678 0
problem87 0 599836 1
problem88 0 604824 1
problem89 0 611609 1
problem90 0 644760 0
problem91 0 656494 1
problem92 0 617682 1
problem93 0 618587 1
problem94 0 534914 0
problem95 0 625184 1
problem96 0 599787 0
problem97 0 608509 1
problem98 0 654668 0
problem99 0 604722 1
