problem0 0.01 3399455099 0
problem1 0.01 3904352822 0
problem2 0.01 3751333303 0
problem3 0 2970813532 0
problem4 0.01 3825481590 0
problem5 0.01 3325680644 0
problem6 0.01 3625203991 0
problem7 0 3445363764 0
problem8 0.01 3199145183 0
problem9 0 3079124006 0
problem10 0.02 3887442617 0
problem11 0.01 3358948235 0
problem12 0 3196767723 0
problem13 0.02 4114347240 0
problem14 0 2523862042 0
problem15 0.01 3786212473 0
problem16 0.01 3378848888 0
problem17 0.02 3183605796 0
problem18 0.01 4134701024 0
problem19 0.01 2811893966 0
problem20 0.01 3106994808 0
problem21 0.01 3677337692 0
problem22 0.01 2932094865 0
problem23 0.01 3414672190 0
problem24 0.01 3144175758 0
problem25 0.01 3418345205 0
problem26 0.01 3219944837 0
problem27 0.01 3292441802 0
problem28 0.02 3482208860 0
problem29 0.01 3605755481 0
problem30 0 3033117625 0
problem31 0.01 3035570272 0
problem32 0.01 2798725405 0
problem33 0.01 3106179137 0
problem34 0.01 3246556118 0
problem35 0 3019573020 0
problem36 0.01 3603713924 0
problem37 0.01 3492773606 0
problem38 0.01 3533150232 0
problem39 0 2606754778 0
problem40 0.01 3781836360 0
problem41 0.02 4330452105 0
problem42 0 3457532717 0
problem43 0.02 3435198488 0
problem44 0.01 3823540399 0
problem45 0 3102089724 0
problem46 0.02 3907515713 0
problem47 0 3272668893 0
problem48 0.02 3471843285 0
problem49 0.01 3701596822 0
problem50 0.01 3259580908 0
problem51 0 2614906787 0
problem52 0.01 2850731598 0
problem53 0 3059986324 0
problem54 0.02 3881229072 0
problem55 0 3526561585 0
problem56 0.01 3276889599 0
problem57 0.01 3316851518 0
problem58 0.01 3502379445 0
problem59 0 3040009614 0
problem60 0.02 3224910008 0
problem61 0 3265689533 0
problem62 0.01 3970062538 0
problem63 0.02 3291547262 0
problem64 0.01 3706620139 0
problem65 0.01 3063711443 0
problem66 0 2791784929 0
problem67 0.02 2860806634 0
problem68 0 3233853434 0
problem69 0.01 3046558276 0
problem70 0.01 3471474480 0
problem71 0.01 3572476874 0
problem72 0.01 3336187883 0
problem73 0.02 3526581476 0
problem74 0 2795627201 0
problem75 0.01 3400195302 0
problem76 0 3192367924 0
problem77 0.01 3058104218 0
problem78 0.01 2616286759 0
problem79 0 3020804086 0
problem80 0 2467881870 0
problem81 0.01 3122066667 0
problem82 0.01 3214738407 0
problem83 0.01 3906596502 0
problem84 0.01 2997009122 0
problem85 0.01 3828567792 0
problem86 0.01 3512403423 0
problem87 0.01 2955166352 0
problem88 0.02 3974181770 0
problem89 0.02 3421544442 0
problem90 0 2793780636 0
problem91 0.01 3957290679 0
problem92 0.01 2767810424 0
problem93 0.01 3900842234 0
problem94 0.01 3438118423 0
problem95 0.01 3120944202 0
problem96 0 3537612861 0
problem97 0.01 3065228618 0
problem98 0.01 2882209772 0
problem99 0.01 2774746342 0
