problem0 0 823666 1 2216.00
problem1 0.00 897520 1 2272.00
problem2 0.00 708015 1 2272.00
problem3 0.00 918601 1 2272.00
problem4 0.00 734836 1 2272.00
problem5 0.00 777098 1 2272.00
problem6 0.00 866561 1 2272.00
problem7 0.00 791539 1 2272.00
problem8 0.00 988310 1 2272.00
problem9 0.00 832452 1 2272.00
problem10 0.00 830067 1 2272.00
problem11 0.00 949053 1 2272.00
problem12 0.00 904664 1 2272.00
problem13 0.00 783518 1 2272.00
problem14 0.00 1053701 1 2272.00
problem15 0.00 853031 1 2272.00
problem16 0.00 795706 1 2272.00
problem17 0.00 522264 1 2272.00
problem18 0.00 755639 1 2272.00
problem19 0.00 923825 1 2272.00
problem20 0.00 784828 1 2272.00
problem21 0.00 768050 1 2272.00
problem22 0.00 931721 1 2272.00
problem23 0.00 705243 1 2272.00
problem24 0.00 872542 1 2272.00
problem25 0.00 839404 1 2272.00
problem26 0.00 750971 1 2272.00
problem27 0.00 634021 1 2272.00
problem28 0.00 936480 1 2272.00
problem29 0.00 882246 1 2272.00
problem30 0.00 897933 1 2272.00
problem31 0.00 663567 1 2272.00
problem32 0.00 862466 1 2272.00
problem33 0.00 624704 1 2272.00
problem34 0.00 885695 1 2272.00
problem35 0.00 919321 1 2272.00
problem36 0.00 937732 1 2272.00
problem37 0.00 753370 1 2272.00
problem38 0.00 825361 1 2272.00
problem39 0.00 977859 1 2272.00
problem40 0.00 736806 1 2272.00
problem41 0.00 750612 1 2272.00
problem42 0.00 770691 1 2272.00
problem43 0.00 849933 1 2272.00
problem44 0.00 759912 1 2272.00
problem45 0.00 729582 1 2272.00
problem46 0.00 849173 1 2272.00
problem47 0.00 980471 1 2272.00
problem48 0.00 729034 1 2272.00
problem49 0.00 909928 1 2272.00
problem50 0.00 868807 1 2272.00
problem51 0.00 872321 1 2272.00
problem52 0.00 898636 1 2272.00
problem53 0.00 962434 1 2272.00
problem54 0.00 842393 1 2272.00
problem55 0.00 855723 1 2272.00
problem56 0.00 876014 1 2272.00
problem57 0.00 860988 1 2272.00
problem58 0.00 790923 1 2272.00
problem59 0.00 777589 1 2272.00
problem60 0.00 866480 1 2272.00
problem61 0.00 620438 1 2272.00
problem62 0.00 1005725 1 2272.00
problem63 0.00 984543 1 2272.00
problem64 0.00 821394 1 2272.00
problem65 0.00 755344 1 2272.00
problem66 0.00 737743 1 2272.00
problem67 0.00 881129 1 2272.00
problem68 0.00 765844 1 2272.00
problem69 0.00 772650 1 2272.00
problem70 0.00 884513 1 2272.00
problem71 0.00 895891 1 2272.00
problem72 0.00 1060790 1 2272.00
problem73 0.00 810084 1 2272.00
problem74 0.00 713363 1 2272.00
problem75 0.00 974045 1 2272.00
problem76 0.00 830200 1 2272.00
problem77 0.00 718654 1 2272.00
problem78 0.00 744997 1 2272.00
problem79 0.00 905159 1 2272.00
problem80 0.00 648026 1 2272.00
problem81 0.00 914616 1 2272.00
problem82 0.00 852951 1 2272.00
problem83 0.00 716369 1 2272.00
problem84 0.00 834268 1 2272.00
problem85 0.00 675538 1 2272.00
problem86 0.00 787881 1 2272.00
problem87 0.00 737915 1 2272.00
problem88 0.00 930686 1 2272.00
problem89 0.00 630668 1 2272.00
problem90 0.00 832923 1 2272.00
problem91 0.00 751173 1 2272.00
problem92 0.00 749376 1 2272.00
problem93 0.00 729318 1 2272.00
problem94 0.00 820653 1 2272.00
problem95 0.00 644015 1 2272.00
problem96 0.00 831522 1 2272.00
problem97 0.00 699616 1 2272.00
problem98 0.00 853983 1 2272.00
problem99 0.00 869561 1 2272.00
