problem0 0.02 255627743964041 215 1 0 2464.00
problem1 0.01 344309562254315 284 2 0 2528.00
problem2 0.02 412236815488917 135 1 0 2528.00
problem3 0 353056961152673 59 1 0 2528.00
problem4 0.02 345144979465249 404 2 0 2600.00
problem5 0.01 380014853879727 215 1 0 2600.00
problem6 0.01 440238335139989 70 1 0 2600.00
problem7 0 403183128179003 59 1 0 2600.00
problem8 0.04 335901824450939 459 2 0 2600.00
problem9 0 356273244947555 129 1 0 2600.00
problem10 0.01 356114572089113 103 1 0.01 2468.00
problem11 0.05 335575600997468 624 2 0 2660.00
problem12 1.12 380590117329700 1657 2 0.01 2768.00
problem13 0.08 336641262006523 450 1 0 2604.00
problem14 0 296449319729603 143 1 0 2604.00
problem15 0.01 366802701723650 106 1 0.01 2384.00
problem16 0.03 385503942471042 324 1 0 2456.00
problem17 0 352597216488442 43 1 0 2500.00
problem18 0 459031769713842 38 1 0 2500.00
problem19 0.05 397806466001649 489 1 0.01 2524.00
problem20 0 275295920303307 125 1 0 2524.00
problem21 0.01 282508509109459 159 1 0.01 2648.00
problem22 0.06 393105086309981 353 1 0 2512.00
problem23 0.02 346549112527756 301 1 0 2512.00
problem24 0.2 340666543640328 697 1 0 2696.00
problem25 0.26 363888149118489 829 1 0 2772.00
problem26 0.03 343497122040964 352 1 0 2624.00
problem27 0 341517326846484 150 1 0 2624.00
problem28 0.01 349852260996449 134 1 0.01 2624.00
problem29 0.01 353421169001831 128 1 0 2624.00
problem30 0 336710376764929 110 1 0 2624.00
problem31 0.16 427665790224108 500 1 0 2468.00
problem32 0 376877966788075 101 1 0 2468.00
problem33 0 315430806592495 70 1 0 2540.00
problem34 0.06 372729994674688 329 1 0.01 2540.00
problem35 0.01 446007112395830 71 1 0 2540.00
problem36 0.19 386348515231873 612 1 0.01 2572.00
problem37 0.01 302999701732275 68 1 0.01 2572.00
problem38 0 421679375974504 59 1 0 2572.00
problem39 0.03 343046946001421 293 1 0 2572.00
problem40 0.66 391249404584075 1725 2 0.01 3028.00
problem41 0.01 299049895382894 178 1 0.01 2680.00
problem42 0.02 382391930841181 122 1 0 2680.00
problem43 0.07 334343143170728 316 1 0 2680.00
problem44 0 314356146956594 84 1 0 2680.00
problem45 0.07 347014409297860 482 1 0.01 2680.00
problem46 0 329513395165853 51 1 0 2680.00
problem47 0 350961440163867 105 1 0 2680.00
problem48 0.02 308920660908763 364 1 0.01 2548.00
problem49 0.01 328171772423734 146 1 0 2560.00
problem50 0.02 322354203815757 376 1 0 2716.00
problem51 0 368183875042910 163 1 0 2560.00
problem52 0.01 321241023189991 66 1 0 2560.00
problem53 0 352227183276571 112 1 0 2560.00
problem54 0.13 410285797676491 404 1 0 2560.00
problem55 0.03 350527702077139 329 1 0 2560.00
problem56 0 336949502484142 129 1 0 2560.00
problem57 0 354047817556799 95 1 0 2560.00
problem58 0.26 323816759602157 651 1 0.01 2584.00
problem59 0.01 330244951400455 153 1 0.01 2584.00
problem60 0.01 335832035130092 73 1 0 2584.00
problem61 0 331072889679090 226 1 0 2496.00
problem62 0.13 385751139214550 411 1 0.01 2496.00
problem63 0.01 391802564033665 101 1 0 2500.00
problem64 0.01 312335067608954 179 1 0 2572.00
problem65 0 402246464835795 89 1 0 2572.00
problem66 0.01 359375765014249 71 1 0.01 2376.00
problem67 0 386791632874591 52 1 0 2376.00
problem68 0.03 251088812082901 478 1 0.01 2764.00
problem69 0.06 397498599503619 465 1 0 2584.00
problem70 0.01 328046235036407 182 1 0 2584.00
problem71 0.23 350046835574321 1035 1 0.01 2864.00
problem72 0.02 437606071305231 144 1 0 2904.00
problem73 0.05 395743283014467 480 1 0 2904.00
problem74 0 432387565373665 59 1 0 2904.00
problem75 0.01 245152906034939 140 1 0 2904.00
problem76 0.04 276760831797288 573 1 0 2720.00
problem77 0.01 391151677961738 120 1 0 2432.00
problem78 0.03 377650367835247 329 1 0 2508.00
problem79 0.01 377499778178822 125 1 0 2508.00
problem80 0.55 371145675155020 968 1 0.01 2588.00
problem81 0.38 285881184287290 869 1 0 2796.00
problem82 0.02 376257374475364 235 1 0.01 2660.00
problem83 0 305407887562717 122 1 0 2484.00
problem84 0.01 348521320474186 135 1 0.01 2504.00
problem85 0.02 319901702388012 455 1 0 2672.00
problem86 0.01 338503550400364 89 1 0 2672.00
problem87 0.67 310693300435479 2342 2 0.01 3336.00
problem88 0.07 313812178675060 773 1 0 3084.00
problem89 0.02 300623990812853 304 1 0.01 3084.00
problem90 0.01 339478103748156 171 1 0.01 3084.00
problem91 0 419768371213821 89 1 0 2512.00
problem92 0.01 332406701429511 69 1 0.01 2512.00
problem93 0.1 371991658432305 769 1 0 2732.00
problem94 0.01 404732941214051 119 1 0 2732.00
problem95 0 403581751717957 42 1 0 2732.00
problem96 0.01 339461968752743 122 1 0 2732.00
problem97 0 364525827562731 37 1 0 2732.00
problem98 0.01 381152643851391 140 1 0 2732.00
problem99 0 391370988813311 58 1 0 2732.00
