problem0 0 21578461621 1
problem1 0 22783574015 1
problem2 0 24373886690 1
problem3 0 22937789688 1
problem4 0.01 23098370679 1
problem5 0 23565816505 1
problem6 0 22012252084 1
problem7 0 22991787906 1
problem8 0 24525087705 1
problem9 0 23962383251 1
problem10 0 24202724902 1
problem11 0 23527516460 1
problem12 0.01 22737883099 1
problem13 0 24811916429 1
problem14 0 25017377848 1
problem15 0 23011693558 1
problem16 0 25602457725 1
problem17 0 20947412903 1
problem18 0 20779879402 1
problem19 0 22468653536 1
problem20 0.01 22688540607 1
problem21 0 23226412769 1
problem22 0 23851253564 1
problem23 0 22056353002 1
problem24 0 24549676961 1
problem25 0 22782553147 1
problem26 0 22386712622 1
problem27 0 24841899796 1
problem28 0.01 23227695651 1
problem29 0 20072827317 1
problem30 0 22462329024 1
problem31 0 23516750430 1
problem32 0.01 23533959493 1
problem33 0 24935911759 1
problem34 0 25502470898 1
problem35 0 22564262088 1
problem36 0.01 23539691271 1
problem37 0 23534365961 1
problem38 0 22645934276 1
problem39 0 23838233682 1
problem40 0 20813034857 1
problem41 0 22407014115 1
problem42 0 22727324726 1
problem43 0 22159542012 1
problem44 0.01 24840617579 1
problem45 0 22696650973 1
problem46 0.01 22102316872 1
problem47 0 21030757062 1
problem48 0 23322254349 1
problem49 0 22968220919 1
problem50 0 23187657722 1
problem51 0 23270916528 1
problem52 0.01 22899867727 1
problem53 0 20720471345 1
problem54 0 22292573260 1
problem55 0 23313341882 1
problem56 0 24499305777 1
problem57 0 21348787083 1
problem58 0.01 22609707582 1
problem59 0 23614410980 1
problem60 0 24855102643 1
problem61 0 24125336069 1
problem62 0 21933283280 1
problem63 0 21385532718 1
problem64 0 24655947989 1
problem65 0 24019004063 1
problem66 0.01 21308935938 1
problem67 0 22455977112 1
problem68 0 23748631447 1
problem69 0 23080439641 1
problem70 0 24584006100 1
problem71 0 19888871714 1
problem72 0.01 22492933881 1
problem73 0 21495210547 1
problem74 0 21912521286 1
problem75 0 22075305164 1
problem76 0 20979520763 1
problem77 0 22832581933 1
problem78 0 24357286488 1
problem79 0 24979175830 1
problem80 0.01 20707794845 1
problem81 0 21982304839 1
problem82 0.01 22921102346 1
problem83 0 23458273664 1
problem84 0 23656988895 1
problem85 0 22654956417 1
problem86 0 21290778972 1
problem87 0 23979968138 1
problem88 0 22610037441 1
problem89 0 22336578267 1
problem90 0 22605286478 1
problem91 0 22123616948 1
problem92 0 23297535811 1
problem93 0 22310572629 1
problem94 0.01 22358075104 1
problem95 0 21541572606 1
problem96 0 20817494117 1
problem97 0 24259922927 1
problem98 0 20888892178 1
problem99 0 20189937768 1
