problem0 0.04 41069232599 1
problem1 0.86 46435725333 1
problem2 0.99 49970102851 1
problem3 0.54 50885191649 1
problem4 3.39 43280043119 1
problem5 0.1 49517410157 1
problem6 0.92 43118996571 1
problem7 0 46508067513 1
problem8 0.68 43605978631 1
problem9 0.32 45183618501 1
problem10 0.42 44307340659 1
problem11 0.56 42837912721 1
problem12 0.11 43650401951 1
problem13 0.38 39973032733 1
problem14 0.18 42969642379 1
problem15 1.52 45375188329 1
problem16 0.09 46354396727 1
problem17 0.25 44477867893 1
problem18 0.33 38245766307 1
problem19 0.17 45567077697 1
problem20 1.71 46358256847 1
problem21 0.18 46726818509 1
problem22 0.06 50683042491 1
problem23 0.01 46669564953 1
problem24 0.05 48011827815 1
problem25 0.06 47576595749 1
problem26 0.78 43475625939 1
problem27 0.62 42096437745 1
problem28 0.2 42314223359 1
problem29 0.03 40000454269 1
problem30 0.54 47446367211 1
problem31 0.03 38597011145 1
problem32 0.1 45862132375 1
problem33 0.04 43942858453 1
problem34 0.59 45242078979 1
problem35 0.62 42658194081 1
problem36 0.06 47187893551 1
problem37 0.17 48563916333 1
problem38 0.19 44238928155 1
problem39 0.28 44490636665 1
problem40 0.64 43023447751 1
problem41 0.1 44409691269 1
problem42 0.91 48247661107 1
problem43 0.54 48991082321 1
problem44 0.08 48526051167 1
problem45 0.07 46724143581 1
problem46 0.1 48277746251 1
problem47 0.15 46306742313 1
problem48 0.24 44958527223 1
problem49 0.66 41183225397 1
problem50 0.17 40950368611 1
problem51 0.49 44408260609 1
problem52 0.56 47360167311 1
problem53 0.42 49619624333 1
problem54 0.03 46642988923 1
problem55 0.24 49854635737 1
problem56 0.76 40952693543 1
problem57 0.84 36565281765 1
problem58 0.65 43613605011 1
problem59 0.13 43994739889 1
problem60 0.02 50421772223 1
problem61 0.09 38863775037 1
problem62 0.12 45737982123 1
problem63 0.01 51242199433 1
problem64 0.5 41426367319 1
problem65 0.01 35168742805 1
problem66 0.17 42539494339 1
problem67 0.12 41725599073 1
problem68 0.06 45177957871 1
problem69 0.44 38512174317 1
problem70 0.04 44177229275 1
problem71 1.19 46271131705 1
problem72 0.12 48675602311 1
problem73 0.04 51165309765 1
problem74 0.44 46708762355 1
problem75 0.41 45631029777 1
problem76 0.23 39291389983 1
problem77 0.51 42853425309 1
problem78 1.35 40034168587 1
problem79 0.05 44127154921 1
problem80 0.51 46939973559 1
problem81 0.59 51108750581 1
problem82 0.63 47783853603 1
problem83 0.21 44241904321 1
problem84 0.31 42098261583 1
problem85 1.31 49426716749 1
