problem0 0.08 475987600401482 229 1 0.06 7720.00
problem1 0.09 443458933550412 215 1 0.01 5176.00
problem2 0.02 542422794941616 97 1 0 5176.00
problem3 0.04 531205374714952 143 1 0.01 5176.00
problem4 0.04 495670842084311 143 1 0.01 5176.00
problem5 0.15 573757744974639 132 1 0 5180.00
problem6 0.03 524069957293000 154 1 0.01 5180.00
problem7 0.03 502663629290444 116 1 0.01 5180.00
problem8 0.09 530147829862865 163 1 0.01 5180.00
problem9 0.17 459893700777239 307 2 0.02 5180.00
problem10 0.05 379531941634916 181 1 0.01 5180.00
problem11 0.06 490990525928671 133 1 0.01 5180.00
problem12 0.22 516279399077676 247 1 0.01 5180.00
problem13 0.14 491517615994443 298 1 0.02 5180.00
problem14 0.04 514289305963391 151 1 0.01 5180.00
problem15 0.05 572984100420671 126 1 0.01 5180.00
problem16 0.04 430553006701064 83 1 0.02 5180.00
problem17 0.09 476334911272436 199 1 0.02 5180.00
problem18 0.19 488244528441057 233 1 0.01 5180.00
problem19 0.07 486553821154060 180 1 0.01 5180.00
problem20 0.03 523310336321617 97 1 0.01 5180.00
problem21 0.05 488257481922292 193 1 0.02 5180.00
problem22 0.03 464881324024304 134 1 0.02 5180.00
problem23 0.04 489754010802827 119 1 0.01 5180.00
problem24 0.05 515806788711165 161 1 0.01 5180.00
problem25 0.03 486365336392820 137 1 0.01 5180.00
problem26 0.07 451449324518460 192 1 0.02 5180.00
problem27 0.03 475314630323321 102 1 0.01 5180.00
problem28 0.04 430470416583397 145 1 0.01 5180.00
problem29 0.16 437688884765449 271 1 0.02 5180.00
problem30 0.04 436616211353736 209 1 0.02 5180.00
problem31 0.05 448620301583988 214 1 0.01 5180.00
problem32 0.06 506429930938219 191 1 0 5180.00
problem33 0.06 446278412244302 246 1 0.02 5180.00
problem34 0.04 516740440997293 129 1 0.01 5180.00
problem35 0.02 553818213513180 105 1 0.01 5180.00
problem36 0.03 466743123763515 92 1 0.01 5180.00
problem37 0.16 511191055031953 238 1 0.01 5180.00
problem38 0.02 482557569641327 144 1 0.01 5180.00
problem39 0.08 473066492289094 200 1 0.02 5180.00
problem40 0.07 398924587873141 250 1 0.01 5180.00
problem41 0.02 481040358532595 127 1 0.02 5180.00
problem42 0.07 492529667026099 178 1 0.02 5180.00
problem43 0.05 432678036585377 215 1 0.01 5180.00
problem44 0.04 491314935878760 202 1 0.02 5180.00
problem45 0.06 430316893072191 200 1 0.02 5180.00
problem46 0.04 547828761662088 137 1 0.01 5180.00
problem47 0.05 500890980672293 196 1 0.01 5180.00
problem48 0.08 480301388643443 220 1 0.01 5180.00
problem49 0.07 401989949007031 182 1 0.02 5180.00
problem50 0.02 535457058127970 112 1 0.01 5180.00
problem51 0.03 595695723675472 124 1 0.01 5180.00
problem52 0.05 468820719062186 154 1 0.01 5180.00
problem53 0.01 568812929485053 80 1 0.01 5180.00
problem54 0.13 561299201306656 208 1 0 5180.00
problem55 0.17 534434228981284 259 1 0.01 5180.00
problem56 0.09 512059169105183 190 1 0.01 5180.00
problem57 0.02 546078701228359 115 1 0.01 5180.00
problem58 0.06 604690925763876 137 1 0.01 5180.00
problem59 0.03 402142827357669 180 1 0.01 5180.00
problem60 0.03 574023825700252 107 1 0.01 5180.00
problem61 0.2 561593316633009 246 1 0.01 5180.00
problem62 0.03 514964386286526 88 1 0.01 5180.00
problem63 0.07 462189052883809 204 1 0.01 5180.00
problem64 0.04 495443543406627 151 1 0.01 5180.00
problem65 0.04 499934144307030 96 1 0.01 5180.00
problem66 0.04 447186954117062 220 1 0.01 5180.00
problem67 0.03 580397577156230 105 1 0.01 5180.00
problem68 0.13 408160384025636 353 2 0.02 5180.00
problem69 0.03 447005809484780 157 1 0.01 5180.00
problem70 0.03 431778901013562 136 1 0.01 5180.00
problem71 0.12 535468348298235 226 1 0.01 5180.00
problem72 0.04 359767076846063 205 1 0.02 5180.00
problem73 0.06 492754183156463 160 1 0.02 5180.00
problem74 0.1 502781367696657 272 1 0.01 5180.00
problem75 0.14 463232902697218 244 1 0.01 5180.00
problem76 0.07 583929680167560 194 1 0.01 5180.00
problem77 0.05 513322284508005 146 1 0.02 5180.00
problem78 0.03 522317332602601 106 1 0.01 5180.00
problem79 0.03 490696474119032 132 1 0.01 5180.00
problem80 0.07 513805977567819 184 1 0.01 5180.00
problem81 0.04 436220491358466 142 1 0.02 5180.00
problem82 0.13 523268269268676 242 1 0.01 5180.00
problem83 0.05 469619238669865 139 1 0.02 5180.00
problem84 0.06 502510258482610 167 1 0.01 5180.00
problem85 0.18 485552165268631 254 1 0.01 5180.00
problem86 0.04 485910849563227 166 1 0.01 5180.00
problem87 0.05 554709858981050 93 1 0 5180.00
problem88 0.08 503607677844514 138 1 0.01 5180.00
problem89 0.07 546655028333582 193 1 0.02 5180.00
problem90 0.04 539298531465759 168 1 0.01 5180.00
problem91 0.03 511544873655031 127 1 0.01 5180.00
problem92 0.07 439269996581357 182 1 0.01 5180.00
problem93 0.02 536456283066977 88 1 0.02 5180.00
problem94 0.05 563525900178170 157 1 0.01 5180.00
problem95 0.06 460226670406553 206 1 0.02 5180.00
problem96 0.04 444785242288426 107 1 0.02 5180.00
problem97 0.03 467609772812315 129 1 0.02 5180.00
problem98 0.04 424473855997805 166 1 0.02 5180.00
problem99 0.07 482593948805137 279 1 0.02 5180.00
