problem0 0.05 333294311244 1
problem1 0.03 340217038540 1
problem2 0.1 290291635788 1
problem3 0.01 344977311180 1
problem4 0.56 372970853708 1
problem5 0.1 343196140748 1
problem6 0.06 365606327372 1
problem7 0.2 319669175244 1
problem8 0.02 367615644492 1
problem9 0.08 393946661580 1
problem10 0.05 338293084748 1
problem11 0.03 365066912204 1
problem12 0 302968049996 1
problem13 0.14 338621530316 1
problem14 0.03 353005064268 1
problem15 0.12 340208353228 1
problem16 0.04 327976193868 1
problem17 0.12 332611321548 1
problem18 0.15 305287319116 1
problem19 0 336059563468 1
problem20 0.14 333890161996 1
problem21 0.02 316558245068 1
problem22 0 374152744012 1
problem23 0.01 331917458380 1
problem24 0.06 375168797516 1
problem25 0.01 291234052812 1
problem26 0.01 386426915404 1
problem27 0.1 401568233932 1
problem28 0 334472251724 1
problem29 0.05 369079646412 1
problem30 0.11 340734101580 1
problem31 0.06 343920179148 1
problem32 0.04 352158713676 1
problem33 0.41 327528478412 1
problem34 0.04 355957655116 1
problem35 0.22 318658835916 1
problem36 0.14 353838007628 1
problem37 0.07 364920796364 1
problem38 0.49 362002367564 1
problem39 0.02 322260988876 1
problem40 0.03 342429369164 1
problem41 0 378949137100 1
problem42 0.04 314542834252 1
problem43 0.03 359793357260 1
problem44 0.01 303672164684 1
problem45 0.01 318845645004 1
problem46 0.01 341052342348 1
problem47 0.01 316063576012 1
problem48 0.66 360744714060 1
problem49 0.04 348590829260 1
problem50 0 345665879628 1
problem51 0.14 350757187020 1
problem52 0.03 353357495628 1
problem53 0.08 331517488332 1
problem54 0.15 361367452748 1
problem55 0.01 365861694412 1
problem56 0.11 335969352524 1
problem57 0.03 371476589260 1
problem58 0.08 335241722444 1
problem59 0.02 375033752012 1
problem60 0.32 371629062476 1
problem61 0.09 323210995916 1
problem62 0.02 351812302924 1
problem63 0.32 314620602316 1
problem64 0.1 342996776780 1
problem65 0.33 342111282892 1
problem66 0 306624247372 1
problem67 0.55 352897721804 1
problem68 0.14 347481011532 1
problem69 0.81 351639790796 1
problem70 0.08 344330712140 1
problem71 0.2 357492876236 1
problem72 0.18 362231198540 1
problem73 0.14 352568271564 1
problem74 0.03 343296881228 1
problem75 0.01 393602326988 1
problem76 0.09 355806835020 1
problem77 0.29 311308738764 1
problem78 0.01 336506761292 1
problem79 0.1 311673970636 1
problem80 0.03 339717091148 1
problem81 0.22 340302094028 1
problem82 0.02 365534293580 1
problem83 0.01 331522891212 1
problem84 0.07 325471137100 1
problem85 0 345830808780 1
problem86 0.13 334514465868 1
problem87 0.1 329366789068 1
problem88 0 315988208460 1
problem89 0.02 345846504140 1
problem90 0.01 362330630732 1
problem91 0.36 301682448844 1
problem92 0 365727148364 1
problem93 0.05 375480670412 1
problem94 0.23 361707710540 1
problem95 0 356615804876 1
problem96 0.02 357348108108 1
problem97 0.03 358195648204 1
problem98 0.47 365629711948 1
problem99 0.03 370384557516 1
