problem0 0 158157 0
problem1 0 160731 0
problem2 0 143673 0
problem3 0 151911 0
problem4 0 165861 0
problem5 0 142387 0
problem6 0 149970 1
problem7 0 172095 0
problem8 0 156413 0
problem9 0 162187 0
problem10 0 159593 0
problem11 0 164887 0
problem12 0 174869 0
problem13 0 150499 0
problem14 0 184834 1
problem15 0 163055 0
problem16 0 151597 0
problem17 0 152379 0
problem18 0 176537 0
problem19 0 166599 0
problem20 0 168517 0
problem21 0 155539 0
problem22 0 163377 0
problem23 0 171423 0
problem24 0 147805 0
problem25 0 168171 0
problem26 0 157641 0
problem27 0 165239 0
problem28 0 154997 0
problem29 0 161603 0
problem30 0 151137 0
problem31 0 143951 0
problem32 0 157325 0
problem33 0 160411 0
problem34 0 164345 0
problem35 0 173095 0
problem36 0 167077 0
problem37 0 160499 0
problem38 0 189073 0
problem39 0 158463 0
problem40 0 122813 0
problem41 0 161867 0
problem42 0 155689 0
problem43 0 161495 0
problem44 0 167893 0
problem45 0 131747 0
problem46 0 174785 0
problem47 0 133039 0
problem48 0 158957 0
problem49 0 164347 0
problem50 0 164441 0
problem51 0 171399 0
problem52 0 153349 0
problem53 0 161363 0
problem54 0 161521 0
problem55 0 170079 0
problem56 0 175645 0
problem57 0 159659 0
problem58 0 157833 0
problem59 0 174135 0
problem60 0 152117 0
problem61 0 155139 0
problem62 0 153377 0
problem63 0 150799 0
problem64 0 152397 0
problem65 0 168283 0
problem66 0 152249 0
problem67 0 173799 0
problem68 0 184677 0
problem69 0 158131 0
problem70 0 158545 0
problem71 0 153023 0
problem72 0 150653 0
problem73 0 165643 0
problem74 0 164073 0
problem75 0 149911 0
problem76 0 156821 0
problem77 0 158052 1
problem78 0 156545 0
problem79 0 164463 0
problem80 0 158125 0
problem81 0 155835 0
problem82 0 160537 0
problem83 0 168007 0
problem84 0 175045 0
problem85 0 171283 0
problem86 0 151474 1
problem87 0 164639 0
problem88 0 154333 0
problem89 0 167531 0
problem90 0 149833 0
problem91 0 146167 0
problem92 0 165621 0
problem93 0 165059 0
problem94 0 172002 1
problem95 0 157647 0
problem96 0 151565 0
problem97 0 151580 1
problem98 0 148345 0
problem99 0 158119 0
