problem0 0.33 577811765963498 733 1 0.32
problem1 0.08 613443611832604 494 1 0.04
problem2 0.2 647984627230374 835 2 0.11
problem3 0.19 601842922919853 1083 2 0.12
problem4 0.61 445256624500346 6771 3 0.49
problem5 0.41 539898523166513 6224 1 0.27
problem6 0.23 702275411060755 571 1 0.18
problem7 0.23 574114233283530 843 1 0.21
problem8 0.26 619085219954606 1006 1 0.17
problem9 0.21 667794417040534 474 1 0.17
problem10 0.28 692335782165239 647 1 0.18
problem11 0.24 603876809724852 914 1 0.17
problem12 0.4 578084099849405 1970 1 0.23
problem13 0.32 607529785943294 2582 1 0.26
problem14 0.41 548317801388077 3662 1 0.3
problem15 0.33 640237031754224 713 1 0.17
problem16 0.23 590648464405148 833 1 0.19
problem17 0.27 608323056918724 1110 1 0.21
problem18 0.33 550958283606085 2093 1 0.22
problem19 0.36 633148258119656 1393 1 0.19
problem20 0.56 497249051833976 3249 1 0.24
problem21 0.28 622920717654732 1160 1 0.18
problem22 0.36 607933999400979 1789 1 0.2
problem23 0.28 639302735561894 1258 1 0.18
problem24 0.22 606772637701947 613 1 0.17
problem25 0.35 610565096347153 2525 1 0.22
problem26 0.27 518597536098877 1606 1 0.21
problem27 0.35 571567745767772 2006 1 0.21
problem28 0.3 672690609997055 995 1 0.18
problem29 0.21 639588188982731 852 1 0.17
problem30 0.38 476017502953363 3537 1 0.29
problem31 0.26 592228838256655 1192 1 0.2
problem32 0.23 607560278318371 553 1 0.18
problem33 0.24 602118704242836 1169 1 0.21
problem34 0.24 586883351631661 752 1 0.2
problem35 0.24 680627504022120 641 1 0.17
problem36 0.18 590890310332962 335 1 0.17
problem37 0.24 572602643552786 858 1 0.2
problem38 0.27 566287864991504 1267 1 0.17
problem39 0.29 563129609782848 1590 1 0.24
problem40 0.41 507408358919959 2248 1 0.22
problem41 0.23 716057440146915 556 1 0.1
problem42 0.36 608285086195155 1946 1 0.23
problem43 0.2 662777706121525 438 1 0.15
problem44 0.33 623419824589268 1262 1 0.22
problem45 0.26 620405696256224 1323 1 0.2
problem46 0.26 617476818899221 1171 1 0.22
problem47 0.18 690301709060532 410 1 0.12
problem48 0.32 624693072050545 1087 1 0.19
problem49 0.27 586728168097195 1473 1 0.22
problem50 0.42 585070730657993 2917 1 0.2
problem51 0.31 724643204802350 593 1 0.17
problem52 0.23 673871685796015 486 1 0.16
problem53 0.24 623461679059914 745 1 0.19
problem54 0.28 514204481801354 1743 1 0.24
problem55 0.2 685610835551494 541 1 0.16
problem56 0.24 610479151644323 445 1 0.15
problem57 0.33 585177316586941 2298 1 0.25
problem58 0.16 645708568327915 872 1 0.09
problem59 0.26 607134018283897 1021 1 0.19
problem60 0.42 545257612448363 3290 1 0.26
problem61 0.26 580135799569016 1345 1 0.21
problem62 0.3 607269070857348 1719 1 0.2
problem63 0.25 522304418467464 879 1 0.19
problem64 0.25 691363439294310 559 1 0.18
problem65 0.27 645830441877372 817 1 0.18
problem66 0.19 677105363261858 337 1 0.16
problem67 0.27 679957238577214 895 1 0.2
problem68 0.35 682463866103269 895 1 0.12
problem69 0.41 536876180635612 3371 1 0.24
problem70 0.22 657759627618541 429 1 0.18
problem71 0.18 622418173821543 539 1 0.16
problem72 0.25 660636247500636 846 1 0.17
problem73 0.19 594774304529337 529 1 0.18
problem74 0.2 676224317117760 374 1 0.19
problem75 0.33 627712492795066 1034 1 0.17
problem76 0.35 569179329529439 2424 1 0.23
problem77 0.14 666175797079169 281 1 0.1
problem78 0.21 657983157087208 565 1 0.14
problem79 0.22 668045453568639 910 1 0.19
problem80 0.27 558266264255524 1185 1 0.19
problem81 0.16 665568815974720 323 1 0.13
problem82 0.25 726367052554018 490 1 0.16
problem83 0.17 638155035498487 480 1 0.12
problem84 0.2 658898238941630 490 1 0.17
problem85 0.19 562742535099617 534 1 0.18
problem86 0.38 619932754919346 1408 1 0.18
problem87 0.22 758326198232608 629 1 0.17
problem88 0.2 600303083348927 494 1 0.15
problem89 0.43 638840557932835 2032 1 0.2
problem90 0.26 598102112467152 1074 1 0.19
problem91 0.19 713907051896021 557 1 0.13
problem92 0.28 615487915825418 1102 1 0.19
problem93 0.27 603634170922997 1439 1 0.2
problem94 0.32 582926746592152 1670 1 0.18
problem95 0.24 595982542858434 1171 1 0.18
problem96 0.28 639135963046963 1001 1 0.18
problem97 0.18 639555915755930 373 1 0.16
problem98 0.22 601394399029599 739 1 0.18
problem99 0.33 578346999090114 1796 1 0.22
