problem0 14.91 793403171293489 201 1 2.51 886548.00
problem1 16.50 956155186441157 196 1 2.23 886936.00
problem2 13.54 896150603431275 182 1 2.11 886940.00
problem3 13.73 806414667046931 188 1 2.11 886940.00
problem4 16.89 931232868641583 181 1 2.08 886940.00
problem5 17.46 999596801191140 220 1 1.89 897180.00
problem6 11.01 944287767307956 160 1 1.61 886940.00
problem7 17.61 892907459754262 196 1 2.32 886940.00
problem8 16.99 1024436535971007 228 1 1.91 886940.00
problem9 18.29 917618048969841 220 1 2.72 886940.00
problem10 20.72 1047745180678589 261 1 1.67 891036.00
problem11 21.47 845058953481301 210 1 2.76 886940.00
problem12 16.50 987746540292524 210 1 2.02 886940.00
problem13 16.56 856800879812358 210 1 2.23 888988.00
problem14 15.54 863306836363756 206 1 2.07 886940.00
problem15 18.85 925458308344997 263 1 2.09 886940.00
problem16 19.71 845599135842368 281 1 2.67 886940.00
problem17 16.61 769413355008356 212 1 2.26 886940.00
problem18 12.01 828817333971522 149 1 2.71 888988.00
problem19 13.45 846522857687598 191 1 3.00 886940.00
problem20 12.45 909659341049634 171 1 1.82 886940.00
problem21 17.68 925700827839879 200 1 1.62 888988.00
problem22 14.03 918694199366503 191 1 2.27 886924.00
problem23 18.22 851683777287589 227 1 1.90 886940.00
problem24 13.01 1027902162222354 229 1 1.85 897168.00
problem25 15.58 915755825974653 235 1 1.89 888988.00
problem26 24.90 956106455416869 225 1 1.92 886924.00
problem27 14.32 883833973672781 194 1 2.09 886940.00
problem28 13.31 878704259945830 208 1 1.92 886940.00
problem29 12.58 848623008005891 134 1 3.20 886940.00
problem30 16.08 890422529492167 197 1 1.98 886940.00
problem31 19.71 961727442743284 260 1 3.04 901280.00
problem32 15.12 1002973626044179 201 1 1.58 886944.00
problem33 13.70 940507100123753 218 1 1.86 886928.00
problem34 14.07 822268490431382 206 1 2.40 886928.00
problem35 10.62 831683940169439 104 1 2.13 886944.00
problem36 13.79 836218841938237 174 1 2.45 886944.00
problem37 16.28 860281733777957 240 1 2.18 886932.00
problem38 24.26 952848353606847 262 1 2.09 886944.00
problem39 17.85 915752174215984 209 1 2.13 886944.00
problem40 20.84 858258300145010 225 1 1.84 886932.00
problem41 13.06 877793870195444 190 1 1.81 886944.00
problem42 19.57 871184861907215 253 1 2.15 886944.00
problem43 13.02 1043871522663833 221 1 1.95 888992.00
problem44 13.34 770693304109449 179 1 3.40 886944.00
problem45 13.34 954387711310372 221 1 2.34 886944.00
problem46 12.12 1001564884713979 173 1 2.16 893088.00
problem47 10.89 891811643247301 147 1 2.24 893072.00
problem48 12.60 882196369455525 167 1 2.40 886944.00
problem49 18.81 957290421370010 287 1 2.08 895136.00
problem50 14.92 885226281124057 196 1 2.60 886932.00
problem51 11.19 914697652271966 147 1 2.59 886944.00
problem52 12.95 807887030034842 171 1 2.47 886944.00
problem53 13.83 938005201313382 189 1 2.23 888992.00
problem54 20.09 884775821096266 238 1 2.44 886944.00
problem55 13.66 832370569906610 170 1 2.28 886928.00
problem56 18.76 976761401949399 266 1 1.84 886944.00
problem57 16.00 921316624814824 255 1 2.13 886928.00
problem58 19.30 890039974459933 215 1 2.21 886932.00
problem59 19.76 882853280690266 247 1 1.87 886944.00
problem60 12.43 890822320278138 180 1 2.03 886944.00
problem61 19.92 775649044571632 208 1 2.38 886928.00
problem62 23.79 938951231986192 233 1 1.83 886928.00
problem63 12.47 926405551722414 184 1 1.75 886928.00
problem64 13.75 859262573151258 216 1 2.44 886944.00
problem65 17.56 935292066544821 233 1 1.91 891040.00
problem66 16.44 782057780548400 203 1 2.46 886944.00
problem67 12.12 1031340416161375 149 1 1.72 888992.00
problem68 17.26 904834924693323 208 1 2.31 886944.00
problem69 22.02 935976115963999 215 1 2.41 893088.00
problem70 12.15 808210489851730 127 1 2.76 886944.00
problem71 12.56 879956137956088 202 1 2.33 886944.00
problem72 13.89 925534797556728 238 1 1.65 886944.00
problem73 20.90 891639989748037 232 1 1.77 886928.00
problem74 15.26 889984360872114 193 1 2.10 886944.00
problem75 19.42 982864279753772 246 1 2.19 895136.00
problem76 15.43 940925401304368 203 1 2.73 886944.00
problem77 11.94 827004109391834 134 1 2.50 886944.00
problem78 12.64 960582506073364 200 1 2.18 886944.00
problem79 12.71 932891739792995 155 1 2.24 886944.00
problem80 13.28 887767532072981 204 1 1.86 886944.00
problem81 13.32 878822656473346 171 1 2.62 886928.00
problem82 13.72 825003825842534 210 1 2.66 886944.00
problem83 17.40 810796090019124 232 1 2.66 886944.00
problem84 16.92 869954814108394 265 1 2.17 886944.00
problem85 12.63 959353556899557 148 1 2.13 893072.00
problem86 11.59 804090560917074 129 1 2.45 886944.00
problem87 13.20 836274085506689 161 1 2.18 886944.00
problem88 11.29 1020146606773746 191 1 1.72 886944.00
problem89 14.11 965639653189786 219 1 1.76 891024.00
problem90 13.61 926686723676405 165 1 1.84 886944.00
problem91 12.68 771920152717512 140 1 2.82 886944.00
problem92 14.44 828854585503327 178 1 2.84 886944.00
problem93 12.75 896197441729222 154 1 1.80 886944.00
problem94 15.28 918692722853851 202 1 2.06 886944.00
problem95 19.21 796849351525486 285 1 2.76 886944.00
problem96 16.43 1065571813650618 213 1 1.66 886944.00
problem97 15.46 856567470385800 192 1 2.89 886944.00
problem98 17.27 999893901462567 246 1 1.78 895136.00
problem99 11.53 901633808301398 102 1 2.29 886944.00
