problem0 2.37 14630905928 1
problem1 0.46 14508905390 1
problem2 1.82 13437099397 1
problem3 1.05 11942677863 1
problem4 0.03 12401101066 1
problem5 0.05 14390051272 1
problem6 1.05 14113551383 1
problem7 0.22 11851223313 1
problem8 0.47 13761366508 1
problem9 0.15 13315446146 1
problem10 0.32 10463160265 1
problem11 0.07 11324961627 1
problem12 0.45 12628602094 1
problem13 0.25 13747579100 1
problem14 0.04 12491770523 1
problem15 0.15 14366318149 1
problem16 0.17 12009296912 1
problem17 0.32 12292486614 1
problem18 0.44 12279107213 1
problem19 0.47 15098469327 1
problem20 0.18 13090275666 1
problem21 0.04 14717064816 1
problem22 2.36 12761269663 1
problem23 0.3 13278631417 1
problem24 0.8 14263654068 1
problem25 0.15 12137612458 1
problem26 0.13 13246882257 1
problem27 0.33 13413717699 1
problem28 1.29 13140235830 1
problem29 0.19 12768221828 1
problem30 0.3 13172176163 1
problem31 0.43 13014845485 1
problem32 0.19 11584905688 1
problem33 0.21 11553624574 1
problem34 0.58 13995897237 1
problem35 1.66 13444461623 1
problem36 2.54 11459541914 1
problem37 0.79 12476204312 1
problem38 0.86 13093579047 1
problem39 0.53 14869152993 1
problem40 0.05 13455033724 1
problem41 1.83 13242199506 1
problem42 0.27 11964878297 1
problem43 1.76 13202654251 1
problem44 0.32 14750990718 1
problem45 0.23 12375975468 1
problem46 1.79 14359900587 1
problem47 0.99 13165468693 1
problem48 1.03 13052891552 1
problem49 0.28 12315027494 1
