problem0 16.47 569460148508592 11591 2 4.25
problem1 11.22 615979161555469 6357 1 1.2
problem2 2.93 599801576542924 4102 1 0.8
problem3 6 566191085240190 11467 1 1.65
problem4 16.47 547155004712152 16352 2 4.2
problem5 31.66 619071390384962 4618 1 0.91
problem6 6.93 583862442378111 5267 1 1.35
problem7 22.84 533779053701562 23294 2 9.68
problem8 2.5 629921607087794 2866 1 1.23
problem9 5.44 557447403758724 15705 1 2.63
problem10 2.2 679593559383715 937 1 0.87
problem11 12.25 610712521387781 6125 1 1.04
problem12 22.8 598249826741126 12618 1 1.34
problem13 1.55 554926508054065 2729 1 1
problem14 11.41 495692220595126 8761 1 1.74
problem15 14.3 615193090538489 9656 1 1.32
problem16 32.4 623350595265798 4803 1 1.01
problem17 14.1 651790102540729 3485 1 1.12
problem18 6.84 658969254334937 5422 1 1.09
problem19 20.91 619908925034041 7554 1 1.3
problem20 8.7 610179664580458 4550 1 1.02
problem21 3.98 597733169118269 3698 1 1.34
problem22 3.07 479211875044132 6120 1 1.58
problem23 71.64 627636781420171 3069 1 0.89
problem24 19.85 651595437979785 3376 1 1.06
problem25 14.05 595726641641865 6872 1 1.01
problem26 10.08 527524073386460 11925 1 1.5
problem27 2.6 658077336666311 1298 1 0.75
problem28 12.09 631503644929708 1859 1 0.8
problem29 2.06 589559605831879 4103 1 1.36
problem30 29.73 582768141597126 17616 1 2.29
problem31 4.85 594972510719128 5326 1 1.24
problem32 5.35 561506621825518 12888 1 2.46
problem33 13.07 468510837070496 8000 1 1.32
problem34 11.71 592415159008771 3160 1 1.06
problem35 25.43 570253586268273 11592 1 1.98
problem36 9.21 528221898461163 14095 1 2.4
problem37 4.25 535748707617494 7081 1 1.37
problem38 2.22 571761723010232 3081 1 1.14
problem39 4.42 606907585036756 4143 1 1.23
problem40 6.84 598833406469017 14565 1 1.85
problem41 28.59 533786650553560 7405 1 1.49
problem42 1.99 722935671815500 1696 1 0.74
problem43 9.58 652480815477024 3800 1 0.95
problem44 16.98 610578716209496 4999 1 0.94
problem45 20.15 642892353401486 6824 1 1.52
problem46 8.91 597980788636839 8730 1 1.78
problem47 7.26 508864382322292 14359 1 1.84
problem48 5.45 519844790133429 17964 1 2.12
problem49 10 611476365730158 13796 1 1.45
problem50 47.45 598911791518703 5126 1 0.79
problem51 8.41 626559184415987 4395 1 1.18
problem52 4.68 546595076113699 13517 1 2.04
problem53 32.75 628299205845627 15616 1 1.32
problem54 5.92 607748332185471 3402 1 1.06
problem55 6.71 596018489260722 15071 1 2.1
problem56 6.09 648437352348590 860 1 0.76
problem57 11.76 615861853992985 6663 1 1.22
problem58 2.69 623269988866313 4145 1 1.08
problem59 12.07 605404355704450 12731 1 2.14
problem60 26.78 570607270184334 12752 1 2.13
problem61 28.91 649353495937269 3660 1 0.83
problem62 11.67 612708881847817 3731 1 0.96
problem63 37.89 617056909923103 4291 1 1.14
problem64 9.99 699603521724219 1277 1 0.63
problem65 4.8 583246797280439 4973 1 1.08
problem66 9.63 542626085024453 5011 1 1.06
problem67 3.27 667870707653617 1218 1 0.8
problem68 6.32 588135684614275 2498 1 0.96
problem69 3.15 490078344966374 7556 1 2.01
problem70 4.05 714465416588975 1585 1 0.95
problem71 7.28 598353549021450 4711 1 1.34
problem72 2.6 560575597912366 3778 1 1.13
problem73 27.39 607146992158046 4478 1 0.83
problem74 15.07 485041633380790 17661 1 2.16
problem75 33.01 544713921660988 33475 2 5.88
problem76 14.47 655636696425328 3002 1 1.14
problem77 51.78 674243263604924 4683 1 1.1
problem78 20.97 553332771919629 4359 1 1.29
problem79 28.23 586265777951335 13795 1 2.05
problem80 5.21 617422244916149 5116 1 1.22
problem81 7.32 490101494722106 8273 1 2.44
problem82 7.34 569588549594282 8655 1 1.59
problem83 6.7 629303988926633 1877 1 1.09
problem84 12.61 704882796064663 2996 1 1.04
problem85 38.61 520169286873440 26478 1 3.15
problem86 16.25 549795176605957 7052 1 2.04
problem87 11.79 570744943713529 11346 1 1.66
problem88 2.92 554864340693414 9885 1 2.03
problem89 3.07 653776455872260 2170 1 1.17
problem90 9.9 627824604228695 2593 1 1.2
problem91 6.83 560489461156821 2473 1 1.29
problem92 14.99 551810069680922 9648 1 1.51
problem93 1.89 664116346667188 1457 1 1.09
problem94 10.48 551803851145595 5302 1 1.72
problem95 5.86 649593994266623 2278 1 1.12
problem96 14.54 643075061217098 3808 1 1.12
problem97 8.67 631670323933555 1405 1 0.86
problem98 25.84 570579421631557 15317 1 2.01
problem99 21.15 626249590687710 4567 1 1.31
