problem0 0 85327 1 0.00
problem1 0.00 97092 1 0.00
problem2 0.00 83696 1 0.00
problem3 0.00 85673 1 0.00
problem4 0.00 92201 1 0.00
problem5 0.00 85510 1 0.00
problem6 0.00 84794 1 0.00
problem7 0.00 89243 1 0.00
problem8 0.00 94307 1 0.00
problem9 0.00 89000 1 0.00
problem10 0.00 97764 1 0.00
problem11 0.00 105069 1 0.00
problem12 0.00 86013 1 0.00
problem13 0.00 87594 1 0.00
problem14 0.00 94446 1 0.00
problem15 0.00 86559 1 0.00
problem16 0.00 96503 1 0.00
problem17 0.00 89996 1 0.00
problem18 0.00 85592 1 0.00
problem19 0.00 93617 1 0.00
problem20 0.00 85329 1 0.00
problem21 0.00 88526 1 0.00
problem22 0.00 92194 1 0.00
problem23 0.00 87843 1 0.00
problem24 0.00 85771 1 0.00
problem25 0.00 85744 1 0.00
problem26 0.00 90188 1 0.00
problem27 0.00 94325 1 0.00
problem28 0.00 90149 1 0.00
problem29 0.00 96498 1 0.00
problem30 0.00 96470 1 0.00
problem31 0.00 91047 1 0.00
problem32 0.00 90783 1 0.00
problem33 0.00 82388 1 0.00
problem34 0.00 80832 1 0.00
problem35 0.00 90809 1 0.00
problem36 0.00 90233 1 0.00
problem37 0.00 88982 1 0.00
problem38 0.00 72458 1 0.00
problem39 0.00 85931 1 0.00
problem40 0.00 86963 1 0.00
problem41 0.00 84024 1 0.00
problem42 0.00 86196 1 0.00
problem43 0.00 89213 1 0.00
problem44 0.00 85581 1 0.00
problem45 0.00 88506 1 0.00
problem46 0.00 91838 1 0.00
problem47 0.00 82735 1 0.00
problem48 0.00 98887 1 0.00
problem49 0.00 82460 1 0.00
problem50 0.00 85800 1 0.00
problem51 0.00 89537 1 0.00
problem52 0.00 88481 1 0.00
problem53 0.00 82782 1 0.00
problem54 0.00 91122 1 0.00
problem55 0.00 93747 1 0.00
problem56 0.00 87643 1 0.00
problem57 0.00 98176 1 0.00
problem58 0.00 106268 1 0.00
problem59 0.00 85637 1 0.00
problem60 0.00 86645 1 0.00
problem61 0.00 92290 1 0.00
problem62 0.00 90790 1 0.00
problem63 0.00 94391 1 0.00
problem64 0.00 90095 1 0.00
problem65 0.00 86116 1 0.00
problem66 0.00 92304 1 0.00
problem67 0.00 85705 1 0.00
problem68 0.00 90313 1 0.00
problem69 0.00 92454 1 0.00
problem70 0.00 88794 1 0.00
problem71 0.00 82619 1 0.00
problem72 0.00 87811 1 0.00
problem73 0.00 91336 1 0.00
problem74 0.00 95108 1 0.00
problem75 0.00 89741 1 0.00
problem76 0.00 95389 1 0.00
problem77 0.00 97610 1 0.00
problem78 0.00 87182 1 0.00
problem79 0.00 91199 1 0.00
problem80 0.00 82839 1 0.00
problem81 0.00 81068 1 0.00
problem82 0.00 90104 1 0.00
problem83 0.00 91601 1 0.00
problem84 0.00 89585 1 0.00
problem85 0.00 72942 1 0.00
problem86 0.00 88002 1 0.00
problem87 0.00 83267 1 0.00
problem88 0.00 85419 1 0.00
problem89 0.00 86032 1 0.00
problem90 0.00 89580 1 0.00
problem91 0.00 83093 1 0.00
problem92 0.00 87237 1 0.00
problem93 0.00 94226 1 0.00
problem94 0.00 83062 1 0.00
problem95 0.00 97735 1 0.00
problem96 0.00 83263 1 0.00
problem97 0.00 87796 1 0.00
problem98 0.00 89440 1 0.00
problem99 0.00 88793 1 0.00
