problem0 0 509468649 1
problem1 0.08 501220070 1
problem2 0.04 537143594 1
problem3 0.32 613708556 0
problem4 0.03 525461315 1
problem5 0 525271144 1
problem6 0.07 433700980 1
problem7 0.04 473866813 1
problem8 0.02 538452221 1
problem9 0.05 510029258 1
problem10 0.02 571886366 1
problem11 0.06 453699151 1
problem12 0.01 402843415 1
problem13 0 624610572 1
problem14 0 551818024 1
problem15 0.01 430403905 1
problem16 0.01 535229329 1
problem17 0.09 450920494 1
problem18 0.01 540066450 1
problem19 0.31 484922643 1
problem20 0.02 494231659 1
problem21 0.31 586008880 1
problem22 0.05 485974876 1
problem23 0.01 519340997 1
problem24 0 519415717 1
problem25 0.02 551340562 1
problem26 0 434790278 1
problem27 0.03 459394903 1
problem28 0.26 526361407 1
problem29 0.01 491619540 1
problem30 0.03 528318736 1
problem31 0.01 505211337 1
problem32 0.01 483757369 1
problem33 0.03 522705782 1
problem34 0 558887418 1
problem35 0.08 490759451 1
problem36 0.09 561905555 1
problem37 0.04 480088056 1
problem38 0 485899332 1
problem39 0 566604621 1
problem40 0 549319757 1
problem41 0.05 604783706 1
problem42 0.02 472140270 1
problem43 0.08 454501983 1
problem44 0.08 584238439 1
problem45 0.07 448756380 1
problem46 0 574055672 1
problem47 0.02 495054929 1
problem48 0.01 550251745 1
problem49 0.02 563254462 1
problem50 0.02 488650594 1
problem51 0.01 495461155 1
problem52 0 451298491 1
problem53 0.04 426955968 1
problem54 0.02 598526764 1
problem55 0.08 470986965 1
problem56 0 591628021 1
problem57 0.13 499211426 1
problem58 0.01 523405910 1
problem59 0.02 495151975 1
problem60 0.05 419876239 1
problem61 0.17 546647652 1
problem62 0 546848480 1
problem63 0.03 497485017 1
problem64 0.03 567104137 1
problem65 0.19 551365638 1
problem66 0 515904202 1
problem67 0 478613291 1
problem68 0.05 461942755 1
problem69 0 509745032 1
problem70 0 508661780 1
problem71 0.17 505150557 1
problem72 0.03 448323485 1
problem73 0.02 531141354 1
problem74 0.04 551788734 1
problem75 0.07 517938799 1
problem76 0.12 587611063 1
problem77 0 498278444 1
problem78 0 495357640 1
problem79 0.14 456959841 1
problem80 0.01 540769841 1
problem81 0.01 631513422 1
problem82 0.04 581829682 1
problem83 0.01 434481459 1
problem84 0.1 497008907 1
problem85 0.22 541055056 1
problem86 0 494603004 1
problem87 0.02 453121509 1
problem88 0 531660357 1
problem89 0.02 558786354 1
problem90 0.03 476450086 1
problem91 0.03 474136439 1
problem92 0.01 440111071 1
problem93 0 517853172 1
problem94 0 524866736 1
problem95 0.02 533944297 1
problem96 0.01 551104473 1
problem97 0.46 509867158 1
problem98 0.01 482904986 1
problem99 0.02 573337915 1
