problem0 1.41 123651079290 1 3672.00
problem1 0.86 115547595864 1 4364.00
problem2 1.08 118039608759 1 4372.00
problem3 2.38 113720907825 1 4372.00
problem4 2.22 122808369276 1 4372.00
problem5 1.38 127125599730 1 4372.00
problem6 1.04 124222374409 1 4372.00
problem7 1.63 126576462299 1 4372.00
problem8 2.09 112883650974 1 4372.00
problem9 2.80 106116205100 1 4372.00
problem10 1.41 121159032955 1 4372.00
problem11 1.22 122706978597 1 4372.00
problem12 3.38 116656329184 1 4372.00
problem13 1.12 122196318982 1 4372.00
problem14 0.75 124346977037 1 4372.00
problem15 1.26 113368021519 1 4372.00
problem16 0.91 131056255810 1 4372.00
problem17 1.22 120242160256 1 4372.00
problem18 1.31 124706821055 1 4372.00
problem19 1.31 129801383065 1 4372.00
problem20 1.92 118611675076 1 4372.00
problem21 1.56 122911652506 1 4372.00
problem22 0.57 131474533521 1 4372.00
problem23 0.49 128694028483 1 4372.00
problem24 1.48 119443562854 1 4372.00
problem25 1.83 121684401492 1 4372.00
problem26 1.46 123794057091 1 4372.00
problem27 1.27 120969050253 1 4372.00
problem28 1.33 124673274408 1 4372.00
problem29 0.69 135147447470 1 4372.00
problem30 1.88 124450158229 1 4372.00
problem31 0.92 122496959991 1 4372.00
problem32 1.05 121446431754 1 4372.00
problem33 1.88 112840452776 1 4372.00
problem34 1.5 115796880327 1 3676.00
problem35 1.52 116410522369 1 4368.00
problem36 1.26 119017431308 1 4368.00
problem37 1.55 125867551042 1 4368.00
problem38 1.82 119769266457 1 4368.00
problem39 0.74 129196376491 1 4368.00
problem40 1.18 129084580654 1 4368.00
problem41 1.59 128526269052 1 4368.00
problem42 1.66 120157794443 1 4368.00
problem43 1.21 130284053493 1 4368.00
problem44 0.79 125642351728 1 4368.00
problem45 0.91 141256382550 1 4368.00
problem46 2.65 102862291997 1 4368.00
problem47 0.59 137552251871 1 4368.00
problem48 0.66 130413192914 1 4368.00
problem49 2.86 114463055056 1 4368.00
problem50 0.60 129601717711 1 4368.00
problem51 2.35 114992669545 1 4368.00
problem52 1.89 115191680084 1 4368.00
problem53 2.38 101252563434 1 4368.00
problem54 1.10 129164830625 1 4368.00
problem55 0.91 127629374611 1 4368.00
problem56 1.32 117345294070 1 4368.00
problem57 2.10 111377850788 1 4368.00
problem58 1.80 121615793043 1 4368.00
problem59 0.62 126259390813 1 4368.00
problem60 2.02 106259523768 1 4368.00
problem61 1.06 120887129598 1 4368.00
problem62 1.73 126821774245 1 4368.00
problem63 0.74 120243997639 1 4368.00
problem64 0.32 148369179546 1 4368.00
problem65 1.75 126242593016 1 4368.00
problem66 1.56 130192957911 1 4368.00
problem67 0.46 137759966673 1 4368.00
problem68 1.67 117579581852 1 4368.00
problem69 2.65 112885810322 1 3676.00
problem70 0.78 126874908713 1 4368.00
problem71 1.74 118633652603 1 4368.00
problem72 1.09 109678607550 1 4368.00
problem73 1.43 128738317004 1 4368.00
problem74 1.69 124436203675 1 4368.00
problem75 2.27 106608543941 1 4368.00
problem76 1.51 130012167936 1 4368.00
problem77 1.02 114644385190 1 4368.00
problem78 1.69 113480123693 1 4368.00
problem79 4.15 101263918511 1 4368.00
problem80 2.94 111018627682 1 4368.00
problem81 1.33 121404890912 1 4368.00
problem82 0.97 127815221215 1 4368.00
problem83 1.01 122192544313 1 4368.00
problem84 1.22 127048603876 1 4368.00
problem85 0.65 115511439674 1 4368.00
problem86 1.46 116924492465 1 4368.00
problem87 1.79 117311752291 1 4368.00
problem88 0.98 128972608646 1 4368.00
problem89 1.19 115972558324 1 4368.00
problem90 1.93 122808899491 1 4368.00
problem91 1.32 114370740781 1 4368.00
problem92 0.75 119343703880 1 4368.00
problem93 2.19 114522959694 1 4368.00
problem94 0.66 132831393973 1 4368.00
problem95 0.50 136933030295 1 4368.00
problem96 0.75 117461177130 1 4368.00
problem97 2.08 123249471304 1 4368.00
problem98 1.20 114595831783 1 4368.00
problem99 1.77 121761912993 1 4368.00
