problem0 0.01 572653023701707 140736765630856 4 1.16637e-312 0.00
problem1 0.02 569165439044991 140736765630856 4 1.16637e-312 0.00
problem2 0.04 528920487729501 140736765630856 4 1.16637e-312 0.00
problem3 0.14 516922735516279 140736765630856 4 1.16637e-312 0.00
problem4 0.06 612183001691373 140736765630856 4 1.16637e-312 0.00
problem5 0.01 634939440018384 140736765630856 4 1.16637e-312 0.00
problem6 0.08 579760664005450 140736765630856 4 1.16637e-312 0.00
problem7 0 462785652758155 140736765630856 4 1.16637e-312 0.00
problem8 0.03 506501872894242 140736765630856 4 1.16637e-312 0.00
problem9 0.07 471628239728119 140736765630856 4 1.16637e-312 0.00
problem10 0.04 486852404994955 140736765630856 4 1.16637e-312 0.00
problem11 0.04 616980476905828 140736765630856 4 1.16637e-312 0.00
problem12 0.04 623439157525385 140736765630856 4 1.16637e-312 0.00
problem13 0.02 439470719600227 140736765630856 4 1.16637e-312 0.00
problem14 0.03 528235901693745 140736765630856 4 1.16637e-312 0.00
problem15 0.06 564180963840665 140736765630856 4 1.16637e-312 0.00
problem16 0.03 621769996320735 140736765630856 4 1.16637e-312 0.00
problem17 0.01 522131687112550 140736765630856 4 1.16637e-312 0.00
problem18 0.04 498052244868811 140736765630856 4 1.16637e-312 0.00
problem19 0.03 462991517489055 140736765630856 4 1.16637e-312 0.00
problem20 0.14 533783056659869 140736765630856 4 1.16637e-312 0.00
problem21 0.01 461442314357903 140736765630856 4 1.16637e-312 0.00
problem22 0.7 596649864075219 140736765630856 4 1.16637e-312 0.00
problem23 0.06 548670207450003 140736765630856 4 1.16637e-312 0.00
problem24 0.03 542719162766813 140736765630856 4 1.16637e-312 0.00
problem25 0.05 584766369062656 140736765630856 4 1.16637e-312 0.00
problem26 0.02 611553358250953 140736765630856 4 1.16637e-312 0.00
problem27 0.08 620423514934117 140736765630856 4 1.16637e-312 0.00
problem28 0.01 692784585540095 140736765630856 4 1.16637e-312 0.00
problem29 0.03 514454560511991 140736765630856 4 1.16637e-312 0.00
problem30 0.03 629628795672456 140736765630856 4 1.16637e-312 0.00
problem31 0.03 461751553922772 140736765630856 4 1.16637e-312 0.00
problem32 0.02 473648069799318 140736765630856 4 1.16637e-312 0.00
problem33 0.05 447986417543234 140736765630856 4 1.16637e-312 0.00
problem34 0.02 609113050764065 140736765630856 4 1.16637e-312 0.00
problem35 0.01 591628385228739 140736765630856 4 1.16637e-312 0.00
problem36 0.14 560286341441924 140736765630856 4 1.16637e-312 0.00
problem37 0.02 546244444058159 140736765630856 4 1.16637e-312 0.00
problem38 0.02 508193003867186 140736765630856 4 1.16637e-312 0.00
problem39 0.05 545685470443703 140736765630856 4 1.16637e-312 0.00
problem40 0.05 497148435208802 140736765630856 4 1.16637e-312 0.00
problem41 0.09 528082571254146 140736765630856 4 1.16637e-312 0.00
problem42 0.02 661172221866136 140736765630856 4 1.16637e-312 0.00
problem43 0.04 470745623551730 140736765630856 4 1.16637e-312 0.00
problem44 0.05 529328684947021 140736765630856 4 1.16637e-312 0.00
problem45 0.01 446323735636866 140736765630856 4 1.16637e-312 0.00
problem46 0.07 599125900412914 140736765630856 4 1.16637e-312 0.00
problem47 0.04 531212339160383 140736765630856 4 1.16637e-312 0.00
problem48 0.07 576172488735756 140736765630856 4 1.16637e-312 0.00
problem49 0.04 485908192538690 140736765630856 4 1.16637e-312 0.00
problem50 0.01 536035357465493 140736765630856 4 1.16637e-312 0.00
problem51 0.03 452083939452757 140736765630856 4 1.16637e-312 0.00
problem52 0.02 535637357765434 140736765630856 4 1.16637e-312 0.00
problem53 0.03 567685483644051 140736765630856 4 1.16637e-312 0.00
problem54 0.02 523882873197983 140736765630856 4 1.16637e-312 0.00
problem55 0.14 573787399121712 140736765630856 4 1.16637e-312 0.00
problem56 0.07 542297554516313 140736765630856 4 1.16637e-312 0.00
problem57 0.01 510790821049062 140736765630856 4 1.16637e-312 0.00
problem58 0.04 616077087267131 140736765630856 4 1.16637e-312 0.00
problem59 0.05 596432371087396 140736765630856 4 1.16637e-312 0.00
problem60 0.13 608182400785900 140736765630856 4 1.16637e-312 0.00
problem61 0.02 666309684950282 140736765630856 4 1.16637e-312 0.00
problem62 0.01 526248703242774 140736765630856 4 1.16637e-312 0.00
problem63 0.02 469079784469930 140736765630856 4 1.16637e-312 0.00
problem64 0.02 403052129558134 140736765630856 4 1.16637e-312 0.00
problem65 0.03 577983171235723 140736765630856 4 1.16637e-312 0.00
problem66 0.01 687172885503483 140736765630856 4 1.16637e-312 0.00
problem67 0.03 470689515722339 140736765630856 4 1.16637e-312 0.00
problem68 0.03 507883807216958 140736765630856 4 1.16637e-312 0.00
problem69 0.03 552340392527848 140736765630856 4 1.16637e-312 0.00
problem70 0.03 551130040692586 140736765630856 4 1.16637e-312 0.00
problem71 0.07 521749265615013 140736765630856 4 1.16637e-312 0.00
problem72 0.18 577246487379206 140736765630856 4 1.16637e-312 0.00
problem73 0.02 520977436972454 140736765630856 4 1.16637e-312 0.00
problem74 0.1 593502667903853 140736765630856 4 1.16637e-312 0.00
problem75 0.01 487737159811549 140736765630856 4 1.16637e-312 0.00
problem76 0.08 543756132151048 140736765630856 4 1.16637e-312 0.00
problem77 0.05 637611591073545 140736765630856 4 1.16637e-312 0.00
problem78 0.03 497771260393958 140736765630856 4 1.16637e-312 0.00
problem79 0.08 650205068801198 140736765630856 4 1.16637e-312 0.00
problem80 0.04 479025030276712 140736765630856 4 1.16637e-312 0.00
problem81 0.11 533460186953241 140736765630856 4 1.16637e-312 0.00
problem82 0.03 558165219460472 140736765630856 4 1.16637e-312 0.00
problem83 0.05 486929329053581 140736765630856 4 1.16637e-312 0.00
problem84 0.01 454055123951972 140736765630856 4 1.16637e-312 0.00
problem85 0.1 553548750134153 140736765630856 4 1.16637e-312 0.00
problem86 0.01 548539535693094 140736765630856 4 1.16637e-312 0.00
problem87 0.02 421653764635496 140736765630856 4 1.16637e-312 0.00
problem88 0.06 597251168369464 140736765630856 4 1.16637e-312 0.00
problem89 0.1 541278928640969 140736765630856 4 1.16637e-312 0.00
problem90 0.04 621730128299612 140736765630856 4 1.16637e-312 0.00
problem91 0.01 501822217021565 140736765630856 4 1.16637e-312 0.00
problem92 0.01 504495177460998 140736765630856 4 1.16637e-312 0.00
problem93 0.03 501687305426337 140736765630856 4 1.16637e-312 0.00
problem94 0.09 566819240849900 140736765630856 4 1.16637e-312 0.00
problem95 0.06 543037744456127 140736765630856 4 1.16637e-312 0.00
problem96 0.11 498618672396648 140736765630856 4 1.16637e-312 0.00
problem97 1.58 483404514692320 140736765630856 4 1.16637e-312 0.00
problem98 0.18 546256656846584 140736765630856 4 1.16637e-312 0.00
problem99 0.02 543435012222960 140736765630856 4 1.16637e-312 0.00
