problem0 0.926166 219740486321 1
problem1 0.146618 197842761995 1
problem2 0.105567 195828167390 1
problem3 0.586995 205249806020 1
problem4 0.410562 205338453747 1
problem5 0.052638 219286610629 1
problem6 0.118552 221067676208 1
problem7 1.02659 203271019342 1
problem8 0.587949 207357118933 1
problem9 1.23655 215032557727 1
problem10 1.29964 206935481634 1
problem11 0.233643 210539285752 1
problem12 1.7766 206425724247 1
problem13 1.26342 222713826457 1
problem14 0.012098 222297353652 1
problem15 0.467073 206842629570 1
problem16 0.564398 196689238905 1
problem17 0.001284 206110015667 1
problem18 0.03613 208306085350 1
problem19 0.510451 218909898668 1
problem20 0.476677 224993775163 1
problem21 0.519289 201303521005 1
problem22 0.058583 220357390264 1
problem23 0.826331 231716570294 1
problem24 1.9397 214864363421 1
problem25 0.362217 213092415815 1
problem26 2.67018 211987957034 1
problem27 0.50052 208156692192 1
problem28 0.03543 204789784991 1
problem29 0.377532 206498689473 1
problem30 0.295305 200952193084 1
problem31 0.807135 206779748394 1
problem32 0.471975 222116759105 1
problem33 0.522683 212330097243 1
problem34 2.28365 206552113902 1
problem35 1.0455 218460922516 1
problem36 0.073485 206246076291 1
problem37 0.663505 209808461077 1
problem38 2.25368 215415099200 1
problem39 0.053545 198108594206 1
problem40 1.37198 197791645541 1
problem41 0.196384 212170826735 1
problem42 0.353275 201522874162 1
problem43 0.154002 226883896008 1
problem44 0.227724 209888892903 1
problem45 0.452284 212887607529 1
problem46 0.411235 205357108420 1
problem47 0.444888 214810535058 1
problem48 0.094494 209840618249 1
problem49 0.033158 198287046147 1
problem50 0.392184 211275923958 1
problem51 0.499815 220637265788 1
problem52 1.74292 214623525579 1
problem53 1.11123 224606283069 1
problem54 2.48511 211312535752 1
problem55 0.593991 217936891270 1
problem56 1.68974 210110253357 1
problem57 0.097027 214428807319 1
problem58 0.448691 223501345594 1
problem59 0.010021 202841811120 1
problem60 0.599233 207841507375 1
problem61 1.13009 208189211153 1
problem62 0.352274 209467339596 1
problem63 0.012238 197175724794 1
problem64 0.76097 210406406609 1
problem65 0.023845 228562559915 1
problem66 1.52223 223098567422 1
problem67 0.092699 205936627300 1
problem68 0.433443 224245727251 1
problem69 0.34718 211025198949 1
problem70 0.211205 194945416272 1
problem71 0.707624 222982843630 1
problem72 2.27622 205826530549 1
problem73 0.081404 196712652607 1
problem74 0.71737 202783758658 1
problem75 0.209137 216101961880 1
problem76 1.28305 212073103991 1
problem77 0.107127 217585478969 1
problem78 0.077065 202415215572 1
problem79 0.404863 212157956962 1
problem80 0.069872 208284746393 1
problem81 0.146986 219278848851 1
problem82 0.296158 226981662214 1
problem83 0.370201 221296578380 1
problem84 0.628585 209225994075 1
problem85 0.797316 215077149581 1
problem86 0.201848 212477069784 1
problem87 0.29552 214319832662 1
problem88 2.53583 211988527805 1
problem89 0.972113 207861788647 1
problem90 0.276834 205404481866 1
problem91 1.02413 219700890240 1
problem92 0.082723 223721944767 1
problem93 0.584287 211986192993 1
problem94 0.472783 233741528668 1
problem95 3.2169 209963142602 1
problem96 1.0172 213273564513 1
problem97 0.257275 202910213371 1
problem98 0.002969 198804060942 1
problem99 0.726369 216483152436 1
