problem0 1.53 268844763109648 0
problem1 1.73 289919976378026 0
problem2 1 319739893003571 0
problem3 1.07 250359880282380 0
problem4 0.89 256263805665005 0
problem5 1.99 300379142446720 0
problem6 1.25 305935904642539 0
problem7 1.06 247905578687316 0
problem8 0.87 305321474427371 0
problem9 1.77 268175205568578 0
problem10 0.68 288530982451446 0
problem11 1.05 291467099059971 0
problem12 0.91 234941381971648 0
problem13 1.18 246413356672459 0
problem14 1.67 318179983388260 0
problem15 1.33 317983737631618 0
problem16 0.93 281515916911694 0
problem17 0.85 306077027480927 0
problem18 1.71 275229998251791 0
problem19 0.53 283658313003572 0
problem20 1.75 332586464402033 0
problem21 1.07 337569608418603 0
problem22 2.18 365664831736285 0
problem23 0.94 291712866708445 0
problem24 0.74 302300922302021 0
problem25 1.42 358392353529866 0
problem26 1.01 302769544091213 0
