problem0 0 693312031 0 2208.00
problem1 0.00 672314266 0 2264.00
problem2 0.00 687316649 0 2264.00
problem3 0.00 683153832 0 2264.00
problem4 0.00 638835478 0 2264.00
problem5 0.00 608967016 0 2264.00
problem6 0.00 723227057 0 2264.00
problem7 0.00 741240017 0 2264.00
problem8 0.00 572158858 0 2264.00
problem9 0.00 752277997 0 2264.00
problem10 0.00 733237403 0 2264.00
problem11 0.00 617945099 0 2264.00
problem12 0.00 707061493 0 2264.00
problem13 0.00 668003854 0 2264.00
problem14 0.00 608169698 0 2264.00
problem15 0.00 696916586 0 2264.00
problem16 0.00 678506285 0 2264.00
problem17 0.00 618160070 0 2264.00
problem18 0.00 733766194 0 2264.00
problem19 0.00 648771626 0 2264.00
problem20 0.00 549277875 0 2264.00
problem21 0.00 420161399 0 2264.00
problem22 0.00 648523548 0 2264.00
problem23 0.00 706160705 0 2264.00
problem24 0.00 742869353 0 2264.00
problem25 0.00 721896273 0 2264.00
problem26 0.00 654300619 0 2264.00
problem27 0.00 657142505 0 2264.00
problem28 0.00 567089686 0 2264.00
problem29 0.00 518699574 0 2264.00
problem30 0.00 675467585 0 2264.00
problem31 0.00 583374378 0 2264.00
problem32 0.00 629981861 0 2264.00
problem33 0.00 508790918 0 2264.00
problem34 0.00 795780880 0 2264.00
problem35 0.00 725897760 0 2264.00
problem36 0.00 558121728 0 2264.00
problem37 0.00 677360169 0 2264.00
problem38 0.00 654398153 0 2264.00
problem39 0.00 746939559 0 2264.00
problem40 0.00 607230513 0 2264.00
problem41 0.00 564997699 0 2264.00
problem42 0.00 653842648 0 2264.00
problem43 0.00 669437886 0 2264.00
problem44 0.00 588434155 0 2264.00
problem45 0.00 609880090 0 2264.00
problem46 0.00 684930519 0 2264.00
problem47 0.00 742822325 0 2264.00
problem48 0.00 673568813 0 2264.00
problem49 0.00 671364186 0 2264.00
problem50 0.00 864971058 0 2264.00
problem51 0.00 436382814 0 2264.00
problem52 0.00 724087995 0 2264.00
problem53 0.00 566869511 0 2264.00
problem54 0.00 732462236 0 2264.00
problem55 0.00 653860639 0 2264.00
problem56 0.00 492400117 0 2264.00
problem57 0.00 944282183 0 2264.00
problem58 0.00 723475982 0 2264.00
problem59 0.00 579332596 0 2264.00
problem60 0.00 762707772 0 2264.00
problem61 0.00 664719748 0 2264.00
problem62 0.00 695278149 0 2264.00
problem63 0.00 764218897 0 2264.00
problem64 0.00 666659305 0 2264.00
problem65 0.00 694837044 0 2264.00
problem66 0.00 798731786 0 2264.00
problem67 0.00 912689127 0 2264.00
problem68 0.00 770353233 0 2264.00
problem69 0.00 482952827 0 2264.00
problem70 0.00 672995793 0 2264.00
problem71 0.00 619862990 0 2264.00
problem72 0.00 591315707 0 2264.00
problem73 0.00 777618695 0 2264.00
problem74 0.00 586375414 0 2264.00
problem75 0.00 646875297 0 2264.00
problem76 0.00 611759363 0 2264.00
problem77 0.00 674831749 0 2264.00
problem78 0.00 631012461 0 2264.00
problem79 0.01 639175349 0 2264.00
problem80 0.00 600865515 0 2264.00
problem81 0.00 570821886 0 2264.00
problem82 0.00 588673489 0 2264.00
problem83 0.00 804250444 0 2264.00
problem84 0.00 755637398 0 2264.00
problem85 0.00 618550003 0 2264.00
problem86 0.00 668941790 0 2264.00
problem87 0.00 904992661 0 2264.00
problem88 0.00 761370207 0 2264.00
problem89 0.00 526381449 0 2264.00
problem90 0.00 703916141 0 2264.00
problem91 0.00 662348187 0 2264.00
problem92 0.00 529852017 0 2264.00
problem93 0.00 698935280 0 2264.00
problem94 0.00 685072837 0 2264.00
problem95 0.00 694848132 0 2264.00
problem96 0.00 736235725 0 2264.00
problem97 0.00 693581450 0 2264.00
problem98 0.00 696170312 0 2264.00
problem99 0.00 706657990 0 2264.00
