problem0 0.9 189283 748 1 0.86 18368.00
problem1 1.02 190873 1857 2 0.72 19868.00
problem2 1.11 192895 3755 2 0.86 19868.00
problem3 0.53 184254 766 1 0.43 19868.00
problem4 0.52 160420 447 1 0.43 19868.00
problem5 0.45 180870 793 1 0.42 19868.00
problem6 0.47 189603 931 1 0.43 26892.00
problem7 1.16 173698 3773 2 1.07 30856.00
problem8 0.44 188364 1597 1 0.41 14532.00
problem9 1.74 172222 4570 2 1.27 24820.00
problem10 0.38 199407 1259 1 0.36 24820.00
problem11 0.76 178891 1325 1 0.63 35764.00
problem12 0.39 225117 440 1 0.3 35764.00
problem13 0.6 181947 1557 1 0.57 20968.00
problem14 0.47 199908 943 1 0.37 20968.00
problem15 0.37 213790 1297 1 0.34 20968.00
problem16 0.38 183765 803 1 0.35 20968.00
problem17 0.59 163586 188 1 0.54 24408.00
problem18 1.19 187138 4583 2 1.13 28864.00
problem19 0.51 171512 468 1 0.45 28864.00
problem20 0.37 200630 374 1 0.28 9784.00
problem21 0.68 179216 2734 1 0.59 28440.00
problem22 0.61 183749 854 1 0.52 21960.00
problem23 0.53 201178 1705 1 0.53 24324.00
problem24 0.68 184702 3348 1 0.61 24324.00
problem25 0.7 186471 852 1 0.56 24324.00
problem26 1.52 189875 4612 2 1.44 35932.00
problem27 0.58 183621 433 1 0.47 35932.00
problem28 0.38 194479 105 1 0.33 10808.00
problem29 0.44 177797 1869 1 0.38 10860.00
problem30 0.58 166726 1129 1 0.52 23868.00
problem31 0.58 206520 1951 1 0.33 23868.00
problem32 0.48 192199 1097 1 0.47 24188.00
problem33 0.7 180460 539 1 0.61 24188.00
problem34 1.23 167684 4630 2 1.12 28188.00
problem35 0.66 187570 1805 1 0.55 28188.00
problem36 0.8 183112 1523 1 0.64 28152.00
problem37 0.46 191002 1308 1 0.41 28152.00
problem38 0.41 174439 752 1 0.34 28152.00
problem39 0.52 210357 1730 1 0.37 20264.00
problem40 2.17 158129 8782 2 1.62 30912.00
problem41 0.67 183441 143 1 0.6 30912.00
problem42 0.81 178932 2921 1 0.69 30936.00
problem43 0.69 196671 795 1 0.64 31168.00
problem44 0.82 175745 429 1 0.77 37744.00
problem45 0.64 199375 1080 1 0.59 23076.00
problem46 0.79 191528 1562 1 0.72 23216.00
problem47 0.67 185042 2316 1 0.62 26004.00
problem48 0.72 181818 2500 1 0.66 28228.00
problem49 0.78 167766 244 1 0.71 28388.00
problem50 0.86 159109 4241 1 0.77 39524.00
problem51 0.9 199660 1531 1 0.82 39524.00
problem52 0.72 189786 788 1 0.56 39524.00
problem53 0.57 183460 402 1 0.55 26412.00
problem54 0.67 186249 1476 1 0.54 27072.00
problem55 2.22 184848 8845 2 2.04 39104.00
problem56 0.59 174178 1369 1 0.55 16924.00
problem57 1.06 171323 1277 1 0.92 39884.00
problem58 0.75 182966 2471 1 0.69 40376.00
problem59 0.86 168889 894 1 0.74 31896.00
problem60 2.91 136148 9888 2 2.66 42508.00
problem61 0.7 197529 1234 1 0.61 28828.00
problem62 0.79 184202 1973 1 0.7 31876.00
problem63 0.84 190316 3245 1 0.74 32660.00
problem64 0.72 193580 2528 1 0.64 21184.00
problem65 0.88 191040 866 1 0.75 31424.00
problem66 0.79 177799 2745 1 0.63 31424.00
problem67 3.57 150439 13433 2 2.69 53064.00
problem68 0.93 196076 591 1 0.78 25280.00
problem69 0.79 189358 955 1 0.75 35520.00
problem70 0.97 161835 2201 1 0.87 36044.00
problem71 0.78 181992 2084 1 0.74 36044.00
problem72 0.91 167316 1751 1 0.85 37404.00
problem73 0.72 191077 153 1 0.62 25424.00
problem74 0.89 185592 2389 1 0.81 29376.00
problem75 1.12 198579 1020 1 1.04 37360.00
problem76 0.95 182181 609 1 0.85 37360.00
problem77 0.74 188643 634 1 0.68 37568.00
problem78 1.34 177517 4721 1 1.01 34152.00
problem79 0.87 181381 2008 1 0.84 37056.00
problem80 0.99 178334 2823 1 0.87 37320.00
problem81 0.94 192938 941 1 0.8 37532.00
problem82 0.73 190985 1699 1 0.64 37532.00
problem83 0.8 187360 1140 1 0.75 25272.00
problem84 1.19 177406 2606 1 0.92 26680.00
problem85 1.11 167736 3943 1 1.02 39408.00
problem86 0.82 174925 632 1 0.76 39616.00
problem87 0.7 201795 1241 1 0.63 39616.00
problem88 0.82 186694 1337 1 0.78 31012.00
problem89 0.74 177167 76 1 0.7 31424.00
problem90 1.01 186810 4899 1 0.93 32876.00
problem91 0.77 195629 501 1 0.72 27132.00
problem92 0.98 174583 415 1 0.92 35520.00
problem93 1.06 172718 3829 1 0.9 39484.00
problem94 0.89 196046 1651 1 0.79 25176.00
problem95 1.09 191008 1874 1 1.04 61676.00
problem96 1.04 193423 1916 1 1 43368.00
problem97 0.73 214420 383 1 0.63 27092.00
problem98 0.99 174091 4517 1 0.94 31424.00
problem99 1.52 146586 8280 1 1.3 60816.00
