problem0 0.87 520866718792978 2139 1 0.77 24884.00
problem1 0.13 613403993049708 353 1 0.09 17608.00
problem2 0.17 633326999118770 613 1 0.09 17608.00
problem3 0.23 665874317936303 837 1 0.09 17608.00
problem4 0.22 617021716050061 2008 1 0.11 17608.00
problem5 0.23 530933834441885 1188 1 0.1 17608.00
problem6 0.1 616822357241140 594 1 0.09 17608.00
problem7 0.16 558766245480786 946 1 0.09 17608.00
problem8 0.2 658741010844799 684 1 0.09 17608.00
problem9 0.12 577190184902431 897 1 0.11 17608.00
problem10 0.2 570148118628607 1253 1 0.09 17608.00
problem11 0.19 512694356995423 722 1 0.09 17608.00
problem12 0.45 466676758155034 3479 2 0.34 17776.00
problem13 0.21 622146437839941 693 1 0.12 17776.00
problem14 0.22 553224070170212 1553 1 0.18 17776.00
problem15 0.13 657462261268938 206 1 0.11 17776.00
problem16 0.14 611377906808054 491 1 0.13 17776.00
problem17 0.15 635233578525211 317 1 0.11 17776.00
problem18 0.15 617201622969996 291 1 0.11 17776.00
problem19 0.19 533707776180504 686 1 0.12 17776.00
problem20 0.26 464984457190570 2469 1 0.19 17776.00
problem21 0.27 612752921834664 1410 1 0.14 17776.00
problem22 0.33 580709376030703 1378 1 0.15 17776.00
problem23 0.18 613790861429026 831 1 0.12 17776.00
problem24 0.11 682380224676748 326 1 0.1 17776.00
problem25 0.21 636756861747097 688 1 0.16 17776.00
problem26 0.18 479325558611675 1263 1 0.15 17776.00
problem27 0.23 618194842656916 1074 1 0.13 17776.00
problem28 0.23 651443271082847 624 1 0.12 17776.00
problem29 0.15 709936554147578 307 1 0.11 17776.00
problem30 0.2 690421512847793 773 1 0.13 17776.00
problem31 0.19 536510265797406 741 1 0.17 17776.00
problem32 0.26 605446392286578 739 1 0.13 17776.00
problem33 0.15 728097047093175 382 1 0.12 17776.00
problem34 0.17 620913222529204 795 1 0.13 17776.00
problem35 0.15 697986627399550 552 1 0.11 17776.00
problem36 0.65 550152128835531 3676 2 0.53 21392.00
problem37 0.24 572699417352962 2240 1 0.18 21392.00
problem38 0.64 583564239839047 3836 2 0.5 22860.00
problem39 0.26 619204887737125 1898 1 0.15 22860.00
problem40 0.2 584674007224245 1009 1 0.15 22860.00
problem41 0.16 573324100201347 587 1 0.14 22860.00
problem42 0.29 620803576001031 1424 1 0.16 22860.00
problem43 0.18 618184723972545 489 1 0.12 22860.00
problem44 0.15 676398405960466 248 1 0.11 22860.00
problem45 0.23 606532246798123 531 1 0.14 22860.00
problem46 0.17 743587820365373 318 1 0.12 22860.00
problem47 0.18 580902056934644 657 1 0.14 22860.00
problem48 0.21 609040547485524 720 1 0.17 22860.00
problem49 0.17 620655427888344 480 1 0.13 22860.00
problem50 0.2 661192215285298 622 1 0.15 22860.00
problem51 0.28 583852109288702 741 1 0.13 22860.00
problem52 0.24 498222560903989 2058 1 0.18 22860.00
problem53 0.24 585244340097576 980 1 0.14 22860.00
problem54 0.23 594750480029327 1234 1 0.17 22860.00
problem55 0.2 695808880510695 888 1 0.14 22860.00
problem56 0.17 645604923387326 497 1 0.12 22860.00
problem57 0.33 656518217746052 739 1 0.13 22860.00
problem58 0.35 738238693683176 660 1 0.12 22860.00
problem59 0.39 573679428852953 1908 1 0.16 22860.00
problem60 0.15 656341334562418 367 1 0.13 22860.00
problem61 0.15 620241228855600 606 1 0.12 22860.00
problem62 0.21 566404925885864 2045 1 0.16 22860.00
problem63 0.2 603069450407288 1041 1 0.15 22860.00
problem64 0.27 598280069682935 1525 1 0.17 22860.00
problem65 0.35 635466613366179 1547 1 0.16 22860.00
problem66 0.25 527741058044811 2596 1 0.17 22860.00
problem67 0.18 597430387312691 1059 1 0.15 22860.00
problem68 0.19 632676473651092 811 1 0.17 22860.00
problem69 0.2 557808357160180 1217 1 0.17 22860.00
problem70 0.21 573730309782822 1127 1 0.14 22860.00
problem71 0.29 639675513084211 1718 1 0.17 22860.00
problem72 0.17 520830410216184 672 1 0.16 22860.00
problem73 0.17 625376003064975 397 1 0.14 22860.00
problem74 0.18 675450824174694 780 1 0.14 22860.00
problem75 0.18 607504283928997 565 1 0.16 22860.00
problem76 0.22 648713946035148 1223 1 0.15 22860.00
problem77 0.15 654528510876830 417 1 0.13 22860.00
problem78 0.25 649504921452331 603 1 0.13 22860.00
problem79 0.28 596269254019254 1217 1 0.14 22860.00
problem80 0.2 586878695409935 1105 1 0.14 22860.00
problem81 0.26 560091025162566 1201 1 0.14 22860.00
problem82 0.19 639792051064883 836 1 0.14 22860.00
problem83 0.19 610445801643376 515 1 0.14 22860.00
problem84 0.22 628464097435060 1100 1 0.15 22860.00
problem85 0.25 648629809490491 1413 1 0.16 22860.00
problem86 0.18 555669478056462 796 1 0.14 22860.00
problem87 0.19 536457473785695 712 1 0.17 22860.00
problem88 0.22 710235513340285 285 1 0.11 22860.00
problem89 0.22 616599931195333 1133 1 0.16 22860.00
problem90 0.28 588425981117295 563 1 0.13 22860.00
problem91 0.22 650390318151457 1306 1 0.14 22860.00
problem92 0.17 688194315973687 470 1 0.13 22860.00
problem93 0.16 694594416078788 241 1 0.11 22860.00
problem94 0.18 729589440728123 579 1 0.13 22860.00
problem95 0.33 544172301824820 3410 1 0.2 22860.00
problem96 0.17 642072355289579 593 1 0.11 22860.00
problem97 0.2 619630996803024 952 1 0.17 22860.00
problem98 0.2 603128152007371 1470 1 0.15 22860.00
problem99 0.28 603304947795091 1548 1 0.15 22860.00
