problem0 0 57321 1 2228.00
problem1 0.00 62182 1 2228.00
problem2 0.00 63786 1 2228.00
problem3 0.00 66315 1 2228.00
problem4 0.00 63299 1 2228.00
problem5 0.00 57448 1 2228.00
problem6 0.00 73844 1 2228.00
problem7 0.00 45629 1 2284.00
problem8 0.00 49405 1 2284.00
problem9 0.00 64970 1 2284.00
problem10 0.00 72478 1 2284.00
problem11 0.00 63055 1 2284.00
problem12 0.00 59159 1 2284.00
problem13 0.00 56588 1 2284.00
problem14 0.00 54056 1 2284.00
problem15 0.00 65857 1 2284.00
problem16 0.00 66449 1 2284.00
problem17 0.00 53294 1 2284.00
problem18 0.00 58002 1 2284.00
problem19 0.00 75027 1 2284.00
problem20 0.00 61547 1 2284.00
problem21 0.00 67888 1 2284.00
problem22 0.00 58204 1 2284.00
problem23 0.00 62405 1 2284.00
problem24 0.00 67493 1 2284.00
problem25 0.00 59922 1 2284.00
problem26 0.00 57222 1 2284.00
problem27 0.00 77655 1 2284.00
problem28 0.00 62271 1 2284.00
problem29 0.00 66772 1 2284.00
problem30 0.00 65808 1 2284.00
problem31 0.00 76233 1 2284.00
problem32 0.00 64825 1 2284.00
problem33 0.00 60278 1 2284.00
problem34 0.00 53754 1 2284.00
problem35 0.00 66843 1 2284.00
problem36 0.00 73619 1 2284.00
problem37 0.00 73720 1 2284.00
problem38 0.00 68676 1 2284.00
problem39 0.00 66381 1 2284.00
problem40 0.00 58445 1 2284.00
problem41 0.00 66650 1 2284.00
problem42 0.00 55790 1 2284.00
problem43 0.00 63071 1 2284.00
problem44 0.00 58727 1 2284.00
problem45 0.00 60060 1 2284.00
problem46 0.00 70904 1 2284.00
problem47 0.00 65617 1 2284.00
problem48 0.00 72929 1 2284.00
problem49 0.00 74942 1 2284.00
problem50 0.00 63330 1 2284.00
problem51 0.00 54051 1 2284.00
problem52 0.00 70843 1 2284.00
problem53 0.00 62656 1 2284.00
problem54 0.00 64300 1 2284.00
problem55 0.00 65749 1 2284.00
problem56 0.00 59125 1 2284.00
problem57 0.00 72866 1 2284.00
problem58 0.00 55894 1 2284.00
problem59 0.00 72551 1 2284.00
problem60 0.00 69007 1 2284.00
problem61 0.00 56932 1 2284.00
problem62 0.00 61152 1 2284.00
problem63 0.00 62681 1 2284.00
problem64 0.00 66185 1 2284.00
problem65 0.00 68614 1 2284.00
problem66 0.00 66250 1 2284.00
problem67 0.00 61227 1 2284.00
problem68 0.00 65507 1 2284.00
problem69 0.00 63368 1 2284.00
problem70 0.00 65556 1 2284.00
problem71 0.00 60509 1 2284.00
problem72 0.00 61341 1 2284.00
problem73 0.00 62186 1 2284.00
problem74 0.00 65726 1 2284.00
problem75 0.00 65135 1 2284.00
problem76 0.00 56247 1 2284.00
problem77 0.00 57388 1 2284.00
problem78 0.00 65224 1 2284.00
problem79 0.00 51041 1 2284.00
problem80 0.00 60977 1 2284.00
problem81 0.00 57678 1 2284.00
problem82 0.00 70706 1 2284.00
problem83 0.00 59699 1 2284.00
problem84 0.00 61707 1 2284.00
problem85 0.00 67664 1 2284.00
problem86 0.00 68348 1 2284.00
problem87 0.00 58853 1 2284.00
problem88 0.00 65093 1 2284.00
problem89 0.00 75570 1 2284.00
problem90 0.00 68902 1 2284.00
problem91 0.00 65399 1 2284.00
problem92 0.00 65503 1 2284.00
problem93 0.00 65524 1 2284.00
problem94 0.00 62640 1 2284.00
problem95 0.00 63465 1 2284.00
problem96 0.00 69593 1 2284.00
problem97 0.00 83094 1 2284.00
problem98 0.00 64410 1 2284.00
problem99 0.00 69947 1 2284.00
