problem0 0.01 26547707885 0 2864.00
problem1 0.00 25264390896 0 3036.00
problem2 0.01 30534805806 0 3036.00
problem3 0.00 26752611101 0 3036.00
problem4 0.01 36663584584 0 3036.00
problem5 0.00 30724259944 1 3036.00
problem6 0.00 30766907511 0 3036.00
problem7 0.01 37148861009 0 3036.00
problem8 0.00 30401896710 0 3036.00
problem9 0.01 29433949646 0 3036.00
problem10 0.00 29093153569 0 3036.00
problem11 0.00 33941022292 0 3036.00
problem12 0.01 36104759081 0 3036.00
problem13 0.00 31293361439 0 3036.00
problem14 0.01 32294310696 1 3036.00
problem15 0.00 32944648517 0 3036.00
problem16 0.01 35029185428 0 3036.00
problem17 0.00 35246866486 0 3036.00
problem18 0.00 30671946396 0 3036.00
problem19 0.01 35851293975 0 3036.00
problem20 0.00 30559002734 0 3036.00
problem21 0.01 32160729392 1 3036.00
problem22 0.00 33436427129 0 3036.00
problem23 0.01 33134248901 1 3036.00
problem24 0.00 32899442602 0 3036.00
problem25 0.01 33736673847 0 3036.00
problem26 0.00 29258047369 0 3036.00
problem27 0.01 29316206431 0 3036.00
problem28 0.00 33778803526 0 3036.00
problem29 0.00 33005864154 0 3036.00
problem30 0.01 32136593688 0 3036.00
problem31 0.00 35603147211 0 3036.00
problem32 0.01 34407288132 0 3036.00
problem33 0.00 33338940278 1 3036.00
problem34 0.01 32905359866 1 3036.00
problem35 0.00 30186431771 1 3036.00
problem36 0.01 28344975251 1 3036.00
problem37 0.00 35410251788 0 3036.00
problem38 0.01 30483561542 0 3036.00
problem39 0.00 25564656464 0 3036.00
problem40 0.01 35815027804 0 3036.00
problem41 0.00 32078840927 0 3036.00
problem42 0.00 30838901239 0 3036.00
problem43 0.02 29512640095 1 3036.00
problem44 0.00 36353262983 0 3036.00
problem45 0.01 30547081894 0 3036.00
problem46 0.00 36376634629 0 3036.00
problem47 0.01 33680388193 0 3036.00
problem48 0.00 30547913953 1 3036.00
problem49 0.01 34721666244 0 3036.00
problem50 0.00 30754748258 1 3036.00
problem51 0.00 34418991920 0 3036.00
problem52 0.01 33737295045 0 3036.00
problem53 0.00 36128871621 0 3036.00
problem54 0.01 32307465007 0 3036.00
problem55 0.00 27616522453 1 3036.00
problem56 0.01 33776961280 0 3036.00
problem57 0.00 37576858789 0 3036.00
problem58 0.00 33171868249 0 3036.00
problem59 0.01 34754227052 0 3036.00
problem60 0.00 28202945961 0 3036.00
problem61 0.01 21551722095 0 3036.00
problem62 0.00 31517589231 0 3036.00
problem63 0.01 38615319797 0 3036.00
problem64 0.00 32242487947 0 3036.00
problem65 0.01 34642668561 0 3036.00
problem66 0.00 30882665177 0 3036.00
problem67 0.01 30811819833 0 3036.00
problem68 0.00 23748718566 0 3036.00
problem69 0.00 39063787423 0 3036.00
problem70 0.01 43290562588 0 3036.00
problem71 0.00 31308119137 0 3036.00
problem72 0.01 35412041647 0 3036.00
problem73 0.00 32206525174 0 3036.00
problem74 0.01 35649724622 0 3036.00
problem75 0.00 31924887159 0 3036.00
problem76 0.01 34980903869 0 3036.00
problem77 0.00 34824462385 0 3036.00
problem78 0.01 35425521354 0 3036.00
problem79 0.00 36460865382 0 3036.00
problem80 0.01 38994148913 1 3036.00
problem81 0.00 31098937684 0 3036.00
problem82 0.00 35511993403 0 3036.00
problem83 0.01 30230817092 0 3036.00
problem84 0.00 41701851406 0 3036.00
problem85 0.01 37786474592 0 3036.00
problem86 0.00 39921060637 0 3036.00
problem87 0.01 29108606440 0 3036.00
problem88 0.00 36099358292 0 3036.00
problem89 0.01 30288013109 0 3036.00
problem90 0.00 33024249154 0 3036.00
problem91 0.00 33357479799 1 3036.00
problem92 0.01 34095206375 0 3036.00
problem93 0.00 34911145982 0 3036.00
problem94 0.01 32502240441 0 3036.00
problem95 0.00 33115297777 0 3036.00
problem96 0.01 37393870809 1 3036.00
problem97 0.00 38929691813 0 3036.00
problem98 0.01 37728324526 0 3036.00
problem99 0.00 33624453443 0 3036.00
