problem0 0 13860933114 0
problem1 0 11402681493 0
problem2 0 12078595050 0
problem3 0 12825654096 0
problem4 0.01 12195867617 0
problem5 0 13947269743 0
problem6 0 12845726061 0
problem7 0.01 11611216637 0
problem8 0 10833861025 0
problem9 0 13296275028 0
problem10 0.01 10972952117 0
problem11 0 10004035752 0
problem12 0 11094089045 0
problem13 0.01 11953655650 0
problem14 0 13110436500 0
problem15 0 13586571716 0
problem16 0 12012145351 0
problem17 0.01 11425707332 0
problem18 0 14334447093 0
problem19 0 15225063049 0
problem20 0 14385058376 0
problem21 0.01 13697591058 0
problem22 0 12182149264 0
problem23 0 13141867005 0
problem24 0.01 12222912156 0
problem25 0 13832610522 0
problem26 0 11599455354 0
problem27 0 9725456598 0
problem28 0 11234842992 0
problem29 0.01 13255707689 0
problem30 0 15064068055 0
problem31 0 12854899136 0
problem32 0 9287379615 0
problem33 0.01 14026268215 0
problem34 0 12010233930 0
problem35 0 11586667149 0
problem36 0 12822661285 0
problem37 0.01 9703065374 0
problem38 0 13356887451 0
problem39 0 10257587198 0
problem40 0 12363305426 0
problem41 0.01 11489577145 0
problem42 0 14269169565 0
problem43 0.01 12321196000 0
problem44 0 13640036245 0
problem45 0 12519617684 0
problem46 0 13633264464 0
problem47 0.01 13275202793 0
problem48 0 18477869683 0
problem49 0 12723411765 0
problem50 0.01 12029083117 0
problem51 0 14256427034 0
problem52 0 13322148688 0
problem53 0 11428960072 0
problem54 0 13601593565 0
problem55 0.01 11507976206 0
problem56 0 12011746926 0
problem57 0 11755712723 0
problem58 0 13744892757 0
problem59 0.01 13023410881 0
problem60 0 12038299089 0
problem61 0 12674877971 0
problem62 0 14105898332 0
problem63 0.01 10729230382 0
problem64 0 11830567868 0
problem65 0 12392261485 0
problem66 0 13535783025 0
problem67 0.01 13197412339 0
problem68 0 10579984416 0
problem69 0 10739143907 0
problem70 0 13274786848 0
problem71 0 12488512722 0
problem72 0.01 10370963031 0
problem73 0 12752269422 0
problem74 0 12915876261 0
problem75 0 11592008676 0
problem76 0 14072864294 0
problem77 0.01 11464725266 0
problem78 0 11810467297 0
problem79 0 15055282642 0
problem80 0.01 12987379393 0
problem81 0 11144622324 0
problem82 0 8567869002 0
problem83 0.01 11557474417 0
problem84 0 13542786936 0
problem85 0 11021337730 0
problem86 0 11164216632 0
problem87 0.01 14228418706 0
problem88 0 13276966653 0
problem89 0 15031089565 0
problem90 0.01 11657763726 0
problem91 0 13522613259 0
problem92 0 9760405920 0
problem93 0 13391511307 0
problem94 0 14262011508 0
problem95 0.01 11527709935 0
problem96 0 12830568424 0
problem97 0 13348115193 0
problem98 0 14938979815 0
problem99 0 10771104433 0
