problem0 0.01 193323 5 -465392680 6.95333e-310 0.00
problem1 0.02 210014 5 -465392680 6.95333e-310 0.00
problem2 0.01 174610 5 -465392680 6.95333e-310 0.00
problem3 0.01 195283 5 -465392680 6.95333e-310 0.00
problem4 0.02 220291 5 -465392680 6.95333e-310 0.00
problem5 0.02 183544 5 -465392680 6.95333e-310 0.00
problem6 0.01 203209 5 -465392680 6.95333e-310 0.00
problem7 0.03 187009 5 -465392680 6.95333e-310 0.00
problem8 0.01 173773 5 -465392680 6.95333e-310 0.00
problem9 0.01 194744 5 -465392680 6.95333e-310 0.00
problem10 0.01 178087 5 -465392680 6.95333e-310 0.00
problem11 0.01 180871 5 -465392680 6.95333e-310 0.00
problem12 0.02 207166 5 -465392680 6.95333e-310 0.00
problem13 0.02 178285 5 -465392680 6.95333e-310 0.00
problem14 0.03 237893 5 -465392680 6.95333e-310 0.00
problem15 0.01 168885 5 -465392680 6.95333e-310 0.00
problem16 0.03 182229 5 -465392680 6.95333e-310 0.00
problem17 0 209735 5 -465392680 6.95333e-310 0.00
problem18 0.02 177212 5 -465392680 6.95333e-310 0.00
problem19 0.01 192213 5 -465392680 6.95333e-310 0.00
problem20 0.02 219590 5 -465392680 6.95333e-310 0.00
problem21 0 190996 5 -465392680 6.95333e-310 0.00
problem22 0.01 193676 5 -465392680 6.95333e-310 0.00
problem23 0.01 223209 5 -465392680 6.95333e-310 0.00
problem24 0.01 213776 5 -465392680 6.95333e-310 0.00
problem25 0.02 191086 5 -465392680 6.95333e-310 0.00
problem26 0.01 232605 5 -465392680 6.95333e-310 0.00
problem27 0.02 204734 5 -465392680 6.95333e-310 0.00
problem28 0.01 200219 5 -465392680 6.95333e-310 0.00
problem29 0.02 197104 5 -465392680 6.95333e-310 0.00
problem30 0.01 196718 5 -465392680 6.95333e-310 0.00
problem31 0.02 207442 5 -465392680 6.95333e-310 0.00
problem32 0.01 184855 5 -465392680 6.95333e-310 0.00
problem33 0.02 205975 5 -465392680 6.95333e-310 0.00
problem34 0.02 195173 5 -465392680 6.95333e-310 0.00
problem35 0.01 180748 5 -465392680 6.95333e-310 0.00
problem36 0.02 222780 5 -465392680 6.95333e-310 0.00
problem37 0.02 185138 5 -465392680 6.95333e-310 0.00
problem38 0.01 189673 5 -465392680 6.95333e-310 0.00
problem39 0.01 214969 5 -465392680 6.95333e-310 0.00
problem40 0.01 221625 5 -465392680 6.95333e-310 0.00
problem41 0.02 190501 5 -465392680 6.95333e-310 0.00
problem42 0.01 204179 5 -465392680 6.95333e-310 0.00
problem43 0.01 239860 5 -465392680 6.95333e-310 0.00
problem44 0.02 190609 5 -465392680 6.95333e-310 0.00
problem45 0.01 209165 5 -465392680 6.95333e-310 0.00
problem46 0.01 206948 5 -465392680 6.95333e-310 0.00
problem47 0.01 208110 5 -465392680 6.95333e-310 0.00
problem48 0.02 188098 5 -465392680 6.95333e-310 0.00
problem49 0.02 198734 5 -465392680 6.95333e-310 0.00
problem50 0.02 202281 5 -465392680 6.95333e-310 0.00
problem51 0 200207 5 -465392680 6.95333e-310 0.00
problem52 0.01 242968 5 -465392680 6.95333e-310 0.00
problem53 0.03 205288 5 -465392680 6.95333e-310 0.00
problem54 0.01 151878 5 -465392680 6.95333e-310 0.00
problem55 0.01 175395 5 -465392680 6.95333e-310 0.00
problem56 0.01 171107 5 -465392680 6.95333e-310 0.00
problem57 0.01 192988 5 -465392680 6.95333e-310 0.00
problem58 0.02 210775 5 -465392680 6.95333e-310 0.00
problem59 0.01 194500 5 -465392680 6.95333e-310 0.00
problem60 0.03 217659 5 -465392680 6.95333e-310 0.00
problem61 0.01 214467 5 -465392680 6.95333e-310 0.00
problem62 0 189940 5 -465392680 6.95333e-310 0.00
problem63 0.01 197106 5 -465392680 6.95333e-310 0.00
problem64 0.04 218168 5 -465392680 6.95333e-310 0.00
problem65 0.01 188010 5 -465392680 6.95333e-310 0.00
problem66 0.02 211641 5 -465392680 6.95333e-310 0.00
problem67 0.01 211269 5 -465392680 6.95333e-310 0.00
problem68 0.01 201513 5 -465392680 6.95333e-310 0.00
problem69 0.02 172805 5 -465392680 6.95333e-310 0.00
problem70 0.01 224469 5 -465392680 6.95333e-310 0.00
problem71 0.01 235558 5 -465392680 6.95333e-310 0.00
problem72 0.01 193292 5 -465392680 6.95333e-310 0.00
problem73 0.02 198547 5 -465392680 6.95333e-310 0.00
problem74 0.01 186854 5 -465392680 6.95333e-310 0.00
problem75 0.02 186619 5 -465392680 6.95333e-310 0.00
problem76 0.01 215831 5 -465392680 6.95333e-310 0.00
problem77 0.01 226118 5 -465392680 6.95333e-310 0.00
problem78 0.01 237444 5 -465392680 6.95333e-310 0.00
problem79 0.02 148213 5 -465392680 6.95333e-310 0.00
problem80 0.01 196424 5 -465392680 6.95333e-310 0.00
problem81 0.02 186913 5 -465392680 6.95333e-310 0.00
problem82 0.01 183931 5 -465392680 6.95333e-310 0.00
problem83 0.01 200828 5 -465392680 6.95333e-310 0.00
problem84 0.03 203270 5 -465392680 6.95333e-310 0.00
problem85 0.01 192545 5 -465392680 6.95333e-310 0.00
problem86 0.02 223949 5 -465392680 6.95333e-310 0.00
problem87 0.01 211958 5 -465392680 6.95333e-310 0.00
problem88 0.01 196432 5 -465392680 6.95333e-310 0.00
problem89 0.01 233390 5 -465392680 6.95333e-310 0.00
problem90 0.03 237277 5 -465392680 6.95333e-310 0.00
problem91 0.01 216215 5 -465392680 6.95333e-310 0.00
problem92 0.02 224449 5 -465392680 6.95333e-310 0.00
problem93 0.01 204797 5 -465392680 6.95333e-310 0.00
problem94 0.01 179066 5 -465392680 6.95333e-310 0.00
problem95 0.01 244933 5 -465392680 6.95333e-310 0.00
problem96 0.02 175295 5 -465392680 6.95333e-310 0.00
problem97 0.02 208548 5 -465392680 6.95333e-310 0.00
problem98 0.04 210905 5 -465392680 6.95333e-310 0.00
problem99 0 208203 5 -465392680 6.95333e-310 0.00
