problem0 0 191705525 1
problem1 0 167886847 1
problem2 0 164364002 1
problem3 0 166913272 1
problem4 0 168110711 1
problem5 0 161600185 1
problem6 0 164122548 1
problem7 0 170579842 1
problem8 0 172958681 1
problem9 0 189068179 1
problem10 0 177751590 1
problem11 0 169437484 1
problem12 0 189304795 1
problem13 0 178769037 1
problem14 0 187098168 1
problem15 0 177902582 1
problem16 0 168198269 1
problem17 0 189802407 1
problem18 0 185846762 1
problem19 0 167539168 1
problem20 0 160933823 1
problem21 0 178712289 1
problem22 0 170213180 1
problem23 0 174669034 1
problem24 0 180770721 1
problem25 0 171060283 1
problem26 0 186261550 1
problem27 0 196169492 1
problem28 0 171606563 1
problem29 0 187632053 1
problem30 0 157020352 1
problem31 0 154477150 1
problem32 0 184269125 1
problem33 0 160158031 1
problem34 0 185651954 1
problem35 0 162484424 1
problem36 0 181612295 1
problem37 0 172092681 1
problem38 0 156076228 1
problem39 0 169776210 1
problem40 0 185447785 1
problem41 0 193980131 1
problem42 0 195523638 1
problem43 0 173000444 1
problem44 0 194887275 1
problem45 0 194210013 1
problem46 0 161912648 1
problem47 0 159900358 1
problem48 0 182279181 1
problem49 0 180567287 1
problem50 0 169317370 1
problem51 0 193855920 1
problem52 0 175128655 1
problem53 0 197741873 1
problem54 0 180202572 1
problem55 0 190143930 1
problem56 0 197508401 1
problem57 0 175940491 1
problem58 0 182764094 1
problem59 0 180834532 1
problem60 0 196789427 1
problem61 0 188443141 1
problem62 0 194205648 1
problem63 0 191714606 1
problem64 0 169601237 1
problem65 0 186968735 1
problem66 0 190615298 1
problem67 0 180028568 1
problem68 0 159865751 1
problem69 0 183734105 1
problem70 0 173156820 1
problem71 0 188225826 1
problem72 0 187625209 1
problem73 0 179757619 1
problem74 0 165055046 1
problem75 0 172649676 1
problem76 0 179967227 1
problem77 0 174951725 1
problem78 0 164541016 1
problem79 0 174061974 1
problem80 0 193453981 1
problem81 0 192895559 1
problem82 0 196363274 1
problem83 0 171497856 1
problem84 0 147914975 1
problem85 0 173486977 1
problem86 0 159875420 1
problem87 0 168904330 1
problem88 0 178899649 1
problem89 0 161293019 1
problem90 0 190925902 1
problem91 0 204184244 1
problem92 0 178532163 1
problem93 0 189813333 1
problem94 0 161818336 1
problem95 0 184176638 1
problem96 0 189907045 1
problem97 0 159452143 1
problem98 0 156447506 1
problem99 0 157941864 1
