problem0 0 806081 1 0.00
problem1 0.00 693423 1 0.00
problem2 0.00 824909 1 0.00
problem3 0.00 747803 1 0.00
problem4 0.00 815257 1 0.00
problem5 0.00 818247 1 0.00
problem6 0.00 780197 1 0.00
problem7 0.00 817715 1 0.00
problem8 0.00 788337 1 0.00
problem9 0.00 806623 1 0.00
problem10 0.00 859133 1 0.00
problem11 0.00 747083 1 0.00
problem12 0.00 815433 1 0.00
problem13 0.00 879735 1 0.00
problem14 0.00 840533 1 0.00
problem15 0.00 855395 1 0.00
problem16 0.00 822817 1 0.00
problem17 0.00 816399 1 0.00
problem18 0.00 781741 1 0.00
problem19 0.00 855931 1 0.00
problem20 0.00 720377 1 0.00
problem21 0.00 706727 1 0.00
problem22 0.00 789253 1 0.00
problem23 0.00 756883 1 0.00
problem24 0.00 712913 1 0.00
problem25 0.00 722751 1 0.00
problem26 0.00 887645 1 0.00
problem27 0.00 828587 1 0.00
problem28 0.00 775849 1 0.00
problem29 0.00 757975 1 0.00
problem30 0.00 855733 1 0.00
problem31 0.00 735171 1 0.00
problem32 0.00 769921 1 0.00
problem33 0.00 869743 1 0.00
problem34 0.00 783629 1 0.00
problem35 0.00 861659 1 0.00
problem36 0.00 801625 1 0.00
problem37 0.00 836871 1 0.00
problem38 0.00 794213 1 0.00
problem39 0.00 790259 1 0.00
problem40 0.00 797233 1 0.00
problem41 0.00 880543 1 0.00
problem42 0.00 780989 1 0.00
problem43 0.00 758539 1 0.00
problem44 0.00 781321 1 0.00
problem45 0.00 795959 1 0.00
problem46 0.00 817685 1 0.00
problem47 0.00 840227 1 0.00
problem48 0.00 745697 1 0.00
problem49 0.00 787919 1 0.00
problem50 0.00 732269 1 0.00
problem51 0.00 814139 1 0.00
problem52 0.00 895161 1 0.00
problem53 0.00 749927 1 0.00
problem54 0.00 762309 1 0.00
problem55 0.00 655699 1 0.00
problem56 0.00 861073 1 0.00
problem57 0.00 706559 1 0.00
problem58 0.00 784925 1 0.00
problem59 0.00 782699 1 0.00
problem60 0.00 799081 1 0.00
problem61 0.00 698775 1 0.00
problem62 0.00 841077 1 0.00
problem63 0.00 695427 1 0.00
problem64 0.00 815681 1 0.00
problem65 0.00 783919 1 0.00
problem66 0.00 824269 1 0.00
problem67 0.00 828059 1 0.00
problem68 0.00 689689 1 0.00
problem69 0.00 839111 1 0.00
problem70 0.00 791845 1 0.00
problem71 0.00 828339 1 0.00
problem72 0.00 789745 1 0.00
problem73 0.00 823391 1 0.00
problem74 0.00 768381 1 0.00
problem75 0.00 688075 1 0.00
problem76 0.00 861897 1 0.00
problem77 0.00 843255 1 0.00
problem78 0.00 762069 1 0.00
problem79 0.00 874211 1 0.00
problem80 0.00 783265 1 0.00
problem81 0.00 726671 1 0.00
problem82 0.00 764717 1 0.00
problem83 0.00 772347 1 0.00
problem84 0.00 824185 1 0.00
problem85 0.00 760359 1 0.00
problem86 0.00 800901 1 0.00
problem87 0.00 783891 1 0.00
problem88 0.00 763473 1 0.00
problem89 0.00 805055 1 0.00
problem90 0.00 878813 1 0.00
problem91 0.00 851499 1 0.00
problem92 0.00 789545 1 0.00
problem93 0.00 803415 1 0.00
problem94 0.00 760885 1 0.00
problem95 0.00 835907 1 0.00
problem96 0.00 713985 1 0.00
problem97 0.00 796399 1 0.00
problem98 0.00 799373 1 0.00
problem99 0.00 810843 1 0.00
