problem0 0 6848466113 1
problem1 0 5710369967 1
problem2 0 6385981005 1
problem3 0 6782298395 1
problem4 0 5920813209 1
problem5 0 6972406855 1
problem6 0 6569207717 1
problem7 0 6413564467 1
problem8 0 6041683825 1
problem9 0 6579687135 1
problem10 0 7091149821 1
problem11 0 6434055755 1
problem12 0 6646247753 1
problem13 0 7146597495 1
problem14 0 6901879637 1
problem15 0 6388321635 1
problem16 0 6289657377 1
problem17 0 6294992143 1
problem18 0 5828865453 1
problem19 0 6176116603 1
problem20 0 7436942841 1
problem21 0 6343035047 1
problem22 0 7353600773 1
problem23 0 5943348371 1
problem24 0 6086303953 1
problem25 0 6948390719 1
problem26 0 6892718941 1
problem27 0 6107243691 1
problem28 0 6088464041 1
problem29 0 6609785047 1
problem30 0 6251564725 1
problem31 0 5770901443 1
problem32 0 6622478209 1
problem33 0 6047614319 1
problem34 0 6737147149 1
problem35 0 5969683931 1
problem36 0 6717193049 1
problem37 0 6484280583 1
problem38 0 6834495077 1
problem39 0 6206721779 1
problem40 0 6283045425 1
problem41 0 6716567455 1
problem42 0 6057028285 1
problem43 0 6088692491 1
problem44 0 7143861257 1
problem45 0 6362031415 1
problem46 0 6246791701 1
problem47 0 6424728099 1
problem48 0 6284026081 1
problem49 0 6555256271 1
problem50 0 7103327341 1
problem51 0 5896137787 1
problem52 0 6141307065 1
problem53 0 5946487143 1
problem54 0 6544384453 1
problem55 0 6718718291 1
problem56 0 6914499473 1
problem57 0 6229723135 1
problem58 0 6301121053 1
problem59 0 6212202859 1
problem60 0 6789919081 1
problem61 0 6530738583 1
problem62 0 6910104949 1
problem63 0 6354885763 1
problem64 0 6328644161 1
problem65 0 6653474351 1
problem66 0 6866064333 1
problem67 0 6695248539 1
problem68 0 6142871065 1
problem69 0 6568332743 1
problem70 0 6338041125 1
problem71 0 5987738547 1
problem72 0 6719753457 1
problem73 0 6839996511 1
problem74 0 7395883389 1
problem75 0 7183990731 1
problem76 0 6366193353 1
problem77 0 7041981943 1
problem78 0 5781020885 1
problem79 0 6183704291 1
problem80 0 6938260385 1
problem81 0 6721328783 1
problem82 0 6836431661 1
problem83 0 6892194043 1
problem84 0 7222580089 1
problem85 0 6094854695 1
problem86 0 6405781637 1
problem87 0 6884259347 1
problem88 0 6518269521 1
problem89 0 7013845183 1
problem90 0 6763391197 1
problem91 0.01 7361461803 1
problem92 0 6474042409 1
problem93 0 6680986199 1
problem94 0 5566438453 1
problem95 0 6600622403 1
problem96 0 7153952001 1
problem97 0 6131246831 1
problem98 0 6416216717 1
problem99 0 6689873755 1
