problem0 0.07 176313 5 -467830376 6.95333e-310 0.00
problem1 0.07 124407 5 -467830376 6.95333e-310 0.00
problem2 0.03 150978 5 -467830376 6.95333e-310 0.00
problem3 0.16 153031 5 -467830376 6.95333e-310 0.00
problem4 0.08 163210 5 -467830376 6.95333e-310 0.00
problem5 0.2 167144 5 -467830376 6.95333e-310 0.00
problem6 0.16 137432 5 -467830376 6.95333e-310 0.00
problem7 0.19 130279 5 -467830376 6.95333e-310 0.00
problem8 0.03 145151 5 -467830376 6.95333e-310 0.00
problem9 0.08 130012 5 -467830376 6.95333e-310 0.00
problem10 0.21 147926 5 -467830376 6.95333e-310 0.00
problem11 0.16 157778 5 -467830376 6.95333e-310 0.00
problem12 0.05 125344 5 -467830376 6.95333e-310 0.00
problem13 0.5 175452 5 -467830376 6.95333e-310 0.00
problem14 0.19 145725 5 -467830376 6.95333e-310 0.00
problem15 0.4 149128 5 -467830376 6.95333e-310 0.00
problem16 0.17 141803 5 -467830376 6.95333e-310 0.00
problem17 0.3 148452 5 -467830376 6.95333e-310 0.00
problem18 0.08 153478 5 -467830376 6.95333e-310 0.00
problem19 0.23 126462 5 -467830376 6.95333e-310 0.00
problem20 0.3 152667 5 -467830376 6.95333e-310 0.00
problem21 0.03 158187 5 -467830376 6.95333e-310 0.00
problem22 0.54 163133 5 -467830376 6.95333e-310 0.00
problem23 0.25 163139 5 -467830376 6.95333e-310 0.00
problem24 0.31 200057 5 -467830376 6.95333e-310 0.00
problem25 0.23 127496 5 -467830376 6.95333e-310 0.00
problem26 0.58 152283 5 -467830376 6.95333e-310 0.00
problem27 0.32 170699 5 -467830376 6.95333e-310 0.00
problem28 0.19 172468 5 -467830376 6.95333e-310 0.00
problem29 0.25 145064 5 -467830376 6.95333e-310 0.00
problem30 0.3 174302 5 -467830376 6.95333e-310 0.00
problem31 0.64 161057 5 -467830376 6.95333e-310 0.00
problem32 0.33 148895 5 -467830376 6.95333e-310 0.00
problem33 0.12 170572 5 -467830376 6.95333e-310 0.00
problem34 0.18 153545 5 -467830376 6.95333e-310 0.00
problem35 0.18 148154 5 -467830376 6.95333e-310 0.00
problem36 0.38 161199 5 -467830376 6.95333e-310 0.00
problem37 0.24 132986 5 -467830376 6.95333e-310 0.00
problem38 0.45 147488 5 -467830376 6.95333e-310 0.00
problem39 0.08 139803 5 -467830376 6.95333e-310 0.00
problem40 0.5 169576 5 -467830376 6.95333e-310 0.00
problem41 0.06 127151 5 -467830376 6.95333e-310 0.00
problem42 0.53 150107 5 -467830376 6.95333e-310 0.00
problem43 0.15 170440 5 -467830376 6.95333e-310 0.00
problem44 0.21 136263 5 -467830376 6.95333e-310 0.00
problem45 0.15 135279 5 -467830376 6.95333e-310 0.00
problem46 0.28 173824 5 -467830376 6.95333e-310 0.00
problem47 0.06 153657 5 -467830376 6.95333e-310 0.00
problem48 0.39 164818 5 -467830376 6.95333e-310 0.00
problem49 0.33 166201 5 -467830376 6.95333e-310 0.00
problem50 0.15 134795 5 -467830376 6.95333e-310 0.00
problem51 0.17 177140 5 -467830376 6.95333e-310 0.00
problem52 0.1 123261 5 -467830376 6.95333e-310 0.00
problem53 0.34 148871 5 -467830376 6.95333e-310 0.00
problem54 0.4 164227 5 -467830376 6.95333e-310 0.00
problem55 0.42 150394 5 -467830376 6.95333e-310 0.00
problem56 0.26 152026 5 -467830376 6.95333e-310 0.00
problem57 0.29 169945 5 -467830376 6.95333e-310 0.00
problem58 0.15 157790 5 -467830376 6.95333e-310 0.00
problem59 0.42 173378 5 -467830376 6.95333e-310 0.00
problem60 0.07 164183 5 -467830376 6.95333e-310 0.00
problem61 0.14 178875 5 -467830376 6.95333e-310 0.00
problem62 0.16 152480 5 -467830376 6.95333e-310 0.00
problem63 0.03 151506 5 -467830376 6.95333e-310 0.00
problem64 0.37 148611 5 -467830376 6.95333e-310 0.00
problem65 0.51 127136 5 -467830376 6.95333e-310 0.00
problem66 0.29 154575 5 -467830376 6.95333e-310 0.00
problem67 0.31 139693 5 -467830376 6.95333e-310 0.00
problem68 0.09 128977 5 -467830376 6.95333e-310 0.00
problem69 0.15 156684 5 -467830376 6.95333e-310 0.00
problem70 0.05 131422 5 -467830376 6.95333e-310 0.00
problem71 0.06 153936 5 -467830376 6.95333e-310 0.00
problem72 0.1 155593 5 -467830376 6.95333e-310 0.00
problem73 0.36 141190 5 -467830376 6.95333e-310 0.00
problem74 0.21 142558 5 -467830376 6.95333e-310 0.00
problem75 0.2 138556 5 -467830376 6.95333e-310 0.00
problem76 0.05 125160 5 -467830376 6.95333e-310 0.00
problem77 1.04 136583 5 -467830376 6.95333e-310 0.00
problem78 0.45 151236 5 -467830376 6.95333e-310 0.00
problem79 1.6 146420 5 -467830376 6.95333e-310 0.00
problem80 0.14 157619 5 -467830376 6.95333e-310 0.00
problem81 0.49 127116 5 -467830376 6.95333e-310 0.00
problem82 0.26 155536 5 -467830376 6.95333e-310 0.00
problem83 0.1 134122 5 -467830376 6.95333e-310 0.00
problem84 0.05 137378 5 -467830376 6.95333e-310 0.00
problem85 0.08 164631 5 -467830376 6.95333e-310 0.00
problem86 0.16 139203 5 -467830376 6.95333e-310 0.00
problem87 0.09 150442 5 -467830376 6.95333e-310 0.00
problem88 0.19 172091 5 -467830376 6.95333e-310 0.00
problem89 0.23 147374 5 -467830376 6.95333e-310 0.00
problem90 0.4 169955 5 -467830376 6.95333e-310 0.00
problem91 0.3 156088 5 -467830376 6.95333e-310 0.00
problem92 0.51 142080 5 -467830376 6.95333e-310 0.00
problem93 0.76 147663 5 -467830376 6.95333e-310 0.00
problem94 0.14 153700 5 -467830376 6.95333e-310 0.00
problem95 0.63 138378 5 -467830376 6.95333e-310 0.00
problem96 0.12 150885 5 -467830376 6.95333e-310 0.00
problem97 0.3 141558 5 -467830376 6.95333e-310 0.00
problem98 0.29 145873 5 -467830376 6.95333e-310 0.00
problem99 0.68 152229 5 -467830376 6.95333e-310 0.00
