problem0 0 121743834032890 0 2228.00
problem1 0.00 132539215576860 0 2284.00
problem2 0.01 115742657769322 0 2284.00
problem3 0.00 146987696927514 0 2284.00
problem4 0.00 121615885501481 0 2284.00
problem5 0.01 125235609583829 0 2284.00
problem6 0.00 116485256997253 0 2284.00
problem7 0.01 147765235761793 0 2284.00
problem8 0.00 130717363028659 0 2284.00
problem9 0.00 123853477258175 0 2284.00
problem10 0.01 134999545672282 0 2284.00
problem11 0.00 113153476116514 0 2284.00
problem12 0.01 124352686576151 0 2284.00
problem13 0.00 157406748489620 0 2284.00
problem14 0.00 124609589836234 0 2284.00
problem15 0.01 135696761576637 0 2284.00
problem16 0.00 126684381773644 0 2284.00
problem17 0.00 121089327612023 0 2284.00
problem18 0.01 117395815664954 0 2284.00
problem19 0.00 147447341874418 0 2284.00
problem20 0.01 124992808704771 0 2284.00
problem21 0.00 135236876316691 0 2284.00
problem22 0.00 119178519705433 0 2284.00
problem23 0.01 119633929523044 0 2284.00
problem24 0.00 131722759846490 0 2284.00
problem25 0.01 150559684170198 0 2284.00
problem26 0.00 121343013038225 0 2284.00
problem27 0.00 125577695921443 0 2284.00
problem28 0.01 107370166374484 0 2284.00
problem29 0.00 120254582842794 0 2284.00
problem30 0.00 102676014002635 0 2284.00
problem31 0.01 145591594061947 0 2284.00
problem32 0.00 144731791492457 0 2284.00
problem33 0.01 123638758338013 0 2284.00
problem34 0.00 128853758173546 0 2284.00
problem35 0.00 120694922272848 0 2284.00
problem36 0.01 137738714435364 0 2284.00
problem37 0.00 124190848988183 0 2284.00
problem38 0.01 144025246257805 0 2284.00
problem39 0.00 123433662860296 0 2284.00
problem40 0.00 129793639453327 0 2284.00
problem41 0.01 152367795356686 0 2284.00
problem42 0.00 145422017126098 0 2284.00
problem43 0.01 130642442758948 0 2284.00
problem44 0.00 127776958462401 0 2284.00
problem45 0.00 110648448512758 0 2284.00
problem46 0.01 144672596892865 0 2284.00
problem47 0.00 109214317861665 0 2284.00
problem48 0.00 104401358715830 0 2284.00
problem49 0.01 130260628024867 0 2284.00
problem50 0.00 143308863058996 0 2284.00
problem51 0.01 144355568799191 0 2284.00
problem52 0.00 138912962693671 0 2284.00
problem53 0.00 156423871058639 0 2284.00
problem54 0.01 153413856411783 0 2284.00
problem55 0.00 114677690394192 0 2284.00
problem56 0.01 137337987915350 0 2284.00
problem57 0.00 138516047690070 0 2284.00
problem58 0.00 141803336436078 0 2284.00
problem59 0.01 154882500227595 0 2284.00
problem60 0.00 149348949466448 0 2284.00
problem61 0.01 124869421875719 0 2284.00
problem62 0.00 142545629960561 0 2284.00
problem63 0.00 106921513113994 0 2284.00
problem64 0.01 109971661720737 0 2284.00
problem65 0.00 141619244354033 0 2284.00
problem66 0.01 137485865224734 0 2284.00
problem67 0.00 122326005219964 0 2284.00
problem68 0.00 105120675264312 0 2284.00
problem69 0.01 121231429458250 0 2284.00
problem70 0.00 119453689162001 0 2284.00
problem71 0.00 139950625914714 0 2284.00
problem72 0.01 141466769000892 0 2284.00
problem73 0.00 127919038713664 0 2284.00
problem74 0.01 151675574919756 0 2284.00
problem75 0.00 127498828117485 0 2284.00
problem76 0.00 144140910899492 0 2284.00
problem77 0.01 123578065925067 0 2284.00
problem78 0.00 145928243564047 0 2284.00
problem79 0.01 128837662963679 0 2284.00
problem80 0.00 115505132152112 0 2284.00
problem81 0.00 144325581307177 0 2284.00
problem82 0.01 125681135515230 0 2284.00
problem83 0.00 139049220082314 0 2284.00
problem84 0.01 134508441541212 0 2284.00
problem85 0.00 138417557388503 0 2284.00
problem86 0.00 136563277535373 0 2284.00
problem87 0.01 114214387280454 0 2284.00
problem88 0.00 106218718337151 0 2284.00
problem89 0.00 122873935616572 0 2284.00
problem90 0.01 115754427885675 0 2284.00
problem91 0.00 127430850072704 0 2284.00
problem92 0.01 113677868209606 0 2284.00
problem93 0.00 136637403027462 0 2284.00
problem94 0.00 134429830340784 0 2284.00
problem95 0.01 123190716909714 0 2284.00
problem96 0.00 140927861866728 0 2284.00
problem97 0.01 126974686037900 0 2284.00
problem98 0.00 131338586300594 0 2284.00
problem99 0.00 150783628074539 0 2284.00
