problem0 0 355216 1 0.00
problem1 0.00 396273 1 0.00
problem2 0.00 374705 1 0.00
problem3 0.00 367910 1 0.00
problem4 0.00 329098 1 0.00
problem5 0.00 401011 1 0.00
problem6 0.00 377179 1 0.00
problem7 0.00 373016 1 0.00
problem8 0.00 394596 1 0.00
problem9 0.00 359509 1 0.00
problem10 0.00 354789 1 0.00
problem11 0.00 376170 1 0.00
problem12 0.00 390430 1 0.00
problem13 0.00 366487 1 0.00
problem14 0.00 387919 1 0.00
problem15 0.00 345116 1 0.00
problem16 0.00 376504 1 0.00
problem17 0.00 352825 1 0.00
problem18 0.00 343961 1 0.00
problem19 0.00 345902 1 0.00
problem20 0.00 363570 1 0.00
problem21 0.00 347707 1 0.00
problem22 0.00 336067 1 0.00
problem23 0.00 387232 1 0.00
problem24 0.00 395148 1 0.00
problem25 0.00 372125 1 0.00
problem26 0.00 387277 1 0.00
problem27 0.00 404082 1 0.00
problem28 0.00 367302 1 0.00
problem29 0.00 406111 1 0.00
problem30 0.00 389559 1 0.00
problem31 0.00 356004 1 0.00
problem32 0.00 421856 1 0.00
problem33 0.00 364161 1 0.00
problem34 0.00 390529 1 0.00
problem35 0.00 350006 1 0.00
problem36 0.00 389338 1 0.00
problem37 0.00 381955 1 0.00
problem38 0.00 429611 1 0.00
problem39 0.00 386600 1 0.00
problem40 0.00 362420 1 0.00
problem41 0.00 357605 1 0.00
problem42 0.00 366005 1 0.00
problem43 0.00 376186 1 0.00
problem44 0.00 351854 1 0.00
problem45 0.00 385831 1 0.00
problem46 0.00 370207 1 0.00
problem47 0.00 393004 1 0.00
problem48 0.00 433928 1 0.00
problem49 0.00 405705 1 0.00
problem50 0.00 375145 1 0.00
problem51 0.00 347454 1 0.00
problem52 0.00 373634 1 0.00
problem53 0.00 364491 1 0.00
problem54 0.00 395667 1 0.00
problem55 0.00 354736 1 0.00
problem56 0.00 394716 1 0.00
problem57 0.00 406061 1 0.00
problem58 0.00 356509 1 0.00
problem59 0.00 349826 1 0.00
problem60 0.00 376854 1 0.00
problem61 0.00 354799 1 0.00
problem62 0.00 379015 1 0.00
problem63 0.00 366004 1 0.00
problem64 0.00 412720 1 0.00
problem65 0.00 370961 1 0.00
problem66 0.00 355153 1 0.00
problem67 0.00 379206 1 0.00
problem68 0.00 381994 1 0.00
problem69 0.00 336275 1 0.00
problem70 0.00 389883 1 0.00
problem71 0.00 357176 1 0.00
problem72 0.00 352772 1 0.00
problem73 0.00 370037 1 0.00
problem74 0.00 399749 1 0.00
problem75 0.00 382346 1 0.00
problem76 0.00 417726 1 0.00
problem77 0.00 394935 1 0.00
problem78 0.00 391407 1 0.00
problem79 0.00 373308 1 0.00
problem80 0.00 325464 1 0.00
problem81 0.00 399193 1 0.00
problem82 0.00 371513 1 0.00
problem83 0.00 338766 1 0.00
problem84 0.00 373458 1 0.00
problem85 0.00 371035 1 0.00
problem86 0.00 346723 1 0.00
problem87 0.00 377536 1 0.00
problem88 0.00 392236 1 0.00
problem89 0.00 372413 1 0.00
problem90 0.00 381037 1 0.00
problem91 0.00 367250 1 0.00
problem92 0.00 359782 1 0.00
problem93 0.00 375167 1 0.00
problem94 0.00 382807 1 0.00
problem95 0.00 341188 1 0.00
problem96 0.00 385152 1 0.00
problem97 0.00 408481 1 0.00
problem98 0.00 350497 1 0.00
problem99 0.00 349014 1 0.00
