problem0 0.08 115750 312 1 0.06 7100.00
problem1 0.13 107182 827 2 0.04 5084.00
problem2 0.06 108920 607 1 0.03 5084.00
problem3 0.22 90843 1074 2 0.06 6320.00
problem4 0.05 92845 674 1 0.04 6320.00
problem5 0.1 102782 1053 1 0.04 6320.00
problem6 0.04 111903 191 1 0.02 6320.00
problem7 0.22 117196 905 1 0.03 6320.00
problem8 0.06 121942 177 1 0.02 6320.00
problem9 0.04 109548 225 1 0.03 6320.00
problem10 0.35 106112 591 1 0.02 6320.00
problem11 0.13 110244 626 1 0.02 6320.00
problem12 0.08 104709 643 1 0.03 6320.00
problem13 0.04 125737 276 1 0.02 6320.00
problem14 0.05 121709 349 1 0.03 6320.00
problem15 0.25 101523 1154 2 0.08 8136.00
problem16 0.34 102038 1509 2 0.1 8452.00
problem17 0.19 105048 724 1 0.04 4864.00
problem18 0.19 92777 1045 1 0.04 5020.00
problem19 0.1 104655 518 1 0.04 5020.00
problem20 0.12 110428 458 1 0.03 5064.00
problem21 0.14 114319 730 1 0.04 5064.00
problem22 0.71 118346 525 1 0.03 5064.00
problem23 0.08 108852 728 1 0.04 5272.00
problem24 0.05 122058 170 1 0.03 5272.00
problem25 0.09 110667 933 1 0.03 5272.00
problem26 0.35 82962 1140 1 0.03 5272.00
problem27 0.11 98056 1315 1 0.04 5272.00
problem28 0.11 104256 305 1 0.02 5272.00
problem29 0.05 124772 188 1 0.03 5272.00
problem30 0.08 95719 715 1 0.04 5272.00
problem31 0.09 103998 466 1 0.04 5272.00
problem32 0.39 91553 2504 2 0.14 10400.00
problem33 0.07 110721 389 1 0.06 10400.00
problem34 0.42 70884 3558 2 0.23 15164.00
problem35 0.16 101015 624 1 0.07 8468.00
problem36 0.39 106859 1474 1 0.09 7820.00
problem37 0.29 109121 522 1 0.05 7968.00
problem38 0.12 100900 743 1 0.08 7968.00
problem39 0.08 110783 391 1 0.06 7968.00
problem40 0.07 96060 283 1 0.05 7968.00
problem41 0.12 109648 676 1 0.07 7968.00
problem42 0.06 116347 190 1 0.03 7968.00
problem43 0.08 117574 252 1 0.05 7968.00
problem44 0.12 105561 157 1 0.02 4572.00
problem45 0.17 97349 1030 1 0.09 8120.00
problem46 0.38 95301 606 1 0.05 8316.00
problem47 0.08 100526 539 1 0.04 6548.00
problem48 7.75 117373 1194 1 0.07 7412.00
problem49 0.6 117956 690 1 0.04 7412.00
problem50 0.5 109042 1266 1 0.05 7412.00
problem51 0.08 99431 359 1 0.05 7412.00
problem52 0.05 108077 235 1 0.03 7412.00
problem53 0.21 93805 1353 1 0.08 7620.00
problem54 0.11 105793 353 1 0.05 7620.00
problem55 0.17 123182 126 1 0.01 7620.00
problem56 0.17 103009 253 1 0.01 7620.00
problem57 0.21 87059 633 1 0.05 7620.00
problem58 0.21 101683 1131 1 0.07 7620.00
problem59 0.28 96706 693 1 0.06 7620.00
problem60 0.09 108584 517 1 0.07 7620.00
problem61 0.09 115448 428 1 0.05 7620.00
problem62 0.09 100581 590 1 0.07 7620.00
problem63 0.15 110702 488 1 0.05 7620.00
problem64 0.05 113425 194 1 0.04 7620.00
problem65 0.04 119625 133 1 0.02 7620.00
problem66 0.1 115111 551 1 0.05 7620.00
problem67 0.1 113222 369 1 0.06 7620.00
problem68 0.03 107882 179 1 0.01 7620.00
problem69 0.12 107606 503 1 0.06 7620.00
problem70 40.48 114166 8074 2 0.18 16288.00
problem71 0.25 99990 1226 1 0.12 12792.00
problem72 0.11 96889 322 1 0.07 9968.00
problem73 0.08 114926 289 1 0.06 11248.00
problem74 0.2 104231 912 1 0.1 11632.00
problem75 0.07 107357 321 1 0.03 6824.00
problem76 8.37 107179 2834 1 0.12 12144.00
problem77 0.24 113628 426 1 0.06 10848.00
problem78 0.07 105204 245 1 0.07 11116.00
problem79 0.16 121299 180 1 0.06 7004.00
problem80 0.13 119733 717 1 0.1 11164.00
problem81 0.17 96660 446 1 0.07 9148.00
problem82 0.24 115691 261 1 0.04 9148.00
problem83 0.11 109457 526 1 0.08 11332.00
problem84 0.43 119333 468 1 0.05 9804.00
problem85 0.22 111360 380 1 0.05 8160.00
problem86 0.22 97084 915 1 0.12 11644.00
problem87 0.17 93673 822 1 0.06 10668.00
problem88 0.27 97520 1975 1 0.18 13436.00
problem89 0.14 95039 546 1 0.09 11344.00
problem90 0.22 91321 848 1 0.08 11660.00
problem91 0.23 103922 853 1 0.1 11512.00
problem92 0.14 100218 542 1 0.09 11492.00
problem93 0.12 104872 339 1 0.07 10948.00
problem94 0.49 89542 1774 1 0.16 12648.00
problem95 0.11 119333 225 1 0.05 10796.00
problem96 0.13 109668 225 1 0.03 6104.00
problem97 0.06 120783 163 1 0.05 7416.00
problem98 0.53 104152 876 1 0.05 9560.00
problem99 0.12 88168 844 1 0.09 11664.00
