problem0 0 3353519 1
problem1 0 3703591 1
problem2 0 3564575 1
problem3 0 3278487 1
problem4 0 3154575 1
problem5 0 2945031 1
problem6 0 3417855 1
problem7 0 3080055 1
problem8 0 3420527 1
problem9 0 3405031 1
problem10 0 3146207 1
problem11 0 3379287 1
problem12 0 3233871 1
problem13 0 3641799 1
problem14 0 3667135 1
problem15 0 3389751 1
problem16 0 3512111 1
problem17 0 2999975 1
problem18 0 3276703 1
problem19 0 3635735 1
problem20 0 3206671 1
problem21 0 3445639 1
problem22 0 3547775 1
problem23 0 2806519 1
problem24 0 3366127 1
problem25 0 3405927 1
problem26 0 3562847 1
problem27 0 3785687 1
problem28 0 3466191 1
problem29 0 3011911 1
problem30 0 3452991 1
problem31 0 3558583 1
problem32 0 3113647 1
problem33 0 3312167 1
problem34 0 3742495 1
problem35 0 3042711 1
problem36 0 3619215 1
problem37 0 3389191 1
problem38 0.01 3251711 1
problem39 0 3024503 1
problem40 0 3541103 1
problem41 0 3767271 1
problem42 0 3684575 1
problem43 0 3241815 1
problem44 0 3141455 1
problem45 0 3528903 1
problem46 0 3599295 1
problem47 0 2908215 1
problem48 0 3337775 1
problem49 0 2936231 1
problem50 0 2995871 1
problem51 0 3334423 1
problem52 0 2950415 1
problem53 0 3562119 1
problem54 0 3709311 1
problem55 0 2947575 1
problem56 0 3159023 1
problem57 0 3047271 1
problem58 0 2987103 1
problem59 0 3058391 1
problem60 0 3439311 1
problem61 0 3488839 1
problem62 0 3450687 1
problem63 0 3797943 1
problem64 0 3922351 1
problem65 0 3182887 1
problem66 0 3396127 1
problem67 0 3462295 1
problem68 0 3821711 1
problem69 0 3440135 1
problem70 0 3478783 1
problem71 0 3100023 1
problem72 0 3399535 1
problem73 0 3212007 1
problem74 0 3305439 1
problem75 0 3366487 1
problem76 0 3573327 1
problem77 0 3416007 1
problem78 0 2876095 1
problem79 0 3213111 1
problem80 0 3294511 1
problem81 0 3003559 1
problem82 0 3894687 1
problem83 0.01 2639895 1
problem84 0 3873807 1
problem85 0 3547527 1
problem86 0 3215487 1
problem87 0 3088631 1
problem88 0 3082991 1
problem89 0 3475047 1
problem90 0 2935647 1
problem91 0 2986455 1
problem92 0 3019215 1
problem93 0 3310407 1
problem94 0 3448383 1
problem95 0 3381943 1
problem96 0 3551407 1
problem97 0 3446823 1
problem98 0 3049759 1
problem99 0 3619735 1
