problem0 0 28737911754 1
problem1 0 27319876435 1
problem2 0 26203726539 1
problem3 0 25682480776 1
problem4 0 27277679812 1
problem5 0 25239326485 1
problem6 0 28564617717 1
problem7 0 26716903994 1
problem8 0 26554189982 1
problem9 0 24635630391 1
problem10 0 28687000831 1
problem11 0 25537987404 1
problem12 0 28650654040 1
problem13 0 26363791801 1
problem14 0 26084269545 1
problem15 0 25044634558 1
problem16 0 25174608114 1
problem17 0 26360689819 1
problem18 0 27507801779 1
problem19 0 27349341584 1
problem20 0 25646666092 1
problem21 0 28821616093 1
problem22 0 28043886941 1
problem23 0.01 27810882242 1
problem24 0 25237540038 1
problem25 0 27942600575 1
problem26 0 27541372903 1
problem27 0 27779880276 1
problem28 0 25837733120 1
problem29 0 29934347137 1
problem30 0 26434794577 1
problem31 0 28509859654 1
problem32 0 25265202202 1
problem33 0 28636681187 1
problem34 0.01 27168995483 1
problem35 0 26668421784 1
problem36 0 25781498900 1
problem37 0 25766683301 1
problem38 0 26092193477 1
problem39 0 26514489674 1
problem40 0 26113810158 1
problem41 0 25235538375 1
problem42 0 29002823887 1
problem43 0.01 27436113244 1
problem44 0 26678570664 1
problem45 0 26532152137 1
problem46 0 26898729145 1
problem47 0 27684579534 1
problem48 0 25088970050 1
problem49 0 25528588587 1
problem50 0 26854183043 1
problem51 0 28769125792 1
problem52 0 26273318076 1
problem53 0 26767414637 1
problem54 0 27865549357 1
problem55 0 28734649810 1
problem56 0 27643592470 1
problem57 0 25120139791 1
problem58 0 25316773815 1
problem59 0 25830808420 1
problem60 0.01 27800323664 1
problem61 0 25838217489 1
problem62 0 29468531489 1
problem63 0 25626736726 1
problem64 0 29413688426 1
problem65 0 24915444851 1
problem66 0 23782180459 1
problem67 0 30130106024 1
problem68 0 28395520868 1
problem69 0 25225678389 1
problem70 0 25649744789 1
problem71 0 27197685850 1
problem72 0 28721589566 1
problem73 0 28608313431 1
problem74 0 25554093215 1
problem75 0 28589346668 1
problem76 0 26700467192 1
problem77 0 28899579097 1
problem78 0.01 27896949641 1
problem79 0 25702555102 1
problem80 0 27670661522 1
problem81 0 24465249723 1
problem82 0 30185314899 1
problem83 0 26229673392 1
problem84 0 24963690508 1
problem85 0 26914442493 1
problem86 0 27448724221 1
problem87 0 25742729442 1
problem88 0 27200219494 1
problem89 0 24957430943 1
problem90 0 25680549767 1
problem91 0 29129587060 1
problem92 0 26175979424 1
problem93 0 25579161249 1
problem94 0 24474237425 1
problem95 0.01 27425790310 1
problem96 0 24153709754 1
problem97 0 27338444035 1
problem98 0 27272743995 1
problem99 0 27249271480 1
