problem0 0.15 12795703765 1
problem1 0.13 12227082765 1
problem2 0.86 13206987461 1
problem3 0.05 11200439293 1
problem4 0.02 11491882421 1
problem5 0.43 12864622573 1
problem6 0.17 12495055525 1
problem7 0 13673856477 1
problem8 0.16 12060721557 1
problem9 0.54 11341180365 1
problem10 0.32 12585122437 1
problem11 0.06 13948477373 1
problem12 0.65 12530767221 1
problem13 0.06 12012409773 1
problem14 0.03 11241493093 1
problem15 0.43 12022073757 1
problem16 0.07 12952219989 1
problem17 1.23 12263031181 1
problem18 0.08 12545094213 1
problem19 0.65 12464208765 1
problem20 0.47 11101967669 1
problem21 0.01 12170508141 1
problem22 0.01 12397959717 1
problem23 0.11 13678818653 1
problem24 0.22 11610390805 1
problem25 0.3 12625999181 1
problem26 0.21 13018745349 1
problem27 0.72 12467615549 1
problem28 0.01 13344896245 1
problem29 0.02 11844696877 1
problem30 0.14 13279052261 1
problem31 0.02 11546280221 1
problem32 0.25 12094271701 1
problem33 0.1 12345149709 1
problem34 0.15 11119346117 1
problem35 0.14 12296704765 1
problem36 0.01 13185152181 1
problem37 0.02 12359327469 1
problem38 0.19 12138891685 1
