problem0 0.22 2224010067063580 0
problem1 0.25 2058883588459200 0
problem2 0.51 2182824519230758 0
problem3 0.26 2090924254892313 0
problem4 0.23 2259066490623008 0
problem5 0.12 1972415144407922 0
problem6 0.15 1734966374146877 0
problem7 0.38 2311604119891732 0
problem8 0.29 2101042200318708 0
problem9 0.13 2138158781198306 0
problem10 0.27 1859033778449044 0
problem11 0.54 2417729848847259 0
problem12 0.26 2217822828401181 0
problem13 0.37 2171712052489891 0
problem14 0.35 2112526615773939 0
problem15 0.11 1921303645215970 0
problem16 0.12 1929883452490566 0
problem17 0.14 1748366536723112 0
problem18 0.19 2140497210928303 0
problem19 0.18 2117772180083526 0
problem20 0.26 1963376252865788 0
problem21 0.18 2105561714131389 0
problem22 0.24 1931173683086767 0
problem23 0.4 2265880627688066 0
problem24 0.14 2242785085265366 0
problem25 0.18 1971350940674960 0
problem26 0.28 2329162361840553 0
problem27 0.35 2518114997806601 0
problem28 0.38 1980937980693543 0
problem29 0.34 2204928628949747 0
problem30 0.28 2046612572002200 0
problem31 0.27 2239061735056411 0
problem32 0.11 1640067611488817 0
problem33 0.21 1794896433282232 0
problem34 0.16 2213527804651972 0
problem35 0.1 2161388504595308 0
problem36 0.33 2257597134960557 0
problem37 0.39 2323214104545028 0
problem38 0.17 2536562549826026 0
problem39 0.18 2005797569824707 0
problem40 0.25 2020953640153210 0
problem41 0.26 2193061377754234 0
problem42 0.29 2203707784456026 0
problem43 0.54 2804654722017704 0
problem44 0.12 2133286168133880 0
problem45 0.31 1781906123735142 0
problem46 0.15 2027036504191878 0
problem47 0.11 2317033666529176 0
problem48 0.3 2285832430647269 0
problem49 0.4 1968644070949200 0
problem50 0.15 1911323560999895 0
problem51 0.14 1973942917907248 0
problem52 0.37 2188402637204619 0
problem53 0.41 2214709639050431 0
problem54 0.22 2246883995731641 0
problem55 0.25 2304904854449438 0
problem56 0.16 2239604224155820 0
problem57 0.31 1888938560108359 0
problem58 0.52 2525544546319318 0
problem59 0.28 2345109662814068 0
problem60 0.19 2207634716663119 0
problem61 0.17 2051213794627609 0
problem62 0.24 2086482188792348 0
problem63 0.13 1857344025012663 0
problem64 0.59 2185849620463913 0
problem65 0.38 2331846410543264 0
problem66 0.37 2081422423966176 0
problem67 0.16 1863952424195352 0
problem68 0.07 1996280675459810 0
problem69 0.16 2232293755154371 0
problem70 0.18 2239312108718361 0
problem71 0.28 1934353604049481 0
problem72 0.24 1786336165122316 0
problem73 0.12 2107039968982290 0
problem74 0.27 2060427762797788 0
problem75 0.31 2335318176665756 0
problem76 0.27 2184834492150187 0
problem77 0.36 2428154438084396 0
problem78 0.25 2309767131612751 0
problem79 0.13 1606581292144504 0
problem80 0.11 1830743271780713 0
problem81 0.28 2387329303268555 0
problem82 0.21 2034433321345993 0
problem83 0.52 2082985780262271 0
problem84 0.18 2227978582477321 0
