problem0 0 5573759 1 2212.00
problem1 0.00 6756150 0 2268.00
problem2 0.00 5815072 1 2268.00
problem3 0.00 5762713 1 2268.00
problem4 0.00 5646169 1 2268.00
problem5 0.00 5926902 1 2268.00
problem6 0.00 6959978 1 2268.00
problem7 0.00 6624909 0 2268.00
problem8 0.00 5216147 1 2268.00
problem9 0.00 6097816 1 2268.00
problem10 0.00 6943252 1 2268.00
problem11 0.00 6911581 1 2268.00
problem12 0.00 6444845 1 2268.00
problem13 0.00 5131290 1 2268.00
problem14 0.00 6381856 0 2268.00
problem15 0.00 5939215 1 2268.00
problem16 0.00 5947431 1 2268.00
problem17 0.00 6714236 1 2268.00
problem18 0.00 6703752 1 2268.00
problem19 0.00 4982177 1 2268.00
problem20 0.00 5934209 1 2268.00
problem21 0.00 5809089 0 2268.00
problem22 0.00 5560402 1 2268.00
problem23 0.00 6879507 1 2268.00
problem24 0.00 5428795 1 2268.00
problem25 0.00 6086368 1 2268.00
problem26 0.00 5346428 1 2268.00
problem27 0.00 7253093 1 2268.00
problem28 0.00 6166357 1 2268.00
problem29 0.00 6948578 1 2268.00
problem30 0.00 5466374 1 2268.00
problem31 0.00 6173079 1 2268.00
problem32 0.00 5384655 1 2268.00
problem33 0.00 6282692 1 2268.00
problem34 0.00 5087216 1 2268.00
problem35 0.00 6191785 1 2268.00
problem36 0.00 8538025 1 2268.00
problem37 0.00 6882694 1 2268.00
problem38 0.00 5366586 1 2268.00
problem39 0.00 6183323 1 2268.00
problem40 0.00 6884067 1 2268.00
problem41 0.00 7667755 0 2268.00
problem42 0.00 4865252 1 2268.00
problem43 0.00 5144685 1 2268.00
problem44 0.00 6450557 1 2268.00
problem45 0.00 7483306 1 2268.00
problem46 0.00 6493934 1 2268.00
problem47 0.00 6521119 1 2268.00
problem48 0.00 6146425 0 2268.00
problem49 0.00 5232140 1 2268.00
problem50 0.00 6110040 1 2268.00
problem51 0.00 5754289 1 2268.00
problem52 0.00 5757137 1 2268.00
problem53 0.00 5772622 1 2268.00
problem54 0.00 5755938 1 2268.00
problem55 0.00 6141987 1 2268.00
problem56 0.00 5027213 0 2268.00
problem57 0.00 6942576 1 2268.00
problem58 0.00 4877132 1 2268.00
problem59 0.00 5862005 1 2268.00
problem60 0.00 5888421 1 2268.00
problem61 0.00 5457524 0 2268.00
problem62 0.00 4647638 1 2268.00
problem63 0.00 4918953 0 2268.00
problem64 0.00 5250847 1 2268.00
problem65 0.01 5954644 1 2268.00
problem66 0.00 7576768 1 2268.00
problem67 0.00 5275321 1 2268.00
problem68 0.00 5095419 0 2268.00
problem69 0.00 7492374 1 2268.00
problem70 0.00 6630154 1 2268.00
problem71 0.00 6263979 1 2268.00
problem72 0.00 5789235 1 2268.00
problem73 0.00 6302906 0 2268.00
problem74 0.00 6856628 1 2268.00
problem75 0.00 5243517 1 2268.00
problem76 0.00 6216653 1 2268.00
problem77 0.00 6409018 1 2268.00
problem78 0.00 6644926 1 2268.00
problem79 0.00 5593647 1 2268.00
problem80 0.00 6007498 0 2268.00
problem81 0.00 6123676 1 2268.00
problem82 0.00 6767658 0 2268.00
problem83 0.00 5836225 1 2268.00
problem84 0.00 6192417 1 2268.00
problem85 0.00 4996830 1 2268.00
problem86 0.00 6318066 1 2268.00
problem87 0.00 5533491 1 2268.00
problem88 0.00 7236827 1 2268.00
problem89 0.00 6567936 1 2268.00
problem90 0.00 4938268 1 2268.00
problem91 0.00 5419141 1 2268.00
problem92 0.00 4453365 1 2268.00
problem93 0.00 6962690 1 2268.00
problem94 0.00 6096038 1 2268.00
problem95 0.00 5432247 1 2268.00
problem96 0.00 6483055 1 2268.00
problem97 0.00 6034148 1 2268.00
problem98 0.00 5681552 1 2268.00
problem99 0.00 6421193 1 2268.00
