problem0 0 11478 1 0.00
problem1 0.00 10934 1 0.00
problem2 0.00 10390 1 0.00
problem3 0.00 9334 1 0.00
problem4 0.00 9814 1 0.00
problem5 0.00 9782 1 0.00
problem6 0.00 8726 1 0.00
problem7 0.00 9718 1 0.00
problem8 0.00 11734 1 0.00
problem9 0.00 9142 1 0.00
problem10 0.00 10134 1 0.00
problem11 0.00 9590 1 0.00
problem12 0.00 10582 1 0.00
problem13 0.00 9014 1 0.00
problem14 0.00 11542 1 0.00
problem15 0.00 10486 1 0.00
problem16 0.00 10966 1 0.00
problem17 0.00 10422 1 0.00
problem18 0.00 10390 1 0.00
problem19 0.00 9846 1 0.00
problem20 0.00 9302 1 0.00
problem21 0.00 9782 1 0.00
problem22 0.00 11798 1 0.00
problem23 0.00 11254 1 0.00
problem24 0.00 10710 1 0.00
problem25 0.00 9654 1 0.00
problem26 0.00 11158 1 0.00
problem27 0.00 11126 1 0.00
problem28 0.00 9558 1 0.00
problem29 0.00 10038 1 0.00
problem30 0.00 8470 1 0.00
problem31 0.00 10486 1 0.00
problem32 0.00 9430 1 0.00
problem33 0.00 9910 1 0.00
problem34 0.00 10902 1 0.00
problem35 0.00 9334 1 0.00
problem36 0.00 9814 1 0.00
problem37 0.00 9270 1 0.00
problem38 0.00 11286 1 0.00
problem39 0.00 9206 1 0.00
problem40 0.00 11222 1 0.00
problem41 0.00 11190 1 0.00
problem42 0.00 11670 1 0.00
problem43 0.00 9590 1 0.00
problem44 0.00 10582 1 0.00
problem45 0.00 9014 1 0.00
problem46 0.00 8470 1 0.00
problem47 0.00 10998 1 0.00
problem48 0.00 11990 1 0.00
problem49 0.00 10934 1 0.00
problem50 0.00 10390 1 0.00
problem51 0.00 10358 1 0.00
problem52 0.00 10838 1 0.00
problem53 0.00 10294 1 0.00
problem54 0.00 9750 1 0.00
problem55 0.00 9718 1 0.00
problem56 0.00 9686 1 0.00
problem57 0.00 9142 1 0.00
problem58 0.00 9622 1 0.00
problem59 0.00 11638 1 0.00
problem60 0.00 9046 1 0.00
problem61 0.00 9526 1 0.00
problem62 0.00 11030 1 0.00
problem63 0.00 9462 1 0.00
problem64 0.00 9430 1 0.00
problem65 0.00 11958 1 0.00
problem66 0.00 9878 1 0.00
problem67 0.00 10870 1 0.00
problem68 0.00 11350 1 0.00
problem69 0.00 9782 1 0.00
problem70 0.00 10262 1 0.00
problem71 0.00 9206 1 0.00
problem72 0.00 9174 1 0.00
problem73 0.00 11702 1 0.00
problem74 0.00 10646 1 0.00
problem75 0.00 11638 1 0.00
problem76 0.00 9046 1 0.00
problem77 0.00 12086 1 0.00
problem78 0.00 11030 1 0.00
problem79 0.00 9462 1 0.00
problem80 0.00 9942 1 0.00
problem81 0.00 8886 1 0.00
problem82 0.00 10390 1 0.00
problem83 0.00 8822 1 0.00
problem84 0.00 9814 1 0.00
problem85 0.00 11318 1 0.00
problem86 0.00 9238 1 0.00
problem87 0.00 10230 1 0.00
problem88 0.00 9174 1 0.00
problem89 0.00 10678 1 0.00
problem90 0.00 9622 1 0.00
problem91 0.00 11638 1 0.00
problem92 0.00 10070 1 0.00
problem93 0.00 11574 1 0.00
problem94 0.00 10518 1 0.00
problem95 0.00 10486 1 0.00
problem96 0.00 8918 1 0.00
problem97 0.00 8886 1 0.00
problem98 0.00 9878 1 0.00
problem99 0.00 12918 1 0.00
