problem0 0 238283833300 1
problem1 0.02 199844237386 1
problem2 0 216425255057 1
problem3 0.01 209772367939 1
problem4 0.01 212070283030 1
problem5 0.03 190064878180 1
problem6 0.02 196779406499 1
problem7 0 207586635501 1
problem8 0.03 223878499448 1
problem9 0 221221566494 1
problem10 0 199018386389 1
problem11 0 210125597239 1
problem12 0 216984617466 1
problem13 0.01 214122195832 1
problem14 0.02 215346905127 1
problem15 0 223271693345 1
problem16 0.02 217994197404 1
problem17 0 201330292338 1
problem18 0.04 198204468121 1
problem19 0.01 210198904491 1
problem20 0 213592733022 1
problem21 0 212922266380 1
problem22 0.01 219692050475 1
problem23 0.01 184908483541 1
problem24 0.03 233557350208 1
problem25 0 210758081350 1
problem26 0.02 219271210973 1
problem27 0.01 186120068511 1
problem28 0 223451423042 1
problem29 0.01 203771791648 1
problem30 0 197957352623 1
problem31 0.01 219195907593 1
problem32 0.05 214378673508 1
problem33 0 215616288410 1
problem34 0 205937219745 1
problem35 0 209215641363 1
problem36 0.01 211083466150 1
problem37 0 208177675700 1
problem38 0.03 205517000115 1
problem39 0 199982002877 1
problem40 0 212358325256 1
problem41 0 208892975214 1
problem42 0.01 205376884197 1
problem43 0.01 203198495495 1
problem44 0.01 202730955402 1
problem45 0 200999477448 1
problem46 0 212241279799 1
problem47 0.02 204256090609 1
problem48 0 191163118380 1
problem49 0.02 210406772930 1
problem50 0.06 190855845801 1
problem51 0 202390149499 1
problem52 0.01 227001702382 1
problem53 0.01 200933130844 1
problem54 0.03 193634608443 1
problem55 0 204307833765 1
problem56 0 207995073232 1
problem57 0 199786098582 1
problem58 0 220581873133 1
problem59 0.01 191854871151 1
problem60 0.01 210552702418 1
problem61 0 218858091120 1
problem62 0.01 203854171071 1
problem63 0.01 228708818905 1
problem64 0.02 213242098420 1
problem65 0 222991893738 1
problem66 0 189741803697 1
problem67 0 216640325091 1
problem68 0.01 202472815670 1
problem69 0.01 222961697028 1
problem70 0.01 198680932035 1
problem71 0 236202417805 1
problem72 0 211040142232 1
problem73 0.01 191347548350 1
problem74 0 193631801333 1
problem75 0.02 214663918551 1
problem76 0.01 197220223770 1
problem77 0 215130029592 1
problem78 0 214033407559 1
problem79 0 213603037121 1
problem80 0 222401066172 1
problem81 0 193414763282 1
problem82 0.01 187620936633 1
problem83 0 226079874123 1
problem84 0 200359756414 1
problem85 0.01 216741804460 1
problem86 0 204239497803 1
problem87 0.01 197057045365 1
problem88 0.01 205525063264 1
problem89 0.03 207318821862 1
problem90 0.01 206668475389 1
problem91 0 206032916287 1
problem92 0.01 184912769634 1
problem93 0 228289807296 1
problem94 0.01 227261145807 1
problem95 0 203780475305 1
problem96 0.01 221060429956 1
problem97 0 209955683130 1
problem98 0 212386971841 1
problem99 0 201007783091 1
