problem0 0.64 1322027465542910 32 1 0.28 60428.00
problem1 0.35 1668050068912180 14 1 0 64540.00
problem2 0.37 1490823684299841 31 1 0 61120.00
problem3 0.37 1806262475203047 32 1 0.01 62712.00
problem4 0.36 1697964813054965 51 2 0 62900.00
problem5 0.36 1922921753579720 6 1 0.01 63040.00
problem6 0.37 1977391038817839 33 1 0.01 64224.00
problem7 0.37 1816093851692250 26 1 0 64224.00
problem8 0.36 1590175558393625 42 1 0.01 64224.00
problem9 0.37 1625366101450211 85 2 0.01 64244.00
problem10 0.38 1988555333125709 16 1 0 65296.00
problem11 0.37 2009007536764754 23 1 0.01 65296.00
problem12 0.37 1815534860400773 38 1 0.01 62644.00
problem13 0.36 1653481278293583 21 1 0.01 62808.00
problem14 0.37 1919635958343535 1 1 0.01 63388.00
problem15 0.36 1729191688509310 6 1 0.01 63388.00
problem16 0.36 1687937799567235 37 1 0 63388.00
problem17 0.37 1940824949398719 61 1 0.01 64240.00
problem18 0.39 1789284807311381 28 1 0 63132.00
problem19 0.36 1434407028656341 42 1 0 63604.00
problem20 0.35 1891816266873616 42 1 0 63604.00
problem21 0.36 1890965059181198 45 1 0.01 63628.00
problem22 0.36 1702845346716039 12 1 0.01 63632.00
problem23 0.37 2025608423059348 13 1 0.01 63632.00
problem24 0.37 1776124140406636 15 1 0.01 62856.00
problem25 0.37 1749844272886396 35 1 0 63048.00
problem26 0.35 1446419694608285 49 1 0 63116.00
problem27 0.35 1678228849338625 28 1 0.01 63168.00
problem28 0.39 2037311398604585 19 1 0.01 63632.00
problem29 0.37 1692337877449504 50 1 0.01 64104.00
problem30 0.37 1983269463755517 26 1 0 64148.00
problem31 0.37 2075037219826444 24 1 0 64148.00
problem32 0.36 1746656140333135 12 1 0 64764.00
problem33 0.36 1681617296359959 36 1 0 61472.00
problem34 0.36 1714485909670760 24 1 0.01 61540.00
problem35 0.37 1853691728872339 55 1 0.01 63052.00
problem36 0.37 1461213524727397 31 1 0 61060.00
problem37 0.4 2096872542789365 49 1 0.01 67908.00
problem38 0.38 1800370420072104 46 1 0.01 62684.00
problem39 0.7 1982626616466517 30 1 0.01 63340.00
problem40 0.37 1771124547776262 11 1 0.01 64032.00
problem41 0.37 1712684619821936 21 1 0 61056.00
problem42 0.37 1805641837724628 42 1 0.01 63072.00
problem43 0.37 1877283856497160 15 1 0.01 63052.00
problem44 0.37 1739382206690605 10 1 0.01 63468.00
problem45 0.37 1747970481232653 40 1 0.01 63868.00
problem46 0.4 1911354391874411 48 1 0.01 74428.00
problem47 0.36 1506230492070516 51 1 0 64236.00
problem48 0.37 1942684038925676 17 1 0.01 64652.00
problem49 0.36 1624719458582724 15 1 0.01 64652.00
problem50 0.38 1421184962714570 15 1 0.01 64872.00
problem51 0.38 1732921000315909 15 1 0 63484.00
problem52 0.36 1617236421429566 22 1 0.01 63996.00
problem53 0.36 1684684631393072 62 1 0 60976.00
problem54 0.38 1789680480936002 15 1 0 63632.00
problem55 0.97 1671475250334720 31 1 0.01 62092.00
problem56 0.37 1685196963735295 23 1 0 62992.00
problem57 0.37 1841564295265312 27 1 0.01 62816.00
problem58 0.36 1657095374478115 29 1 0 64392.00
problem59 0.37 1355130439872023 43 1 0 64392.00
problem60 0.36 1781751089219454 29 1 0.01 64404.00
problem61 0.36 1816807024014661 23 1 0.01 64404.00
problem62 0.35 1647497072519023 44 1 0.01 64404.00
problem63 0.34 1531425994049868 11 1 0 64404.00
problem64 0.38 1787626186857789 16 1 0 62012.00
problem65 0.38 1867227749725511 19 1 0 64188.00
problem66 0.36 1560240240081325 110 2 0.01 64424.00
problem67 0.37 1343205954308486 67 1 0 61308.00
problem68 0.36 1754050233663239 28 1 0.01 62744.00
problem69 0.36 1720428755918446 49 1 0.01 62776.00
problem70 0.38 1609757232884440 47 1 0 62532.00
problem71 0.38 1974682802420504 25 1 0.01 64668.00
problem72 0.34 1465779675880850 30 1 0 65068.00
problem73 0.36 1358305676220564 22 1 0.01 61128.00
problem74 0.38 1880961805090688 51 1 0.01 63704.00
problem75 0.38 1922679085983996 18 1 0 62368.00
problem76 0.38 1648092589427605 14 1 0 63760.00
problem77 0.35 1756826552771460 24 1 0 61592.00
problem78 0.36 1619270024093397 45 1 0.01 63768.00
problem79 0.37 1584445403357430 32 1 0.01 61164.00
problem80 0.38 2072697819801279 55 1 0 63896.00
problem81 0.36 1678707121618371 15 1 0.01 63896.00
problem82 0.36 1572842640151596 35 1 0 63916.00
problem83 0.36 1568367834497754 32 1 0.01 63944.00
problem84 0.38 1824228118426986 41 1 0.01 63396.00
problem85 0.35 1677973271184606 13 1 0.01 63916.00
problem86 0.37 1812907998919957 20 1 0.01 64084.00
problem87 0.38 1938390646139496 19 1 0 63136.00
problem88 0.36 1693530050934578 17 1 0.01 63444.00
problem89 0.35 1522217363345164 8 1 0.01 63612.00
problem90 0.36 1720627968093350 29 1 0 63612.00
problem91 0.37 1677546135279865 12 1 0.01 61532.00
problem92 0.36 1876659921566364 23 1 0.01 62216.00
problem93 0.38 2047034450331428 37 1 0.01 64812.00
problem94 0.36 1618711629427590 46 1 0.01 60044.00
problem95 0.36 1561323071349806 48 1 0 63196.00
problem96 0.37 1771810715307045 10 1 0 64336.00
problem97 0.36 1648789801614180 36 1 0 64576.00
problem98 0.38 1741395636530266 66 1 0.01 63172.00
problem99 0.37 1860228398867982 21 1 0.01 62968.00
