problem0 0 960172524 1
problem1 0 910068266 1
problem2 0 892346104 1
problem3 0 989517782 1
problem4 0 874717252 1
problem5 0 984000450 1
problem6 0 935674320 1
problem7 0 858441198 1
problem8 0 892465052 1
problem9 0 1043873370 1
problem10 0 893048232 1
problem11 0 875846918 1
problem12 0 754180084 1
problem13 0 962899442 1
problem14 0 981416576 1
problem15 0 895155486 1
problem16 0.01 874074444 1
problem17 0 1017206410 1
problem18 0 828690520 1
problem19 0 849741366 1
problem20 0 888578980 1
problem21 0.01 870815778 1
problem22 0 975304496 1
problem23 0 1046534222 1
problem24 0 889468668 1
problem25 0 741659322 1
problem26 0 785452808 1
problem27 0 849007462 1
problem28 0 878603092 1
problem29 0 822765138 1
problem30 0 921728992 1
problem31 0 950491006 1
problem32 0 826646700 1
problem33 0 971879146 1
problem34 0 920818104 1
problem35 0 882754710 1
problem36 0 1000224516 1
problem37 0 770185346 1
problem38 0 1030601872 1
problem39 0.01 819559086 1
problem40 0 745573980 1
problem41 0 755431194 1
problem42 0 859592808 1
problem43 0 863623622 1
problem44 0 1030293172 1
problem45 0 970698418 1
problem46 0 1012712768 1
problem47 0 870466014 1
problem48 0 878182412 1
problem49 0 956014410 1
problem50 0 935420696 1
problem51 0 909775606 1
problem52 0.01 850516580 1
problem53 0 847259874 1
problem54 0 918589936 1
problem55 0 955034894 1
problem56 0 957281724 1
problem57 0 898018170 1
problem58 0 848605640 1
problem59 0.01 942239782 1
problem60 0 917221908 1
problem61 0 1001424658 1
problem62 0 903619232 1
problem63 0 962837566 1
problem64 0 887648108 1
problem65 0 849550250 1
problem66 0 941180024 1
problem67 0 986902870 1
problem68 0.01 852069828 1
problem69 0 931645762 1
problem70 0 825390928 1
problem71 0 921857902 1
problem72 0 913796380 1
problem73 0 948695002 1
problem74 0 921836328 1
problem75 0 906073734 1
problem76 0 884895092 1
problem77 0 845213554 1
problem78 0 847679488 1
problem79 0 864274078 1
problem80 0 915336908 1
problem81 0 901523466 1
problem82 0.01 1040332248 1
problem83 0 968908726 1
problem84 0 880628004 1
problem85 0 920058274 1
problem86 0 903572656 1
problem87 0 1027785166 1
problem88 0 910292092 1
problem89 0 921617466 1
problem90 0 745313416 1
problem91 0 978996454 1
problem92 0 909719764 1
problem93 0 935651282 1
problem94 0 930352480 1
problem95 0.01 882532606 1
problem96 0 786660908 1
problem97 0 991872106 1
problem98 0 932460344 1
problem99 0 911891990 1
