problem0 375.24 816301906820140 5 1880967208 6.95324e-310 0.00
problem1 156.13 669016025092000 5 1880967208 6.95324e-310 0.00
problem2 222.19 738183011528042 5 1880967208 6.95324e-310 0.00
problem3 98.58 787179970316668 5 1880967208 6.95324e-310 0.00
problem4 58.29 844314230504281 5 1880967208 6.95324e-310 0.00
problem5 151.26 762249851829599 5 1880967208 6.95324e-310 0.00
problem6 39.2 791284276357714 5 1880967208 6.95324e-310 0.00
problem7 266.43 807204391576053 5 1880967208 6.95324e-310 0.00
problem8 143.84 823335464476731 5 1880967208 6.95324e-310 0.00
problem9 12.32 570790394364892 5 1880967208 6.95324e-310 0.00
problem10 211.09 734262684089544 5 1880967208 6.95324e-310 0.00
problem11 65.57 768038697137048 5 1880967208 6.95324e-310 0.00
problem12 241.1 931581365960622 5 1880967208 6.95324e-310 0.00
problem13 24.76 784494267234184 5 1880967208 6.95324e-310 0.00
problem14 141.47 736035942343016 5 1880967208 6.95324e-310 0.00
problem15 40.65 951828527488026 5 1880967208 6.95324e-310 0.00
problem16 180.74 808507077148191 5 1880967208 6.95324e-310 0.00
problem17 226.23 809749764330220 5 1880967208 6.95324e-310 0.00
problem18 289.35 752546059576482 5 1880967208 6.95324e-310 0.00
problem19 355.71 775283783902818 5 1880967208 6.95324e-310 0.00
problem20 67.69 748530348626097 5 1880967208 6.95324e-310 0.00
problem21 389.6 714962429013678 5 1880967208 6.95324e-310 0.00
problem22 90.81 808988678179533 5 1880967208 6.95324e-310 0.00
problem23 120.31 898463099701881 5 1880967208 6.95324e-310 0.00
problem24 137.18 905194927519256 5 1880967208 6.95324e-310 0.00
problem25 280.65 887959781376688 5 1880967208 6.95324e-310 0.00
problem26 98.89 721936444925441 5 1880967208 6.95324e-310 0.00
problem27 266.83 728429578273936 5 1880967208 6.95324e-310 0.00
problem28 62.79 807075541027823 5 1880967208 6.95324e-310 0.00
problem29 73.77 777981726084667 5 1880967208 6.95324e-310 0.00
problem30 495.69 787306586707387 5 1880967208 6.95324e-310 0.00
problem31 158.29 853245704917233 5 1880967208 6.95324e-310 0.00
problem32 222.74 859729290554052 5 1880967208 6.95324e-310 0.00
problem33 174.58 811744531792781 5 1880967208 6.95324e-310 0.00
problem34 79.48 558405268576249 5 1880967208 6.95324e-310 0.00
problem35 266.22 772528741711656 5 1880967208 6.95324e-310 0.00
problem36 188.71 817233457958517 5 1880967208 6.95324e-310 0.00
problem37 55.3 749740702772713 5 1880967208 6.95324e-310 0.00
problem38 186.37 913233169962056 5 1880967208 6.95324e-310 0.00
problem39 74.57 808163086502541 5 1880967208 6.95324e-310 0.00
problem40 190.01 822519654305071 5 1880967208 6.95324e-310 0.00
problem41 110.7 727755176302928 5 1880967208 6.95324e-310 0.00
problem42 705.05 720852673811037 5 1880967208 6.95324e-310 0.00
problem43 30.04 814583506293836 5 1880967208 6.95324e-310 0.00
problem44 197.62 814787031210241 5 1880967208 6.95324e-310 0.00
problem45 61.35 823470535630606 5 1880967208 6.95324e-310 0.00
problem46 54.61 734016220247488 5 1880967208 6.95324e-310 0.00
problem47 67.83 823993296895176 5 1880967208 6.95324e-310 0.00
problem48 111.15 819751677752543 5 1880967208 6.95324e-310 0.00
problem49 166.98 772094040230215 5 1880967208 6.95324e-310 0.00
problem50 125.49 785766798209705 5 1880967208 6.95324e-310 0.00
problem51 144.7 799390095613216 5 1880967208 6.95324e-310 0.00
problem52 119.61 848637390377686 5 1880967208 6.95324e-310 0.00
problem53 73.79 762265064003477 5 1880967208 6.95324e-310 0.00
problem54 150.15 825761012346175 5 1880967208 6.95324e-310 0.00
problem55 343.55 691409448418068 5 1880967208 6.95324e-310 0.00
problem56 133.05 782996297682941 5 1880967208 6.95324e-310 0.00
problem57 77.14 773589823151198 5 1880967208 6.95324e-310 0.00
problem58 225.99 729831966627302 5 1880967208 6.95324e-310 0.00
problem59 95.45 715797045695090 5 1880967208 6.95324e-310 0.00
problem60 77.31 780514719847733 5 1880967208 6.95324e-310 0.00
problem61 38.89 777671444218141 5 1880967208 6.95324e-310 0.00
problem62 235.82 762450727183582 5 1880967208 6.95324e-310 0.00
problem63 307.83 845874854475761 5 1880967208 6.95324e-310 0.00
problem64 76.91 656332771668234 5 1880967208 6.95324e-310 0.00
problem65 149.57 1009241478841696 5 1880967208 6.95324e-310 0.00
problem66 232.27 728728397814818 5 1880967208 6.95324e-310 0.00
problem67 71.12 668395806099644 5 1880967208 6.95324e-310 0.00
problem68 285.68 782304078849887 5 1880967208 6.95324e-310 0.00
problem69 230.2 823983293345998 5 1880967208 6.95324e-310 0.00
problem70 312.62 878816982537762 5 1880967208 6.95324e-310 0.00
problem71 245.4 739343121252844 5 1880967208 6.95324e-310 0.00
problem72 70.13 743424585399065 5 1880967208 6.95324e-310 0.00
problem73 104.05 685409537292267 5 1880967208 6.95324e-310 0.00
problem74 236.32 879037077843533 5 1880967208 6.95324e-310 0.00
problem75 181.21 772630885867018 5 1880967208 6.95324e-310 0.00
problem76 156.81 944838133299449 5 1880967208 6.95324e-310 0.00
problem77 59.97 868983604639231 5 1880967208 6.95324e-310 0.00
problem78 300.29 748262984322224 5 1880967208 6.95324e-310 0.00
problem79 89.18 606625975009803 5 1880967208 6.95324e-310 0.00
problem80 143.12 822712970739493 5 1880967208 6.95324e-310 0.00
problem81 88.76 795365283745917 5 1880967208 6.95324e-310 0.00
problem82 161.84 830555122130381 5 1880967208 6.95324e-310 0.00
problem83 59.69 807605216146013 5 1880967208 6.95324e-310 0.00
problem84 238.98 842203992312806 5 1880967208 6.95324e-310 0.00
problem85 85.27 885077864556628 5 1880967208 6.95324e-310 0.00
problem86 121.77 853388130234525 5 1880967208 6.95324e-310 0.00
problem87 169.94 727760856652797 5 1880967208 6.95324e-310 0.00
problem88 84.72 810373662399196 5 1880967208 6.95324e-310 0.00
problem89 168.52 753536427493456 5 1880967208 6.95324e-310 0.00
problem90 113.69 730207427288045 5 1880967208 6.95324e-310 0.00
problem91 104.53 806905050317581 5 1880967208 6.95324e-310 0.00
problem92 73.77 804928938048621 5 1880967208 6.95324e-310 0.00
problem93 204.44 788450317225146 5 1880967208 6.95324e-310 0.00
problem94 225.98 638396554410839 5 1880967208 6.95324e-310 0.00
problem95 150.52 714194090750921 5 1880967208 6.95324e-310 0.00
problem96 96.3 793663413643483 5 1880967208 6.95324e-310 0.00
problem97 149.17 861217597307651 5 1880967208 6.95324e-310 0.00
problem98 127.84 787343087181510 5 1880967208 6.95324e-310 0.00
problem99 445.3 770762833933182 5 1880967208 6.95324e-310 0.00
