problem0 0 18167742 1
problem1 0 19672524 1
problem2 0 19109499 1
problem3 0 18598245 1
problem4 0 18667840 1
problem5 0 18798950 1
problem6 0 17786189 1
problem7 0 19628559 1
problem8 0 20058594 1
problem9 0 19771808 1
problem10 0 19331135 1
problem11 0 18067545 1
problem12 0 21414820 1
problem13 0 20000890 1
problem14 0 16810321 1
problem15 0 18669123 1
problem16 0 20574342 1
problem17 0 18116596 1
problem18 0 18109059 1
problem19 0 19084749 1
problem20 0 20036232 1
problem21 0 19343886 1
problem22 0 19848661 1
problem23 0.01 18907383 1
problem24 0 19227562 1
problem25 0 19380424 1
problem26 0 19051847 1
problem27 0 16656833 1
problem28 0 17255916 1
problem29 0 19732002 1
problem30 0 18516697 1
problem31 0 19348011 1
problem32 0 19331918 1
problem33 0 21027868 1
problem34 0 19607691 1
problem35 0 21650485 1
problem36 0 17501648 1
problem37 0 20006070 1
problem38 0.01 21338205 1
problem39 0 21748191 1
problem40 0 16467826 1
problem41 0 18033136 1
problem42 0 19453007 1
problem43 0 20421929 1
problem44 0 19040820 1
problem45 0 18089418 1
problem46 0 18617953 1
problem47 0 18034707 1
problem48 0 17356822 1
problem49 0 15987268 1
problem50 0 19443859 1
problem51 0 17808541 1
problem52 0 20271896 1
problem53 0 17279326 1
problem54 0 18617573 1
problem55 0 19139783 1
problem56 0 17841466 1
problem57 0 18515224 1
problem58 0 16373079 1
problem59 0 16157329 1
problem60 0 18675836 1
problem61 0 21004146 1
problem62 0 20816873 1
problem63 0 18825211 1
problem64 0 21759710 1
problem65 0 18362988 1
problem66 0 17126043 1
problem67 0 18994949 1
problem68 0 18680416 1
problem69 0 19716102 1
problem70 0 16438125 1
problem71 0 18848175 1
problem72 0.01 19973378 1
problem73 0 18369088 1
problem74 0 18233439 1
problem75 0 17920505 1
problem76 0 16455876 1
problem77 0 17629978 1
problem78 0 19379057 1
problem79 0 16902627 1
problem80 0 19728294 1
problem81 0 19405972 1
problem82 0 20551331 1
problem83 0 19868525 1
problem84 0 21410728 1
problem85 0 18567342 1
problem86 0 20075509 1
problem87 0 19202199 1
problem88 0 20012746 1
problem89 0 20904296 1
problem90 0 19299687 1
problem91 0 20370273 1
problem92 0 18967308 1
problem93 0 18092226 1
problem94 0 17483001 1
problem95 0.01 15838667 1
problem96 0 17848942 1
problem97 0 19280060 1
problem98 0 21363883 1
problem99 0 18233813 1
