problem0 0 353638965039930 0 2212.00
problem1 0.00 440060896054729 0 2268.00
problem2 0.00 360859138495903 0 2268.00
problem3 0.00 377144262975831 0 2268.00
problem4 0.00 385721779084063 0 2268.00
problem5 0.00 442360219828873 0 2268.00
problem6 0.00 409668990241060 0 2268.00
problem7 0.00 399090331730693 0 2268.00
problem8 0.00 457279931127968 0 2268.00
problem9 0.00 393839251209827 0 2268.00
problem10 0.00 477060521801065 0 2268.00
problem11 0.00 407164335097872 0 2268.00
problem12 0.00 354138723487988 0 2268.00
problem13 0.00 381349259339758 0 2268.00
problem14 0.00 387885186008091 0 2268.00
problem15 0.00 451891424733368 0 2268.00
problem16 0.00 360852636444636 0 2268.00
problem17 0.00 353055668615528 0 2268.00
problem18 0.00 359592235716350 0 2268.00
problem19 0.00 377580450147564 0 2268.00
problem20 0.00 400040137455726 0 2268.00
problem21 0.00 345721012305629 0 2268.00
problem22 0.00 388064636935439 0 2268.00
problem23 0.00 507548365528974 0 2268.00
problem24 0.00 455542933738039 0 2268.00
problem25 0.00 349860395859969 0 2268.00
problem26 0.00 423322549301747 0 2268.00
problem27 0.00 403746333756040 0 2268.00
problem28 0.00 522851666818504 0 2268.00
problem29 0.00 314432798298720 0 2268.00
problem30 0.00 384848447284512 0 2268.00
problem31 0.00 423391557197137 0 2268.00
problem32 0.00 349076312660022 0 2268.00
problem33 0.01 406481161085246 0 2268.00
problem34 0.00 383505373002260 0 2268.00
problem35 0.00 389815309682560 0 2268.00
problem36 0.00 486402910063146 0 2268.00
problem37 0.00 374456779829658 0 2268.00
problem38 0.00 433768569839148 0 2268.00
problem39 0.00 446641800638773 0 2268.00
problem40 0.00 404161366233144 0 2268.00
problem41 0.00 411094630542524 0 2268.00
problem42 0.00 450672307370789 0 2268.00
problem43 0.00 312364908388360 0 2268.00
problem44 0.00 342909939161066 0 2268.00
problem45 0.00 336198947344607 0 2268.00
problem46 0.00 337953511784312 0 2268.00
problem47 0.00 410619754334227 0 2268.00
problem48 0.00 401751511622051 0 2268.00
problem49 0.00 330936736660041 0 2268.00
problem50 0.00 413027981495811 0 2268.00
problem51 0.00 392491626835538 0 2268.00
problem52 0.00 345354466477813 0 2268.00
problem53 0.00 401046533263179 0 2268.00
problem54 0.00 336025019342625 0 2268.00
problem55 0.00 400505416700622 0 2268.00
problem56 0.00 407518530292707 0 2268.00
problem57 0.00 346042266657619 0 2268.00
problem58 0.00 430162239839509 0 2268.00
problem59 0.00 393250606863382 0 2268.00
problem60 0.00 446127086770796 0 2268.00
problem61 0.00 452260964783926 0 2268.00
problem62 0.00 404823398775592 0 2268.00
problem63 0.00 472343343465779 0 2268.00
problem64 0.00 413416405695203 0 2268.00
problem65 0.00 413202206883853 0 2268.00
problem66 0.00 404597314503809 0 2268.00
problem67 0.01 447969699385765 0 2268.00
problem68 0.00 425734205239403 0 2268.00
problem69 0.00 429825303286037 0 2268.00
problem70 0.00 364769857314626 0 2268.00
problem71 0.00 443715943061236 0 2268.00
problem72 0.00 387683809546324 0 2268.00
problem73 0.00 353985708289199 0 2268.00
problem74 0.00 423197123456043 0 2268.00
problem75 0.00 342665179051848 0 2268.00
problem76 0.00 346683436999109 0 2268.00
problem77 0.00 312365110404593 0 2268.00
problem78 0.00 414225992888740 0 2268.00
problem79 0.00 413737455030496 0 2268.00
problem80 0.00 413210381326323 0 2268.00
problem81 0.00 369763833158434 0 2268.00
problem82 0.00 345245566607693 0 2268.00
problem83 0.00 379092914493919 0 2268.00
problem84 0.00 404648863727792 0 2268.00
problem85 0.00 453437165066378 0 2268.00
problem86 0.00 411202769717942 0 2268.00
problem87 0.00 343313125618288 0 2268.00
problem88 0.00 492350752718307 0 2268.00
problem89 0.00 453872829020051 0 2268.00
problem90 0.00 489087181724451 0 2268.00
problem91 0.00 380748424083305 0 2268.00
problem92 0.00 407216685109524 0 2268.00
problem93 0.00 427794321761370 0 2268.00
problem94 0.00 458701769693683 0 2268.00
problem95 0.00 404171171627645 0 2268.00
problem96 0.00 501581284609358 0 2268.00
problem97 0.00 457356506793437 0 2268.00
problem98 0.00 364660888817403 0 2268.00
problem99 0.00 355102614891804 0 2268.00
