problem0 36.26 2107468868684 1 8720.00
problem1 22.21 2022822261346 1 10612.00
problem2 17.85 2441592016393 1 10612.00
problem3 9.53 2362497269467 1 10612.00
problem4 14.24 2343192322190 1 10612.00
problem5 34.30 2146050746492 1 10612.00
problem6 26.89 2265641948443 1 10612.00
problem7 19.93 2306136827781 1 10612.00
problem8 19.83 2168664121072 1 10612.00
problem9 24.88 2301385854518 1 10612.00
problem10 12.56 2300995552077 1 10612.00
problem11 12.01 2344726452431 1 10612.00
problem12 36.55 2130921056626 1 10612.00
problem13 12.82 2436733926800 1 10612.00
problem14 21.01 2049862331039 1 10612.00
problem15 19.59 2126279261369 1 10612.00
problem16 23.12 2502935061012 1 10612.00
problem17 18.84 2348732395658 1 10612.00
problem18 17.85 2294586080529 1 8524.00
problem19 14.14 2242709527875 1 10620.00
problem20 33.32 2021727619798 1 10620.00
problem21 36.11 2170859421988 1 10620.00
problem22 13.18 2528190270627 1 10620.00
problem23 19.09 2208583558253 1 10620.00
problem24 8.18 2591692539320 1 10620.00
problem25 19.03 2267355359582 1 10620.00
problem26 22.98 2260042992469 1 10620.00
problem27 15.38 2224820984887 1 10620.00
problem28 18.98 2208503239866 1 10620.00
problem29 14.08 2366962271032 1 10620.00
problem30 11.96 2319661730599 1 10620.00
problem31 12.42 2258756628129 1 10620.00
problem32 26.96 2193953839580 1 10620.00
problem33 30.18 2053799708850 1 10620.00
problem34 10.62 2535618166297 1 10620.00
problem35 38.93 1990521169323 1 10620.00
problem36 8.55 2537098368798 1 10620.00
problem37 11.07 2317312742348 1 10620.00
problem38 29.95 2187198789163 1 7528.00
problem39 34.35 2111776582485 1 11796.00
problem40 30.05 2370730126976 1 11796.00
problem41 24.69 2054821813894 1 11796.00
problem42 15.77 2475893417309 1 11796.00
problem43 12.97 2242846394783 1 11796.00
problem44 29.40 2288994820610 1 11796.00
problem45 37.67 2187600478944 1 11796.00
problem46 32.85 2090997833135 1 11796.00
problem47 36.57 1981189581449 1 11796.00
problem48 25.02 2352019772324 1 11796.00
problem49 17.87 2132509047514 1 11796.00
problem50 18.33 2245805953313 1 11796.00
problem51 11.69 2336901765139 1 11796.00
