problem0 0 2997312 1 2212.00
problem1 0.00 3469921 1 2268.00
problem2 0.00 3578721 1 2268.00
problem3 0.00 4289942 1 2268.00
problem4 0.00 3801658 1 2268.00
problem5 0.00 4034275 1 2268.00
problem6 0.00 3292427 1 2268.00
problem7 0.00 3727240 1 2268.00
problem8 0.00 3565076 1 2268.00
problem9 0.00 3993285 1 2268.00
problem10 0.00 3306901 1 2268.00
problem11 0.00 2783706 1 2268.00
problem12 0.00 3330510 1 2268.00
problem13 0.00 4211719 1 2268.00
problem14 0.00 3628799 1 2268.00
problem15 0.00 3892876 1 2268.00
problem16 0.00 3018600 1 2268.00
problem17 0.00 3481769 1 2268.00
problem18 0.00 3470153 1 2268.00
problem19 0.00 4073374 1 2268.00
problem20 0.00 3131618 1 2268.00
problem21 0.00 3634859 1 2268.00
problem22 0.00 3738739 1 2268.00
problem23 0.00 2662160 1 2268.00
problem24 0.00 3835964 1 2268.00
problem25 0.00 3643405 1 2268.00
problem26 0.00 3499133 1 2268.00
problem27 0.00 3542754 1 2268.00
problem28 0.00 3258230 1 2268.00
problem29 0.00 3946191 1 2268.00
problem30 0.00 3773799 1 2268.00
problem31 0.00 3217684 1 2268.00
problem32 0.00 3121296 1 2268.00
problem33 0.00 3958001 1 2268.00
problem34 0.00 2955569 1 2268.00
problem35 0.00 3784614 1 2268.00
problem36 0.00 3632522 1 2268.00
problem37 0.00 3773555 1 2268.00
problem38 0.00 3492315 1 2268.00
problem39 0.00 3368088 1 2268.00
problem40 0.00 2566244 1 2268.00
problem41 0.00 3250005 1 2268.00
problem42 0.00 3367269 1 2268.00
problem43 0.00 3328490 1 2268.00
problem44 0.00 4045598 1 2268.00
problem45 0.00 3448727 1 2268.00
problem46 0.00 3045839 1 2268.00
problem47 0.00 3936668 1 2268.00
problem48 0.00 3731384 1 2268.00
problem49 0.00 3620665 1 2268.00
problem50 0.00 3509529 1 2268.00
problem51 0.00 3456430 1 2268.00
problem52 0.00 3633202 1 2268.00
problem53 0.00 2648123 1 2268.00
problem54 0.00 4027715 1 2268.00
problem55 0.00 3256352 1 2268.00
problem56 0.00 3065484 1 2268.00
problem57 0.00 3107997 1 2268.00
problem58 0.00 3075149 1 2268.00
problem59 0.00 3746546 1 2268.00
problem60 0.00 2972870 1 2268.00
problem61 0.00 3800671 1 2268.00
problem62 0.00 2657335 1 2268.00
problem63 0.00 3199012 1 2268.00
problem64 0.01 3964128 1 2268.00
problem65 0.00 3551105 1 2268.00
problem66 0.00 3460865 1 2268.00
problem67 0.00 3908022 1 2268.00
problem68 0.00 3297498 1 2268.00
problem69 0.00 3699203 1 2268.00
problem70 0.00 3411627 1 2268.00
problem71 0.00 3670440 1 2268.00
problem72 0.00 3400372 1 2268.00
problem73 0.00 3512293 1 2268.00
problem74 0.00 3573045 1 2268.00
problem75 0.00 3518970 1 2268.00
problem76 0.00 4136046 1 2268.00
problem77 0.00 3461927 1 2268.00
problem78 0.00 3296415 1 2268.00
problem79 0.00 2872492 1 2268.00
problem80 0.00 3983368 1 2268.00
problem81 0.00 4044233 1 2268.00
problem82 0.00 3235561 1 2268.00
problem83 0.00 3075006 1 2268.00
problem84 0.00 3313538 1 2268.00
problem85 0.00 3027403 1 2268.00
problem86 0.00 3380755 1 2268.00
problem87 0.00 3594544 1 2268.00
problem88 0.00 2948316 1 2268.00
problem89 0.00 3184941 1 2268.00
problem90 0.00 3714077 1 2268.00
problem91 0.00 3464962 1 2268.00
problem92 0.00 3504662 1 2268.00
problem93 0.00 3251695 1 2268.00
problem94 0.00 3291911 1 2268.00
problem95 0.00 3252020 1 2268.00
problem96 0.00 3166512 1 2268.00
problem97 0.00 3559953 1 2268.00
problem98 0.00 3783889 1 2268.00
problem99 0.00 2825158 1 2268.00
