problem0 0 6195220 1
problem1 0 6012820 1
problem2 0 7051028 1
problem3 0 6688404 1
problem4 0 6497812 1
problem5 0 6479252 1
problem6 0 5322004 1
problem7 0 6171796 1
problem8 0 6145044 1
problem9 0 5503892 1
problem10 0 6869780 1
problem11 0 6572692 1
problem12 0 5399060 1
problem13 0 7018900 1
problem14 0 6713620 1
problem15 0 6056084 1
problem16 0.01 6619156 1
problem17 0 6829972 1
problem18 0 6688532 1
problem19 0 6194836 1
problem20 0 5611028 1
problem21 0 5723540 1
problem22 0 5745940 1
problem23 0 6464660 1
problem24 0 5258260 1
problem25 0 6583188 1
problem26 0 6507284 1
problem27 0 6341268 1
problem28 0 6871572 1
problem29 0 5738900 1
problem30 0 5826836 1
problem31 0 6086804 1
problem32 0 6780948 1
problem33 0 6860692 1
problem34 0 6588180 1
problem35 0 6487700 1
problem36 0 6559252 1
problem37 0.01 5754260 1
problem38 0 7218452 1
problem39 0 5971092 1
problem40 0 6468628 1
problem41 0 6876052 1
problem42 0 6406932 1
problem43 0 6634132 1
problem44 0 5722644 1
problem45 0 7866772 1
problem46 0 5988628 1
problem47 0.01 6641812 1
problem48 0 6680596 1
problem49 0 6104980 1
problem50 0 6749972 1
problem51 0 5994132 1
problem52 0 6196756 1
problem53 0 6047124 1
problem54 0 6331668 1
problem55 0 6526100 1
problem56 0 6368276 1
problem57 0 6120340 1
problem58 0 6568724 1
problem59 0 6664852 1
problem60 0 6146580 1
problem61 0 6324628 1
problem62 0 5888276 1
problem63 0 5361812 1
problem64 0 6580244 1
problem65 0 5873556 1
problem66 0 7436052 1
problem67 0 5762708 1
problem68 0 6358548 1
problem69 0.01 5815700 1
problem70 0 6231316 1
problem71 0 6556820 1
problem72 0 5481492 1
problem73 0 6937492 1
problem74 0 6206228 1
problem75 0 5909140 1
problem76 0 6046228 1
problem77 0 6879636 1
problem78 0 5787924 1
problem79 0 5654676 1
problem80 0 5693460 1
problem81 0.01 6166420 1
problem82 0 6024980 1
problem83 0 6579860 1
problem84 0 5471764 1
problem85 0 6370708 1
problem86 0 7179540 1
problem87 0 5801108 1
problem88 0 7216148 1
problem89 0 6968212 1
problem90 0 5319444 1
problem91 0.01 6726292 1
problem92 0 7256596 1
problem93 0 5599636 1
problem94 0 6211860 1
problem95 0 6996116 1
problem96 0 6903828 1
problem97 0 6197140 1
problem98 0 5400340 1
problem99 0 6086292 1
