problem0 0.01 24584054823 1
problem1 0 23420689183 1
problem2 0 24592108439 1
problem3 0 20630630799 1
problem4 0 20894123271 1
problem5 0.01 22096297471 1
problem6 0 22952694903 1
problem7 0 24826085487 1
problem8 0.01 23068899815 1
problem9 0 24898828511 1
problem10 0 22806410583 1
problem11 0 25365866319 1
problem12 0.01 23445259975 1
problem13 0.01 24825760703 1
problem14 0 19656830519 1
problem15 0.01 24789493295 1
problem16 0 21633002407 1
problem17 0 22013277855 1
problem18 0 22454468375 1
problem19 0.01 21769338127 1
problem20 0 21830494343 1
problem21 0 24810011007 1
problem22 0.01 21921392631 1
problem23 0.01 23458655215 1
problem24 0 21013511527 1
problem25 0 21859751007 1
problem26 0 21152868567 1
problem27 0 21869261519 1
problem28 0.01 22893881927 1
problem29 0 25051121471 1
problem30 0.01 23269327287 1
problem31 0.01 22862565807 1
problem32 0 21813358375 1
problem33 0 23883551263 1
problem34 0 20678947479 1
problem35 0.01 20916635791 1
problem36 0 20997229575 1
problem37 0 20900754687 1
problem38 0.01 24605555575 1
problem39 0 23285389167 1
problem40 0.01 20743160039 1
problem41 0 22563925983 1
problem42 0 23749565527 1
problem43 0 22618177103 1
problem44 0.01 23789899207 1
problem45 0 22071870143 1
problem46 0.01 20258329911 1
problem47 0.01 21655846191 1
problem48 0 22432379559 1
problem49 0 24593935775 1
problem50 0.01 25431172631 1
problem51 0 21956449295 1
problem52 0 22144036743 1
problem53 0 22573953151 1
problem54 0.01 22138425079 1
problem55 0 24432116463 1
problem56 0 24933811303 1
problem57 0 25795005279 1
problem58 0 21192871895 1
problem59 0.01 22906603983 1
problem60 0 26124923207 1
problem61 0 20577238591 1
problem62 0 23768787127 1
problem63 0.01 23979518127 1
problem64 0 21871064615 1
problem65 0 20780599583 1
problem66 0.01 23549417879 1
problem67 0 23940865935 1
problem68 0 24188785415 1
problem69 0 22170807295 1
problem70 0 26591208055 1
problem71 0 19508473455 1
problem72 0 20692174823 1
problem73 0.01 23894189791 1
problem74 0.01 25017123671 1
problem75 0 25007854927 1
problem76 0 22911243463 1
problem77 0 24719587775 1
problem78 0.01 22786456631 1
problem79 0 22443217967 1
problem80 0.01 19047283111 1
problem81 0 21427741855 1
problem82 0 21736181015 1
problem83 0.01 22700747535 1
problem84 0 21754377863 1
problem85 0 23306807167 1
problem86 0 24802178551 1
problem87 0.01 20988320239 1
problem88 0 21431634791 1
problem89 0.01 23698195039 1
problem90 0 23134336727 1
problem91 0.01 22605308111 1
problem92 0 21119793223 1
problem93 0.01 20934538559 1
problem94 0 22940094391 1
problem95 0 20930871215 1
problem96 0 20931968295 1
problem97 0 22634659871 1
problem98 0.01 22398992535 1
problem99 0 21046277775 1
