problem0 0.02 61960826866 1
problem1 0.28 68795451602 1
problem2 0.12 60926756274 1
problem3 0.5 60162205330 1
problem4 0.11 63186430834 1
problem5 0.52 54681015378 1
problem6 0.18 60172722482 1
problem7 0.01 66811482642 1
problem8 0.09 56891270898 1
problem9 0.17 68214530002 1
problem10 0.02 62256807090 1
problem11 0 61840588178 1
problem12 0.01 57954640498 1
problem13 0.31 50791082834 1
problem14 0.65 61791426610 1
problem15 0.12 56572045586 1
problem16 0.1 51459497458 1
problem17 0.08 57890830034 1
problem18 0.01 60099883954 1
problem19 0.09 60449330322 1
problem20 0.11 61411940722 1
problem21 0.46 61510500946 1
problem22 1.3 58773917490 1
problem23 0.06 61709516818 1
problem24 0.85 60546897138 1
problem25 0.43 57537580498 1
problem26 0.37 53231250098 1
problem27 0.55 53153082258 1
problem28 0.32 62669918322 1
problem29 0.01 59307858258 1
problem30 0.08 60632876594 1
problem31 0.13 64356161298 1
problem32 0.6 60380154866 1
problem33 0.34 58950722770 1
problem34 0.06 59753521586 1
problem35 0.01 54296363666 1
problem36 0 55135127410 1
problem37 0.34 61748899922 1
problem38 0.1 61848599858 1
problem39 0.2 65971596818 1
problem40 0.08 57250726642 1
problem41 0.05 60368649170 1
problem42 0.02 56967125170 1
problem43 0.03 48158923154 1
problem44 0.1 60131409522 1
problem45 0.04 60629567314 1
problem46 0.27 56901383218 1
problem47 0.14 61572990226 1
problem48 0.39 53155101170 1
problem49 0.74 62177235666 1
problem50 0.2 60827193266 1
problem51 0.08 55527731346 1
problem52 0.15 62475384178 1
problem53 0.25 64925670994 1
problem54 0.4 48861457202 1
problem55 0.37 56914926610 1
problem56 0.06 60827185394 1
problem57 0.07 62614874578 1
problem58 0.15 59371570866 1
problem59 0.34 60682536850 1
problem60 0.22 59868572786 1
problem61 0.19 59990701394 1
problem62 0.08 55831437874 1
problem63 0.01 59899474706 1
problem64 0.03 62936115186 1
problem65 0.27 57772474578 1
problem66 0.04 64260423090 1
problem67 0.22 71525408402 1
problem68 0.08 62897398642 1
problem69 0.07 56947952722 1
problem70 0.09 67996653874 1
problem71 0.77 59101350418 1
problem72 0.04 52888444658 1
problem73 0.27 69510748114 1
problem74 0.19 59236627634 1
problem75 0.84 57303709074 1
problem76 0.05 60673448562 1
problem77 0.03 58330784594 1
problem78 0.15 60510048306 1
problem79 0.52 62422622482 1
problem80 0.29 58450466290 1
problem81 0.3 61708349138 1
problem82 0.12 55960349618 1
problem83 0.59 64574213266 1
problem84 0.24 65930629490 1
problem85 0.05 58082622034 1
problem86 0.21 57916688178 1
problem87 0.19 62732974098 1
problem88 0.01 55848865010 1
problem89 0.1 49783539154 1
problem90 0.06 55354335922 1
problem91 0.41 66879251346 1
problem92 0.72 61338077298 1
problem93 0.47 60884308306 1
problem94 0.12 65434287666 1
problem95 0.18 67934474002 1
problem96 0.26 53522580466 1
problem97 0.07 55597030610 1
problem98 0.07 54046366130 1
problem99 0.03 61383473810 1
