problem0 0.02 179997323190 1 2352.00
problem1 0.01 181899235428 1 2408.00
problem2 0.03 181549049203 1 2408.00
problem3 0.02 184140945021 1 2408.00
problem4 0.02 157719939640 1 2408.00
problem5 0.02 151432268798 1 2408.00
problem6 0.04 177626231621 1 2408.00
problem7 0.05 183928661287 1 2408.00
problem8 0.01 160270198746 1 2408.00
problem9 0.01 175619678264 1 2408.00
problem10 0.08 185222918455 1 2408.00
problem11 0.02 200993248625 1 2408.00
problem12 0.03 188431018652 1 2408.00
problem13 0.01 185139709714 1 2408.00
problem14 0.05 172272128329 1 2408.00
problem15 0.01 180145795419 1 2408.00
problem16 0.01 155795248254 1 2408.00
problem17 0.02 144486046348 1 2408.00
problem18 0.03 184119977339 1 2408.00
problem19 0.02 156182487781 1 2408.00
problem20 0.02 175391950720 1 2408.00
problem21 0.01 188640908454 1 2408.00
problem22 0.03 187121262541 1 2408.00
problem23 0.03 193007039503 1 2408.00
problem24 0.03 174135625122 1 2408.00
problem25 0.01 159067197280 1 2408.00
problem26 0.02 199127536191 1 2408.00
problem27 0.01 170510372569 1 2408.00
problem28 0.02 158518718692 1 2408.00
problem29 0.01 182817752250 1 2408.00
problem30 0.02 167614394065 1 2408.00
problem31 0.02 195690659139 1 2408.00
problem32 0.01 174877018950 1 2408.00
problem33 0.03 161672924852 1 2408.00
problem34 0.02 182013003651 1 2408.00
problem35 0.03 179503229261 1 2408.00
problem36 0.04 180620457672 1 2408.00
problem37 0.01 155480696654 1 2408.00
problem38 0.04 181418626645 1 2408.00
problem39 0.03 134386277623 1 2408.00
problem40 0.01 193682584938 1 2408.00
problem41 0.04 150454544520 1 2408.00
problem42 0.01 157631763783 1 2408.00
problem43 0.02 185997181505 1 2408.00
problem44 0.04 190330677548 1 2408.00
problem45 0.02 153999969378 1 2408.00
problem46 0.02 161807306329 1 2408.00
problem47 0.02 167256957739 1 2408.00
problem48 0.02 171203089422 1 2408.00
problem49 0.04 168755555548 1 2408.00
problem50 0.03 188028128139 1 2408.00
problem51 0.02 155838392757 1 2408.00
problem52 0.07 176027195408 1 2408.00
problem53 0.01 185334334454 1 2408.00
problem54 0.01 179455114973 1 2408.00
problem55 0.02 153526837215 1 2408.00
problem56 0.03 186921940786 1 2408.00
problem57 0.02 181316758448 1 2408.00
problem58 0.04 179904199247 1 2408.00
problem59 0.03 179468627881 1 2408.00
problem60 0.03 208618230644 1 2408.00
problem61 0.02 185450421770 1 2408.00
problem62 0.02 173201502177 1 2408.00
problem63 0.04 183695680275 1 2408.00
problem64 0.03 174517137110 1 2408.00
problem65 0.05 168048309508 1 2408.00
problem66 0.03 158226903443 1 2408.00
problem67 0.03 182136595485 1 2408.00
problem68 0.02 165561396056 1 2408.00
problem69 0.03 191276608158 1 2408.00
problem70 0.03 200639377765 1 2408.00
problem71 0.02 170900421831 1 2408.00
problem72 0.01 153827248890 1 2408.00
problem73 0.01 156195838168 1 2408.00
problem74 0.03 185634439511 1 2408.00
problem75 0.00 200642320145 1 2408.00
problem76 0.01 171202703292 1 2408.00
problem77 0.02 143960799666 1 2408.00
problem78 0.03 164852011881 1 2408.00
problem79 0.02 165576047867 1 2408.00
problem80 0.01 176262552478 1 2408.00
problem81 0.02 186605659948 1 2408.00
problem82 0.02 206815017371 1 2408.00
problem83 0.04 174347556997 1 2408.00
problem84 0.02 142822846624 1 2408.00
problem85 0.03 195310476102 1 2408.00
problem86 0.03 181234279917 1 2408.00
problem87 0.02 186530001839 1 2408.00
problem88 0.02 168344907970 1 2408.00
problem89 0.02 201204183040 1 2408.00
problem90 0.02 148570368607 1 2408.00
problem91 0.02 199640021113 1 2408.00
problem92 0.02 207622323716 1 2408.00
problem93 0.03 198860037978 1 2408.00
problem94 0.03 222893619441 1 2408.00
problem95 0.02 156840636643 1 2408.00
problem96 0.04 158707685990 1 2408.00
problem97 0.03 165224121172 1 2408.00
problem98 0.02 202549584803 1 2408.00
problem99 0.01 161224705773 1 2408.00
