problem0 0.31 412846349499415 67 1 0.13 17604.00
problem1 0.95 414437610818840 81 1 0.12 25108.00
problem2 0.46 437594271174363 93 1 0.09 21936.00
problem3 0.34 422397354347614 83 1 0.11 24280.00
problem4 0.37 440697103043474 70 1 0.10 24400.00
problem5 2.27 520714749739346 78 1 0.04 13372.00
problem6 0.77 433113092226512 97 1 0.07 21632.00
problem7 0.19 417683473820203 50 1 0.11 24760.00
problem8 0.52 453056412087308 78 1 0.06 17020.00
problem9 0.25 398568061821670 65 1 0.14 26600.00
problem10 0.50 496418204649811 67 1 0.10 24256.00
problem11 0.34 424695829545015 67 1 0.08 16376.00
problem12 0.58 496857741797517 102 1 0.07 16376.00
problem13 0.49 541552065716374 67 1 0.09 22132.00
problem14 1.47 438090662745130 109 1 0.09 23624.00
problem15 0.21 413202395917269 78 1 0.10 23564.00
problem16 1.15 457814281637766 99 1 0.08 21664.00
problem17 0.33 408684106652679 74 1 0.11 23096.00
problem18 0.55 411671462117160 85 1 0.13 23632.00
problem19 0.28 511754893054268 58 1 0.09 24608.00
problem20 0.11 448778709612195 54 1 0.06 15580.00
problem21 0.57 511599850091591 63 1 0.06 15580.00
problem22 1.08 471265180758980 81 1 0.12 25332.00
problem23 19.37 514750097898310 160 1 0.05 14112.00
problem24 0.60 543641119719108 76 1 0.06 15948.00
problem25 1.85 538750555667679 103 1 0.05 15948.00
problem26 0.36 504209364604941 74 1 0.06 18048.00
problem27 0.23 538673050130581 58 1 0.05 18048.00
problem28 0.42 441011247278503 73 1 0.09 22424.00
problem29 0.26 482605366512553 71 1 0.08 19648.00
problem30 0.45 472921339861189 89 1 0.13 23764.00
problem31 1.51 444850935114531 117 1 0.12 25120.00
problem32 1.12 516574956417204 97 1 0.04 13888.00
problem33 4.95 506857390294140 137 1 0.10 24756.00
problem34 0.17 492719226355680 77 1 0.04 13148.00
problem35 0.68 519226298803064 74 1 0.05 15272.00
problem36 1.86 459918558463084 121 1 0.03 15272.00
problem37 0.90 410187203846040 104 1 0.09 21840.00
problem38 0.54 515234376951181 87 1 0.07 16756.00
problem39 1.25 407347704394054 118 1 0.12 25296.00
problem40 0.47 494492768548460 68 1 0.08 24284.00
problem41 0.55 554592014961436 64 1 0.03 10340.00
problem42 0.25 481041740508913 67 1 0.10 24584.00
problem43 1.03 505144977149824 91 1 0.05 14676.00
problem44 0.37 418917285785831 72 1 0.15 25840.00
problem45 0.94 396725539883858 88 1 0.09 22156.00
problem46 0.21 476511681081385 46 1 0.07 18812.00
problem47 0.13 424778184139909 43 1 0.07 16044.00
problem48 4.28 501734782885684 121 1 0.10 24536.00
problem49 0.74 519483253345286 72 1 0.06 14344.00
problem50 1.37 422291177781332 125 1 0.12 25284.00
problem51 0.42 465123004372756 58 1 0.05 14308.00
problem52 0.64 455661028604726 77 1 0.11 25036.00
problem53 0.33 466730544390930 62 1 0.11 24836.00
problem54 0.24 490408674307507 70 1 0.06 15196.00
problem55 0.40 383310244125170 76 1 0.08 20508.00
problem56 2.32 527802627949331 104 1 0.07 16472.00
problem57 0.56 544517738339331 76 1 0.07 16544.00
problem58 0.41 518843831201963 86 1 0.10 21124.00
problem59 1.98 424614602382768 146 1 0.09 22416.00
problem60 0.22 475486083039063 50 1 0.08 21712.00
problem61 0.18 527006168747372 52 1 0.08 18428.00
problem62 0.21 571999726369319 54 1 0.07 15864.00
problem63 0.57 427399570511863 98 1 0.10 20536.00
problem64 0.59 497471384381624 81 1 0.09 24136.00
problem65 0.86 478308184629324 75 1 0.11 24488.00
problem66 0.46 500153511113285 92 1 0.08 18452.00
problem67 0.22 482532422993178 43 1 0.11 24372.00
problem68 0.29 425542569933456 79 1 0.09 24324.00
problem69 1.36 423318026702922 91 1 0.11 24128.00
problem70 0.16 434158490740658 49 1 0.10 21452.00
problem71 0.44 488381384304322 65 1 0.06 15876.00
problem72 0.42 495069914392464 70 1 0.08 17964.00
problem73 0.15 493445740371291 55 1 0.06 17964.00
problem74 0.55 444263789969896 126 1 0.13 24872.00
problem75 0.51 507744259756575 100 1 0.07 14880.00
problem76 0.26 401697155428659 80 1 0.07 15764.00
problem77 0.83 440248667008419 105 1 0.11 24616.00
problem78 0.29 427739024648285 67 1 0.12 25048.00
problem79 0.28 492619665686026 56 1 0.09 21864.00
problem80 0.24 544295387867339 58 1 0.05 14580.00
problem81 1.21 415577479741538 152 1 0.10 22620.00
problem82 1.34 406331818105716 70 1 0.10 22464.00
problem83 0.15 435999333622744 48 1 0.11 25044.00
problem84 0.21 382682374657746 41 1 0.13 24932.00
problem85 0.24 466695783448605 41 1 0.13 25060.00
problem86 0.32 442321071515622 76 1 0.06 15404.00
problem87 3.69 428235245677918 114 1 0.08 19116.00
problem88 0.51 506162888869953 80 1 0.09 21776.00
problem89 15.87 456916474483125 173 1 0.13 25228.00
problem90 2.25 492584651490971 104 1 0.07 17012.00
problem91 1.08 412406335139003 104 1 0.05 13924.00
problem92 0.61 643097916947617 70 1 0.05 14464.00
problem93 1.00 426928778686638 95 1 0.12 25036.00
problem94 0.55 542134109667438 79 1 0.05 14332.00
problem95 0.39 458940625022493 79 1 0.08 23976.00
problem96 1.04 420906419788410 109 1 0.09 22648.00
problem97 0.32 523378033992885 50 1 0.05 14620.00
problem98 0.44 555757964024698 50 1 0.05 14848.00
problem99 0.71 455296265928733 80 1 0.10 22344.00
