problem0 0.35 1200464712875 1
problem1 0.5 1151113449059 1
problem2 2.16 1244075893659 1
problem3 0.45 1203943672915 1
problem4 0.15 1242205995147 1
problem5 0.24 1203787954243 1
problem6 4.06 1173265345403 1
problem7 0.01 1108596544051 1
problem8 3.09 1311492203627 1
problem9 1.27 954370972195 1
problem10 2.08 969852742491 1
problem11 3.58 1096739180563 1
problem12 2.25 1232428777547 1
problem13 1.22 1107669021699 1
problem14 6.36 1145033433915 1
problem15 17.13 1227150427635 1
problem16 1.49 1262568920107 1
problem17 1.27 1164345886179 1
problem18 1.18 963849884443 1
problem19 0.01 1178831680467 1
problem20 0.28 1130304053259 1
problem21 1.22 1198502203331 1
problem22 0.88 1107534527227 1
problem23 2.4 1118053407155 1
problem24 0.92 1305637266411 1
problem25 1.56 1333152584099 1
problem26 1.07 1181891861211 1
problem27 0.35 1225371875219 1
problem28 2.06 1109860835275 1
problem29 2.29 1146983254915 1
problem30 3.01 1348849152699 1
problem31 0.58 1119566663027 1
problem32 3.69 1154560775083 1
problem33 0.69 1108334263651 1
problem34 0 1106148852379 1
problem35 4.63 1240083258195 1
problem36 0.01 1142056714123 1
problem37 0.17 1122963662659 1
problem38 0.84 1262496680571 1
problem39 0.07 1137099202867 1
problem40 0.68 1101815604075 1
problem41 0.52 1280834947363 1
problem42 7.09 1308504771163 1
problem43 9.71 1128844599059 1
problem44 0.08 1183756418891 1
problem45 6.3 1091076006659 1
problem46 0.59 1082602111547 1
problem47 0.08 1141424067827 1
problem48 0.15 1211036685099 1
problem49 7.32 1293918450915 1
problem50 1.3 1165634662939 1
problem51 0.37 1163546411731 1
problem52 2.45 1263631163147 1
problem53 0 1102791737027 1
problem54 2.47 1076442225147 1
problem55 0.48 1220217940147 1
problem56 3.4 1196758639339 1
problem57 0.05 1047054647459 1
problem58 0.64 1143927306715 1
problem59 1.4 1140277364371 1
problem60 1.27 1293180083915 1
problem61 4.44 1313601043075 1
problem62 1.02 1218028065211 1
problem63 2.92 1114204675187 1
problem64 0.39 1128790413995 1
problem65 0.03 913099336803 1
problem66 6.87 1029958689179 1
problem67 0.38 1221137869395 1
problem68 1.83 1186989325963 1
problem69 0.01 1141199263299 1
problem70 0.09 1067845855611 1
problem71 3.56 1230767583283 1
problem72 0.47 1346315936363 1
problem73 4.1 1343157254179 1
problem74 2.53 1218982193499 1
problem75 10.48 1264225185299 1
problem76 4.34 1051710602827 1
problem77 0.26 1069373149699 1
problem78 2.23 1130066665787 1
problem79 0.78 1149300810739 1
problem80 2.18 1306842878507 1
problem81 1.38 1028336067555 1
problem82 0.22 1117200765211 1
problem83 0.3 1218770407891 1
problem84 5.07 1065802112523 1
problem85 0.77 1256431463875 1
problem86 0.47 1117379623163 1
problem87 4.43 1218937173939 1
problem88 0.48 1046491537899 1
problem89 0.43 1040094850979 1
problem90 1.05 1151811606747 1
problem91 0.11 1039239124371 1
problem92 0.29 1290549976523 1
problem93 3.34 1208787462531 1
problem94 0.05 1342561317051 1
problem95 0.53 1063899540339 1
problem96 2.9 1059735753131 1
problem97 0.01 1239651425123 1
problem98 2.34 1070199128219 1
problem99 0.59 1149187881299 1
