problem0 0 322771 1
problem1 0 292485 1
problem2 0 310080 1
problem3 0 314782 1
problem4 0 336597 1
problem5 0 324671 1
problem6 0 346834 1
problem7 0 363688 1
problem8 0 337015 1
problem9 0 301849 1
problem10 0 285444 1
problem11 0 325074 1
problem12 0 328633 1
problem13 0 324883 1
problem14 0 323030 1
problem15 0 295708 1
problem16 0 340635 1
problem17 0 330797 1
problem18 0 304456 1
problem19 0 298630 1
problem20 0 328477 1
problem21 0 281191 1
problem22 0 312154 1
problem23 0 340496 1
problem24 0 296767 1
problem25 0 350657 1
problem26 0 313868 1
problem27 0 313274 1
problem28 0 307457 1
problem29 0 312379 1
problem30 0 318302 1
problem31 0 289156 1
problem32 0 332387 1
problem33 0 291797 1
problem34 0 301392 1
problem35 0 323950 1
problem36 0 310629 1
problem37 0 340623 1
problem38 0 320994 1
problem39 0 366968 1
problem40 0 320519 1
problem41 0 363113 1
problem42 0 320276 1
problem43 0 285602 1
problem44 0 276553 1
problem45 0 345443 1
problem46 0 324326 1
problem47 0 274924 1
problem48 0 314411 1
problem49 0 322941 1
problem50 0 292696 1
problem51 0 308822 1
problem52 0 307629 1
problem53 0 322743 1
problem54 0 324202 1
problem55 0 336608 1
problem56 0 301775 1
problem57 0 314641 1
problem58 0 296476 1
problem59 0 332170 1
problem60 0 317841 1
problem61 0 293003 1
problem62 0 316526 1
problem63 0 318548 1
problem64 0 352243 1
problem65 0 284965 1
problem66 0 311136 1
problem67 0 326974 1
problem68 0 294901 1
problem69 0 284895 1
problem70 0 321778 1
problem71 0 290376 1
problem72 0 306071 1
problem73 0 328121 1
problem74 0 291620 1
problem75 0 305522 1
problem76 0 341209 1
problem77 0 327091 1
problem78 0 303094 1
problem79 0 329916 1
problem80 0 323003 1
problem81 0 317133 1
problem82 0 323944 1
problem83 0 321062 1
problem84 0 297021 1
problem85 0 308999 1
problem86 0 305530 1
problem87 0 326576 1
problem88 0 300639 1
problem89 0 338017 1
problem90 0 313900 1
problem91 0 287578 1
problem92 0 305697 1
problem93 0 308443 1
problem94 0 316798 1
problem95 0 325412 1
problem96 0 316803 1
problem97 0 337525 1
problem98 0 306544 1
problem99 0 299278 1
