problem0 0 14822672744490 0 2212.00
problem1 0.00 15069556905906 0 2272.00
problem2 0.00 16677103487780 0 2272.00
problem3 0.00 15588340672945 0 2272.00
problem4 0.00 12856518040637 0 2272.00
problem5 0.00 13368479617600 0 2272.00
problem6 0.00 13753386320905 0 2272.00
problem7 0.00 8683281672966 0 2272.00
problem8 0.00 14971404057813 0 2272.00
problem9 0.01 11883879882396 0 2272.00
problem10 0.00 14185822652407 0 2272.00
problem11 0.00 14660299931429 0 2272.00
problem12 0.00 14405838400465 0 2272.00
problem13 0.00 15823547965542 0 2272.00
problem14 0.00 14224438695602 0 2272.00
problem15 0.00 12117361568312 0 2272.00
problem16 0.00 13170754837053 0 2272.00
problem17 0.00 13173078523113 0 2272.00
problem18 0.00 13781594400484 0 2272.00
problem19 0.00 16798027240950 0 2272.00
problem20 0.01 16447424597384 0 2272.00
problem21 0.00 17126216396613 0 2272.00
problem22 0.00 11118596560320 0 2272.00
problem23 0.00 13207210722594 0 2272.00
problem24 0.00 13086586343738 0 2272.00
problem25 0.00 11824476676744 0 2272.00
problem26 0.00 14020425430588 0 2272.00
problem27 0.00 13815111845202 0 2272.00
problem28 0.00 14458730152119 0 2272.00
problem29 0.00 12400612875172 0 2272.00
problem30 0.00 13127232453834 0 2272.00
problem31 0.01 14702779561939 0 2272.00
problem32 0.00 13623884411955 0 2272.00
problem33 0.00 11340472713964 0 2272.00
problem34 0.00 13449493942982 0 2272.00
problem35 0.00 16450106752404 0 2272.00
problem36 0.00 14586406283788 0 2272.00
problem37 0.00 17210005260813 0 2272.00
problem38 0.00 12011120751112 0 2272.00
problem39 0.00 14909392972400 0 2272.00
problem40 0.00 11745065256172 0 2272.00
problem41 0.00 13287302184724 0 2272.00
problem42 0.00 13799113894878 0 2272.00
problem43 0.01 13567292423576 0 2272.00
problem44 0.00 14878101621954 0 2272.00
problem45 0.00 13009375858245 0 2272.00
problem46 0.00 11897216626379 0 2272.00
problem47 0.00 14365083955533 0 2272.00
problem48 0.00 14616946123687 0 2272.00
problem49 0.00 13935033155663 0 2272.00
problem50 0.00 13536796865243 0 2272.00
problem51 0.00 12841559223015 0 2272.00
problem52 0.00 15084378620216 0 2272.00
problem53 0.00 13389655375416 0 2272.00
problem54 0.00 14302908578594 0 2272.00
problem55 0.01 14391846885509 0 2272.00
problem56 0.00 13807388180830 0 2272.00
problem57 0.00 13387322593414 0 2272.00
problem58 0.00 14873147256064 0 2272.00
problem59 0.00 18891387974364 0 2272.00
problem60 0.00 17647368080427 0 2272.00
problem61 0.00 13619103785673 0 2272.00
problem62 0.00 12763820864531 0 2272.00
problem63 0.00 13018371924831 0 2272.00
problem64 0.00 12791071550270 0 2272.00
problem65 0.00 14111196484513 0 2272.00
problem66 0.00 15632295137045 0 2272.00
problem67 0.01 12631598926849 0 2272.00
problem68 0.00 12179556312736 0 2272.00
problem69 0.00 14796864813990 0 2272.00
problem70 0.00 12458323613279 0 2272.00
problem71 0.00 18065467165055 0 2272.00
problem72 0.00 14305918487007 0 2272.00
problem73 0.00 12165383791246 0 2272.00
problem74 0.00 13474653924802 0 2272.00
problem75 0.00 15408756114978 0 2272.00
problem76 0.00 17100006878467 0 2272.00
problem77 0.00 12667529280729 0 2272.00
problem78 0.01 14355614104864 0 2272.00
problem79 0.00 12522986167792 0 2272.00
problem80 0.00 18137694052735 0 2272.00
problem81 0.00 18510602315715 0 2272.00
problem82 0.00 13675912435616 0 2272.00
problem83 0.00 13618855166774 0 2272.00
problem84 0.00 12401747019859 0 2272.00
problem85 0.00 13768868048180 0 2272.00
problem86 0.00 15564414839862 0 2272.00
problem87 0.00 15154769228308 0 2272.00
problem88 0.00 11740603237782 0 2272.00
problem89 0.01 13644772379399 0 2272.00
problem90 0.00 15173491038379 0 2272.00
problem91 0.00 14287151648806 0 2272.00
problem92 0.00 15338485526484 0 2272.00
problem93 0.00 14041556687222 0 2272.00
problem94 0.00 12688147583246 0 2272.00
problem95 0.00 14230249705285 0 2272.00
problem96 0.00 15266533880246 0 2272.00
problem97 0.00 15883063581041 0 2272.00
problem98 0.00 15562392156133 0 2272.00
problem99 0.01 10608297917108 0 2272.00
