problem0 0 1781746 1
problem1 0 2115794 1
problem2 0 1738162 1
problem3 0 1795730 1
problem4 0 1731442 1
problem5 0 1840210 1
problem6 0 2023730 1
problem7 0 1856018 1
problem8 0 2025202 1
problem9 0 1908690 1
problem10 0 1801394 1
problem11 0 1670546 1
problem12 0 1876594 1
problem13 0 1796946 1
problem14 0 1923122 1
problem15 0 1763602 1
problem16 0 1940978 1
problem17 0 1832658 1
problem18 0 1864626 1
problem19 0 2069650 1
problem20 0 1628530 1
problem21 0 1753682 1
problem22 0 1953586 1
problem23 0 1736722 1
problem24 0 1856754 1
problem25 0 1822162 1
problem26 0 1731250 1
problem27 0 2010002 1
problem28 0 1773682 1
problem29 0 1841490 1
problem30 0 1787442 1
problem31 0 2103058 1
problem32 0 1969138 1
problem33 0 1811666 1
problem34 0 1860018 1
problem35 0 1753746 1
problem36 0 1787762 1
problem37 0 1863762 1
problem38 0 2080050 1
problem39 0 1814034 1
problem40 0 1950450 1
problem41 0 1932242 1
problem42 0 2119858 1
problem43 0 1759634 1
problem44 0 1539698 1
problem45 0 2017106 1
problem46 0 1782834 1
problem47 0 1918226 1
problem48 0 1931762 1
problem49 0 1725138 1
problem50 0 1593266 1
problem51 0 2093202 1
problem52 0 2012530 1
problem53 0 1908306 1
problem54 0 1878834 1
problem55 0 1825810 1
problem56 0 1716466 1
problem57 0 1714642 1
problem58 0 1918642 1
problem59 0 1836946 1
problem60 0 1764466 1
problem61 0 1930578 1
problem62 0 1974834 1
problem63 0 1798930 1
problem64 0 1763314 1
problem65 0 1638610 1
problem66 0 1981874 1
problem67 0 1777298 1
problem68 0 1778546 1
problem69 0.01 1887314 1
problem70 0 1939762 1
problem71 0 1837586 1
problem72 0 1875698 1
problem73 0 1890258 1
problem74 0 2045106 1
problem75 0 1652114 1
problem76 0 1661554 1
problem77 0 1844050 1
problem78 0 1839154 1
problem79 0 1810706 1
problem80 0 1922546 1
problem81 0 1945298 1
problem82 0 1649586 1
problem83 0 1723538 1
problem84 0 1806706 1
problem85 0 1866322 1
problem86 0 2000690 1
problem87 0 1849362 1
problem88 0 1838322 1
problem89 0 2065874 1
problem90 0 1909426 1
problem91 0 1729426 1
problem92 0 1624178 1
problem93 0 1888594 1
problem94 0 1572402 1
problem95 0 1756946 1
problem96 0 1688562 1
problem97 0 1727698 1
problem98 0 1907122 1
problem99 0 1669778 1
