problem0 151.55 1915521198852948 200 1 3.47 15096848.00
problem1 144.78 1898958689377836 176 1 3.37 15097220.00
problem2 144.77 1921269055909453 170 1 3.23 15097220.00
problem3 168.51 1664794897543780 282 1 6.80 15097236.00
problem4 156.19 1890897437506071 86 1 6.92 15097236.00
problem5 146.48 1796112379002556 174 1 5.20 15097220.00
problem6 146.37 1952849233898166 144 1 4.95 15097220.00
problem7 154.83 1821192760960938 171 1 4.41 15097236.00
problem8 153.87 1897357295308292 189 1 3.39 15097236.00
problem9 144.89 1994526140691602 141 1 3.52 15097236.00
problem10 151.31 1579356390272592 123 1 10.41 15097220.00
problem11 154.81 1623372833907960 115 1 13.47 15097236.00
problem12 175.26 1647884486981310 221 1 4.04 15097220.00
problem13 154.55 1709195551500403 246 1 3.71 15097220.00
problem14 144.10 2045751462977753 129 1 3.35 15097220.00
problem15 144.67 1798831770284423 78 1 4.18 15097220.00
problem16 144.52 2133144682419572 96 1 3.47 15097236.00
problem17 147.10 1917867537790288 117 1 6.21 15097236.00
problem18 144.48 2002433990626618 66 1 3.50 15097220.00
problem19 154.78 1966091497854040 143 1 3.25 15097236.00
problem20 144.36 1907590489156823 125 1 3.76 15097220.00
problem21 144.54 1879991003656831 173 1 3.73 15097236.00
problem22 162.41 1619465688143626 193 1 6.26 15097220.00
problem23 186.38 1775574816176599 171 1 4.34 15097220.00
problem24 160.33 1519943401231605 104 1 19.79 15097236.00
problem25 163.39 1924834860392607 255 1 3.46 15097220.00
problem26 149.57 1651329955585390 249 1 8.74 15097236.00
problem27 150.70 1615073450501859 124 1 4.13 15097220.00
problem28 160.92 2159246140485479 219 1 3.28 15097220.00
problem29 143.00 2159598786404344 64 1 2.90 15097236.00
problem30 145.69 1872139510119851 134 1 3.04 15097236.00
problem31 177.32 1884797782983158 154 1 4.73 15097236.00
problem32 144.30 1822661019902091 159 1 3.63 15097236.00
problem33 181.66 1800793669191780 206 1 6.27 15097220.00
problem34 152.46 1754328909062090 127 1 5.26 15097220.00
problem35 145.39 1905420688898444 149 1 5.59 15097236.00
problem36 145.32 2065095048788410 183 1 3.39 15097236.00
problem37 143.43 1868578352799718 35 1 3.26 15097236.00
problem38 146.20 2020990799784640 143 1 4.47 15097236.00
problem39 152.21 1875620228032000 72 1 3.29 15097220.00
problem40 149.31 1890382429847692 89 1 7.98 15097220.00
problem41 145.30 1900243964913246 315 1 3.68 15097236.00
problem42 144.94 2000096520476482 188 1 3.38 15097220.00
problem43 148.50 1910332125419921 97 1 6.67 15097236.00
problem44 147.80 1786164184147901 174 1 6.12 15097220.00
problem45 169.06 1919833183496470 164 1 3.21 15097220.00
problem46 145.34 1788225507985641 117 1 3.69 15097236.00
problem47 145.14 1959121715821032 183 1 3.55 15097220.00
problem48 145.08 1897368059137444 161 1 3.63 15097220.00
problem49 145.27 1947637804572681 147 1 3.71 15097236.00
problem50 157.30 1959892829146125 229 1 3.81 15097220.00
problem51 144.75 1970991582242667 154 1 3.54 15097236.00
problem52 161.07 1721041149317717 161 1 4.11 15097220.00
problem53 161.28 1807403175667196 155 1 3.71 15097236.00
problem54 145.69 1894099240124979 79 1 5.00 15097220.00
problem55 236.43 1826010185510321 142 1 13.45 15097220.00
problem56 151.43 1742217958375861 141 1 10.41 15097220.00
problem57 152.62 1880342197941311 153 1 5.07 15097236.00
problem58 144.70 1881148385565351 127 1 3.19 15097220.00
problem59 149.46 1636203662468355 87 1 8.49 15097236.00
problem60 177.12 1852821583826318 70 1 6.00 15097220.00
problem61 147.69 2022523736196682 201 1 5.89 15097220.00
problem62 151.21 1846288327786059 73 1 9.01 15097220.00
problem63 152.92 1720866688875845 175 1 4.31 15097236.00
problem64 145.93 1839994095577211 211 1 4.45 15097216.00
problem65 144.64 2013005761071059 165 1 3.41 15097236.00
problem66 145.98 1877686151339832 123 1 5.03 15097220.00
problem67 146.97 1895837276426650 159 1 5.81 15097236.00
problem68 181.03 2060474294553544 233 1 3.42 15097220.00
problem69 144.76 2086559080007600 168 1 3.36 15097220.00
problem70 144.73 2160851106226294 72 1 3.26 15097236.00
problem71 144.50 2034188324280488 170 1 3.29 15097220.00
problem72 148.97 1770166127684043 87 1 8.52 15097236.00
problem73 144.90 1878465557457660 174 1 3.53 15097216.00
problem74 145.83 1954756192458594 125 1 4.50 15097236.00
problem75 164.51 1853703858506273 230 1 5.18 15097220.00
problem76 144.40 1900937566183823 89 1 3.21 15097220.00
problem77 145.64 1806681418806227 100 1 4.21 15097236.00
problem78 155.59 1648589596229995 219 1 4.89 15097236.00
problem79 150.06 1990022727371275 266 1 2.99 15097236.00
problem80 145.02 1778210753213632 218 1 4.61 15097220.00
problem81 142.89 2131695765442911 110 1 3.24 15097220.00
problem82 143.60 1753428619509028 51 1 4.09 15097236.00
problem83 144.46 2046098610884675 152 1 4.82 15097220.00
problem84 153.17 1781144198501552 68 1 5.79 15097220.00
problem85 155.46 1854878052504835 151 1 13.11 15097236.00
problem86 151.58 1898273135520249 100 1 10.15 15097220.00
problem87 145.31 2193927757216269 230 1 3.64 15097236.00
problem88 175.71 1890042471600609 135 1 6.00 15097220.00
problem89 142.95 2116535161699466 214 1 3.06 15097220.00
problem90 144.36 2030299344440663 96 1 3.14 15097236.00
problem91 183.62 1807250786971784 135 1 3.79 15097220.00
problem92 144.66 2126332630470037 375 1 3.20 15097236.00
problem93 146.84 1706008839896088 133 1 5.87 15097220.00
problem94 151.34 1849972299038838 196 1 3.40 15097236.00
problem95 145.21 2048900530531669 211 1 3.33 15097220.00
problem96 155.33 2018624738046010 212 1 13.27 15097220.00
problem97 145.62 1985294686481774 254 1 4.00 15097236.00
problem98 144.68 2042348247337919 102 1 3.31 15097220.00
problem99 161.29 2043486420181340 213 1 3.90 15097220.00
