problem0 0.02 197987976603 1
problem1 0.01 176188363641 1
problem2 0.01 191054770375 1
problem3 0 192390774021 1
problem4 0.01 180831318963 1
problem5 0.04 184013950033 1
problem6 0.01 199507499615 1
problem7 0 180112616797 1
problem8 0.09 207910629579 1
problem9 0.01 182423194665 1
problem10 0 189272015607 1
problem11 0 191960667317 1
problem12 0 212991646947 1
problem13 0.01 184910508801 1
problem14 0 186208258703 1
problem15 0.01 182435271437 1
problem16 0.02 203909158907 1
problem17 0 188574507225 1
problem18 0.03 169562509607 1
problem19 0.01 211724585061 1
problem20 0 200449360403 1
problem21 0 193269200305 1
problem22 0.02 182587963071 1
problem23 0.01 189843641533 1
problem24 0 180553710379 1
problem25 0 188274495881 1
problem26 0.01 189493795671 1
problem27 0 202473052181 1
problem28 0 189463110467 1
problem29 0.01 170910520417 1
problem30 0.01 194118803183 1
problem31 0 224496431725 1
problem32 0.02 186600643163 1
problem33 0 214275628601 1
problem34 0.03 186537910663 1
problem35 0 170424320965 1
problem36 0.01 192833585267 1
problem37 0 163201306385 1
problem38 0 188184494879 1
problem39 0.07 187215326237 1
problem40 0.01 196948817291 1
problem41 0.01 195374548713 1
problem42 0 172150219703 1
problem43 0.01 184472128373 1
problem44 0 207888685475 1
problem45 0.01 216108180929 1
problem46 0.01 176489964367 1
problem47 0 182560326093 1
problem48 0 195049278651 1
problem49 0.01 199883033497 1
problem50 0 223984787943 1
problem51 0.02 181569990437 1
problem52 0.02 178634125011 1
problem53 0 172991912049 1
problem54 0.01 194391818111 1
problem55 0.02 195365024637 1
problem56 0 199480369131 1
problem57 0.01 202357582921 1
problem58 0 194641910807 1
problem59 0 197317258965 1
problem60 0.02 189832265731 1
problem61 0 192956278561 1
problem62 0 207214368687 1
problem63 0.01 188178678061 1
problem64 0.01 196033556251 1
problem65 0 198221359353 1
problem66 0 210689626695 1
problem67 0 197113219717 1
problem68 0 197224484147 1
problem69 0.02 204045046225 1
problem70 0.01 179774417887 1
problem71 0 198708275933 1
problem72 0.01 198648281675 1
problem73 0 198127042985 1
problem74 0 213907522679 1
problem75 0.01 182189097525 1
problem76 0 182955300451 1
problem77 0 181072664705 1
problem78 0.01 197445647375 1
problem79 0 196742443149 1
problem80 0.01 190087725435 1
problem81 0 200844850777 1
problem82 0 198315242151 1
problem83 0 188265879013 1
problem84 0 203622325139 1
problem85 0.02 204411632433 1
problem86 0.01 174906148927 1
problem87 0.01 194478412349 1
problem88 0 178578687147 1
problem89 0 191920359177 1
problem90 0 189502954711 1
problem91 0.03 181132920213 1
problem92 0.02 189218102467 1
problem93 0 205247248865 1
problem94 0.03 191951179887 1
problem95 0.06 189345271789 1
problem96 0.02 202911859675 1
problem97 0 189576967097 1
problem98 0.02 198192022279 1
problem99 0.01 184154788165 1
