problem0 0 3573780 1
problem1 0 3391380 1
problem2 0 3512084 1
problem3 0 2887316 1
problem4 0 2958868 1
problem5 0 3333524 1
problem6 0 2831636 1
problem7 0 2894996 1
problem8 0 3392532 1
problem9 0 3275668 1
problem10 0 3068692 1
problem11 0 2509460 1
problem12 0 3301908 1
problem13 0 3217812 1
problem14 0 3174676 1
problem15 0 2517140 1
problem16 0 2818068 1
problem17 0 2766740 1
problem18 0 3018516 1
problem19 0 2786964 1
problem20 0 3382804 1
problem21 0 2971028 1
problem22 0 2862356 1
problem23 0 3187860 1
problem24 0 3161108 1
problem25 0 3175316 1
problem26 0 3099412 1
problem27 0 2933396 1
problem28 0 3201556 1
problem29 0 2855316 1
problem30 0 3074324 1
problem31 0.01 2810004 1
problem32 0 3242004 1
problem33 0 3059604 1
problem34 0 3311380 1
problem35 0 3473044 1
problem36 0 3413524 1
problem37 0 3132820 1
problem38 0 3286292 1
problem39 0 3218580 1
problem40 0 3191828 1
problem41 0 2812820 1
problem42 0 2999060 1
problem43 0 3095188 1
problem44 0 2970132 1
problem45 0 3279252 1
problem46 0 2711828 1
problem47 0 2840724 1
problem48 0 3534868 1
problem49 0 3221396 1
problem50 0 3735316 1
problem51 0 2979476 1
problem52 0 3051028 1
problem53 0 3032468 1
problem54 0 3185940 1
problem55 0 3249300 1
problem56 0 3222548 1
problem57 0 3105684 1
problem58 0 3029780 1
problem59 0 3256980 1
problem60 0 3525140 1
problem61 0 3047828 1
problem62 0 2873620 1
problem63 0 2871444 1
problem64 0 3565588 1
problem65 0 2989972 1
problem66 0 3110676 1
problem67 0.01 2879124 1
problem68 0 3081748 1
problem69 0 2669972 1
problem70 0 2823444 1
problem71 0 3411092 1
problem72 0 2728980 1
problem73 0 3660692 1
problem74 0 3191572 1
problem75 0 3025556 1
problem76 0 3031572 1
problem77 0 3471764 1
problem78 0 3035412 1
problem79 0 2771092 1
problem80 0 2940948 1
problem81 0 3544980 1
problem82 0 3534612 1
problem83 0 3040916 1
problem84 0 2719252 1
problem85 0 3224980 1
problem86 0 3247380 1
problem87 0 3179668 1
problem88 0 3283988 1
problem89 0 3298196 1
problem90 0 2698004 1
problem91 0 2794132 1
problem92 0 3193364 1
problem93 0 2847124 1
problem94 0 3066132 1
problem95 0 3195028 1
problem96 0 3102740 1
problem97 0 3444628 1
problem98 0.01 3041044 1
problem99 0 3202708 1
