problem0 11.6 885131549279899 70 1 2.09 758680.00
problem1 8.91 867293073234775 45 1 1.68 759064.00
problem2 14.30 984731739601482 72 1 1.62 759068.00
problem3 11.50 1075212213165270 67 1 1.75 759068.00
problem4 30.20 1016383193113216 77 1 1.94 759072.00
problem5 14.43 1111411379226362 76 1 1.77 759068.00
problem6 13.33 1016615662848785 75 1 2.01 759068.00
problem7 10.48 1025817764423285 77 1 1.64 759072.00
problem8 12.28 1063648211109297 70 1 1.63 759072.00
problem9 10.82 1039215138610022 69 1 1.57 759072.00
problem10 13.16 879342372743787 74 1 1.67 759072.00
problem11 21.09 1110812534476483 100 1 1.46 759068.00
problem12 18.02 1006568283706011 92 1 1.76 759072.00
problem13 11.58 1041731786095752 70 1 1.69 759068.00
problem14 18.61 1015880387668505 92 1 2.11 759072.00
problem15 15.50 875335908850335 88 1 2.30 759072.00
problem16 9.82 1067631801980661 50 1 1.28 759072.00
problem17 11.07 984656305710896 76 1 1.90 759072.00
problem18 15.03 963618524287593 72 1 2.00 759072.00
problem19 13.11 886984791856263 69 1 2.26 759072.00
problem20 13.77 935733813780294 89 1 1.84 759068.00
problem21 35.85 1029766032181698 128 1 1.38 759072.00
problem22 8.88 1066317756619164 48 1 1.61 759068.00
problem23 11.79 874073186104466 68 1 2.87 759072.00
problem24 25.61 1055407795652237 112 1 1.84 759072.00
problem25 13.91 1004570599966309 69 1 2.45 759072.00
problem26 10.19 1082541613488815 48 1 1.87 759072.00
problem27 22.79 1007653252845637 91 1 2.18 759068.00
problem28 25.74 1034084640384120 106 1 1.93 759068.00
problem29 13.45 1044552868925184 72 1 1.60 759072.00
problem30 16.69 910790118391748 72 1 1.99 759068.00
problem31 20.19 1032730981424498 99 1 1.71 759068.00
problem32 10.06 1016921329056483 66 1 1.76 759068.00
problem33 28.48 1032653209544624 111 1 1.56 759068.00
problem34 19.31 1039931664283347 93 1 1.77 759068.00
problem35 16.45 930081084094990 93 1 2.46 759068.00
problem36 19.85 1050575581906649 80 1 1.63 759068.00
problem37 22.50 972628010115591 94 1 1.54 759072.00
problem38 28.63 1009599321463547 112 1 1.62 759072.00
problem39 13.07 1049241801536689 71 1 1.62 759068.00
problem40 9.55 873144701857189 47 1 1.77 759072.00
problem41 12.49 1116768913801174 70 1 1.47 759072.00
problem42 19.18 933721895912792 91 1 2.27 759068.00
problem43 15.63 1043411159182007 93 1 1.78 759072.00
problem44 23.66 1002543336827089 101 1 2.05 759072.00
problem45 13.52 895749677906401 73 1 1.91 759072.00
problem46 11.45 838592072605619 64 1 1.92 759068.00
problem47 18.38 953211607229380 78 1 1.70 759068.00
problem48 15.47 1046712031046281 81 1 2.55 759068.00
problem49 21.24 831457269087826 87 1 1.76 759072.00
problem50 13.05 995750555141739 87 1 1.62 759068.00
problem51 13.99 1108645514705572 64 1 2.04 759068.00
problem52 12.06 908161669993566 73 1 1.82 759072.00
problem53 9.93 888375494279322 51 1 2.08 759072.00
problem54 8.51 1088265466818354 39 1 1.62 759072.00
problem55 13.10 1100995587607808 64 1 1.65 759072.00
problem56 10.16 947498224215745 58 1 1.64 759068.00
problem57 8.38 1020968150884183 45 1 1.67 759068.00
problem58 12.88 1006572394895119 63 1 2.05 759072.00
problem59 11.30 992449415545096 65 1 2.08 759068.00
problem60 10.16 882344793198306 65 1 1.99 759072.00
problem61 21.90 979564237360174 105 1 1.59 759072.00
problem62 14.26 941815963576572 84 1 1.97 759064.00
problem63 17.66 986694742506017 82 1 2.03 759068.00
problem64 18.68 1008556915306944 84 1 1.78 759068.00
problem65 17.13 995483808086454 87 1 1.85 759068.00
problem66 13.83 917435954495140 63 1 1.62 759068.00
problem67 14.27 1032618667607317 67 1 1.45 759072.00
problem68 17.51 1057312957505373 92 1 1.75 759068.00
problem69 17.04 998889107655731 92 1 1.98 759068.00
problem70 18.52 1047822481877210 93 1 1.65 759068.00
problem71 13.19 1012629233966444 71 1 1.70 759068.00
problem72 12.23 899966370007329 69 1 2.05 759072.00
problem73 9.27 978588016252693 61 1 1.78 759068.00
problem74 17.26 897558501121420 77 1 2.21 759072.00
problem75 17.02 1053316727606265 95 1 1.52 759072.00
problem76 9.25 923020761976270 50 1 2.11 759072.00
problem77 17.31 954885510207363 86 1 1.79 759072.00
problem78 15.17 970709823188991 79 1 1.76 759068.00
problem79 16.96 998818280913948 70 1 1.84 759068.00
problem80 12.12 1067155420544590 59 1 1.51 759072.00
problem81 10.59 775489798803865 59 1 2.24 759068.00
problem82 12.62 987183098372495 74 1 1.86 759072.00
problem83 10.26 1090695563244121 52 1 1.49 759068.00
problem84 18.08 902111969346301 42 1 1.81 759072.00
problem85 15.68 967734978592519 58 1 2.15 759072.00
problem86 22.91 1022870347425212 96 1 1.57 759068.00
problem87 8.72 896818497697466 34 1 1.82 759072.00
problem88 14.18 991588762355806 98 1 1.80 759072.00
problem89 17.08 917130585364352 86 1 1.87 759072.00
problem90 23.59 1151500013719006 111 1 1.44 759068.00
problem91 18.77 1065736615068197 91 1 1.80 759072.00
problem92 10.35 1173974514232062 66 1 1.61 763168.00
problem93 11.84 1037166142071276 81 1 1.62 759068.00
problem94 13.83 1047514407135053 78 1 2.01 759072.00
problem95 13.99 906626173798950 84 1 1.80 759072.00
problem96 13.67 1005861555850278 97 1 1.34 759072.00
problem97 21.34 1042690844905917 107 1 1.73 759072.00
problem98 11.41 1046752703043526 62 1 2.13 759068.00
problem99 12.41 904535452788556 73 1 1.98 759072.00
