problem0 0 19342 1 0.00
problem1 0.00 16494 1 0.00
problem2 0.00 18254 1 0.00
problem3 0.00 17966 1 0.00
problem4 0.00 19726 1 0.00
problem5 0.00 19438 1 0.00
problem6 0.00 18638 1 0.00
problem7 0.00 15790 1 0.00
problem8 0.00 21134 1 0.00
problem9 0.00 19822 1 0.00
problem10 0.00 18510 1 0.00
problem11 0.00 18734 1 0.00
problem12 0.00 17422 1 0.00
problem13 0.00 16622 1 0.00
problem14 0.00 18894 1 0.00
problem15 0.00 17582 1 0.00
problem16 0.00 17294 1 0.00
problem17 0.00 18030 1 0.00
problem18 0.00 19790 1 0.00
problem19 0.00 20526 1 0.00
problem20 0.00 18190 1 0.00
problem21 0.00 15854 1 0.00
problem22 0.00 20174 1 0.00
problem23 0.00 19886 1 0.00
problem24 0.00 18574 1 0.00
problem25 0.00 18798 1 0.00
problem26 0.00 17998 1 0.00
problem27 0.00 17198 1 0.00
problem28 0.00 16910 1 0.00
problem29 0.00 18670 1 0.00
problem30 0.00 18382 1 0.00
problem31 0.00 17070 1 0.00
problem32 0.00 19342 1 0.00
problem33 0.00 20078 1 0.00
problem34 0.00 18254 1 0.00
problem35 0.00 17454 1 0.00
problem36 0.00 18702 1 0.00
problem37 0.00 19950 1 0.00
problem38 0.00 18126 1 0.00
problem39 0.00 20398 1 0.00
problem40 0.00 17550 1 0.00
problem41 0.00 17262 1 0.00
problem42 0.00 16462 1 0.00
problem43 0.00 19246 1 0.00
problem44 0.00 17422 1 0.00
problem45 0.00 18158 1 0.00
problem46 0.00 18894 1 0.00
problem47 0.00 19118 1 0.00
problem48 0.00 19342 1 0.00
problem49 0.00 17518 1 0.00
problem50 0.00 16718 1 0.00
problem51 0.00 21550 1 0.00
problem52 0.00 17678 1 0.00
problem53 0.00 20462 1 0.00
problem54 0.00 17614 1 0.00
problem55 0.00 17326 1 0.00
problem56 0.00 17550 1 0.00
problem57 0.00 18798 1 0.00
problem58 0.00 17486 1 0.00
problem59 0.00 17710 1 0.00
problem60 0.00 18446 1 0.00
problem61 0.00 19694 1 0.00
problem62 0.00 19406 1 0.00
problem63 0.00 17582 1 0.00
problem64 0.00 16782 1 0.00
problem65 0.00 20590 1 0.00
problem66 0.00 19278 1 0.00
problem67 0.00 19502 1 0.00
problem68 0.00 18190 1 0.00
problem69 0.00 16878 1 0.00
problem70 0.00 17102 1 0.00
problem71 0.00 19374 1 0.00
problem72 0.00 17038 1 0.00
problem73 0.00 17262 1 0.00
problem74 0.00 18510 1 0.00
problem75 0.00 19758 1 0.00
problem76 0.00 19982 1 0.00
problem77 0.00 18670 1 0.00
problem78 0.00 15310 1 0.00
problem79 0.00 21166 1 0.00
problem80 0.00 19342 1 0.00
problem81 0.00 19054 1 0.00
problem82 0.00 18766 1 0.00
problem83 0.00 16942 1 0.00
problem84 0.00 17166 1 0.00
problem85 0.00 17902 1 0.00
problem86 0.00 18126 1 0.00
problem87 0.00 17838 1 0.00
problem88 0.00 17550 1 0.00
problem89 0.00 19822 1 0.00
problem90 0.00 20558 1 0.00
problem91 0.00 18222 1 0.00
problem92 0.00 16398 1 0.00
problem93 0.00 19182 1 0.00
problem94 0.00 19406 1 0.00
problem95 0.00 19118 1 0.00
problem96 0.00 19854 1 0.00
problem97 0.00 17518 1 0.00
problem98 0.00 17230 1 0.00
problem99 0.00 16430 1 0.00
