problem0 33.19 1171829871581297 140735999932648 4 1.16637e-312 0.00
problem1 31.12 1380081314734087 140735999932648 4 1.16637e-312 0.00
problem2 69.64 1424849797036827 140735999932648 4 1.16637e-312 0.00
problem3 45.38 1498059992414482 140735999932648 4 1.16637e-312 0.00
problem4 51.76 1388152212773939 140735999932648 4 1.16637e-312 0.00
problem5 58.47 1194481210323156 140735999932648 4 1.16637e-312 0.00
problem6 63.1 1387793263175375 140735999932648 4 1.16637e-312 0.00
problem7 42.74 1257126573263765 140735999932648 4 1.16637e-312 0.00
problem8 75.28 1482060336567923 140735999932648 4 1.16637e-312 0.00
problem9 67.14 1298619124058697 140735999932648 4 1.16637e-312 0.00
problem10 89.04 1282720834129155 140735999932648 4 1.16637e-312 0.00
problem11 49.53 1153473413913341 140735999932648 4 1.16637e-312 0.00
problem12 37.23 1049908388375997 140735999932648 4 1.16637e-312 0.00
problem13 62.6 1399721801677080 140735999932648 4 1.16637e-312 0.00
problem14 68.66 1244658740115404 140735999932648 4 1.16637e-312 0.00
problem15 54.75 1479208193731459 140735999932648 4 1.16637e-312 0.00
problem16 27.29 1375540841740237 140735999932648 4 1.16637e-312 0.00
problem17 35.7 1429183984833771 140735999932648 4 1.16637e-312 0.00
problem18 100.83 1388621409106638 140735999932648 4 1.16637e-312 0.00
problem19 53.43 1200743056957800 140735999932648 4 1.16637e-312 0.00
problem20 47.33 1046126273225090 140735999932648 4 1.16637e-312 0.00
problem21 43.65 1378568788820992 140735999932648 4 1.16637e-312 0.00
problem22 35.62 1306456865658556 140735999932648 4 1.16637e-312 0.00
problem23 87.81 1380897153674217 140735999932648 4 1.16637e-312 0.00
problem24 205.74 1535253403073034 140735999932648 4 1.16637e-312 0.00
problem25 68.14 1432600519650774 140735999932648 4 1.16637e-312 0.00
problem26 39.66 1078402645179423 140735999932648 4 1.16637e-312 0.00
problem27 65.48 1390816035268541 140735999932648 4 1.16637e-312 0.00
problem28 84.34 1465630633145991 140735999932648 4 1.16637e-312 0.00
problem29 84.45 1597241374207104 140735999932648 4 1.16637e-312 0.00
problem30 80.02 1553331188017769 140735999932648 4 1.16637e-312 0.00
problem31 78.39 1207100953910362 140735999932648 4 1.16637e-312 0.00
problem32 123.03 1362123974350743 140735999932648 4 1.16637e-312 0.00
problem33 67.87 1638142613723597 140735999932648 4 1.16637e-312 0.00
problem34 56.17 1396934178995369 140735999932648 4 1.16637e-312 0.00
problem35 49.33 1570344776325983 140735999932648 4 1.16637e-312 0.00
problem36 72.35 1237728657880083 140735999932648 4 1.16637e-312 0.00
problem37 81.6 1288475110577291 140735999932648 4 1.16637e-312 0.00
problem38 50.29 1312854420892762 140735999932648 4 1.16637e-312 0.00
problem39 40.59 1393057849790091 140735999932648 4 1.16637e-312 0.00
problem40 90.55 1315430207718096 140735999932648 4 1.16637e-312 0.00
problem41 91.65 1289907333376156 140735999932648 4 1.16637e-312 0.00
problem42 49.15 1396662976272082 140735999932648 4 1.16637e-312 0.00
problem43 55.23 1390826431970378 140735999932648 4 1.16637e-312 0.00
problem44 151.44 1521810627531628 140735999932648 4 1.16637e-312 0.00
problem45 57.78 1364593970540255 140735999932648 4 1.16637e-312 0.00
problem46 57.75 1672957993683779 140735999932648 4 1.16637e-312 0.00
problem47 36.47 1306942058728243 140735999932648 4 1.16637e-312 0.00
problem48 55.23 1370245922322582 140735999932648 4 1.16637e-312 0.00
problem49 54.52 1396387981799908 140735999932648 4 1.16637e-312 0.00
problem50 39.53 1487577783674870 140735999932648 4 1.16637e-312 0.00
problem51 71.11 1313544626375872 140735999932648 4 1.16637e-312 0.00
problem52 32.17 1120931763061030 140735999932648 4 1.16637e-312 0.00
problem53 45.01 1316692398519191 140735999932648 4 1.16637e-312 0.00
problem54 64.18 1338097925775415 140735999932648 4 1.16637e-312 0.00
problem55 61.6 1565455078280936 140735999932648 4 1.16637e-312 0.00
problem56 55.16 1452536145901546 140735999932648 4 1.16637e-312 0.00
problem57 66.42 1477011876738685 140735999932648 4 1.16637e-312 0.00
problem58 41.86 1660862683787786 140735999932648 4 1.16637e-312 0.00
problem59 106.38 1290620263592282 140735999932648 4 1.16637e-312 0.00
problem60 54.4 1476697054120102 140735999932648 4 1.16637e-312 0.00
problem61 37.24 1395435632030448 140735999932648 4 1.16637e-312 0.00
problem62 40.57 1274294067093301 140735999932648 4 1.16637e-312 0.00
problem63 55.4 1356797921773857 140735999932648 4 1.16637e-312 0.00
problem64 56.62 1345989129777884 140735999932648 4 1.16637e-312 0.00
problem65 55.81 1429648579596571 140735999932648 4 1.16637e-312 0.00
problem66 83.86 1187289461440412 140735999932648 4 1.16637e-312 0.00
problem67 34.82 1344126335299001 140735999932648 4 1.16637e-312 0.00
problem68 56.97 1423429743044968 140735999932648 4 1.16637e-312 0.00
problem69 23.33 1255002323094614 140735999932648 4 1.16637e-312 0.00
problem70 47.69 1290787339374753 140735999932648 4 1.16637e-312 0.00
problem71 52.98 1439106538024923 140735999932648 4 1.16637e-312 0.00
problem72 50.83 1171825763236564 140735999932648 4 1.16637e-312 0.00
problem73 107.99 1407020106995473 140735999932648 4 1.16637e-312 0.00
problem74 75.04 1519667219384198 140735999932648 4 1.16637e-312 0.00
problem75 46.07 1366817428897701 140735999932648 4 1.16637e-312 0.00
problem76 31.67 1459480145874147 140735999932648 4 1.16637e-312 0.00
problem77 29.53 1472609048968486 140735999932648 4 1.16637e-312 0.00
problem78 68.42 1461248970168108 140735999932648 4 1.16637e-312 0.00
problem79 30.01 1341498173429907 140735999932648 4 1.16637e-312 0.00
problem80 22.33 1320369886476342 140735999932648 4 1.16637e-312 0.00
problem81 41.34 1260074861277089 140735999932648 4 1.16637e-312 0.00
problem82 55.33 1439411453455353 140735999932648 4 1.16637e-312 0.00
problem83 39.02 1373420179472382 140735999932648 4 1.16637e-312 0.00
problem84 43.72 1413924574004646 140735999932648 4 1.16637e-312 0.00
problem85 74.34 1459266364165133 140735999932648 4 1.16637e-312 0.00
problem86 51.34 1250182760086770 140735999932648 4 1.16637e-312 0.00
problem87 56.04 1206975849601601 140735999932648 4 1.16637e-312 0.00
problem88 57.27 1597926760843777 140735999932648 4 1.16637e-312 0.00
problem89 65.42 1387243158584601 140735999932648 4 1.16637e-312 0.00
problem90 66.14 1323836099833375 140735999932648 4 1.16637e-312 0.00
problem91 72.6 1463237808977711 140735999932648 4 1.16637e-312 0.00
problem92 39.65 1548340134805448 140735999932648 4 1.16637e-312 0.00
problem93 56.54 1562751986503798 140735999932648 4 1.16637e-312 0.00
problem94 55.81 1641444836767942 140735999932648 4 1.16637e-312 0.00
problem95 17.72 1224237614710070 140735999932648 4 1.16637e-312 0.00
problem96 66.95 1444543609738156 140735999932648 4 1.16637e-312 0.00
problem97 50.98 1394087842843163 140735999932648 4 1.16637e-312 0.00
problem98 42.08 1356915827242268 140735999932648 4 1.16637e-312 0.00
problem99 74.36 1357284042086348 140735999932648 4 1.16637e-312 0.00
