problem0 1.16 412846349499415 1884 1 0.52
problem1 2.98 414437610818840 2243 2 0.23
problem2 1.56 437594271174363 2321 2 0.24
problem3 0.7 422397354347614 810 1 0.09
problem4 1.15 440697103043474 1808 1 0.1
problem5 4.9 520714749739346 943 1 0.07
problem6 2.7 433113092226512 4055 2 0.25
problem7 0.33 417683473820203 796 1 0.13
problem8 1.28 453056412087308 658 1 0.1
problem9 1.07 398568061821670 4260 2 0.55
problem10 2.07 496418204649811 1523 1 0.15
problem11 0.77 424695829545015 1010 1 0.12
problem12 1.42 496857741797517 1107 1 0.12
problem13 0.84 541552065716374 989 1 0.13
problem14 5.24 438090662745130 2144 1 0.14
problem15 0.4 413202395917269 1051 1 0.12
problem16 2.92 457814281637766 1343 1 0.12
problem17 1.04 408684106652679 3966 1 0.19
problem18 2.56 411671462117160 4424 2 0.5
problem19 0.53 511754893054268 791 1 0.12
problem20 0.32 448778709612195 1593 1 0.15
problem21 0.79 511599850091591 983 1 0.13
problem22 3.38 471265180758980 2038 1 0.18
problem23 57.16 514750097898310 2458 1 0.12
problem24 0.86 543641119719108 226 1 0.08
problem25 4.07 538750555667679 627 1 0.08
problem26 0.66 504209364604941 310 1 0.08
problem27 0.41 538673050130581 344 1 0.09
problem28 1.36 441011247278503 1773 1 0.14
problem29 0.43 482605366512553 784 1 0.12
problem30 1.4 472921339861189 4789 2 0.57
problem31 5.22 444850935114531 4761 1 0.2
problem32 3.27 516574956417204 2542 1 0.15
problem33 17.19 506857390294140 2190 1 0.14
problem34 0.56 492719226355680 1631 1 0.15
problem35 1.25 519226298803064 800 1 0.13
problem36 6.22 459918558463084 3393 1 0.15
problem37 3.37 410187203846040 4080 1 0.17
problem38 1.07 515234376951181 702 1 0.11
problem39 3.49 407347704394054 3267 1 0.18
problem40 1.35 494492768548460 749 1 0.12
problem41 0.98 554592014961436 422 1 0.07
problem42 0.46 481041740508913 703 1 0.13
problem43 3.16 505144977149824 1142 1 0.12
problem44 1.37 418917285785831 4738 1 0.25
problem45 2.85 396725539883858 1896 1 0.15
problem46 0.49 476511681081385 813 1 0.14
problem47 0.35 424778184139909 1171 1 0.16
problem48 12.11 501734782885684 2076 1 0.14
problem49 1.43 519483253345286 373 1 0.08
problem50 4.59 422291177781332 4866 2 0.53
problem51 0.83 465123004372756 934 1 0.14
problem52 2.09 455661028604726 2172 1 0.17
problem53 0.78 466730544390930 899 1 0.14
problem54 0.45 490408674307507 491 1 0.11
problem55 1.06 383310244125170 1399 1 0.15
problem56 7.87 527802627949331 1404 1 0.14
problem57 1.11 544517738339331 813 1 0.13
problem58 0.78 518843831201963 666 1 0.12
problem59 6.24 424614602382768 5874 2 0.49
problem60 0.6 475486083039063 2009 1 0.2
problem61 0.23 527006168747372 269 1 0.12
problem62 0.32 571999726369319 276 1 0.11
problem63 1.05 427399570511863 861 1 0.14
problem64 1.53 497471384381624 1358 1 0.17
problem65 2.04 478308184629324 1406 1 0.18
problem66 1.28 500153511113285 996 1 0.13
problem67 0.42 482532422993178 911 1 0.18
problem68 0.74 425542569933456 1759 1 0.18
problem69 6.67 423318026702922 2159 1 0.18
problem70 0.41 434158490740658 1495 1 0.19
problem71 0.95 488381384304322 525 1 0.13
problem72 1.5 495069914392464 1629 1 0.17
problem73 0.25 493445740371291 448 1 0.13
problem74 2.44 444263789969896 4991 1 0.23
problem75 1.62 507744259756575 1496 1 0.15
problem76 0.68 401697155428659 2616 1 0.2
problem77 2.17 440248667008419 1350 1 0.15
problem78 0.66 427739024648285 1552 1 0.2
problem79 0.91 492619665686026 1381 1 0.18
problem80 0.5 544295387867339 665 1 0.14
problem81 6.44 415577479741538 4469 1 0.19
problem82 4.51 406331818105716 2527 1 0.2
problem83 0.28 435999333622744 695 1 0.16
problem84 0.47 382682374657746 2005 1 0.24
problem85 0.46 466695783448605 758 1 0.19
problem86 0.61 442321071515622 625 1 0.12
problem87 8.17 428235245677918 1232 1 0.14
problem88 1.23 506162888869953 1445 1 0.17
problem89 52.63 456916474483125 4796 1 0.24
problem90 4.84 492584651490971 877 1 0.12
problem91 8.12 412406335139003 8855 2 0.64
problem92 0.83 643097916947617 198 1 0.07
problem93 2.51 426928778686638 2319 1 0.28
problem94 1.42 542134109667438 546 1 0.11
problem95 1.03 458940625022493 1326 1 0.21
problem96 4.76 420906419788410 4566 1 0.32
problem97 0.49 523378033992885 306 1 0.1
problem98 1.03 555757964024698 860 1 0.2
problem99 2.19 455296265928733 3701 1 0.31
