problem0 0 16366656 1 2216.00
problem1 0.00 13955681 1 2272.00
problem2 0.00 15899489 1 2272.00
problem3 0.00 13989270 1 2272.00
problem4 0.00 12976698 1 2272.00
problem5 0.00 13995747 1 2272.00
problem6 0.00 13778187 1 2272.00
problem7 0.00 13950856 1 2272.00
problem8 0.00 17196564 1 2272.00
problem9 0.00 15789765 1 2272.00
problem10 0.00 13006229 1 2272.00
problem11 0.00 11696602 1 2272.00
problem12 0.00 15389134 1 2272.00
problem13 0.00 15483911 1 2272.00
problem14 0.00 14638847 1 2272.00
problem15 0.00 17786508 1 2272.00
problem16 0.00 10882920 1 2272.00
problem17 0.00 15278249 1 2272.00
problem18 0.00 14742345 1 2272.00
problem19 0.00 16656286 1 2272.00
problem20 0.00 15190242 1 2272.00
problem21 0.00 16217771 1 2272.00
problem22 0.00 13438067 1 2272.00
problem23 0.00 13934352 1 2272.00
problem24 0.00 15108156 1 2272.00
problem25 0.00 16226317 1 2272.00
problem26 0.00 12412029 1 2272.00
problem27 0.00 11407074 1 2272.00
problem28 0.00 14268278 1 2272.00
problem29 0.00 16529103 1 2272.00
problem30 0.00 16618855 1 2272.00
problem31 0.00 13441300 1 2272.00
problem32 0.00 15966352 1 2272.00
problem33 0.00 14443761 1 2272.00
problem34 0.00 12917041 1 2272.00
problem35 0.00 16629670 1 2272.00
problem36 0.00 14380426 1 2272.00
problem37 0.01 15045747 1 2272.00
problem38 0.00 13715931 1 2272.00
problem39 0.00 14115992 1 2272.00
problem40 0.00 12003428 1 2272.00
problem41 0.00 12425045 1 2272.00
problem42 0.00 15688037 1 2272.00
problem43 0.00 14600682 1 2272.00
problem44 0.00 16104222 1 2272.00
problem45 0.00 11837335 1 2272.00
problem46 0.00 15104463 1 2272.00
problem47 0.00 14160284 1 2272.00
problem48 0.00 14217144 1 2272.00
problem49 0.00 14106425 1 2272.00
problem50 0.00 11635993 1 2272.00
problem51 0.00 13155758 1 2272.00
problem52 0.00 13594674 1 2272.00
problem53 0.00 15755323 1 2272.00
problem54 0.00 16348483 1 2272.00
problem55 0.00 13217824 1 2272.00
problem56 0.00 12502668 1 2272.00
problem57 0.00 16477341 1 2272.00
problem58 0.00 14609485 1 2272.00
problem59 0.00 13183730 1 2272.00
problem60 0.00 12410054 1 2272.00
problem61 0.00 10878559 1 2272.00
problem62 0.00 13929527 1 2272.00
problem63 0.00 14471204 1 2272.00
problem64 0.00 15498464 1 2272.00
problem65 0.00 12726145 1 2272.00
problem66 0.00 12111617 1 2272.00
problem67 0.00 13869494 1 2272.00
problem68 0.00 14831834 1 2272.00
problem69 0.00 13136387 1 2272.00
problem70 0.00 11538091 1 2272.00
problem71 0.00 14156200 1 2272.00
problem72 0.00 15983284 1 2272.00
problem73 0.00 15308773 1 2272.00
problem74 0.00 13534517 1 2272.00
problem75 0.00 13742586 1 2272.00
problem76 0.00 11476078 1 2272.00
problem77 0.00 15782695 1 2272.00
problem78 0.00 12733599 1 2272.00
problem79 0.00 15193260 1 2272.00
problem80 0.00 14993416 1 2272.00
problem81 0.00 16102857 1 2272.00
problem82 0.00 14507753 1 2272.00
problem83 0.00 15920062 1 2272.00
problem84 0.00 16945026 1 2272.00
problem85 0.00 12464587 1 2272.00
problem86 0.00 12555795 1 2272.00
problem87 0.00 11458864 1 2272.00
problem88 0.00 11336924 1 2272.00
problem89 0.00 12622125 1 2272.00
problem90 0.00 15772701 1 2272.00
problem91 0.00 14475010 1 2272.00
problem92 0.00 13203990 1 2272.00
problem93 0.01 13999599 1 2272.00
problem94 0.00 15350535 1 2272.00
problem95 0.00 12951348 1 2272.00
problem96 0.00 14176560 1 2272.00
problem97 0.00 13259281 1 2272.00
problem98 0.00 13745361 1 2272.00
problem99 0.00 13310918 1 2272.00
