problem0 1.39 1534639617525511 540 1 1.39 10644.00
problem1 0.55 1686260050319643 264 1 0.54 7868.00
problem2 0.58 1657664151939047 108 1 0.58 2968.00
problem3 1.1 1437430080490989 666 2 1.07 4248.00
problem4 0.54 1560128372325174 258 1 0.54 4248.00
problem5 0.58 1747738287697702 83 1 0.57 4248.00
problem6 0.58 1636278015096056 338 1 0.57 4248.00
problem7 0.53 1447813860135334 413 1 0.53 4248.00
problem8 0.53 1435477447104568 429 1 0.51 4248.00
problem9 0.51 1446878046773795 386 1 0.51 4248.00
problem10 0.56 1495134138012759 620 1 0.55 4264.00
problem11 0.62 1651259277067131 240 1 0.62 4264.00
problem12 0.56 1532441370649746 326 1 0.55 4264.00
problem13 0.57 1444519822711019 456 1 0.56 4264.00
problem14 0.61 1768609473690534 83 1 0.61 4264.00
problem15 0.97 1060945595838854 753 2 0.96 4652.00
problem16 0.53 1518445458825228 385 1 0.53 4652.00
problem17 0.57 1557159968079172 224 1 0.56 4652.00
problem18 1.25 1579807531299072 993 2 1.24 5136.00
problem19 0.62 1732310687252585 286 1 0.62 5136.00
problem20 0.58 1554677406638182 411 1 0.57 5136.00
problem21 0.6 1609851476951867 287 1 0.6 5136.00
problem22 0.59 1669379752392267 418 1 0.59 5136.00
problem23 0.64 1611412658843778 343 1 0.64 5136.00
problem24 0.58 1552252372977315 612 1 0.58 5136.00
problem25 0.5 1387041360351155 613 1 0.48 5136.00
problem26 0.52 1215765579107805 449 1 0.51 5136.00
problem27 0.49 1328483377352792 845 1 0.48 5136.00
problem28 0.59 1511208032806657 462 1 0.58 5136.00
problem29 0.55 1457055935631926 584 1 0.55 5136.00
problem30 0.59 1710259821913164 378 1 0.58 5136.00
problem31 0.58 1555559088596605 423 1 0.58 5136.00
problem32 0.54 1463486482297174 656 1 0.53 5136.00
problem33 0.59 1509026934433747 674 1 0.57 5136.00
problem34 0.59 1595443660904319 471 1 0.59 5136.00
problem35 0.59 1605545572382484 464 1 0.57 5136.00
problem36 0.59 1581753395559246 419 1 0.58 5136.00
problem37 0.59 1496406954325304 421 1 0.59 5136.00
problem38 0.63 1756156191555585 170 1 0.62 5136.00
problem39 0.59 1646563420173040 395 1 0.59 5136.00
problem40 0.63 1819636272593346 306 1 0.63 5136.00
problem41 0.6 1733285977874469 245 1 0.6 5136.00
problem42 0.65 1841999272972438 148 1 0.64 5136.00
problem43 0.55 1546376085806286 665 1 0.55 5136.00
problem44 0.61 1645232183891853 389 1 0.59 5136.00
problem45 0.57 1537789180527234 482 1 0.57 5136.00
problem46 0.62 1669946872447549 76 1 0.61 5136.00
problem47 0.58 1535496050150718 256 1 0.58 5136.00
problem48 0.56 1414897887071736 548 1 0.56 5136.00
problem49 0.57 1575967006487924 286 1 0.57 5136.00
problem50 0.59 1689431781387405 332 1 0.58 5136.00
problem51 0.59 1503683955393813 416 1 0.58 5136.00
problem52 0.58 1586310625040274 489 1 0.58 5136.00
problem53 0.59 1830264646683529 267 1 0.59 5136.00
problem54 0.57 1488463367076692 706 1 0.56 5136.00
problem55 0.59 1585161239710204 437 1 0.59 5136.00
problem56 0.59 1599287415594294 319 1 0.58 5136.00
problem57 0.59 1612619258726177 205 1 0.59 5136.00
problem58 0.51 1511779592453029 871 1 0.51 5136.00
problem59 0.5 1339832341195054 234 1 0.49 5136.00
problem60 0.55 1378750618511858 162 1 0.55 5136.00
problem61 0.58 1568308914527074 335 1 0.56 5136.00
problem62 0.54 1410456163345000 982 1 0.53 5136.00
problem63 0.51 1522843176216828 910 1 0.51 5136.00
problem64 0.59 1729196785472954 188 1 0.58 5136.00
problem65 0.59 1776071393735445 404 1 0.59 5136.00
problem66 0.6 1601350904023831 319 1 0.58 5136.00
problem67 0.56 1457278488042841 500 1 0.55 5136.00
problem68 0.59 1578875717809226 179 1 0.59 5136.00
problem69 0.58 1660853798798773 162 1 0.57 5136.00
problem70 0.59 1596543755829340 255 1 0.59 5136.00
problem71 0.59 1702193140669969 645 1 0.59 5136.00
problem72 0.56 1431623212354855 427 1 0.56 5136.00
problem73 0.6 1524579450294213 193 1 0.6 5136.00
problem74 0.59 1540412947747884 139 1 0.59 5136.00
problem75 0.58 1582711424904529 296 1 0.57 5136.00
problem76 0.63 1625511391091155 333 1 0.63 5136.00
problem77 0.59 1559668771432993 392 1 0.59 5136.00
problem78 0.59 1499670202025671 408 1 0.58 5136.00
problem79 0.53 1485495709444311 279 1 0.53 5136.00
problem80 0.57 1448929132983893 234 1 0.56 5136.00
problem81 0.54 1387662905964613 684 1 0.53 5136.00
problem82 0.58 1566295792792989 389 1 0.58 5136.00
problem83 0.59 1667749574216074 462 1 0.58 5136.00
problem84 0.59 1716636625685539 144 1 0.59 5136.00
problem85 0.62 1828292561942349 302 1 0.61 5136.00
problem86 0.59 1681558439923986 98 1 0.58 5136.00
problem87 0.57 1712819700421422 335 1 0.57 5136.00
problem88 0.58 1656757755733086 216 1 0.58 5136.00
problem89 0.58 1526766623456273 394 1 0.56 5136.00
problem90 0.58 1496679861027795 303 1 0.58 5136.00
problem91 0.58 1598867231245489 405 1 0.58 5136.00
problem92 0.6 1648084911557875 107 1 0.59 5136.00
problem93 0.59 1685097123027556 230 1 0.59 5136.00
problem94 0.58 1570866230337012 655 1 0.57 5136.00
problem95 0.57 1476798353611275 311 1 0.57 5136.00
problem96 0.62 1743866246799105 300 1 0.61 5136.00
problem97 0.57 1462504675031573 428 1 0.55 5136.00
problem98 0.49 1366823053551167 945 1 0.48 5140.00
problem99 0.59 1616506078352185 90 1 0.59 5140.00
