problem0 0 1706345357666 0
problem1 0 1786220791874 0
problem2 0 1202402629250 0
problem3 0 1446615165931 0
problem4 0 1366270554166 0
problem5 0 1169798374003 0
problem6 0 1660788508709 0
problem7 0 1402694481745 0
problem8 0 1364496456085 0
problem9 0 1262814581465 0
problem10 0 1785984860797 0
problem11 0.01 1867757063448 0
problem12 0 1214937419207 0
problem13 0 1589009399677 0
problem14 0 1350783682113 0
problem15 0 1237979117536 0
problem16 0 1333488077167 0
problem17 0 1881736466222 0
problem18 0 1327355001002 0
problem19 0 1477687030667 0
problem20 0 1438051356154 0
problem21 0 1598957548067 0
problem22 0.01 1665635428032 0
problem23 0 1395084529821 0
problem24 0 1242341999153 0
problem25 0 1434381180811 0
problem26 0 1394821192555 0
problem27 0 1341600677198 0
problem28 0 1619442544509 0
problem29 0 1486288373664 0
problem30 0 1803366414239 0
problem31 0 863721158261 0
problem32 0 1411661889271 0
problem33 0 1324600142428 0
problem34 0 1438281586288 0
problem35 0.01 1726097641205 0
problem36 0 1313740563921 0
problem37 0 1669663919299 0
problem38 0 1371164803012 0
problem39 0 1383500027687 0
problem40 0 1558798398775 0
problem41 0 1293633597524 0
problem42 0 1205016494930 0
problem43 0 1888580213275 0
problem44 0 1626821970120 0
problem45 0.01 1365929879010 0
problem46 0 1792185899435 0
problem47 0 1455584521348 0
problem48 0 1732783385779 0
problem49 0 1594790167716 0
problem50 0 1198716771531 0
problem51 0 1596583147338 0
problem52 0 1245688622946 0
problem53 0 1246441303392 0
problem54 0 1565876067701 0
problem55 0 1354979333081 0
problem56 0 1497585680781 0
problem57 0 1472450552332 0
problem58 0 1357841931667 0
problem59 0 1649738521093 0
problem60 0.01 1696754488336 0
problem61 0 1343286501979 0
problem62 0 1432045367350 0
problem63 0 1641433469122 0
problem64 0 1078837349755 0
problem65 0 1491637649499 0
problem66 0 1565392485639 0
problem67 0 1501689265614 0
problem68 0 1702027133366 0
problem69 0 1408069898706 0
problem70 0 1404216718490 0
problem71 0.01 1169051268954 0
problem72 0 1866987165695 0
problem73 0 1321494244219 0
problem74 0 1142498008984 0
problem75 0 1425144966812 0
problem76 0 1322043173028 0
problem77 0 1442631874851 0
problem78 0 1324399260991 0
problem79 0 1419295780747 0
problem80 0 1745689882077 0
problem81 0 1481011653226 0
problem82 0.01 1625131028150 0
problem83 0 1270083668585 0
problem84 0 1664924487917 0
problem85 0 1495461745132 0
problem86 0 1885637295233 0
problem87 0 1716982677902 0
problem88 0 1467519155120 0
problem89 0 1474965015144 0
problem90 0 1455116523897 0
problem91 0.01 1334147649314 0
problem92 0 1334070097537 0
problem93 0 1329392577805 0
problem94 0 1556756210990 0
problem95 0 1637269318595 0
problem96 0 1465463060845 0
problem97 0 1316570226517 0
problem98 0 1178399220399 0
problem99 0 1243516084951 0
