problem0 0 95583362412502 0 2208.00
problem1 0.00 99470506678287 0 2264.00
problem2 0.00 105765189297168 0 2264.00
problem3 0.00 88708896802244 0 2264.00
problem4 0.00 106267439263299 0 2264.00
problem5 0.00 88415549403183 0 2264.00
problem6 0.00 109406477337573 0 2264.00
problem7 0.00 97798780442016 0 2264.00
problem8 0.00 97018815027882 0 2264.00
problem9 0.00 99569981590541 0 2264.00
problem10 0.00 96642421285000 0 2264.00
problem11 0.00 111238368785359 0 2264.00
problem12 0.00 87109937142059 0 2264.00
problem13 0.00 107263018031426 0 2264.00
problem14 0.00 98117051013158 0 2264.00
problem15 0.00 92991828995173 0 2264.00
problem16 0.00 97890077036889 0 2264.00
problem17 0.00 94032340057523 0 2264.00
problem18 0.00 86981662791412 0 2264.00
problem19 0.00 86607452151185 0 2264.00
problem20 0.00 94541227728848 0 2264.00
problem21 0.00 106793662057803 0 2264.00
problem22 0.00 96861504891954 0 2264.00
problem23 0.00 97368139037868 0 2264.00
problem24 0.00 85786254594512 0 2264.00
problem25 0.00 99617459055545 0 2264.00
problem26 0.00 92377453101151 0 2264.00
problem27 0.00 86173753265097 0 2264.00
problem28 0.00 98038636253281 0 2264.00
problem29 0.00 80389579532952 0 2264.00
problem30 0.00 93899323284673 0 2264.00
problem31 0.00 101087994524674 0 2264.00
problem32 0.00 103595287822224 0 2264.00
problem33 0.00 111338362990057 0 2264.00
problem34 0.00 79919404840200 0 2264.00
problem35 0.00 110963015440736 0 2264.00
problem36 0.00 108096976107091 0 2264.00
problem37 0.00 83120344419471 0 2264.00
problem38 0.00 103302428224006 0 2264.00
problem39 0.00 112982435301988 0 2264.00
problem40 0.00 85980326590945 0 2264.00
problem41 0.01 106022372012665 0 2264.00
problem42 0.00 88175118037667 0 2264.00
problem43 0.00 114269739722890 0 2264.00
problem44 0.00 97238543221958 0 2264.00
problem45 0.00 92720015435182 0 2264.00
problem46 0.00 109299639488228 0 2264.00
problem47 0.00 93759092079265 0 2264.00
problem48 0.00 103242422727540 0 2264.00
problem49 0.00 89182994978637 0 2264.00
problem50 0.00 106672026399124 0 2264.00
problem51 0.00 90383862267559 0 2264.00
problem52 0.00 92563762507903 0 2264.00
problem53 0.00 95843727972823 0 2264.00
problem54 0.00 88428659468091 0 2264.00
problem55 0.00 102117337441720 0 2264.00
problem56 0.00 92278071226858 0 2264.00
problem57 0.00 109335892518148 0 2264.00
problem58 0.00 87612661971083 0 2264.00
problem59 0.00 100799050397064 0 2264.00
problem60 0.00 91298055771358 0 2264.00
problem61 0.00 77447241783604 0 2264.00
problem62 0.00 68814007484763 0 2264.00
problem63 0.00 102919043201186 0 2264.00
problem64 0.00 98277212546967 0 2264.00
problem65 0.00 93523608390957 0 2264.00
problem66 0.00 101918262536729 0 2264.00
problem67 0.00 109261234174591 0 2264.00
problem68 0.00 92904016304796 0 2264.00
problem69 0.00 101305026610576 0 2264.00
problem70 0.00 89131505705240 0 2264.00
problem71 0.00 100419025834475 0 2264.00
problem72 0.00 98074084110928 0 2264.00
problem73 0.00 79094863619643 0 2264.00
problem74 0.00 88744543888979 0 2264.00
problem75 0.00 103943935005731 0 2264.00
problem76 0.00 75135507165382 0 2264.00
problem77 0.00 115531387571700 0 2264.00
problem78 0.00 104538447248033 0 2264.00
problem79 0.00 89681384134783 0 2264.00
problem80 0.00 112137256835964 0 2264.00
problem81 0.00 79774828869739 0 2264.00
problem82 0.00 81379041998463 0 2264.00
problem83 0.00 105429186870244 0 2264.00
problem84 0.00 110846596027092 0 2264.00
problem85 0.01 93330950474531 0 2264.00
problem86 0.00 106751217501473 0 2264.00
problem87 0.00 93362208413746 0 2264.00
problem88 0.00 89527562870833 0 2264.00
problem89 0.00 99500299197881 0 2264.00
problem90 0.00 112372004975792 0 2264.00
problem91 0.00 81384442764647 0 2264.00
problem92 0.00 92292052370182 0 2264.00
problem93 0.00 90067050985467 0 2264.00
problem94 0.00 100928179221933 0 2264.00
problem95 0.00 111236074460624 0 2264.00
problem96 0.00 88092002129937 0 2264.00
problem97 0.00 112599191911266 0 2264.00
problem98 0.00 82676212298513 0 2264.00
problem99 0.00 87893711255540 0 2264.00
