problem0 0.01 3439379867 1
problem1 0.1 3248821113 1
problem2 0.03 2881515719 1
problem3 0.14 2942450949 1
problem4 0.07 3059938227 1
problem5 0.02 2954234961 1
problem6 0.04 3079854687 1
problem7 0.06 3213651293 1
problem8 0.03 2960158923 1
problem9 0.09 3175418921 1
problem10 0.1 2977809143 1
problem11 0 3183432885 1
problem12 0.01 2940902627 1
problem13 0 2978378497 1
problem14 0 2933951119 1
problem15 0.02 2986169101 1
problem16 0.15 3119437819 1
problem17 0.08 2951389401 1
problem18 0.06 2864091431 1
problem19 0.11 3016018021 1
problem20 0.2 3283517971 1
problem21 0.11 3082679729 1
problem22 0.1 2870425279 1
problem23 0.02 2945455293 1
problem24 0.12 3050765099 1
problem25 0 2986922377 1
problem26 0.04 3065371479 1
problem27 0.01 3159726101 1
problem28 0.01 3034686275 1
problem29 0.04 3205469281 1
problem30 0.04 2657214191 1
problem31 0 3104289389 1
problem32 0.01 3125008987 1
problem33 0.02 3218251321 1
problem34 0.03 2860949895 1
problem35 0 3189031877 1
problem36 0.08 2781282419 1
problem37 0.02 3213774609 1
problem38 0.22 2829812511 1
problem39 0.05 3001494557 1
problem40 0.04 2869982603 1
problem41 0 3308979945 1
problem42 0.01 3170100151 1
problem43 0.01 3076868981 1
problem44 0.01 2803997091 1
problem45 0.03 2903320001 1
problem46 0.01 2879333199 1
problem47 0.01 3111223757 1
problem48 0.07 2916601019 1
problem49 0.03 2650082201 1
problem50 0.02 3129516519 1
problem51 0.08 3261738789 1
problem52 0.07 2741792467 1
problem53 0.07 2938050673 1
problem54 0.02 2997337983 1
problem55 0.09 2963911549 1
problem56 0.05 2784288747 1
problem57 0.12 3178474569 1
problem58 0.01 2643450903 1
problem59 0.07 2902879957 1
problem60 0.12 2934079491 1
problem61 0.03 3306628897 1
problem62 0.02 3002095535 1
problem63 0.06 3293757741 1
problem64 0 3028463387 1
problem65 0.04 3001673977 1
problem66 0.07 3323236935 1
problem67 0.07 2698840709 1
problem68 0.08 2944322867 1
problem69 0.03 2651345361 1
problem70 0.05 3143887839 1
problem71 0 2817501917 1
problem72 0.07 3294378571 1
problem73 0.02 3041575337 1
problem74 0.02 3118580855 1
problem75 0.01 3008430645 1
problem76 0.03 3304871523 1
problem77 0.05 3368392833 1
problem78 0.01 3165486095 1
problem79 0.06 3200479373 1
problem80 0.01 3122430331 1
problem81 0.1 2873701977 1
problem82 0.08 3162665639 1
problem83 0 3179632101 1
problem84 0.17 3101039507 1
problem85 0.04 3152149297 1
problem86 0.02 3174565951 1
problem87 0 3151041085 1
problem88 0.1 3156116651 1
problem89 0.07 3008907017 1
problem90 0 2806095063 1
problem91 0.09 3093104021 1
problem92 0 2991004867 1
problem93 0.06 2981132769 1
problem94 0.03 2972618863 1
problem95 0 2983956461 1
problem96 0.03 2860336091 1
problem97 0.02 3215651769 1
problem98 0.01 2972336903 1
problem99 0.03 2625311045 1
