problem0 0.594658 198970013453 1
problem1 0.827062 202719335671 1
problem2 0.080363 191015267386 1
problem3 1.26014 194712441712 1
problem4 1.11669 192136402639 1
problem5 0.162068 191324266929 1
problem6 0.60357 173798654476 1
problem7 0.205885 211281419770 1
problem8 2.91398 190344827697 1
problem9 0.169584 195675117707 1
problem10 3.82273 194944178558 1
problem11 1.11989 201784664996 1
problem12 2.28463 205620354611 1
problem13 2.23239 199750443909 1
problem14 0.115179 188802036880 1
problem15 0.194805 194957713006 1
problem16 0.192557 204486904277 1
problem17 0.370366 182965210271 1
problem18 0.608016 193754314050 1
problem19 0.436863 196910327896 1
problem20 1.94947 188307179543 1
problem21 2.98753 190200593881 1
problem22 0.395347 198966779284 1
problem23 0.12587 192584678242 1
problem24 1.04638 208705252089 1
problem25 0.752561 189637656883 1
problem26 1.23707 188568670086 1
problem27 0.142082 198100906380 1
problem28 0.608676 197040972923 1
problem29 0.492611 199598997677 1
problem30 0.063777 191631101208 1
problem31 1.53746 204438766806 1
problem32 0.384356 189669394077 1
problem33 1.23919 216951588423 1
problem34 0.699448 183358830666 1
problem35 0.111573 184153362240 1
problem36 0.120523 195520430943 1
problem37 3.08731 216747768833 1
problem38 0.58599 194548093724 1
problem39 0.072776 193773439690 1
problem40 1.2888 198611381441 1
problem41 1.85092 184080591835 1
problem42 0.025307 196626104206 1
problem43 0.562899 201340653940 1
problem44 0.877913 185198884035 1
problem45 0.198645 201943613397 1
problem46 0.8022 193413119904 1
problem47 0.012592 188208078142 1
problem48 1.03784 195335433573 1
problem49 0.614692 185630392815 1
problem50 0.347427 191075628370 1
problem51 0.572565 196432300072 1
problem52 0.064843 180089112743 1
problem53 0.27876 184038218793 1
problem54 1.00484 195017450148 1
problem55 0.15825 208378678322 1
problem56 0.369483 204283795593 1
problem57 0.119226 193092491395 1
problem58 0.674113 172539029910 1
problem59 0.145026 194520286044 1
problem60 0.15869 192976670475 1
problem61 0.62864 205161521405 1
problem62 0.530078 195509963816 1
problem63 0.088338 187059087270 1
problem64 0.947567 181363392045 1
problem65 1.66545 185928744855 1
problem66 0.258935 198300118106 1
problem67 0.848474 201027539728 1
problem68 0.161908 194387007471 1
problem69 1.43075 203302166097 1
problem70 0.415417 191205870636 1
problem71 0.899963 200875327386 1
problem72 0.03306 197123665489 1
problem73 0.317712 205480757035 1
problem74 0.345095 208924265886 1
problem75 0.870441 199413647172 1
problem76 3.86777 201072702291 1
problem77 0.783678 206407312421 1
problem78 0.506857 204025164464 1
problem79 0.157092 189979288590 1
problem80 0.256846 186813806837 1
problem81 0.762719 185675185983 1
problem82 6.73195 183955168610 1
problem83 2.98461 199480651768 1
problem84 0.904196 199815541047 1
problem85 0.732716 183019274873 1
problem86 0.079775 201301725108 1
problem87 3.70025 211506324738 1
problem88 1.42583 175704960537 1
problem89 0.005149 204770064339 1
problem90 5.28625 191982250918 1
problem91 0.143015 198839983404 1
problem92 1.56294 192158769563 1
problem93 0.55943 195841575245 1
problem94 2.25056 186988458808 1
problem95 1.40447 204614537846 1
problem96 1.06536 204435807677 1
problem97 0.215371 172447138023 1
problem98 2.73999 189049833578 1
problem99 0.955596 207864372960 1
