problem0 0.01 248128 5 -243715496 6.95334e-310 0.00
problem1 0.03 310911 5 -243715496 6.95334e-310 0.00
problem2 0.01 195730 5 -243715496 6.95334e-310 0.00
problem3 0.01 265438 5 -243715496 6.95334e-310 0.00
problem4 0.01 254154 5 -243715496 6.95334e-310 0.00
problem5 0.02 233916 5 -243715496 6.95334e-310 0.00
problem6 0.02 257512 5 -243715496 6.95334e-310 0.00
problem7 0.01 263451 5 -243715496 6.95334e-310 0.00
problem8 0.02 256186 5 -243715496 6.95334e-310 0.00
problem9 0.03 263519 5 -243715496 6.95334e-310 0.00
problem10 0 215359 5 -243715496 6.95334e-310 0.00
problem11 0.04 268119 5 -243715496 6.95334e-310 0.00
problem12 0.01 211626 5 -243715496 6.95334e-310 0.00
problem13 0.01 252265 5 -243715496 6.95334e-310 0.00
problem14 0.02 262600 5 -243715496 6.95334e-310 0.00
problem15 0.01 236846 5 -243715496 6.95334e-310 0.00
problem16 0.04 274483 5 -243715496 6.95334e-310 0.00
problem17 0.01 249305 5 -243715496 6.95334e-310 0.00
problem18 0.02 251781 5 -243715496 6.95334e-310 0.00
problem19 0.01 271211 5 -243715496 6.95334e-310 0.00
problem20 0.02 244874 5 -243715496 6.95334e-310 0.00
problem21 0.01 212041 5 -243715496 6.95334e-310 0.00
problem22 0.01 218946 5 -243715496 6.95334e-310 0.00
problem23 0.03 263079 5 -243715496 6.95334e-310 0.00
problem24 0.01 237485 5 -243715496 6.95334e-310 0.00
problem25 0.02 255161 5 -243715496 6.95334e-310 0.00
problem26 0.01 239461 5 -243715496 6.95334e-310 0.00
problem27 0.03 261604 5 -243715496 6.95334e-310 0.00
problem28 0.01 222826 5 -243715496 6.95334e-310 0.00
problem29 0.01 257423 5 -243715496 6.95334e-310 0.00
problem30 0.02 244514 5 -243715496 6.95334e-310 0.00
problem31 0.01 224187 5 -243715496 6.95334e-310 0.00
problem32 0.03 263155 5 -243715496 6.95334e-310 0.00
problem33 0.03 267980 5 -243715496 6.95334e-310 0.00
problem34 0.03 230827 5 -243715496 6.95334e-310 0.00
problem35 0.01 252407 5 -243715496 6.95334e-310 0.00
problem36 0.02 276554 5 -243715496 6.95334e-310 0.00
problem37 0.01 244233 5 -243715496 6.95334e-310 0.00
problem38 0.02 195125 5 -243715496 6.95334e-310 0.00
problem39 0 264347 5 -243715496 6.95334e-310 0.00
problem40 0.03 246637 5 -243715496 6.95334e-310 0.00
problem41 0.03 261548 5 -243715496 6.95334e-310 0.00
problem42 0.01 265202 5 -243715496 6.95334e-310 0.00
problem43 0.01 217406 5 -243715496 6.95334e-310 0.00
problem44 0.01 235664 5 -243715496 6.95334e-310 0.00
problem45 0.02 251113 5 -243715496 6.95334e-310 0.00
problem46 0.01 228066 5 -243715496 6.95334e-310 0.00
problem47 0.01 265595 5 -243715496 6.95334e-310 0.00
problem48 0.01 240359 5 -243715496 6.95334e-310 0.00
problem49 0.02 235865 5 -243715496 6.95334e-310 0.00
problem50 0.01 250834 5 -243715496 6.95334e-310 0.00
problem51 0 235243 5 -243715496 6.95334e-310 0.00
problem52 0.02 283658 5 -243715496 6.95334e-310 0.00
problem53 0.02 238742 5 -243715496 6.95334e-310 0.00
problem54 0.01 304015 5 -243715496 6.95334e-310 0.00
problem55 0.02 241038 5 -243715496 6.95334e-310 0.00
problem56 0.02 283642 5 -243715496 6.95334e-310 0.00
problem57 0.01 282681 5 -243715496 6.95334e-310 0.00
problem58 0.02 266367 5 -243715496 6.95334e-310 0.00
problem59 0.01 240382 5 -243715496 6.95334e-310 0.00
problem60 0.01 223927 5 -243715496 6.95334e-310 0.00
problem61 0.02 259548 5 -243715496 6.95334e-310 0.00
problem62 0.02 226363 5 -243715496 6.95334e-310 0.00
problem63 0.02 243105 5 -243715496 6.95334e-310 0.00
problem64 0.01 271629 5 -243715496 6.95334e-310 0.00
problem65 0.01 257817 5 -243715496 6.95334e-310 0.00
problem66 0.01 233157 5 -243715496 6.95334e-310 0.00
problem67 0.02 259038 5 -243715496 6.95334e-310 0.00
problem68 0.01 279293 5 -243715496 6.95334e-310 0.00
problem69 0.01 274211 5 -243715496 6.95334e-310 0.00
problem70 0.01 217935 5 -243715496 6.95334e-310 0.00
problem71 0.02 245582 5 -243715496 6.95334e-310 0.00
problem72 0.01 243642 5 -243715496 6.95334e-310 0.00
problem73 0.03 279238 5 -243715496 6.95334e-310 0.00
problem74 0.01 256063 5 -243715496 6.95334e-310 0.00
problem75 0.01 225675 5 -243715496 6.95334e-310 0.00
problem76 0.01 240042 5 -243715496 6.95334e-310 0.00
problem77 0.01 269622 5 -243715496 6.95334e-310 0.00
problem78 0.02 265621 5 -243715496 6.95334e-310 0.00
problem79 0.01 235361 5 -243715496 6.95334e-310 0.00
problem80 0.01 225895 5 -243715496 6.95334e-310 0.00
problem81 0.02 255193 5 -243715496 6.95334e-310 0.00
problem82 0.02 269547 5 -243715496 6.95334e-310 0.00
problem83 0.01 232043 5 -243715496 6.95334e-310 0.00
problem84 0.03 250352 5 -243715496 6.95334e-310 0.00
problem85 0.01 245782 5 -243715496 6.95334e-310 0.00
problem86 0.02 290779 5 -243715496 6.95334e-310 0.00
problem87 0.02 199335 5 -243715496 6.95334e-310 0.00
problem88 0.01 244602 5 -243715496 6.95334e-310 0.00
problem89 0.01 251219 5 -243715496 6.95334e-310 0.00
problem90 0.03 247397 5 -243715496 6.95334e-310 0.00
problem91 0.01 265035 5 -243715496 6.95334e-310 0.00
problem92 0.02 231581 5 -243715496 6.95334e-310 0.00
problem93 0.01 281334 5 -243715496 6.95334e-310 0.00
problem94 0.02 254088 5 -243715496 6.95334e-310 0.00
problem95 0.02 268577 5 -243715496 6.95334e-310 0.00
problem96 0.01 208013 5 -243715496 6.95334e-310 0.00
problem97 0.02 267315 5 -243715496 6.95334e-310 0.00
problem98 0.01 215826 5 -243715496 6.95334e-310 0.00
problem99 0.01 219793 5 -243715496 6.95334e-310 0.00
