problem0 0 11976660 1
problem1 0 13701193 0
problem2 0 13586577 1
problem3 0 12603458 0
problem4 0 13088534 1
problem5 0 11788899 0
problem6 0 12022947 1
problem7 0 11841260 0
problem8 0 11979896 1
problem9 0 13711390 1
problem10 0 13079509 1
problem11 0 11676214 0
problem12 0 13271546 1
problem13 0 13986679 0
problem14 0 12386343 1
problem15 0 11512864 0
problem16 0 12024220 1
problem17 0 12875377 0
problem18 0 11807641 1
problem19 0 14466730 0
problem20 0 11957598 1
problem21 0 12055308 1
problem22 0 12494891 1
problem23 0 12553173 1
problem24 0 12998464 1
problem25 0 12393286 1
problem26 0 13182941 1
problem27 0 12246430 0
problem28 0 12984642 1
problem29 0 12503327 0
problem30 0 12156079 1
problem31 0 13114888 0
problem32 0 12252516 1
problem33 0 11499161 0
problem34 0 11573409 1
problem35 0 12932882 0
problem36 0 12981670 1
problem37 0 13057459 0
problem38 0 13143475 1
problem39 0 12530364 0
problem40 0 14083080 1
problem41 0 12703854 1
problem42 0 12226021 1
problem43 0 12516102 0
problem44 0 12640906 1
problem45 0 13410503 0
problem46 0 11332407 1
problem47 0 12622320 0
problem48 0 12956460 1
problem49 0 13930689 0
problem50 0 13178793 1
problem51 0 13146490 0
problem52 0 12523502 1
problem53 0 14434907 0
problem54 0 11380027 1
problem55 0 13509540 0
problem56 0 12382928 1
problem57 0 13234069 0
problem58 0 13125101 1
problem59 0 11600495 1
problem60 0 12273106 1
problem61 0 11629167 0
problem62 0 13355967 1
problem63 0 14393304 0
problem64 0 11023092 1
problem65 0 12207337 0
problem66 0 11675825 1
problem67 0 14747106 0
problem68 0 12975158 1
problem69 0 13730051 0
problem70 0 12218051 1
problem71 0 12770956 0
problem72 0 13173656 1
problem73 0 13099197 0
problem74 0 13553653 1
problem75 0 12547030 0
problem76 0 12176154 1
problem77 0 12828183 0
problem78 0 12754503 1
problem79 0 11251648 0
problem80 0 11728060 1
problem81 0 13570833 0
problem82 0 13388729 1
problem83 0 12393546 0
problem84 0 11747966 1
problem85 0 12417451 0
problem86 0 11496011 1
problem87 0 12575605 1
problem88 0 12031584 1
problem89 0 11152357 0
problem90 0 13282301 1
problem91 0 12111678 0
problem92 0 13955682 1
problem93 0 13501375 0
problem94 0 12706511 1
problem95 0 12798377 1
problem96 0 12220548 1
problem97 0 13466425 0
problem98 0 12320961 1
problem99 0 12278962 0
