problem0 0 95383951283 0 2208.00
problem1 0.00 97510500351 0 2264.00
problem2 0.00 86116902447 0 2264.00
problem3 0.00 95642212515 0 2264.00
problem4 0.00 84927574088 0 2264.00
problem5 0.00 106640986482 0 2264.00
problem6 0.00 82059202603 0 2264.00
problem7 0.00 86238133936 0 2264.00
problem8 0.00 79357987375 0 2264.00
problem9 0.00 70881058834 0 2264.00
problem10 0.00 60325909736 0 2264.00
problem11 0.00 101348353924 0 2264.00
problem12 0.00 86338182678 0 2264.00
problem13 0.00 92137390252 0 2264.00
problem14 0.00 89527472212 0 2264.00
problem15 0.00 84717224054 0 2264.00
problem16 0.00 92483526949 0 2264.00
problem17 0.00 77189418183 0 2264.00
problem18 0.00 73077195616 0 2264.00
problem19 0.00 91782617063 0 2264.00
problem20 0.00 92891113505 0 2264.00
problem21 0.00 93634432604 0 2264.00
problem22 0.00 70777405711 0 2264.00
problem23 0.00 87276596538 0 2264.00
problem24 0.00 94896620112 0 2264.00
problem25 0.00 72998149616 0 2264.00
problem26 0.00 79238815389 0 2264.00
problem27 0.00 77832349269 0 2264.00
problem28 0.00 96063077574 0 2264.00
problem29 0.00 89370873546 0 2264.00
problem30 0.00 69998933294 0 2264.00
problem31 0.00 81382535984 0 2264.00
problem32 0.00 96528568881 0 2264.00
problem33 0.00 79697257693 0 2264.00
problem34 0.00 87768914845 0 2264.00
problem35 0.00 79377563509 0 2264.00
problem36 0.00 76995192150 0 2264.00
problem37 0.00 88053248436 0 2264.00
problem38 0.00 65213125321 0 2264.00
problem39 0.00 89263601347 0 2264.00
problem40 0.00 71205755864 0 2264.00
problem41 0.00 89014563910 0 2264.00
problem42 0.00 84405798882 0 2264.00
problem43 0.00 82340996303 0 2264.00
problem44 0.00 83803557123 0 2264.00
problem45 0.00 85905455991 0 2264.00
problem46 0.00 71350688761 0 2264.00
problem47 0.00 90601649988 0 2264.00
problem48 0.00 94089173774 0 2264.00
problem49 0.00 97375245783 0 2264.00
problem50 0.00 74617716766 0 2264.00
problem51 0.00 90228275444 0 2264.00
problem52 0.00 102729622244 0 2264.00
problem53 0.00 58079195098 0 2264.00
problem54 0.00 88712199930 0 2264.00
problem55 0.00 91250828633 0 2264.00
problem56 0.00 92565825386 0 2264.00
problem57 0.00 88722701119 0 2264.00
problem58 0.00 75013103116 0 2264.00
problem59 0.00 89767020626 0 2264.00
problem60 0.00 83910659577 0 2264.00
problem61 0.00 104683477619 0 2264.00
problem62 0.00 94379334982 0 2264.00
problem63 0.00 80288225692 0 2264.00
problem64 0.00 86767434781 0 2264.00
problem65 0.00 77467454104 0 2264.00
problem66 0.00 87570513242 0 2264.00
problem67 0.00 85268551934 0 2264.00
problem68 0.00 78818007002 0 2264.00
problem69 0.00 64236378669 0 2264.00
problem70 0.00 67983202278 0 2264.00
problem71 0.00 81553366611 0 2264.00
problem72 0.01 86490747582 0 2264.00
problem73 0.00 91307502313 0 2264.00
problem74 0.00 82459213329 0 2264.00
problem75 0.00 81446171964 0 2264.00
problem76 0.00 59868912396 0 2264.00
problem77 0.00 72011638840 0 2264.00
problem78 0.00 86194838883 0 2264.00
problem79 0.00 84927929743 0 2264.00
problem80 0.00 91197836786 0 2264.00
problem81 0.00 85329362390 0 2264.00
problem82 0.00 92527925407 0 2264.00
problem83 0.00 83415415078 0 2264.00
problem84 0.00 109404996974 0 2264.00
problem85 0.00 79001722739 0 2264.00
problem86 0.00 82206211714 0 2264.00
problem87 0.00 80697460524 0 2264.00
problem88 0.00 90016222912 0 2264.00
problem89 0.00 105216353701 0 2264.00
problem90 0.00 75865904381 0 2264.00
problem91 0.00 88105241425 0 2264.00
problem92 0.00 84684426807 0 2264.00
problem93 0.00 83846833819 0 2264.00
problem94 0.00 94838866230 0 2264.00
problem95 0.00 85319135137 0 2264.00
problem96 0.00 87508020037 0 2264.00
problem97 0.00 81090006530 0 2264.00
problem98 0.00 104782017920 0 2264.00
problem99 0.00 84257203112 0 2264.00
