problem0 0.42 44459262678 1
problem1 3.54 51551471286 1
problem2 0.42 42688943766 1
problem3 5.97 28590977654 1
problem4 0.62 46647401046 1
problem5 0.83 43310288438 1
problem6 0.16 45322227222 1
problem7 0.07 46403000822 1
problem8 0.57 43186385366 1
problem9 0.51 44313400758 1
problem10 0.6 46239565206 1
problem11 0.66 44475629942 1
problem12 0.83 45902055766 1
problem13 1.14 34912591158 1
problem14 2.81 48005774614 1
problem15 1.73 43291748598 1
problem16 7.14 45950722262 1
problem17 0.33 49952040118 1
problem18 2.23 38958593174 1
problem19 0 42664710262 1
problem20 0.25 39588968534 1
