problem0 11.8 1022446419815964 5 -126812264 6.95335e-310 0.00
problem1 18.58 965623478042887 5 -126812264 6.95335e-310 0.00
problem2 36.36 983044564765979 5 -126812264 6.95335e-310 0.00
problem3 3.65 738691204730060 5 -126812264 6.95335e-310 0.00
problem4 23.56 715757377450134 5 -126812264 6.95335e-310 0.00
problem5 18.52 879939364698363 5 -126812264 6.95335e-310 0.00
problem6 18.99 824361706938546 5 -126812264 6.95335e-310 0.00
problem7 9.04 1009006188896813 5 -126812264 6.95335e-310 0.00
problem8 6.23 784182230045435 5 -126812264 6.95335e-310 0.00
problem9 6.22 697520671030104 5 -126812264 6.95335e-310 0.00
problem10 34.95 960156117780469 5 -126812264 6.95335e-310 0.00
problem11 7.08 843293310271074 5 -126812264 6.95335e-310 0.00
problem12 5.98 885481594716617 5 -126812264 6.95335e-310 0.00
problem13 15.12 808313213413710 5 -126812264 6.95335e-310 0.00
problem14 21.61 787666998577056 5 -126812264 6.95335e-310 0.00
problem15 40.75 971682618861426 5 -126812264 6.95335e-310 0.00
problem16 22.63 943588251499072 5 -126812264 6.95335e-310 0.00
problem17 37.05 972856086356169 5 -126812264 6.95335e-310 0.00
problem18 6.2 713166646327658 5 -126812264 6.95335e-310 0.00
problem19 7.78 817061586954199 5 -126812264 6.95335e-310 0.00
problem20 11.09 893876426587040 5 -126812264 6.95335e-310 0.00
problem21 15.68 844673510140558 5 -126812264 6.95335e-310 0.00
problem22 53.85 831936136216066 5 -126812264 6.95335e-310 0.00
problem23 12.01 1096345689166650 5 -126812264 6.95335e-310 0.00
problem24 35.33 907042237760406 5 -126812264 6.95335e-310 0.00
problem25 4.34 910398665458559 5 -126812264 6.95335e-310 0.00
problem26 7.13 823904642056079 5 -126812264 6.95335e-310 0.00
problem27 7.1 860362912385280 5 -126812264 6.95335e-310 0.00
problem28 50.81 866988717408863 5 -126812264 6.95335e-310 0.00
problem29 10.71 838297901307494 5 -126812264 6.95335e-310 0.00
problem30 8.75 896591936003048 5 -126812264 6.95335e-310 0.00
problem31 9.45 845931606975979 5 -126812264 6.95335e-310 0.00
problem32 11.73 833564302533023 5 -126812264 6.95335e-310 0.00
problem33 5.15 832144096184308 5 -126812264 6.95335e-310 0.00
problem34 4.55 872561744807363 5 -126812264 6.95335e-310 0.00
problem35 6.93 865778552490127 5 -126812264 6.95335e-310 0.00
problem36 7.12 950402348430307 5 -126812264 6.95335e-310 0.00
problem37 34.02 980002419674669 5 -126812264 6.95335e-310 0.00
problem38 23.84 891984798218078 5 -126812264 6.95335e-310 0.00
problem39 10.26 826173431411669 5 -126812264 6.95335e-310 0.00
problem40 41.65 1014368589159302 5 -126812264 6.95335e-310 0.00
problem41 24.93 998500290262963 5 -126812264 6.95335e-310 0.00
problem42 28.3 860948089018648 5 -126812264 6.95335e-310 0.00
problem43 11.52 1022860593358543 5 -126812264 6.95335e-310 0.00
problem44 50.53 1053955217317200 5 -126812264 6.95335e-310 0.00
problem45 11.82 809373583310220 5 -126812264 6.95335e-310 0.00
problem46 5.43 929880001659094 5 -126812264 6.95335e-310 0.00
problem47 24.37 937191229514735 5 -126812264 6.95335e-310 0.00
problem48 14.3 831706354772927 5 -126812264 6.95335e-310 0.00
problem49 45.49 737053793954098 5 -126812264 6.95335e-310 0.00
problem50 8.18 895445156537707 5 -126812264 6.95335e-310 0.00
problem51 6.64 803520839867068 5 -126812264 6.95335e-310 0.00
problem52 20.89 814444063324052 5 -126812264 6.95335e-310 0.00
problem53 38.46 961664771308998 5 -126812264 6.95335e-310 0.00
problem54 8.34 1083858523088857 5 -126812264 6.95335e-310 0.00
problem55 18.83 818954027950922 5 -126812264 6.95335e-310 0.00
problem56 11.68 941535825662545 5 -126812264 6.95335e-310 0.00
problem57 8.22 888901013265810 5 -126812264 6.95335e-310 0.00
problem58 6.52 795105736038264 5 -126812264 6.95335e-310 0.00
problem59 7.68 921361227451859 5 -126812264 6.95335e-310 0.00
problem60 16.19 892275122700881 5 -126812264 6.95335e-310 0.00
problem61 8.69 923442148254350 5 -126812264 6.95335e-310 0.00
problem62 17.56 733133774774498 5 -126812264 6.95335e-310 0.00
problem63 14.56 867318432119210 5 -126812264 6.95335e-310 0.00
problem64 11 915118534809529 5 -126812264 6.95335e-310 0.00
problem65 36.19 987554780527826 5 -126812264 6.95335e-310 0.00
problem66 43.64 914977297090317 5 -126812264 6.95335e-310 0.00
problem67 8.06 774467832432499 5 -126812264 6.95335e-310 0.00
problem68 6.17 865103014466996 5 -126812264 6.95335e-310 0.00
problem69 23.3 791709752628873 5 -126812264 6.95335e-310 0.00
problem70 19.45 747296735701406 5 -126812264 6.95335e-310 0.00
problem71 5.55 844405691099810 5 -126812264 6.95335e-310 0.00
problem72 7.5 815353787854145 5 -126812264 6.95335e-310 0.00
problem73 8.8 900726779533475 5 -126812264 6.95335e-310 0.00
problem74 7.15 872578623986270 5 -126812264 6.95335e-310 0.00
problem75 6.23 875733128126157 5 -126812264 6.95335e-310 0.00
problem76 26.04 842581429176872 5 -126812264 6.95335e-310 0.00
problem77 7.37 780289338785336 5 -126812264 6.95335e-310 0.00
problem78 8.16 979232147184436 5 -126812264 6.95335e-310 0.00
problem79 9.55 806587267223993 5 -126812264 6.95335e-310 0.00
problem80 8.49 695383133866081 5 -126812264 6.95335e-310 0.00
problem81 25.1 740751562179644 5 -126812264 6.95335e-310 0.00
problem82 6.8 867831541372484 5 -126812264 6.95335e-310 0.00
problem83 37.25 1051715182991000 5 -126812264 6.95335e-310 0.00
problem84 59.33 997684624368423 5 -126812264 6.95335e-310 0.00
problem85 9.88 838626178165947 5 -126812264 6.95335e-310 0.00
problem86 7.33 773888456963166 5 -126812264 6.95335e-310 0.00
problem87 10.34 1124780501855771 5 -126812264 6.95335e-310 0.00
problem88 10.95 778136931977412 5 -126812264 6.95335e-310 0.00
problem89 22.08 837891801373068 5 -126812264 6.95335e-310 0.00
problem90 8.43 1001169485185993 5 -126812264 6.95335e-310 0.00
problem91 7.67 837938609967948 5 -126812264 6.95335e-310 0.00
problem92 13.45 754057643364764 5 -126812264 6.95335e-310 0.00
problem93 4.78 801245021172686 5 -126812264 6.95335e-310 0.00
problem94 23.31 1032445187951659 5 -126812264 6.95335e-310 0.00
problem95 22.96 1008265152188269 5 -126812264 6.95335e-310 0.00
problem96 6.64 512818029958969 5 -126812264 6.95335e-310 0.00
problem97 27.51 1020012898977460 5 -126812264 6.95335e-310 0.00
problem98 4.98 860719421024260 5 -126812264 6.95335e-310 0.00
problem99 25.86 869270678830539 5 -126812264 6.95335e-310 0.00
