problem0 0.03 710595717 1
problem1 0 642718194 1
problem2 0 796406278 1
problem3 0.02 654262551 1
problem4 0 694598623 1
problem5 0.04 680985844 1
problem6 0.01 753430608 1
problem7 0 603063497 1
problem8 0.02 597734297 1
problem9 0.05 748985814 1
problem10 0 616521722 1
problem11 0.05 711801691 1
problem12 0.01 653874611 1
problem13 0.03 655959704 1
problem14 0.01 712149764 1
problem15 0 630249165 1
problem16 0.01 580754477 1
problem17 0.01 648003898 1
problem18 0.01 611638126 1
problem19 0 585869599 1
problem20 0 617668871 1
problem21 0.01 611282876 1
problem22 0 620796728 1
problem23 0.15 665674833 1
problem24 0 673635905 1
problem25 0 581768222 1
problem26 0.03 641823842 1
problem27 0.04 632855139 1
problem28 0 689810907 1
problem29 0 716009568 1
problem30 0.03 668889324 1
problem31 0.04 664059221 1
problem32 0 672647637 1
problem33 0.01 672605826 1
problem34 0 702806742 1
problem35 0.01 658513703 1
problem36 0 666242095 1
problem37 0.02 702855300 1
problem38 0 638442528 1
problem39 0 635564505 1
problem40 0 630304489 1
problem41 0.03 642156646 1
problem42 0.05 695287498 1
problem43 0.05 777799531 1
problem44 0 659966979 1
problem45 0.02 761583656 1
problem46 0 646360276 1
problem47 0 683545053 1
problem48 0 641457533 1
problem49 0.05 620874186 1
problem50 0.02 747900990 1
problem51 0.01 647308079 1
problem52 0.02 702594391 1
problem53 0.02 620453708 1
problem54 0.03 729199368 1
problem55 0 606088545 1
problem56 0.01 679716241 1
problem57 0 615348910 1
problem58 0.01 734871346 1
problem59 0.01 660652659 1
problem60 0.01 647868459 1
problem61 0.01 691265008 1
problem62 0 696368828 1
problem63 0.04 705516645 1
problem64 0.01 685528869 1
problem65 0.13 680274706 1
problem66 0.02 682859430 1
problem67 0 677590327 1
problem68 0.01 645624959 1
problem69 0 630711316 1
problem70 0 671195120 1
problem71 0.02 685283049 1
problem72 0.01 587153977 1
problem73 0.09 754871030 1
problem74 0.01 758379930 1
problem75 0.01 665750395 1
problem76 0.05 659446355 1
problem77 0.06 686752184 1
problem78 0.01 625354404 1
problem79 0.05 627246317 1
problem80 0.01 657176269 1
problem81 0.02 683854426 1
problem82 0.01 634461454 1
problem83 0.02 671274303 1
problem84 0.03 672182695 1
problem85 0.01 712951516 1
problem86 0.02 651502296 1
problem87 0 677097073 1
problem88 0 610731233 1
problem89 0.02 691394878 1
problem90 0 702800386 1
problem91 0.04 739123843 1
problem92 0 623037051 1
problem93 0 659211136 1
problem94 0.02 648701068 1
problem95 0.01 679453557 1
problem96 0 683441269 1
problem97 0.02 630335394 1
problem98 0.02 618337398 1
problem99 0.01 699171655 1
