problem0 0 3003768528 1
problem1 0 2748794518 1
problem2 0 2907873037 1
problem3 0 2710519759 1
problem4 0 2980502162 1
problem5 0 2668103856 1
problem6 0 2554587807 1
problem7 0 2790977913 1
problem8 0 2803436148 1
problem9 0 2742486122 1
problem10 0 2778998609 1
problem11 0 3176764867 1
problem12 0 2703962230 1
problem13 0 2512999364 1
problem14 0 2871387939 1
problem15 0 2815940269 1
problem16 0 2479632024 1
problem17 0 2735583422 1
problem18 0 2816269333 1
problem19 0 2680487479 1
problem20 0 2865825498 1
problem21 0 2765518168 1
problem22 0 2647644199 1
problem23 0 2539452001 1
problem24 0 2614549308 1
problem25 0 2599656338 1
problem26 0 2829765977 1
problem27 0 2742176043 1
problem28 0 2923752894 1
problem29 0 2630663532 1
problem30 0.01 2677067179 1
problem31 0 2723684501 1
problem32 0 2741936224 1
problem33 0 2556105958 1
problem34 0 2685274909 1
problem35 0 2909554335 1
problem36 0 2631234850 1
problem37 0 2965601280 1
problem38 0 2687096751 1
problem39 0 2537629001 1
problem40 0 2727022084 1
problem41 0 2593156282 1
problem42 0 2778244449 1
problem43 0 2422720147 1
problem44 0 2813537542 1
problem45 0 2542534932 1
problem46 0 2551055923 1
problem47 0 2631521405 1
problem48 0 2670048296 1
problem49 0 2486825742 1
problem50 0 2494475301 1
problem51 0 2818808071 1
problem52 0 2385552746 1
problem53 0 2633079976 1
problem54 0 2694998327 1
problem55 0 2909666865 1
problem56 0 3011125964 1
problem57 0 2694313954 1
problem58 0 2630233961 1
problem59 0 2684915195 1
problem60 0 2751622734 1
problem61 0 2935594684 1
problem62 0 2961051835 1
problem63 0 2853401189 1
problem64 0 2823154160 1
problem65 0 2898578230 1
problem66 0 2913419053 1
problem67 0 2678682991 1
problem68 0 2743015346 1
problem69 0 3139655504 1
problem70 0 2812939455 1
problem71 0 2783576345 1
problem72 0 2399705492 1
problem73 0 2767502602 1
problem74 0 3081497457 1
problem75 0 2965577571 1
problem76 0 2816422294 1
problem77 0 2611484260 1
problem78 0.01 2413915459 1
problem79 0 2707126861 1
problem80 0 2487468472 1
problem81 0 2645957982 1
problem82 0 2751480885 1
problem83 0 3004980183 1
problem84 0 2742897658 1
problem85 0 2629512184 1
problem86 0 2765177415 1
problem87 0 2841357825 1
problem88 0 2713383516 1
problem89 0 2704358450 1
problem90 0 2766297465 1
problem91 0 2678454987 1
problem92 0 2719348446 1
problem93 0 2580146188 1
problem94 0 2690161611 1
problem95 0 2796055605 1
problem96 0 2629024640 1
problem97 0 2825415046 1
problem98 0 2581740349 1
problem99 0 2612710463 1
