problem0 0 192981 1 0.00
problem1 0.00 174605 1 0.00
problem2 0.00 172741 1 0.00
problem3 0.00 189437 1 0.00
problem4 0.00 181685 1 0.00
problem5 0.00 180205 1 0.00
problem6 0.00 187045 1 0.00
problem7 0.00 196061 1 0.00
problem8 0.00 192917 1 0.00
problem9 0.00 196045 1 0.00
problem10 0.00 182917 1 0.00
problem11 0.00 208829 1 0.00
problem12 0.00 206197 1 0.00
problem13 0.00 172973 1 0.00
problem14 0.00 184933 1 0.00
problem15 0.00 207261 1 0.00
problem16 0.00 184661 1 0.00
problem17 0.00 201101 1 0.00
problem18 0.00 193093 1 0.00
problem19 0.00 191357 1 0.00
problem20 0.00 181557 1 0.00
problem21 0.00 198509 1 0.00
problem22 0.00 186917 1 0.00
problem23 0.00 185693 1 0.00
problem24 0.00 192789 1 0.00
problem25 0.00 173389 1 0.00
problem26 0.00 170501 1 0.00
problem27 0.00 190269 1 0.00
problem28 0.00 189685 1 0.00
problem29 0.00 211757 1 0.00
problem30 0.00 192997 1 0.00
problem31 0.00 192797 1 0.00
problem32 0.00 213205 1 0.00
problem33 0.00 166157 1 0.00
problem34 0.00 176581 1 0.00
problem35 0.00 185085 1 0.00
problem36 0.00 189621 1 0.00
problem37 0.00 179949 1 0.00
problem38 0.00 186789 1 0.00
problem39 0.00 171229 1 0.00
problem40 0.00 176277 1 0.00
problem41 0.00 199885 1 0.00
problem42 0.00 194949 1 0.00
problem43 0.00 196285 1 0.00
problem44 0.00 173173 1 0.00
problem45 0.00 197293 1 0.00
problem46 0.00 196965 1 0.00
problem47 0.00 207005 1 0.00
problem48 0.00 196693 1 0.00
problem49 0.00 188557 1 0.00
problem50 0.00 188741 1 0.00
problem51 0.00 182909 1 0.00
problem52 0.00 181301 1 0.00
problem53 0.00 177773 1 0.00
problem54 0.00 182565 1 0.00
problem55 0.00 197725 1 0.00
problem56 0.00 192533 1 0.00
problem57 0.00 214093 1 0.00
problem58 0.00 190725 1 0.00
problem59 0.00 177725 1 0.00
problem60 0.00 189429 1 0.00
problem61 0.00 182829 1 0.00
problem62 0.00 192741 1 0.00
problem63 0.00 180253 1 0.00
problem64 0.00 188373 1 0.00
problem65 0.00 186381 1 0.00
problem66 0.00 184517 1 0.00
problem67 0.00 188925 1 0.00
problem68 0.00 193461 1 0.00
problem69 0.00 179693 1 0.00
problem70 0.00 207013 1 0.00
problem71 0.00 195549 1 0.00
problem72 0.00 196501 1 0.00
problem73 0.00 187341 1 0.00
problem74 0.00 186501 1 0.00
problem75 0.00 187837 1 0.00
problem76 0.00 172917 1 0.00
problem77 0.00 180653 1 0.00
problem78 0.00 204901 1 0.00
problem79 0.00 198557 1 0.00
problem80 0.00 188245 1 0.00
problem81 0.00 180109 1 0.00
problem82 0.00 176197 1 0.00
problem83 0.00 174461 1 0.00
problem84 0.00 201525 1 0.00
problem85 0.00 177517 1 0.00
problem86 0.00 182309 1 0.00
problem87 0.00 185181 1 0.00
problem88 0.00 175893 1 0.00
problem89 0.00 185165 1 0.00
problem90 0.00 182277 1 0.00
problem91 0.00 169277 1 0.00
problem92 0.00 193269 1 0.00
problem93 0.00 178477 1 0.00
problem94 0.00 176101 1 0.00
problem95 0.00 192285 1 0.00
problem96 0.00 192213 1 0.00
problem97 0.00 190221 1 0.00
problem98 0.00 196549 1 0.00
problem99 0.00 188669 1 0.00
