problem0 0.18 93875 445 1 0.04 6092.00
problem1 0.81 109251 624 2 0.03 4780.00
problem2 0.2 102071 704 2 0.05 6088.00
problem3 0.15 97598 421 1 0.02 3568.00
problem4 0.18 94347 616 1 0.02 3760.00
problem5 0.33 110952 596 1 0.02 3760.00
problem6 0.31 106925 484 1 0.02 3760.00
problem7 0.28 106565 767 2 0.05 5620.00
problem8 0.14 101644 509 1 0.02 5644.00
problem9 184.88 93157 9487 4 0.22 13980.00
problem10 0.42 114857 333 1 0.02 12364.00
problem11 1.97 103385 1240 1 0.07 10816.00
problem12 0.24 102462 584 1 0.04 6648.00
problem13 0.17 111480 340 1 0.05 7916.00
problem14 0.22 100565 832 1 0.09 11204.00
problem15 0.34 86362 1492 1 0.12 12616.00
problem16 0.58 107046 774 1 0.05 10192.00
problem17 0.2 107325 569 1 0.06 10548.00
problem18 174.97 105050 6523 1 0.16 11516.00
problem19 0.13 89999 494 1 0.09 12692.00
problem20 0.33 102088 439 1 0.05 12692.00
problem21 0.19 96170 802 1 0.14 13352.00
problem22 0.16 94795 665 1 0.05 13352.00
problem23 0.54 101030 927 1 0.07 13352.00
problem24 0.35 98001 1078 1 0.11 13352.00
problem25 0.4 88621 901 1 0.07 13352.00
problem26 1.4 94444 1011 1 0.08 13352.00
problem27 3.17 123794 380 1 0.02 13352.00
problem28 0.82 87447 1304 1 0.11 13352.00
problem29 0.17 82944 1293 1 0.11 17284.00
problem30 0.42 113472 416 1 0.05 7656.00
problem31 0.38 126737 167 1 0.02 7656.00
problem32 0.29 116464 237 1 0.02 7656.00
problem33 0.35 107734 460 1 0.05 10528.00
problem34 2.39 108841 813 1 0.05 10980.00
problem35 0.19 102645 486 1 0.05 10980.00
problem36 0.12 94050 565 1 0.05 10980.00
problem37 0.56 95829 1669 1 0.09 11960.00
problem38 0.2 108736 321 1 0.04 11960.00
problem39 0.12 91733 522 1 0.1 12288.00
problem40 0.11 90581 908 1 0.06 12288.00
problem41 1.35 105197 567 1 0.03 12288.00
problem42 0.48 105858 765 1 0.1 12308.00
problem43 0.18 98550 480 1 0.09 12308.00
problem44 0.59 104444 661 1 0.06 12308.00
problem45 9.17 80829 5460 1 0.16 20260.00
problem46 0.39 104657 815 1 0.08 12580.00
problem47 15.68 98024 1848 1 0.09 12784.00
problem48 0.08 104034 207 1 0.06 12784.00
problem49 0.38 92455 892 1 0.1 12784.00
problem50 0.37 109516 584 1 0.05 12784.00
problem51 0.13 111466 231 1 0.04 12784.00
problem52 6.17 94539 2333 1 0.12 12784.00
problem53 0.19 103312 377 1 0.06 12784.00
problem54 0.27 101090 616 1 0.07 12784.00
problem55 0.23 108725 520 1 0.05 12784.00
problem56 0.53 91460 662 1 0.04 12784.00
problem57 0.15 93830 228 1 0.02 12784.00
problem58 0.45 101798 1174 1 0.11 12784.00
problem59 1 99799 1552 1 0.12 12784.00
problem60 0.89 93896 2606 1 0.19 16464.00
problem61 0.11 116157 206 1 0.02 5920.00
problem62 0.56 98123 886 1 0.08 12016.00
problem63 0.15 106790 340 1 0.05 12016.00
problem64 0.21 106050 526 1 0.07 12016.00
problem65 0.81 97417 1660 1 0.12 13032.00
problem66 0.29 100451 367 1 0.07 13032.00
problem67 0.26 110722 288 1 0.03 13032.00
problem68 0.17 108744 860 1 0.11 13032.00
problem69 0.24 101353 995 1 0.1 13032.00
problem70 0.13 107518 295 1 0.04 13032.00
problem71 0.25 97992 1056 1 0.13 13260.00
problem72 0.07 100317 183 1 0.04 13260.00
problem73 0.76 96936 921 1 0.08 13260.00
problem74 0.12 99789 343 1 0.04 13260.00
problem75 0.18 90979 734 1 0.1 13260.00
problem76 0.14 103393 542 1 0.06 13260.00
problem77 0.12 88454 740 1 0.06 13260.00
problem78 0.16 87741 558 1 0.06 13260.00
problem79 0.46 100240 957 1 0.09 13260.00
problem80 0.17 98345 249 1 0.03 13260.00
problem81 0.11 110302 173 1 0.04 13260.00
problem82 1.2 117727 262 1 0.02 13260.00
problem83 0.14 106149 500 1 0.06 13260.00
problem84 0.15 119385 237 1 0.06 13260.00
problem85 2.62 101623 368 1 0.03 13260.00
problem86 0.29 98409 578 1 0.07 13260.00
problem87 0.94 113492 457 1 0.04 13260.00
problem88 0.11 87797 1346 1 0.07 13260.00
problem89 0.18 96146 837 1 0.09 13260.00
problem90 0.26 106136 544 1 0.06 13260.00
problem91 0.17 84570 671 1 0.08 13260.00
problem92 12064.7 110749 2396 1 0.03 13272.00
problem93 0.19 110636 335 1 0.05 13272.00
problem94 0.18 103554 378 1 0.07 13272.00
problem95 1.7 107878 661 1 0.05 13272.00
problem96 0.13 116551 352 1 0.07 13272.00
problem97 0.16 83928 735 1 0.08 13272.00
problem98 0.26 89233 1194 1 0.15 13500.00
problem99 2.32 103999 935 1 0.04 7220.00
