problem0 0 305055813692 0 2236.00
problem1 0.01 233993190980 0 2292.00
problem2 0.01 234901613653 0 2292.00
problem3 0.01 290928368218 0 2292.00
problem4 0.01 315427522664 0 2292.00
problem5 0.00 255039141593 0 2292.00
problem6 0.01 244308108351 0 2292.00
problem7 0.01 210547135039 0 2292.00
problem8 0.01 268973752438 0 2292.00
problem9 0.01 276033711676 0 2292.00
problem10 0.01 293257452616 0 2292.00
problem11 0.00 312382196321 0 2292.00
problem12 0.01 255351945280 0 2292.00
problem13 0.01 300734998085 0 2292.00
problem14 0.01 213709050959 0 2292.00
problem15 0.01 308133872213 0 2292.00
problem16 0.01 295500066887 0 2292.00
problem17 0.00 229821881923 0 2292.00
problem18 0.01 249939168399 0 2292.00
problem19 0.01 287459605162 0 2292.00
problem20 0.01 341636606062 0 2292.00
problem21 0.01 290390758997 0 2292.00
problem22 0.01 268266947670 0 2292.00
problem23 0.00 305657098823 0 2292.00
problem24 0.01 277260574791 0 2292.00
problem25 0.01 297221164620 0 2292.00
problem26 0.01 306810223730 0 2292.00
problem27 0.01 297764973120 0 2292.00
problem28 0.00 243569023036 0 2292.00
problem29 0.01 236891326054 0 2292.00
problem30 0.01 266247877766 0 2292.00
problem31 0.01 284721193544 0 2292.00
problem32 0.01 227140178015 0 2292.00
problem33 0.01 284958031477 0 2292.00
problem34 0.00 270597090382 0 2292.00
problem35 0.01 287463725683 0 2292.00
problem36 0.01 231732136011 0 2292.00
problem37 0.01 256200816208 0 2292.00
problem38 0.01 237716612175 0 2292.00
problem39 0.00 258211058249 0 2292.00
problem40 0.01 295462731838 0 2292.00
problem41 0.01 257456991810 0 2292.00
problem42 0.01 240084016222 0 2292.00
problem43 0.01 286620633673 0 2292.00
problem44 0.01 267471239375 0 2292.00
problem45 0.00 240945047113 0 2292.00
problem46 0.01 247097660490 0 2292.00
problem47 0.01 239011594817 0 2292.00
problem48 0.01 254594969731 0 2292.00
problem49 0.01 313502293583 0 2292.00
problem50 0.00 193796164682 0 2292.00
problem51 0.01 273760860769 0 2292.00
problem52 0.01 243412150421 0 2292.00
problem53 0.01 238368659050 0 2292.00
problem54 0.01 290096055394 0 2292.00
problem55 0.01 222827835995 0 2292.00
problem56 0.00 289220485180 0 2292.00
problem57 0.01 294180146785 0 2292.00
problem58 0.01 247697652843 0 2292.00
problem59 0.01 244589439557 0 2292.00
problem60 0.01 258339117192 0 2292.00
problem61 0.00 209816946248 0 2292.00
problem62 0.01 293697352825 0 2292.00
problem63 0.01 325623898705 0 2292.00
problem64 0.01 257605357630 0 2292.00
problem65 0.01 315454668382 0 2292.00
problem66 0.01 294414298192 0 2292.00
problem67 0.00 280710748732 0 2292.00
problem68 0.01 290777303108 0 2292.00
problem69 0.01 271254025851 0 2292.00
problem70 0.01 270786454598 0 2292.00
problem71 0.01 233867170459 0 2292.00
problem72 0.01 258533834830 0 2292.00
problem73 0.00 235591937605 0 2292.00
problem74 0.01 278111525972 0 2292.00
problem75 0.01 257570736738 0 2292.00
problem76 0.01 302072002659 0 2292.00
problem77 0.01 280945976895 0 2292.00
problem78 0.01 285787870337 0 2292.00
problem79 0.01 286860067397 0 2292.00
problem80 0.00 287710949461 0 2292.00
problem81 0.01 256455417473 0 2292.00
problem82 0.01 263213845701 0 2292.00
problem83 0.01 273953651359 0 2292.00
problem84 0.01 236388640909 0 2292.00
problem85 0.00 268957570627 0 2292.00
problem86 0.01 317226763340 0 2292.00
problem87 0.01 256969323236 0 2292.00
problem88 0.01 254942388316 0 2292.00
problem89 0.01 270670925404 0 2292.00
problem90 0.01 279786028178 0 2292.00
problem91 0.00 239665179219 0 2292.00
problem92 0.01 278410811460 0 2292.00
problem93 0.01 265353578071 0 2292.00
problem94 0.01 292088689740 0 2292.00
problem95 0.01 277338923582 0 2292.00
problem96 0.00 310552006786 0 2292.00
problem97 0.01 256763625020 0 2292.00
problem98 0.01 254813629503 0 2292.00
problem99 0.01 322209045113 0 2292.00
