problem0 0.32 572417757761092 857 1 0.26
problem1 0.8 562475985084471 2529 2 0.21
problem2 0.29 602543937955785 667 1 0.12
problem3 0.18 616671729772801 617 1 0.09
problem4 0.13 643286108978248 374 1 0.08
problem5 0.55 596713040683511 1760 1 0.13
problem6 0.18 581234886270375 635 1 0.09
problem7 0.17 602308678123403 1250 1 0.1
problem8 0.16 631488320557662 322 1 0.08
problem9 1.77 556293740826515 4256 2 0.32
problem10 1.82 668484285069553 481 1 0.12
problem11 0.47 576806723510716 2587 1 0.15
problem12 0.63 536074091969166 3711 1 0.2
problem13 0.7 638001226537752 1911 1 0.15
problem14 0.81 551915999301989 4440 2 0.54
problem15 0.36 604523805453198 1260 1 0.14
problem16 0.81 529070328925641 3358 1 0.19
problem17 0.33 482332933079075 3352 1 0.24
problem18 0.36 517287924060508 3562 1 0.22
problem19 0.28 545610540728436 1830 1 0.23
problem20 0.71 582866014321978 963 1 0.12
problem21 0.37 541003695391490 2547 1 0.24
problem22 0.34 528732808420778 3001 1 0.22
problem23 0.22 570813776183662 670 1 0.12
problem24 0.2 627360666777231 658 1 0.13
problem25 0.76 527417012810617 3420 1 0.2
problem26 0.53 612849672313140 1295 1 0.13
problem27 0.5 561051251549715 3413 1 0.23
problem28 0.39 576351575450898 1065 1 0.14
problem29 0.16 639920813653670 385 1 0.11
problem30 0.4 525559327901705 3319 1 0.31
problem31 0.48 605029359224325 1779 1 0.18
problem32 0.24 615736802330687 1059 1 0.15
problem33 0.21 590735788576318 624 1 0.13
problem34 1.09 573919606859699 1764 1 0.15
problem35 0.4 585946429332837 2176 1 0.17
problem36 0.29 559625845432412 1994 1 0.21
problem37 0.41 568362617589023 2409 1 0.16
problem38 0.31 579041722461051 1310 1 0.13
problem39 0.29 555884476175658 1059 1 0.17
problem40 0.83 621361046032231 685 1 0.12
problem41 0.52 656120405736859 1133 1 0.13
problem42 0.37 573330706995952 1501 1 0.15
problem43 0.17 595371661884216 621 1 0.13
problem44 0.26 514144503725838 1551 1 0.16
problem45 0.45 618831489381639 1665 1 0.15
problem46 0.9 485278592999849 5871 2 0.61
problem47 1.12 518654491036128 7880 2 0.8
problem48 0.6 613172496128388 2249 1 0.23
problem49 1.02 651440081507505 1157 1 0.2
problem50 0.34 683975083543856 810 1 0.2
problem51 0.37 622707998397468 1722 1 0.25
problem52 0.5 504351981115961 3371 1 0.29
problem53 0.79 583290799227455 2235 1 0.24
problem54 0.7 531635086557377 4900 1 0.39
problem55 0.34 497234709540847 1537 1 0.27
problem56 0.19 761657486042651 446 1 0.14
problem57 0.27 564237564040809 1496 1 0.21
problem58 0.83 717682856648086 606 1 0.12
problem59 0.5 544013867452418 3145 1 0.31
problem60 1.28 640692760478661 1784 1 0.21
problem61 0.22 635226536795486 387 1 0.2
problem62 1.66 499011051273136 7989 2 0.99
problem63 0.57 604002102309262 2175 1 0.24
problem64 0.5 560906467728871 3182 1 0.32
problem65 1.64 553160650429047 3318 1 0.24
problem66 0.61 500058574144176 4339 1 0.37
problem67 0.51 604028985350697 2460 1 0.28
problem68 0.57 547074949632132 2559 1 0.3
problem69 0.39 552586120345513 2060 1 0.29
problem70 0.63 585949534956180 2016 1 0.21
problem71 0.53 512393642914802 1894 1 0.22
problem72 0.71 614131477247226 762 1 0.18
problem73 0.48 555809825891180 1249 1 0.22
problem74 1.1 537690331397123 4626 1 0.31
problem75 0.55 604795955387685 1058 1 0.19
problem76 2.03 509859133708444 11500 2 0.96
problem77 0.5 603378098144100 962 1 0.3
problem78 0.35 601142140088904 661 1 0.29
problem79 0.46 581880198962892 1712 1 0.35
problem80 0.5 611067371761664 934 1 0.27
problem81 0.45 626691496707641 729 1 0.26
problem82 0.41 571174933710136 1460 1 0.33
problem83 1.28 562249853887010 1236 1 0.22
problem84 0.35 502589246300573 1304 1 0.31
problem85 1.24 562759535055383 3733 1 0.4
problem86 0.74 568931519382567 2407 1 0.29
problem87 0.57 583423041244729 1539 1 0.31
problem88 0.54 606924821532279 1283 1 0.33
problem89 3.47 434774748916813 17642 2 1.38
problem90 0.62 531444334282518 1893 1 0.51
problem91 0.65 554348193426447 1469 1 0.34
problem92 0.74 560254373569194 2285 1 0.41
problem93 1.07 633173499836518 1782 1 0.29
problem94 1.46 557710748565575 1911 1 0.46
problem95 0.76 611691360284567 1237 1 0.35
problem96 0.54 566769532156865 910 1 0.26
problem97 0.78 645762756839850 1165 1 0.43
problem98 0.53 603909642050782 815 1 0.4
problem99 0.54 596119401059467 830 1 0.42
