problem0 0 398779939 1
problem1 0 469215579 1
problem2 0 409705491 1
problem3 0 380728907 1
problem4 0 446787587 1
problem5 0 412303675 1
problem6 0 420880883 1
problem7 0 388549163 1
problem8 0 410087907 1
problem9 0 427151643 1
problem10 0 424878035 1
problem11 0 427169291 1
problem12 0 391310275 1
problem13 0 412965115 1
problem14 0 394302899 1
problem15 0 399989227 1
problem16 0 400809379 1
problem17 0 394778843 1
problem18 0 461144979 1
problem19 0 403346891 1
problem20 0 457328515 1
problem21 0 439570619 1
problem22 0 421849459 1
problem23 0 441305515 1
problem24 0 445393251 1
problem25 0 396214427 1
problem26 0 416794451 1
problem27 0 425653643 1
problem28 0 425689923 1
problem29 0 432351355 1
problem30 0 443751731 1
problem31 0 410786155 1
problem32 0 458904867 1
problem33 0 413632603 1
problem34 0 399829779 1
problem35 0 409154891 1
problem36 0 421175043 1
problem37 0 423813179 1
problem38 0 400240883 1
problem39 0 408045867 1
problem40 0 415129827 1
problem41 0 404041755 1
problem42 0 442756819 1
problem43 0 495408395 1
problem44 0 451123907 1
problem45 0 412907515 1
problem46 0 390931635 1
problem47 0 356538603 1
problem48 0 380128419 1
problem49 0 399947739 1
problem50 0 427086483 1
problem51 0 431707339 1
problem52 0 422213251 1
problem53 0 423751611 1
problem54 0 431552627 1
problem55 0 448153771 1
problem56 0 453515363 1
problem57 0 459022235 1
problem58 0 427267667 1
problem59 0 409941131 1
problem60 0 375337539 1
problem61 0 438519675 1
problem62 0 412003379 1
problem63 0 430184555 1
problem64 0 416138275 1
problem65 0 404055899 1
problem66 0 417085971 1
problem67 0 454227019 1
problem68 0 418500099 1
problem69 0 439385915 1
problem70 0 440287219 1
problem71 0 419022891 1
problem72 0 409554915 1
problem73 0 418549531 1
problem74 0 387104211 1
problem75 0 395744267 1
problem76 0 424823235 1
problem77 0 416913147 1
problem78 0 423080883 1
problem79 0 430397419 1
problem80 0 415939491 1
problem81 0 417568475 1
problem82 0 420159891 1
problem83 0 401216459 1
problem84 0 418424195 1
problem85 0 395218619 1
problem86 0 443221875 1
problem87 0 379373483 1
problem88 0 442632035 1
problem89 0 433618587 1
problem90 0 414541139 1
problem91 0 452817803 1
problem92 0 431808835 1
problem93 0 465528443 1
problem94 0 424164147 1
problem95 0 407508843 1
problem96 0 396309283 1
problem97 0 398542427 1
problem98 0 411142419 1
problem99 0 423670603 1
