problem0 0 51692 1 0.00
problem1 0.00 51754 1 0.00
problem2 0.00 59128 1 0.00
problem3 0.00 57302 1 0.00
problem4 0.00 45124 1 0.00
problem5 0.00 59330 1 0.00
problem6 0.00 66000 1 0.00
problem7 0.00 48622 1 0.00
problem8 0.00 53148 1 0.00
problem9 0.00 54874 1 0.00
problem10 0.00 52648 1 0.00
problem11 0.00 56582 1 0.00
problem12 0.00 55284 1 0.00
problem13 0.00 52722 1 0.00
problem14 0.00 53888 1 0.00
problem15 0.00 52510 1 0.00
problem16 0.00 55628 1 0.00
problem17 0.00 63114 1 0.00
problem18 0.00 53336 1 0.00
problem19 0.00 54838 1 0.00
problem20 0.00 54180 1 0.00
problem21 0.00 67618 1 0.00
problem22 0.00 67376 1 0.00
problem23 0.00 57422 1 0.00
problem24 0.00 50940 1 0.00
problem25 0.00 55994 1 0.00
problem26 0.00 55048 1 0.00
problem27 0.00 56166 1 0.00
problem28 0.00 62292 1 0.00
problem29 0.00 46674 1 0.00
problem30 0.00 67552 1 0.00
problem31 0.00 51070 1 0.00
problem32 0.00 57516 1 0.00
problem33 0.00 51946 1 0.00
problem34 0.00 57784 1 0.00
problem35 0.00 54422 1 0.00
problem36 0.00 55044 1 0.00
problem37 0.00 55426 1 0.00
problem38 0.00 54416 1 0.00
problem39 0.00 60078 1 0.00
problem40 0.00 52828 1 0.00
problem41 0.00 50970 1 0.00
problem42 0.00 57448 1 0.00
problem43 0.00 55750 1 0.00
problem44 0.00 50868 1 0.00
problem45 0.00 54962 1 0.00
problem46 0.00 58688 1 0.00
problem47 0.00 57822 1 0.00
problem48 0.00 57356 1 0.00
problem49 0.00 55114 1 0.00
problem50 0.00 58136 1 0.00
problem51 0.00 58102 1 0.00
problem52 0.00 57956 1 0.00
problem53 0.00 61666 1 0.00
problem54 0.00 53744 1 0.00
problem55 0.00 58638 1 0.00
problem56 0.00 54716 1 0.00
problem57 0.00 54138 1 0.00
problem58 0.00 51656 1 0.00
problem59 0.00 47142 1 0.00
problem60 0.00 51732 1 0.00
problem61 0.00 59154 1 0.00
problem62 0.00 60064 1 0.00
problem63 0.00 52286 1 0.00
problem64 0.00 59244 1 0.00
problem65 0.00 43946 1 0.00
problem66 0.00 46200 1 0.00
problem67 0.00 61782 1 0.00
problem68 0.00 44484 1 0.00
problem69 0.00 53570 1 0.00
problem70 0.00 48976 1 0.00
problem71 0.00 57198 1 0.00
problem72 0.00 52508 1 0.00
problem73 0.00 57306 1 0.00
problem74 0.00 54056 1 0.00
problem75 0.00 54918 1 0.00
problem76 0.00 50548 1 0.00
problem77 0.00 53106 1 0.00
problem78 0.00 59392 1 0.00
problem79 0.00 54942 1 0.00
problem80 0.00 46796 1 0.00
problem81 0.00 63498 1 0.00
problem82 0.00 60888 1 0.00
problem83 0.00 49078 1 0.00
problem84 0.00 53540 1 0.00
problem85 0.00 53666 1 0.00
problem86 0.00 54448 1 0.00
problem87 0.00 57806 1 0.00
problem88 0.00 52348 1 0.00
problem89 0.00 54330 1 0.00
problem90 0.00 50312 1 0.00
problem91 0.00 56550 1 0.00
problem92 0.00 55508 1 0.00
problem93 0.00 61394 1 0.00
problem94 0.00 56672 1 0.00
problem95 0.00 51454 1 0.00
problem96 0.00 56876 1 0.00
problem97 0.00 68714 1 0.00
problem98 0.00 63288 1 0.00
problem99 0.00 62998 1 0.00
