problem0 0.03 128853 5 -1024598008 6.95331e-310 0.00
problem1 0.03 149865 5 -1024598008 6.95331e-310 0.00
problem2 0.13 140156 5 -1024598008 6.95331e-310 0.00
problem3 0.03 133957 5 -1024598008 6.95331e-310 0.00
problem4 0.06 129485 5 -1024598008 6.95331e-310 0.00
problem5 0.24 152294 5 -1024598008 6.95331e-310 0.00
problem6 0.14 146766 5 -1024598008 6.95331e-310 0.00
problem7 0.28 146198 5 -1024598008 6.95331e-310 0.00
problem8 0.19 139526 5 -1024598008 6.95331e-310 0.00
problem9 0.01 126711 5 -1024598008 6.95331e-310 0.00
problem10 0.09 157678 5 -1024598008 6.95331e-310 0.00
problem11 0.06 141715 5 -1024598008 6.95331e-310 0.00
problem12 0.16 140540 5 -1024598008 6.95331e-310 0.00
problem13 0.07 153059 5 -1024598008 6.95331e-310 0.00
problem14 0.27 138054 5 -1024598008 6.95331e-310 0.00
problem15 0.08 118496 5 -1024598008 6.95331e-310 0.00
problem16 0.06 146858 5 -1024598008 6.95331e-310 0.00
problem17 0.11 147342 5 -1024598008 6.95331e-310 0.00
problem18 1 143202 5 -1024598008 6.95331e-310 0.00
problem19 0.06 123622 5 -1024598008 6.95331e-310 0.00
problem20 0.22 140080 5 -1024598008 6.95331e-310 0.00
problem21 0.43 132090 5 -1024598008 6.95331e-310 0.00
problem22 0.04 130084 5 -1024598008 6.95331e-310 0.00
problem23 0.14 138667 5 -1024598008 6.95331e-310 0.00
problem24 0.21 134499 5 -1024598008 6.95331e-310 0.00
problem25 0.08 121621 5 -1024598008 6.95331e-310 0.00
problem26 0.06 129469 5 -1024598008 6.95331e-310 0.00
problem27 0.17 169784 5 -1024598008 6.95331e-310 0.00
problem28 0.06 119885 5 -1024598008 6.95331e-310 0.00
problem29 0.18 113917 5 -1024598008 6.95331e-310 0.00
problem30 0.07 155668 5 -1024598008 6.95331e-310 0.00
problem31 0.02 173936 5 -1024598008 6.95331e-310 0.00
problem32 0.23 159760 5 -1024598008 6.95331e-310 0.00
problem33 0.07 147877 5 -1024598008 6.95331e-310 0.00
problem34 0.23 149292 5 -1024598008 6.95331e-310 0.00
problem35 0.06 140919 5 -1024598008 6.95331e-310 0.00
problem36 0.05 129146 5 -1024598008 6.95331e-310 0.00
problem37 0.06 131334 5 -1024598008 6.95331e-310 0.00
problem38 0.02 149241 5 -1024598008 6.95331e-310 0.00
problem39 0.12 126023 5 -1024598008 6.95331e-310 0.00
problem40 0.05 124336 5 -1024598008 6.95331e-310 0.00
problem41 0.01 144165 5 -1024598008 6.95331e-310 0.00
problem42 0.19 145305 5 -1024598008 6.95331e-310 0.00
problem43 0.08 135371 5 -1024598008 6.95331e-310 0.00
problem44 0.14 143276 5 -1024598008 6.95331e-310 0.00
problem45 0.31 110615 5 -1024598008 6.95331e-310 0.00
problem46 0.18 143605 5 -1024598008 6.95331e-310 0.00
problem47 0.1 134155 5 -1024598008 6.95331e-310 0.00
problem48 0.07 142940 5 -1024598008 6.95331e-310 0.00
problem49 0.05 126903 5 -1024598008 6.95331e-310 0.00
problem50 0.11 150271 5 -1024598008 6.95331e-310 0.00
problem51 0.01 153101 5 -1024598008 6.95331e-310 0.00
problem52 0.03 129487 5 -1024598008 6.95331e-310 0.00
problem53 0.09 141859 5 -1024598008 6.95331e-310 0.00
problem54 0.01 138701 5 -1024598008 6.95331e-310 0.00
problem55 0.1 149216 5 -1024598008 6.95331e-310 0.00
problem56 0.07 125454 5 -1024598008 6.95331e-310 0.00
problem57 0.05 128833 5 -1024598008 6.95331e-310 0.00
problem58 0.1 139627 5 -1024598008 6.95331e-310 0.00
problem59 0.05 136794 5 -1024598008 6.95331e-310 0.00
problem60 0.97 128784 5 -1024598008 6.95331e-310 0.00
problem61 0.06 159529 5 -1024598008 6.95331e-310 0.00
problem62 0.02 134592 5 -1024598008 6.95331e-310 0.00
problem63 0.15 146602 5 -1024598008 6.95331e-310 0.00
problem64 0.06 145589 5 -1024598008 6.95331e-310 0.00
problem65 0.19 133600 5 -1024598008 6.95331e-310 0.00
problem66 0.04 137943 5 -1024598008 6.95331e-310 0.00
problem67 0.03 151978 5 -1024598008 6.95331e-310 0.00
problem68 0.13 149289 5 -1024598008 6.95331e-310 0.00
problem69 0.1 139066 5 -1024598008 6.95331e-310 0.00
problem70 0.06 147629 5 -1024598008 6.95331e-310 0.00
problem71 0.17 134516 5 -1024598008 6.95331e-310 0.00
problem72 0.04 137826 5 -1024598008 6.95331e-310 0.00
problem73 0.06 132963 5 -1024598008 6.95331e-310 0.00
problem74 0.04 137032 5 -1024598008 6.95331e-310 0.00
problem75 0.08 124924 5 -1024598008 6.95331e-310 0.00
problem76 0.06 141909 5 -1024598008 6.95331e-310 0.00
problem77 0.02 121411 5 -1024598008 6.95331e-310 0.00
problem78 0.09 120479 5 -1024598008 6.95331e-310 0.00
problem79 0.28 137543 5 -1024598008 6.95331e-310 0.00
problem80 0.02 134925 5 -1024598008 6.95331e-310 0.00
problem81 0.06 151529 5 -1024598008 6.95331e-310 0.00
problem82 0.04 161454 5 -1024598008 6.95331e-310 0.00
problem83 0.08 145736 5 -1024598008 6.95331e-310 0.00
problem84 0.07 163970 5 -1024598008 6.95331e-310 0.00
problem85 0.02 139344 5 -1024598008 6.95331e-310 0.00
problem86 0.06 135044 5 -1024598008 6.95331e-310 0.00
problem87 0.05 155656 5 -1024598008 6.95331e-310 0.00
problem88 0.34 120525 5 -1024598008 6.95331e-310 0.00
problem89 0.06 131958 5 -1024598008 6.95331e-310 0.00
problem90 0.07 145692 5 -1024598008 6.95331e-310 0.00
problem91 0.04 116109 5 -1024598008 6.95331e-310 0.00
problem92 0.01 149930 5 -1024598008 6.95331e-310 0.00
problem93 0.02 151896 5 -1024598008 6.95331e-310 0.00
problem94 0.04 142194 5 -1024598008 6.95331e-310 0.00
problem95 0.14 147934 5 -1024598008 6.95331e-310 0.00
problem96 0.41 160110 5 -1024598008 6.95331e-310 0.00
problem97 0.07 115197 5 -1024598008 6.95331e-310 0.00
problem98 0.1 122506 5 -1024598008 6.95331e-310 0.00
problem99 0.15 142566 5 -1024598008 6.95331e-310 0.00
