problem0 0 2668418972906 0
problem1 0 3435489903722 0
problem2 0 2714231920578 0
problem3 0 3095882638304 0
problem4 0 2878098526600 0
problem5 0 2819065815667 0
problem6 0 3035178094884 0
problem7 0 2502206253014 0
problem8 0 3013764807240 0
problem9 0 2912082272687 0
problem10 0 2610618581629 0
problem11 0.01 3379585556519 0
problem12 0 2589328523290 0
problem13 0 2825959864029 0
problem14 0 2587734748626 0
problem15 0 2749807888443 0
problem16 0 3395073201990 0
problem17 0 2981250403964 0
problem18 0 2564305789855 0
problem19 0 3264393031083 0
problem20 0 2675001527838 0
problem21 0 3385665559470 0
problem22 0 3452343722825 0
problem23 0 2906912052896 0
problem24 0.01 3029048304397 0
problem25 0 3083650652440 0
problem26 0 3593844448107 0
problem27 0 2578550561982 0
problem28 0 3681036753545 0
problem29 0 2448362141494 0
problem30 0 3040317424920 0
problem31 0 2650427817911 0
problem32 0 2786053004484 0
problem33 0 2836428438304 0
problem34 0 2537793214064 0
problem35 0 2825609452952 0
problem36 0 2963008606070 0
problem37 0 2769175576179 0
problem38 0.01 2470675850101 0
problem39 0 3582523002453 0
problem40 0 2933188174680 0
problem41 0 2530583479455 0
problem42 0 2854285808665 0
problem43 0 3125530111174 0
problem44 0 2726334789588 0
problem45 0 2740319413730 0
problem46 0 3853771367393 0
problem47 0 2005340399779 0
problem48 0 2832298078027 0
problem49 0.01 3793813559611 0
problem50 0 2710544555077 0
problem51 0 3383291947214 0
problem52 0 2620081115992 0
problem53 0 3033148615792 0
problem54 0 2802826453151 0
problem55 0 3279124228180 0
problem56 0 3146853177913 0
problem57 0 2984279840139 0
problem58 0 2732233828032 0
problem59 0 3024127928520 0
problem60 0 2796266116112 0
problem61 0.01 3267431845557 0
problem62 0 3218751881035 0
problem63 0 3290706280477 0
problem64 0 2728104791419 0
problem65 0 3278344111234 0
problem66 0 3077221111493 0
problem67 0 3013518567654 0
problem68 0 3351294638288 0
problem69 0 2919899937491 0
problem70 0 1816533148716 0
problem71 0 1993687504586 0
problem72 0 3103937750170 0
problem73 0.01 3108201138007 0
problem74 0 1967133226864 0
problem75 0 3074412789524 0
problem76 0 2421554315425 0
problem77 0 2679582901712 0
problem78 0 2973666702655 0
problem79 0 2518808066852 0
problem80 0 3394957323741 0
problem81 0 2305646485467 0
problem82 0 2724644395574 0
problem83 0 2644473203305 0
problem84 0 2764434994700 0
problem85 0.01 2869850564200 0
problem86 0 3122587794170 0
problem87 0 3366250402144 0
problem88 0 2704473502911 0
problem89 0 2849354908281 0
problem90 0 3791578577465 0
problem91 0 2708539799275 0
problem92 0 2983337539201 0
problem93 0 2291465170812 0
problem94 0 3068584665072 0
problem95 0 3698856093344 0
problem96 0 2977292185809 0
problem97 0.01 2416081367913 0
problem98 0 2415350464310 0
problem99 0 3030223030494 0
