problem0 0.02 2539032367 1
problem1 0.01 2473252397 1
problem2 0.01 2456442395 1
problem3 0.03 2469813881 1
problem4 0.04 2318596807 1
problem5 0.1 2097074821 1
problem6 0.04 2549745971 1
problem7 0.1 2761170513 1
problem8 0.01 2266549599 1
problem9 0.01 2222190045 1
problem10 0.01 2418299723 1
problem11 0.05 2421533993 1
problem12 0.06 2581161719 1
problem13 0.04 1870039093 1
problem14 0.04 2210960483 1
problem15 0.01 2594532097 1
problem16 0.03 2327979919 1
problem17 0.03 2383348109 1
problem18 0.02 2734828667 1
problem19 0.14 2664019929 1
problem20 0.06 2753326887 1
problem21 0 2418129381 1
problem22 0.03 2393406355 1
problem23 0.1 2628055985 1
problem24 0 2678955455 1
problem25 0 2532249917 1
problem26 0.03 2647581099 1
problem27 0.18 2587197065 1
problem28 0.06 2352419671 1
problem29 0 2392024981 1
problem30 0.08 2470756035 1
problem31 0 2299902049 1
problem32 0.02 2465607663 1
problem33 0.11 2340887789 1
problem34 0.03 2534765275 1
problem35 0.01 2415657273 1
problem36 0.12 2971947911 1
problem37 0.12 2552140101 1
problem38 0.02 2483576307 1
problem39 0.06 2889529617 1
problem40 0.01 2440486431 1
problem41 0.02 2718573725 1
problem42 0.02 2569068555 1
problem43 0.02 2403352553 1
problem44 0.02 2443128759 1
problem45 0.06 2614507253 1
problem46 0.06 2669566243 1
problem47 0.02 2216097217 1
problem48 0.11 2412423247 1
problem49 0.03 2523605069 1
problem50 0.01 2449221947 1
problem51 0 2498050713 1
problem52 0.02 2686625767 1
problem53 0.03 2458736805 1
problem54 0.1 2322706515 1
problem55 0.04 2557308529 1
problem56 0.11 2857143935 1
problem57 0 2455578621 1
problem58 0.06 2607959659 1
problem59 0.06 2072899913 1
problem60 0.02 2531900439 1
problem61 0.01 2396452437 1
problem62 0.04 2410505091 1
problem63 0.01 2126586657 1
problem64 0.02 2568458415 1
problem65 0.07 2371036077 1
problem66 0.04 2332970907 1
problem67 0.01 2610783225 1
problem68 0.04 2347723847 1
problem69 0 2365984773 1
problem70 0.02 2419880627 1
problem71 0.01 2522158033 1
problem72 0.03 2617683679 1
problem73 0.02 2290096989 1
problem74 0 2317036747 1
problem75 0.08 2738262697 1
problem76 0.02 2498672759 1
problem77 0.09 2670568885 1
problem78 0 2437537251 1
problem79 0.03 2217492609 1
problem80 0 2461329679 1
problem81 0.02 2396458765 1
problem82 0.17 2644764155 1
problem83 0 2788982105 1
problem84 0.02 2606932135 1
problem85 0.01 2233513829 1
problem86 0.13 2680202515 1
problem87 0.07 2601101617 1
problem88 0.04 2289909567 1
problem89 0 2836070077 1
problem90 0.01 2188606251 1
problem91 0.01 2521965577 1
problem92 0.03 2491819223 1
problem93 0.09 2222081301 1
problem94 0.01 2353776707 1
problem95 0.11 2540719585 1
problem96 0.02 2423959919 1
problem97 0.04 2173626989 1
problem98 0 2635394139 1
problem99 0 2329577145 1
