problem0 1.33 846268729685897 1571 1 1.21 23096.00
problem1 0.38 936826987211631 1048 1 0.33 22772.00
problem2 1.19 897616130454630 2467 2 0.87 22776.00
problem3 0.66 754008568227331 2100 1 0.62 22776.00
problem4 1.54 698606503639948 3173 2 1.49 33848.00
problem5 0.67 836429071795689 2937 1 0.54 16220.00
problem6 0.34 1006295053802184 624 1 0.29 16220.00
problem7 0.63 814263300509473 2428 1 0.55 16344.00
problem8 0.78 840280483931464 2130 1 0.69 40520.00
problem9 0.47 826900511104414 1471 1 0.41 9336.00
problem10 0.74 857366767286052 2172 1 0.65 22100.00
problem11 0.51 882813202637453 1983 1 0.44 22100.00
problem12 0.58 778013323109804 2398 1 0.49 22100.00
problem13 1.44 776818986629383 3260 2 1.36 30096.00
problem14 1.8 658367032242159 4744 2 1.7 23684.00
problem15 0.47 916903899875290 1126 1 0.41 24520.00
problem16 0.76 833480659922127 2368 1 0.65 24792.00
problem17 0.66 761658624047823 1647 1 0.63 24792.00
problem18 0.59 752302647512185 1824 1 0.52 24792.00
problem19 0.85 748838454425485 3807 1 0.77 35836.00
problem20 0.82 806178403250452 1181 1 0.8 36764.00
problem21 0.81 722593709859623 1789 1 0.72 45920.00
problem22 0.56 902392762106478 1360 1 0.49 47168.00
problem23 0.71 798449698568126 1911 1 0.58 25324.00
problem24 0.92 714558551144877 3034 1 0.85 29712.00
problem25 0.7 760280347820237 2571 1 0.6 24624.00
problem26 0.86 681035121270772 3435 1 0.75 24900.00
problem27 0.69 828885664795061 2260 1 0.62 25244.00
problem28 0.56 806077784583254 1524 1 0.49 25244.00
problem29 0.83 736891903440562 3484 1 0.77 28208.00
problem30 0.86 647539119646769 3871 1 0.72 29752.00
problem31 0.65 736093633787821 1902 1 0.59 29752.00
problem32 0.7 843631050647269 1876 1 0.57 19404.00
problem33 0.73 697847886648528 2959 1 0.66 23288.00
problem34 0.73 723507148550097 2248 1 0.69 23288.00
problem35 0.55 809650730312295 1162 1 0.51 23312.00
problem36 0.57 900973854690536 735 1 0.54 23312.00
problem37 0.65 892711481871761 2133 1 0.53 23312.00
problem38 0.68 798061483428013 1169 1 0.66 33848.00
problem39 1.11 818275473250758 3204 1 0.85 57880.00
problem40 0.84 742866022770650 3790 1 0.78 26664.00
problem41 0.72 774355290367525 2563 1 0.65 26664.00
problem42 0.87 723432845879915 4354 1 0.76 18380.00
problem43 0.63 831725052702382 1586 1 0.51 19340.00
problem44 0.62 903946405275540 1375 1 0.56 21208.00
problem45 0.53 884702599978965 1072 1 0.46 21208.00
problem46 0.7 818421241471526 2228 1 0.61 21208.00
problem47 0.68 843937003554706 2618 1 0.58 21208.00
problem48 0.62 797853269308546 1836 1 0.56 25656.00
problem49 1.99 713165207649105 7232 2 1.77 37012.00
problem50 0.69 853502956454118 1390 1 0.62 23496.00
problem51 0.81 854126025006136 2501 1 0.74 23608.00
problem52 0.94 833855126034156 3269 1 0.88 23608.00
problem53 0.93 887643597321181 2733 1 0.81 31736.00
problem54 0.88 833676685314100 2732 1 0.82 23504.00
problem55 1.01 747394913581099 4964 1 0.91 23608.00
problem56 0.69 888011022593173 1083 1 0.59 25288.00
problem57 0.89 774993387336654 3283 1 0.71 25288.00
problem58 0.83 773965803941364 2740 1 0.7 25288.00
problem59 0.73 825221684685114 1585 1 0.68 25288.00
problem60 0.97 788513312513222 2955 1 0.86 25288.00
problem61 0.66 810243672136337 1136 1 0.56 25288.00
problem62 1.05 786550192061246 3574 1 0.85 26792.00
problem63 1.09 760151145423942 6072 1 0.91 27296.00
problem64 0.67 859490969022718 1584 1 0.57 15388.00
problem65 0.83 794929666610425 2272 1 0.71 21828.00
problem66 0.66 912629794820137 1088 1 0.58 21828.00
problem67 2.62 704266422018367 10514 2 2.25 42192.00
problem68 0.86 804773610948168 1096 1 0.81 35900.00
problem69 0.91 740103066252206 1928 1 0.86 36152.00
problem70 0.96 786134156040552 2187 1 0.88 36152.00
problem71 0.79 749751258576975 1379 1 0.74 23488.00
problem72 0.83 769922951694162 1026 1 0.8 32056.00
problem73 0.78 785935753407104 1428 1 0.74 23156.00
problem74 0.74 897325286049139 851 1 0.71 26160.00
problem75 0.86 873144494952847 1338 1 0.73 25808.00
problem76 1.06 754757239799412 2760 1 0.99 36152.00
problem77 1.02 784021425653946 2906 1 0.91 29736.00
problem78 0.97 819494087641159 1793 1 0.89 38200.00
problem79 3.61 656253881430492 13514 2 3.29 67592.00
problem80 1.14 787076967943216 2017 1 1.05 42924.00
problem81 1.35 758892028238285 3580 1 1.29 37992.00
problem82 1.07 815127840289220 1914 1 1.02 38200.00
problem83 1.43 751141891674983 3142 1 1.33 43828.00
problem84 1.01 767221932516804 1691 1 0.91 43828.00
problem85 1.26 812462379426165 3304 1 1.09 33896.00
problem86 0.95 864915599869589 960 1 0.91 37688.00
problem87 0.85 833053975348755 591 1 0.81 29760.00
problem88 1.11 781839066907961 2312 1 0.98 30928.00
problem89 1.06 839743200300372 1525 1 1.01 25876.00
problem90 0.83 857144610789515 723 1 0.79 25984.00
problem91 1.39 761440411457971 5813 1 1.27 25912.00
problem92 1.03 886262914755689 1643 1 0.94 32056.00
problem93 1.05 880866770712527 1766 1 0.94 32852.00
problem94 1.12 844689046704163 1721 1 1.07 35940.00
problem95 1.21 729406762515832 3367 1 1.11 36152.00
problem96 1.11 693866363940353 3174 1 0.98 28252.00
problem97 1.12 741184293427885 2688 1 1.04 28364.00
problem98 1.34 765854846327554 3010 1 1.3 42088.00
problem99 0.98 888193355008514 1170 1 0.92 42296.00
