problem0 0 117679 1 0.00
problem1 0.11 99111 1 3012.00
problem2 0.00 99359 1 3012.00
problem3 0.00 116375 1 3012.00
problem4 0.00 107151 1 3012.00
problem5 0.00 110599 1 3012.00
problem6 0.00 120575 1 3012.00
problem7 0.00 114551 1 3012.00
problem8 0.00 98671 1 3012.00
problem9 0.00 120039 1 3012.00
problem10 0.00 98783 1 3012.00
problem11 0.00 118871 1 3012.00
problem12 0.00 100431 1 3012.00
problem13 0.00 106951 1 3012.00
problem14 0.15 99519 1 3204.00
problem15 0.00 104759 1 3204.00
problem16 0.00 104239 1 3204.00
problem17 0.00 100007 1 3204.00
problem18 0.00 102303 1 3204.00
problem19 0.00 100887 1 3204.00
problem20 0.00 105999 1 3204.00
problem21 0.00 123783 1 3204.00
problem22 0.00 90751 1 3204.00
problem23 0.00 119543 1 3204.00
problem24 0.00 117999 1 3204.00
problem25 0.00 120935 1 3204.00
problem26 0.00 101727 1 3204.00
problem27 0.00 107479 1 3204.00
problem28 0.00 107471 1 3204.00
problem29 0.00 95559 1 3204.00
problem30 0.00 114751 1 3204.00
problem31 0.00 93367 1 3204.00
problem32 0.00 115375 1 3204.00
problem33 0.00 100903 1 3204.00
problem34 0.00 113439 1 3204.00
problem35 0.00 97687 1 3204.00
problem36 0.00 100751 1 3204.00
problem37 0.00 108295 1 3204.00
problem38 0.00 114175 1 3204.00
problem39 0.00 99959 1 3204.00
problem40 0.00 100463 1 3204.00
problem41 0.00 105447 1 3204.00
problem42 0.00 104671 1 3204.00
problem43 0.00 112471 1 3204.00
problem44 0.00 110415 1 3204.00
problem45 0.00 92359 1 3204.00
problem46 0.00 113599 1 3204.00
problem47 0.00 110647 1 3204.00
problem48 0.00 126511 1 3204.00
problem49 0.00 105895 1 3204.00
problem50 0.00 116383 1 3204.00
problem51 0.00 106775 1 3204.00
problem52 0.00 99599 1 3204.00
problem53 0.00 113287 1 3204.00
problem54 0.00 96639 1 3204.00
problem55 0.00 109047 1 3204.00
problem56 0.00 115695 1 3204.00
problem57 0.00 102247 1 3204.00
problem58 0.00 99423 1 3204.00
problem59 0.00 92887 1 3204.00
problem60 0.00 101071 1 3204.00
problem61 0.00 117831 1 3204.00
problem62 0.00 112447 1 3204.00
problem63 0.00 99255 1 3204.00
problem64 0.00 125359 1 3204.00
problem65 0.00 102695 1 3204.00
problem66 0.00 107039 1 3204.00
problem67 0.00 99479 1 3204.00
problem68 0.11 102543 1 3204.00
problem69 0.00 97799 1 3204.00
problem70 0.00 99583 1 3204.00
problem71 0.00 101751 1 3204.00
problem72 0.00 110447 1 3204.00
problem73 0.00 115431 1 3204.00
problem74 0.00 98271 1 3204.00
problem75 0.00 97879 1 3204.00
problem76 0.00 108111 1 3204.00
problem77 0.00 98247 1 3204.00
problem78 0.00 107199 1 3204.00
problem79 0.00 91959 1 3204.00
problem80 0.00 99631 1 3204.00
problem81 0.00 115879 1 3204.00
problem82 0.00 101791 1 3204.00
problem83 0.00 108567 1 3204.00
problem84 0.00 80911 1 3204.00
problem85 0.00 106887 1 3204.00
problem86 0.00 114815 1 3204.00
problem87 0.00 94455 1 3204.00
problem88 0.00 101103 1 3204.00
problem89 0.08 104039 1 3204.00
problem90 0.00 93023 1 3204.00
problem91 0.00 123351 1 3204.00
problem92 0.00 102863 1 3204.00
problem93 0.00 103239 1 3204.00
problem94 0.00 114239 1 3204.00
problem95 0.00 101047 1 3204.00
problem96 0.07 110767 1 3204.00
problem97 0.00 108583 1 3204.00
problem98 0.00 117023 1 3204.00
problem99 0.00 109463 1 3204.00
