problem0 0 1805707 1
problem1 0 1615453 1
problem2 0 1623544 1
problem3 0 1359606 1
problem4 0 1395341 1
problem5 0 1509911 1
problem6 0 1675914 1
problem7 0 1382912 1
problem8 0 1507119 1
problem9 0 1278705 1
problem10 0 1551292 1
problem11 0 1403690 1
problem12 0 1752433 1
problem13 0 1415915 1
problem14 0 1586062 1
problem15 0 1641588 1
problem16 0 1455955 1
problem17 0 1440773 1
problem18 0 1305600 1
problem19 0 1472478 1
problem20 0 1556181 1
problem21 0 1404991 1
problem22 0 1586962 1
problem23 0 1394536 1
problem24 0 1459703 1
problem25 0 1565081 1
problem26 0 1447620 1
problem27 0 1586450 1
problem28 0 1662649 1
problem29 0 1399315 1
problem30 0 1256726 1
problem31 0 1579740 1
problem32 0 1522459 1
problem33 0 1442733 1
problem34 0 1424392 1
problem35 0 1438406 1
problem36 0 1420573 1
problem37 0 1452135 1
problem38 0 1615258 1
problem39 0 1431248 1
problem40 0 1451711 1
problem41 0 1520193 1
problem42 0 1403852 1
problem43 0 1769722 1
problem44 0 1554945 1
problem45 0 1420091 1
problem46 0 1585310 1
problem47 0 1428292 1
problem48 0 1448163 1
problem49 0 1391957 1
problem50 0 1488400 1
problem51 0 1617838 1
problem52 0 1676645 1
problem53 0 1421967 1
problem54 0 1465890 1
problem55 0 1591352 1
problem56 0 1646983 1
problem57 0 1635561 1
problem58 0 1452756 1
problem59 0 1068770 1
problem60 0 1462089 1
problem61 0 1707619 1
problem62 0.01 1490470 1
problem63 0 1547692 1
problem64 0 1593515 1
problem65 0 1386749 1
problem66 0 1333784 1
problem67 0 1388182 1
problem68 0 1636269 1
problem69 0 1609399 1
problem70 0 1630378 1
problem71 0 1579936 1
problem72 0 1422927 1
problem73 0 1485201 1
problem74 0 1299420 1
problem75 0 1351370 1
problem76 0 1547921 1
problem77 0 1573771 1
problem78 0 1398190 1
problem79 0 1446420 1
problem80 0 1532531 1
problem81 0 1459877 1
problem82 0 1583136 1
problem83 0 1503102 1
problem84 0 1397749 1
problem85 0 1391839 1
problem86 0 1355058 1
problem87 0 1626376 1
problem88 0 1402135 1
problem89 0 1364025 1
problem90 0 1566436 1
problem91 0 1667250 1
problem92 0 1451993 1
problem93 0 1444531 1
problem94 0 1537846 1
problem95 0 1419388 1
problem96 0 1625659 1
problem97 0 1578573 1
problem98 0 1351720 1
problem99 0 1340006 1
