problem0 0 300876 1 0.00
problem1 0.00 329420 1 0.00
problem2 0.00 300620 1 0.00
problem3 0.00 288204 1 0.00
problem4 0.00 324940 1 0.00
problem5 0.00 345292 1 0.00
problem6 0.00 332876 1 0.00
problem7 0.00 336844 1 0.00
problem8 0.00 340812 1 0.00
problem9 0.00 361164 1 0.00
problem10 0.00 324172 1 0.00
problem11 0.00 344524 1 0.00
problem12 0.00 356684 1 0.00
problem13 0.00 327884 1 0.00
problem14 0.00 307276 1 0.00
problem15 0.00 384972 1 0.00
problem16 0.00 323404 1 0.00
problem17 0.00 327372 1 0.00
problem18 0.00 314956 1 0.00
problem19 0.00 335308 1 0.00
problem20 0.00 355660 1 0.00
problem21 0.00 335052 1 0.00
problem22 0.00 363596 1 0.00
problem23 0.00 342988 1 0.00
problem24 0.00 322380 1 0.00
problem25 0.00 309964 1 0.00
problem26 0.00 322124 1 0.00
problem27 0.00 334284 1 0.00
problem28 0.00 305484 1 0.00
problem29 0.00 325836 1 0.00
problem30 0.00 321612 1 0.00
problem31 0.00 350156 1 0.00
problem32 0.00 337740 1 0.00
problem33 0.00 366284 1 0.00
problem34 0.00 370252 1 0.00
problem35 0.00 349644 1 0.00
problem36 0.00 312652 1 0.00
problem37 0.00 316620 1 0.00
problem38 0.00 336972 1 0.00
problem39 0.00 308172 1 0.00
problem40 0.00 353100 1 0.00
problem41 0.00 316108 1 0.00
problem42 0.00 336460 1 0.00
problem43 0.00 348620 1 0.00
problem44 0.00 319820 1 0.00
problem45 0.00 331980 1 0.00
problem46 0.00 319564 1 0.00
problem47 0.00 323532 1 0.00
problem48 0.00 302924 1 0.00
problem49 0.00 339660 1 0.00
problem50 0.00 319052 1 0.00
problem51 0.00 363980 1 0.00
problem52 0.00 318796 1 0.00
problem53 0.00 339148 1 0.00
problem54 0.00 326732 1 0.00
problem55 0.00 306124 1 0.00
problem56 0.00 342860 1 0.00
problem57 0.00 297676 1 0.00
problem58 0.00 342604 1 0.00
problem59 0.00 305612 1 0.00
problem60 0.00 309580 1 0.00
problem61 0.00 329932 1 0.00
problem62 0.00 342092 1 0.00
problem63 0.00 354252 1 0.00
problem64 0.00 325452 1 0.00
problem65 0.00 370380 1 0.00
problem66 0.00 349772 1 0.00
problem67 0.00 378316 1 0.00
problem68 0.00 300364 1 0.00
problem69 0.00 279756 1 0.00
problem70 0.00 324684 1 0.00
problem71 0.00 345036 1 0.00
problem72 0.00 324428 1 0.00
problem73 0.00 303820 1 0.00
problem74 0.00 324172 1 0.00
problem75 0.00 336332 1 0.00
problem76 0.00 323916 1 0.00
problem77 0.00 311500 1 0.00
problem78 0.00 315468 1 0.00
problem79 0.00 352204 1 0.00
problem80 0.00 347980 1 0.00
problem81 0.00 319180 1 0.00
problem82 0.00 314956 1 0.00
problem83 0.00 310732 1 0.00
problem84 0.00 347468 1 0.00
problem85 0.00 318668 1 0.00
problem86 0.00 314444 1 0.00
problem87 0.00 334796 1 0.00
problem88 0.00 330572 1 0.00
problem89 0.00 342732 1 0.00
problem90 0.00 322124 1 0.00
problem91 0.00 309708 1 0.00
problem92 0.00 338252 1 0.00
problem93 0.00 317644 1 0.00
problem94 0.00 280652 1 0.00
problem95 0.00 325580 1 0.00
problem96 0.00 329548 1 0.00
problem97 0.00 325324 1 0.00
problem98 0.00 329292 1 0.00
problem99 0.00 292300 1 0.00
