problem0 2.77 1707617403439130 0 2668.00
problem1 2.74 1633671976042392 0 2740.00
problem2 2.76 1493645509236502 0 2740.00
problem3 2.83 1794890355052187 0 2740.00
problem4 2.76 1461016954873368 0 2740.00
problem5 2.63 1802503057759636 1 2740.00
problem6 2.72 1643518599705879 0 2740.00
problem7 2.73 1821674892831896 0 2740.00
problem8 2.82 1881928452129816 0 2740.00
problem9 0.78 1692586062904212 1 2740.00
problem10 1.35 1359953043182356 1 2740.00
problem11 2.79 1825365910112921 0 2740.00
problem12 1.94 1561844985782804 1 2740.00
problem13 2.75 1676101080521111 0 2740.00
problem14 1.75 1322332907008276 1 2740.00
problem15 2.76 1503786385827991 0 2740.00
problem16 2.74 1490681053642775 0 2740.00
problem17 2.82 1778718828148635 0 2740.00
problem18 1.18 1757430014938900 1 2740.00
problem19 1.64 1720078415595156 1 2740.00
problem20 2.73 1606505072795158 0 2740.00
problem21 2.82 1888507861095831 0 2740.00
problem22 2.84 1803886226287899 0 2740.00
problem23 0.83 1474648188822676 1 2740.00
problem24 0.73 1778502774832148 1 2740.00
problem25 2.80 1894473037542294 0 2740.00
problem26 2.79 1621076738001689 0 2740.00
problem27 2.78 1632510406869654 0 2740.00
problem28 2.87 1593671950064151 0 2740.00
problem29 2.73 1684356495282582 0 2740.00
problem30 2.65 1472117387094295 0 2740.00
problem31 1.94 1473020795084948 1 2740.00
problem32 2.71 1480523331106838 0 2740.00
problem33 2.84 1916494814424985 0 2740.00
problem34 2.79 1721665627391767 0 2740.00
problem35 2.81 1643164335013529 0 2740.00
problem36 2.62 1510612918605338 0 2740.00
problem37 2.83 1906557668806048 0 2740.00
problem38 0.92 1426346622723348 1 2740.00
problem39 2.74 1692450194922649 0 2740.00
problem40 1.49 1537080446333972 1 2740.00
problem41 2.77 1806779872242586 0 2740.00
problem42 2.66 1569516455838488 0 2740.00
problem43 2.15 1759562566810260 1 2740.00
problem44 2.70 1614662823006742 0 2740.00
problem45 2.72 1477862448433560 0 2740.00
problem46 2.66 1681363384623384 0 2740.00
problem47 2.86 1796105457195159 0 2740.00
problem48 1.49 1504913899778068 1 2740.00
problem49 1.17 1823779747080084 1 2740.00
problem50 2.66 1525558679109398 0 2740.00
problem51 2.80 1775509896394396 0 2740.00
problem52 2.71 1588799121296922 0 2740.00
problem53 1.50 1763724420990356 1 2740.00
problem54 0.57 1519270063283476 1 2740.00
problem55 2.76 1690834915267734 0 2740.00
problem56 2.78 1527490363075608 0 2740.00
problem57 2.87 2029820588417944 0 2740.00
problem58 2.74 1675431529167639 0 2740.00
problem59 0.42 1622937266139796 1 2740.00
problem60 0.74 1808279280142868 1 2740.00
problem61 2.34 1787225089278356 1 2740.00
problem62 2.73 1600544313563420 0 2740.00
problem63 2.77 1597534911189142 0 2740.00
problem64 2.83 1772053446813718 0 2740.00
problem65 2.84 1868890694066070 0 2740.00
problem66 2.80 1829484014171926 0 2740.00
problem67 1.47 1583007999192724 1 2740.00
problem68 2.78 1792528402941466 0 2740.00
problem69 2.72 1606773592604056 0 2740.00
problem70 2.70 1712239241008408 0 2740.00
problem71 0.92 1769674818981012 1 2740.00
problem72 2.63 1725936258753566 0 2740.00
problem73 2.77 1644384137894807 0 2740.00
problem74 2.74 1804249895187231 0 2740.00
problem75 2.73 1512061613517463 0 2740.00
problem76 2.74 1753251601728026 0 2740.00
problem77 2.81 1682788009179542 0 2740.00
problem78 2.61 1542039587803419 0 2740.00
problem79 2.70 1437765881972889 0 2740.00
problem80 2.78 1815042519916568 0 2740.00
problem81 1.28 1815413328058260 1 2740.00
problem82 2.80 1703922662895384 0 2740.00
problem83 1.59 1967513728738964 1 2740.00
problem84 2.21 1679640322866708 1 2740.00
problem85 2.82 1822164193457564 0 2740.00
problem86 0.66 1593055407082772 1 2740.00
problem87 2.69 1624110979908759 0 2740.00
problem88 2.83 1714996704320536 0 2740.00
problem89 2.81 1870909100151702 0 2740.00
problem90 2.80 1779618049239833 0 2740.00
problem91 2.83 1815318764102303 0 2740.00
problem92 2.31 1690216067938836 1 2740.00
problem93 2.69 1389382008664473 0 2740.00
problem94 2.69 1706078435199257 0 2740.00
problem95 2.77 1694736164241558 0 2740.00
problem96 2.77 1828887666710552 0 2740.00
problem97 2.70 1596258112409494 0 2740.00
problem98 2.61 1866424074004244 1 2740.00
problem99 1.20 1748407147355796 1 2740.00
