problem0 0 142547 1
problem1 0 157316 0
problem2 0 154432 1
problem3 0 159133 0
problem4 0 176853 1
problem5 0 160830 0
problem6 0 162514 1
problem7 0 175271 0
problem8 0 169079 1
problem9 0 133912 0
problem10 0 142084 1
problem11 0 148945 0
problem12 0 160697 1
problem13 0 177426 0
problem14 0 134614 1
problem15 0 160540 1
problem16 0 144027 1
problem17 0 146476 0
problem18 0 165192 1
problem19 0 151173 0
problem20 0 168733 1
problem21 0 170598 0
problem22 0 140122 1
problem23 0 168463 0
problem24 0 153407 1
problem25 0 178624 0
problem26 0 162316 1
problem27 0 165817 0
problem28 0 160001 1
problem29 0 156730 0
problem30 0 154462 1
problem31 0 149891 0
problem32 0 152163 1
problem33 0 148436 0
problem34 0 153936 1
problem35 0 172397 0
problem36 0 150885 1
problem37 0 176782 0
problem38 0 165346 1
problem39 0 162168 1
problem40 0 148487 1
problem41 0 158313 1
problem42 0 152340 1
problem43 0 158625 0
problem44 0 161865 1
problem45 0 148835 1
problem46 0 156390 1
problem47 0 156139 0
problem48 0 158763 1
problem49 0 155004 0
problem50 0 157528 1
problem51 0 153173 0
problem52 0 160173 1
problem53 0 171190 0
problem54 0 168554 1
problem55 0 168671 0
problem56 0 150223 1
problem57 0 163088 0
problem58 0 153116 1
problem59 0 164233 0
problem60 0 149905 1
problem61 0 145546 0
problem62 0 156782 1
problem63 0 166995 0
problem64 0 172019 1
problem65 0 153892 0
problem66 0 151392 1
problem67 0 150845 0
problem68 0 147445 1
problem69 0 145630 0
problem70 0 170226 1
problem71 0 147015 0
problem72 0 150423 1
problem73 0 156088 0
problem74 0 148260 1
problem75 0 149873 0
problem76 0 160985 1
problem77 0 150962 0
problem78 0 139254 1
problem79 0 166075 0
problem80 0 138683 1
problem81 0 153292 0
problem82 0 156008 1
problem83 0 161317 0
problem84 0 153661 1
problem85 0 157446 0
problem86 0 166266 1
problem87 0 170927 0
problem88 0 153183 1
problem89 0 174176 0
problem90 0 170540 1
problem91 0 152409 0
problem92 0 145953 1
problem93 0 160986 0
problem94 0 181630 1
problem95 0 149283 0
problem96 0 165251 1
problem97 0 157300 0
problem98 0 159088 1
problem99 0 164109 0
