problem0 0.04 25235523901 1
problem1 0.03 26610509579 1
problem2 0.12 23831617289 1
problem3 0.34 27262441655 1
problem4 0.02 26669705109 1
problem5 0.04 31028177699 1
problem6 0.04 28993679073 1
problem7 0.06 25585207887 1
problem8 0.01 27665301741 1
problem9 0.01 25504686651 1
problem10 0.18 28098177465 1
problem11 0.15 30999142119 1
problem12 0 28286629189 1
problem13 0.01 26813869139 1
problem14 0.01 30596673425 1
problem15 0.04 26295170687 1
problem16 0.02 22464619677 1
problem17 0.09 27155917163 1
problem18 0.11 28210094185 1
problem19 0.13 24631767319 1
problem20 0.07 24932642549 1
problem21 0.01 28005415299 1
problem22 0.07 26562174017 1
problem23 0.45 25402486447 1
problem24 0.02 23805703245 1
problem25 0.05 28593781915 1
problem26 0.01 27152335641 1
problem27 0.01 26743377735 1
problem28 0.05 29527970981 1
problem29 0.1 30229402291 1
problem30 0.01 26240005361 1
problem31 0.39 22739579615 1
problem32 0.06 27988848637 1
problem33 0 25316940747 1
problem34 0.04 27419136457 1
problem35 0.07 23985797495 1
problem36 0.01 26786145877 1
problem37 0.04 26910406627 1
problem38 0.04 27080751521 1
problem39 0.03 31707448079 1
problem40 0.01 31427598253 1
problem41 0.1 29278308091 1
problem42 0.1 27524336761 1
problem43 0.26 25572011943 1
problem44 0.05 27706401797 1
problem45 0.01 24034945299 1
problem46 0 27252222545 1
problem47 0.1 28541361983 1
problem48 0 28232821597 1
problem49 0.02 26740686379 1
problem50 0.39 28175397673 1
problem51 0.04 27574251991 1
problem52 0 27429309877 1
problem53 0.09 26998138435 1
problem54 0.07 25371019009 1
problem55 0.03 27204355951 1
problem56 0.02 30345374477 1
problem57 0.11 26326712667 1
problem58 0.06 28783740377 1
problem59 0 25540460551 1
problem60 0.14 27516920677 1
problem61 0.02 29597855603 1
problem62 0.05 25602805681 1
problem63 0.11 24357960607 1
problem64 0.28 28612957885 1
problem65 0.01 20095717515 1
problem66 0.15 22901343369 1
problem67 0.06 23889533495 1
problem68 0.07 22799426837 1
problem69 0.13 25577440419 1
problem70 0.01 25582716001 1
problem71 0.09 25937312719 1
problem72 0.12 31176388205 1
problem73 0.01 28372446139 1
problem74 0.1 28017078073 1
problem75 0 30274175079 1
problem76 0.15 27950273221 1
problem77 0.01 27684627923 1
problem78 0.06 25810593041 1
problem79 0.07 28629108735 1
problem80 0.05 27767681565 1
problem81 0.04 26464178923 1
problem82 0.02 25158731241 1
problem83 0.15 30616400535 1
problem84 0.09 24604372085 1
problem85 0.13 27674661635 1
problem86 0.09 25087586753 1
problem87 0.16 27119362095 1
problem88 0.11 32391291341 1
problem89 0.02 24922932763 1
problem90 0.05 26270304409 1
problem91 0.07 26420064455 1
problem92 0.09 27661660709 1
problem93 0.03 27180370995 1
problem94 0.25 25616427633 1
problem95 0.16 28857353311 1
problem96 0.17 25073614205 1
problem97 0.13 26327352651 1
problem98 0.42 26698938185 1
problem99 0.21 30207458039 1
