problem0 0.15 461736548804979 5 68747752 6.95315e-310 0.00
problem1 0.16 566994960830898 5 68747752 6.95315e-310 0.00
problem2 0.19 514992473774346 5 68747752 6.95315e-310 0.00
problem3 0.17 407118723216851 5 68747752 6.95315e-310 0.00
problem4 0.16 402940802832823 5 68747752 6.95315e-310 0.00
problem5 0.16 489583511347231 5 68747752 6.95315e-310 0.00
problem6 0.12 409563466819316 5 68747752 6.95315e-310 0.00
problem7 0.19 597614365512901 5 68747752 6.95315e-310 0.00
problem8 0.23 438055088662752 5 68747752 6.95315e-310 0.00
problem9 0.2 493227636954726 5 68747752 6.95315e-310 0.00
problem10 0.2 511178082046043 5 68747752 6.95315e-310 0.00
problem11 0.1 502617295405737 5 68747752 6.95315e-310 0.00
problem12 0.17 444308482800712 5 68747752 6.95315e-310 0.00
problem13 0.16 467683787916665 5 68747752 6.95315e-310 0.00
problem14 0.23 420752679196227 5 68747752 6.95315e-310 0.00
problem15 0.49 646507352416557 5 68747752 6.95315e-310 0.00
problem16 0.56 472883680111453 5 68747752 6.95315e-310 0.00
problem17 0.16 481740576088288 5 68747752 6.95315e-310 0.00
problem18 0.1 522420954844501 5 68747752 6.95315e-310 0.00
problem19 0.43 385604964691206 5 68747752 6.95315e-310 0.00
problem20 0.11 589928351433709 5 68747752 6.95315e-310 0.00
problem21 0.18 519278722254597 5 68747752 6.95315e-310 0.00
problem22 0.19 527058604674506 5 68747752 6.95315e-310 0.00
problem23 0.17 437110594293757 5 68747752 6.95315e-310 0.00
problem24 0.2 447933923754833 5 68747752 6.95315e-310 0.00
problem25 0.09 580482981691487 5 68747752 6.95315e-310 0.00
problem26 0.21 540955119400594 5 68747752 6.95315e-310 0.00
problem27 0.17 525937386925806 5 68747752 6.95315e-310 0.00
problem28 0.2 525948440155634 5 68747752 6.95315e-310 0.00
problem29 0.18 337795776208741 5 68747752 6.95315e-310 0.00
problem30 0.18 460801644172615 5 68747752 6.95315e-310 0.00
problem31 0.16 555343832571870 5 68747752 6.95315e-310 0.00
problem32 0.1 417689298480095 5 68747752 6.95315e-310 0.00
problem33 0.12 431830544606212 5 68747752 6.95315e-310 0.00
problem34 0.18 454087316030249 5 68747752 6.95315e-310 0.00
problem35 0.17 402085552218186 5 68747752 6.95315e-310 0.00
problem36 0.13 513570857221915 5 68747752 6.95315e-310 0.00
problem37 0.18 513055648511017 5 68747752 6.95315e-310 0.00
problem38 0.16 526475689440514 5 68747752 6.95315e-310 0.00
problem39 0.06 496236861771422 5 68747752 6.95315e-310 0.00
problem40 0.21 522502963128321 5 68747752 6.95315e-310 0.00
problem41 0.19 425835214293669 5 68747752 6.95315e-310 0.00
problem42 0.19 492468071672062 5 68747752 6.95315e-310 0.00
problem43 0.14 415845170387746 5 68747752 6.95315e-310 0.00
problem44 0.19 515369078423411 5 68747752 6.95315e-310 0.00
problem45 0.1 565593498553296 5 68747752 6.95315e-310 0.00
problem46 0.19 446114190069343 5 68747752 6.95315e-310 0.00
problem47 0.2 494246957712216 5 68747752 6.95315e-310 0.00
problem48 0.17 543135890985728 5 68747752 6.95315e-310 0.00
problem49 0.15 482109118303780 5 68747752 6.95315e-310 0.00
problem50 0.52 451937055103973 5 68747752 6.95315e-310 0.00
problem51 0.24 383251966413886 5 68747752 6.95315e-310 0.00
problem52 0.16 447244714293389 5 68747752 6.95315e-310 0.00
problem53 0.18 514742319805438 5 68747752 6.95315e-310 0.00
problem54 0.15 430101071643996 5 68747752 6.95315e-310 0.00
problem55 0.2 470373160816153 5 68747752 6.95315e-310 0.00
problem56 0.19 454503278209336 5 68747752 6.95315e-310 0.00
problem57 0.19 574272777144198 5 68747752 6.95315e-310 0.00
problem58 0.17 464284431585454 5 68747752 6.95315e-310 0.00
problem59 0.13 494629467557957 5 68747752 6.95315e-310 0.00
problem60 0.16 402772877775146 5 68747752 6.95315e-310 0.00
problem61 0.19 451396878900291 5 68747752 6.95315e-310 0.00
problem62 0.13 578207920885283 5 68747752 6.95315e-310 0.00
problem63 0.15 374394129379911 5 68747752 6.95315e-310 0.00
problem64 0.2 424404859375440 5 68747752 6.95315e-310 0.00
problem65 0.19 542820004043064 5 68747752 6.95315e-310 0.00
problem66 0.21 489917768897532 5 68747752 6.95315e-310 0.00
problem67 0.2 485117530182298 5 68747752 6.95315e-310 0.00
problem68 0.15 499974092826606 5 68747752 6.95315e-310 0.00
problem69 0.19 613275827413578 5 68747752 6.95315e-310 0.00
problem70 0.19 493996707645916 5 68747752 6.95315e-310 0.00
problem71 0.17 488376662023926 5 68747752 6.95315e-310 0.00
problem72 0.16 523250567583880 5 68747752 6.95315e-310 0.00
problem73 0.14 405392966013085 5 68747752 6.95315e-310 0.00
problem74 0.17 416755343111940 5 68747752 6.95315e-310 0.00
problem75 0.16 589598679193630 5 68747752 6.95315e-310 0.00
problem76 0.16 421100379983394 5 68747752 6.95315e-310 0.00
problem77 0.16 550501696399264 5 68747752 6.95315e-310 0.00
problem78 0.14 431681675669862 5 68747752 6.95315e-310 0.00
problem79 0.11 455207076133620 5 68747752 6.95315e-310 0.00
problem80 0.17 559949698014461 5 68747752 6.95315e-310 0.00
problem81 0.17 489213235206951 5 68747752 6.95315e-310 0.00
problem82 0.19 393818016234654 5 68747752 6.95315e-310 0.00
problem83 0.16 437568043454909 5 68747752 6.95315e-310 0.00
problem84 0.13 502930255173846 5 68747752 6.95315e-310 0.00
problem85 0.19 532693255472488 5 68747752 6.95315e-310 0.00
problem86 0.05 468299831994895 5 68747752 6.95315e-310 0.00
problem87 0.17 448672216684629 5 68747752 6.95315e-310 0.00
problem88 0.18 557238193508678 5 68747752 6.95315e-310 0.00
problem89 0.19 429612845019078 5 68747752 6.95315e-310 0.00
problem90 0.21 444896940315027 5 68747752 6.95315e-310 0.00
problem91 0.23 533667195182854 5 68747752 6.95315e-310 0.00
problem92 0.14 393721865544619 5 68747752 6.95315e-310 0.00
problem93 0.5 435582798522186 5 68747752 6.95315e-310 0.00
problem94 0.16 564007680263264 5 68747752 6.95315e-310 0.00
problem95 0.2 509975317532143 5 68747752 6.95315e-310 0.00
problem96 0.09 511716612195878 5 68747752 6.95315e-310 0.00
problem97 0.17 542339894028743 5 68747752 6.95315e-310 0.00
problem98 0.19 483125518543006 5 68747752 6.95315e-310 0.00
problem99 0.06 424862876983186 5 68747752 6.95315e-310 0.00
