problem0 0.01 300344473923683 77 1 0 2188.00
problem1 0 366296191866399 76 1 0 2252.00
problem2 0.01 313240764144955 45 1 0 2252.00
problem3 0 326768419080797 66 1 0 2252.00
problem4 0.02 327710194709260 80 2 0 2276.00
problem5 0.01 297611747603254 94 2 0 2276.00
problem6 0.01 262260096263506 67 1 0 2276.00
problem7 0 270420189300144 49 1 0 2276.00
problem8 0 335747359365525 71 1 0 2276.00
problem9 0.01 305983109918802 60 1 0 2276.00
problem10 0.01 299093514183248 60 1 0 2276.00
problem11 0.01 266267040836992 126 2 0 2280.00
problem12 0.01 333095982819747 76 1 0 2280.00
problem13 0.02 302443129422757 104 1 0 2280.00
problem14 0.01 310284429583587 64 1 0 2280.00
problem15 0 298218797838166 23 1 0 2280.00
problem16 0.01 279552112114072 88 1 0 2280.00
problem17 0 316549119206976 34 1 0 2280.00
problem18 0.01 347154393216750 88 1 0 2280.00
problem19 0 323096612406041 43 1 0 2280.00
problem20 0.01 322736688340505 66 1 0 2280.00
problem21 0 288277694844654 51 1 0 2280.00
problem22 0.01 335775349073293 54 1 0 2280.00
problem23 0.01 342567679345220 127 2 0 2288.00
problem24 0.01 354670769755780 80 1 0 2288.00
problem25 0.01 271907324062808 94 1 0 2288.00
problem26 0.01 355851908175663 141 2 0 2292.00
problem27 0.02 343119116001108 111 1 0 2292.00
problem28 0.04 302287210566359 151 2 0 2296.00
problem29 0.01 381490954164116 99 1 0 2296.00
problem30 0.01 276366206852265 54 1 0 2296.00
problem31 0 303354547640771 66 1 0 2296.00
problem32 0.01 396558714691361 69 1 0 2296.00
problem33 0.01 264458669174114 70 1 0 2296.00
problem34 0 362660429882349 86 1 0 2296.00
problem35 0.01 324690522437041 83 1 0 2296.00
problem36 0 297145974529684 21 1 0 2296.00
problem37 0.02 268375305299007 131 1 0.01 2296.00
problem38 0.01 340550864788673 93 1 0 2296.00
problem39 0.03 207989615580485 193 2 0 2296.00
problem40 0 282944572897736 42 1 0 2296.00
problem41 0.01 262341712529472 62 1 0 2296.00
problem42 0 316930352766074 58 1 0 2296.00
problem43 0.01 289016985539096 30 1 0 2296.00
problem44 0 392588935262293 68 1 0 2296.00
problem45 0.02 313514676830907 104 1 0 2296.00
problem46 0.02 278660957348220 144 1 0 2296.00
problem47 0 371233204663663 85 1 0 2296.00
problem48 0.02 226556610513063 74 1 0 2296.00
problem49 0.03 266093184489107 237 2 0 2300.00
problem50 0 271010363454797 28 1 0 2300.00
problem51 0 373230758909800 94 1 0 2300.00
problem52 0.01 332301172458605 66 1 0 2300.00
problem53 0.01 266449602475113 93 1 0 2300.00
problem54 0 256920217585101 41 1 0 2300.00
problem55 0 322065411444639 69 1 0 2300.00
problem56 0.01 302801047298393 28 1 0 2300.00
problem57 0 279835061550863 70 1 0 2300.00
problem58 0.04 347758417948398 147 1 0 2300.00
problem59 0 330605187196839 31 1 0 2300.00
problem60 0.01 248802372680094 73 1 0 2300.00
problem61 0.02 348693338593492 127 1 0 2300.00
problem62 0.01 311968905465474 106 1 0 2300.00
problem63 0.04 257703580190658 253 2 0 2308.00
problem64 0.01 286440069316537 45 1 0 2308.00
problem65 0 237753757692879 39 1 0 2308.00
problem66 0.04 364786643782336 148 1 0 2308.00
problem67 0.07 298456386607283 161 1 0 2308.00
problem68 0 330087716652947 68 1 0 2308.00
problem69 0.03 236300322231959 143 1 0 2308.00
problem70 0.01 316657618435944 60 1 0 2308.00
problem71 0.04 264898299194036 265 2 0.01 2320.00
problem72 0.01 376555112811938 53 1 0 2320.00
problem73 0 312277647668693 73 1 0 2320.00
problem74 0.06 355860429614662 164 1 0 2320.00
problem75 0.01 305229291512536 44 1 0 2320.00
problem76 0.02 391389372110330 127 1 0 2320.00
problem77 0 326078034393773 52 1 0 2320.00
problem78 0.02 316995937288350 94 1 0.01 2320.00
problem79 0.01 262379512530144 93 1 0 2320.00
problem80 0 295311641688661 33 1 0 2320.00
problem81 0.01 376516244403230 95 1 0.01 2320.00
problem82 0 272394952107776 45 1 0 2320.00
problem83 0.01 306592901971566 72 1 0 2320.00
problem84 0.01 331924725140038 108 1 0 2320.00
problem85 0.01 324255631638677 74 1 0 2320.00
problem86 0.01 252996303694236 123 1 0 2320.00
problem87 0.02 235796095623706 182 1 0 2320.00
problem88 0 263114596601054 65 1 0 2320.00
problem89 0.01 374377430474593 88 1 0 2300.00
problem90 0.06 344372996677463 168 1 0 2300.00
problem91 0.02 275649820529088 121 1 0 2300.00
problem92 0.03 317517071263373 116 1 0 2300.00
problem93 0 327403581135276 76 1 0 2300.00
problem94 0 282912315570838 23 1 0 2300.00
problem95 0.01 263562179715959 47 1 0 2300.00
problem96 0 276156057463890 110 1 0 2300.00
problem97 0.03 337673292824715 129 1 0 2300.00
problem98 0.01 398428859429600 108 1 0 2300.00
problem99 0.03 424213056493698 128 1 0 2300.00
