problem0 0 147246 0
problem1 0 132652 0
problem2 0 165403 1
problem3 0 155256 0
problem4 0 150214 0
problem5 0 152196 0
problem6 0 158002 0
problem7 0 167504 0
problem8 0 134494 0
problem9 0 179676 0
problem10 0 156490 0
problem11 0 146728 0
problem12 0 141046 0
problem13 0 153652 0
problem14 0 177251 1
problem15 0 142080 0
problem16 0 161678 0
problem17 0 147852 0
problem18 0 154746 0
problem19 0 161752 0
problem20 0 147238 0
problem21 0 158180 0
problem22 0 150418 0
problem23 0 156592 0
problem24 0 146878 0
problem25 0 155964 0
problem26 0 135594 0
problem27 0 138888 0
problem28 0 152406 0
problem29 0 145300 0
problem30 0 155330 0
problem31 0 170081 1
problem32 0 155630 0
problem33 0 154860 0
problem34 0 168666 0
problem35 0 164152 0
problem36 0 136070 0
problem37 0 131396 0
problem38 0 151026 0
problem39 0 149776 0
problem40 0 155167 1
problem41 0 148636 0
problem42 0 135178 0
problem43 0 163816 0
problem44 0 126902 0
problem45 0 145140 0
problem46 0 157986 0
problem47 0 153024 0
problem48 0 157774 0
problem49 0 153676 0
problem50 0 145722 0
problem51 0 162456 0
problem52 0 153574 0
problem53 0 174244 0
problem54 0 147539 1
problem55 0 159344 0
problem56 0 155262 0
problem57 0 149500 0
problem58 0 151146 0
problem59 0 143688 0
problem60 0 146454 0
problem61 0 144980 0
problem62 0 148354 0
problem63 0 156448 0
problem64 0 143534 0
problem65 0 164780 0
problem66 0 176026 0
problem67 0 144376 0
problem68 0 146502 0
problem69 0 151556 0
problem70 0 144050 0
problem71 0 160720 0
problem72 0 147166 0
problem73 0 146268 0
problem74 0 150730 0
problem75 0 164520 0
problem76 0 141430 0
problem77 0 148916 0
problem78 0 146914 0
problem79 0 147584 0
problem80 0 153870 0
problem81 0 151308 0
problem82 0 165370 0
problem83 0 167256 0
problem84 0 164006 0
problem85 0 137060 0
problem86 0 161042 0
problem87 0 145712 0
problem88 0 163646 0
problem89 0 143036 0
problem90 0 129834 0
problem91 0 152584 0
problem92 0 165078 0
problem93 0 140564 0
problem94 0 170050 0
problem95 0 151008 0
problem96 0 139631 1
problem97 0 146028 0
problem98 0 142426 0
problem99 0 149176 0
