problem0 0.255594 114385210722 1
problem1 1.31027 127895789634 1
problem2 0.598252 135470102306 1
problem3 0.724713 121297949186 1
problem4 1.59885 133659144418 1
problem5 8.9971 134297670594 1
problem6 0.634814 125894965922 1
problem7 2.1253 136735548802 1
problem8 5.91194 131284456546 1
problem9 2.57081 134439307074 1
problem10 0.299615 129222835746 1
problem11 0.151664 125200382210 1
problem12 0.703686 135629322210 1
problem13 0.906271 127764953794 1
problem14 3.14579 137448882594 1
problem15 1.6587 133515562114 1
problem16 6.09848 136675646306 1
problem17 4.47047 133314653762 1
problem18 0.416221 123509359906 1
problem19 1.284 137905676290 1
problem20 6.28417 120378801890 1
problem21 7.18827 129594696130 1
problem22 0.887667 131475916962 1
problem23 0.485759 127748649858 1
problem24 1.17135 122354721378 1
problem25 3.93178 129739543874 1
problem26 2.26671 132674194466 1
problem27 0.646531 135640516354 1
problem28 0.361743 139833066978 1
problem29 0.13819 127824742594 1
problem30 0.45974 128763039650 1
problem31 1.54557 121431300738 1
problem32 0.185742 129509747042 1
problem33 4.80642 126784207938 1
problem34 4.90866 130259669794 1
problem35 13.3481 141876227586 1
problem36 1.29135 127806000354 1
problem37 0.382732 131967774658 1
problem38 1.37639 141507286690 1
problem39 0.165598 131592388994 1
problem40 0.545101 130609311842 1
problem41 2.501 123223909186 1
problem42 1.44796 124167854626 1
problem43 1.50107 132839494914 1
problem44 8.98175 131928118242 1
problem45 2.27474 117176735426 1
problem46 1.80962 132513570210 1
problem47 1.60048 119426214018 1
problem48 5.23354 126039291746 1
problem49 0.709978 128571329090 1
problem50 4.17139 130890752290 1
problem51 1.82181 132001643522 1
problem52 0.225581 131110460130 1
problem53 0.200967 123029077442 1
problem54 1.77496 129011311778 1
problem55 1.21874 119141519234 1
problem56 0.274923 124775497314 1
problem57 3.84746 126569345346 1
problem58 4.36196 143298045986 1
problem59 0.908831 126326776578 1
problem60 2.32581 121443934690 1
problem61 1.69701 124677743810 1
problem62 0.494257 138902580130 1
problem63 5.00955 130587309698 1
problem64 0.098509 125056320866 1
problem65 0.611735 131025606722 1
problem66 1.46879 126342131490 1
problem67 2.10968 132843768322 1
problem68 3.70082 126936738018 1
problem69 1.21956 112308063170 1
problem70 1.50486 120697320098 1
problem71 0.357803 119252852098 1
problem72 1.92701 135857572962 1
problem73 2.28191 119240539970 1
problem74 1.91131 126579783202 1
problem75 1.27723 129926787330 1
problem76 0.724282 117909975010 1
problem77 4.25276 121202520770 1
problem78 3.1873 131689724322 1
problem79 1.17899 127936824450 1
problem80 1.01722 133942809442 1
problem81 2.64441 135086564930 1
problem82 4.01674 136880684322 1
problem83 2.27624 128162256898 1
problem84 12.0112 122666809058 1
problem85 0.870388 130809027010 1
problem86 1.55809 117504835746 1
problem87 2.40229 119981009794 1
problem88 7.53609 141172742754 1
problem89 4.44934 127946820930 1
problem90 1.7428 130787165218 1
problem91 0.156964 120956731138 1
problem92 2.59685 133003181538 1
problem93 0.768053 129165426882 1
problem94 2.5689 122551945122 1
problem95 1.32754 123151700610 1
problem96 5.29399 123573510498 1
problem97 0.675979 130956309570 1
problem98 0.56848 131233680162 1
problem99 2.93255 125339084290 1
