problem0 0 606583065 1
problem1 0.04 672672913 1
problem2 0.04 677805705 1
problem3 0.01 573499137 1
problem4 0 617618937 1
problem5 0.02 652434289 1
problem6 0.01 565466985 1
problem7 0.02 658065889 1
problem8 0.05 747301593 1
problem9 0.01 685535825 1
problem10 0 653498441 1
problem11 0.03 639669441 1
problem12 0.04 532029369 1
problem13 0.02 587297073 1
problem14 0.04 633487657 1
problem15 0.01 639813537 1
problem16 0 707771545 1
problem17 0 651188241 1
problem18 0.01 624841225 1
problem19 0.03 687727233 1
problem20 0 643154297 1
problem21 0.05 692528881 1
problem22 0.02 671468265 1
problem23 0.04 670033249 1
problem24 0.06 688270937 1
problem25 0.02 618913233 1
problem26 0.06 574008265 1
problem27 0.01 632737857 1
problem28 0.02 664732473 1
problem29 0.02 698645681 1
problem30 0.04 661583017 1
problem31 0.03 579904289 1
problem32 0.03 654196761 1
problem33 0.08 587662225 1
problem34 0.03 650945929 1
problem35 0.01 674979329 1
problem36 0 629269753 1
problem37 0.01 604598897 1
problem38 0.07 653114985 1
problem39 0.04 636813537 1
problem40 0 587723225 1
problem41 0 606718289 1
problem42 0.01 586170185 1
problem43 0 595299265 1
problem44 0.01 586049209 1
problem45 0.01 644220977 1
problem46 0 611461161 1
problem47 0 571276961 1
problem48 0.02 605242265 1
problem49 0.01 658255633 1
problem50 0.02 714176777 1
problem51 0.03 644307329 1
problem52 0.02 584353913 1
problem53 0.02 581582321 1
problem54 0.03 653013481 1
problem55 0.06 633904225 1
problem56 0.01 655373657 1
problem57 0.15 674116817 1
problem58 0 648041161 1
problem59 0.02 636405569 1
problem60 0 639912505 1
problem61 0.03 616960945 1
problem62 0 676060073 1
problem63 0 571988513 1
problem64 0.03 653182745 1
problem65 0.05 653253265 1
problem66 0 588041353 1
problem67 0.01 687985921 1
problem68 0 634235897 1
problem69 0.01 715753841 1
problem70 0.01 578889065 1
problem71 0.06 736802785 1
problem72 0.07 647952601 1
problem73 0.02 544284753 1
problem74 0.03 684123721 1
problem75 0.08 680559297 1
problem76 0 666938809 1
problem77 0.01 608476977 1
problem78 0.06 595332905 1
problem79 0.01 607204769 1
problem80 0.02 638634649 1
problem81 0.01 664929809 1
problem82 0.03 650027017 1
problem83 0.02 629854337 1
problem84 0.06 653086585 1
problem85 0.01 646403313 1
problem86 0.01 606902505 1
problem87 0.11 635130721 1
problem88 0.01 624180313 1
problem89 0.02 678595537 1
problem90 0.08 669252041 1
problem91 0.08 685817409 1
problem92 0 641962297 1
problem93 0.01 610380465 1
problem94 0 696435369 1
problem95 0 618205473 1
problem96 0 620318233 1
problem97 0.01 617787793 1
problem98 0.01 640086921 1
problem99 0 679627777 1
