problem0 0.02 954732008 0
problem1 0.09 1008454942 0
problem2 0.04 930792662 0
problem3 0.06 1042066707 0
problem4 0.07 1074380233 0
problem5 0.05 913485567 0
problem6 0.08 946387129 0
problem7 0.03 873829105 0
problem8 0.11 812873127 0
problem9 0.04 931469536 0
problem10 0.04 822981785 0
problem11 0.05 1036583118 0
problem12 0.07 992163206 0
problem13 0.06 930155198 0
problem14 0.05 849852536 0
problem15 0.04 798291633 0
problem16 0.05 899087719 0
problem17 0.09 919897247 0
problem18 0.04 989119573 1
problem19 0.03 844592269 1
problem20 0.04 1103940933 1
problem21 0.07 986547839 0
problem22 0.04 674420794 0
problem23 0.03 929987183 0
problem24 0.01 910337318 0
problem25 0.08 955912289 0
problem26 0.05 1025504279 0
problem27 0.05 951584848 0
problem28 0.05 771130631 0
problem29 0.05 997728830 0
problem30 0.08 821696503 0
problem31 0.04 747773487 0
problem32 0.06 744910054 0
problem33 0.05 954579998 0
problem34 0.09 796869591 0
problem35 0.07 1037745167 0
problem36 0.06 831544518 0
problem37 0.07 945872384 0
problem38 0.06 1022195639 0
problem39 0.04 1005576688 0
problem40 0.11 1106400423 0
problem41 0.01 763856861 1
problem42 0.05 973255575 0
problem43 0.03 850366414 0
problem44 0.05 982144134 0
problem45 0.03 947370430 0
problem46 0.04 1073543031 0
problem47 0.04 1048036781 1
problem48 0.05 886463590 0
problem49 0.09 835679135 0
problem50 0.02 949633877 1
problem51 0 942048141 1
problem52 0.04 919891019 0
problem53 0.06 850179454 0
problem54 0.05 840472376 0
problem55 0.04 890882415 0
problem56 0.04 922911783 0
problem57 0.02 1152221021 1
problem58 0.07 926282518 0
problem59 0.05 858756944 0
problem60 0.03 811508744 0
problem61 0.06 1039126847 0
problem62 0.06 993023735 0
problem63 0.12 885386542 0
problem64 0.05 845597671 0
problem65 0.05 823241505 0
problem66 0.05 835044057 0
problem67 0 1018874637 1
problem68 0.06 1092156359 0
problem69 0.03 892407039 0
problem70 0.05 859059898 0
problem71 0.05 913060078 0
problem72 0.08 1022571432 0
problem73 0.07 971765470 0
problem74 0.06 876196503 0
problem75 0.05 901258961 0
problem76 0.03 921924489 0
problem77 0.05 660629695 0
problem78 0.05 773076598 0
problem79 0.01 922522797 1
problem80 0.06 949468006 0
problem81 0.08 908878494 0
problem82 0.1 981582423 0
problem83 0.03 857182863 0
problem84 0.04 870189895 0
problem85 0.08 929948799 0
problem86 0.02 734025271 0
problem87 0.09 1130829936 0
problem88 0.03 793010985 0
problem89 0.04 1019407967 0
problem90 0.04 881717781 1
problem91 0.05 902374991 0
problem92 0.04 969458439 0
problem93 0.05 877232193 0
problem94 0.07 942183926 0
problem95 0.06 1016839219 0
problem96 0 988359397 1
problem97 0.07 1017092638 0
problem98 0.04 1112424921 0
problem99 0.05 985455120 0
