problem0 0 346151 1
problem1 0 342815 1
problem2 0 338839 1
problem3 0 315791 1
problem4 0 361735 1
problem5 0 335359 1
problem6 0 373879 1
problem7 0 352367 1
problem8 0 334311 1
problem9 0 342239 1
problem10 0 324951 1
problem11 0 354127 1
problem12 0 329415 1
problem13 0 338879 1
problem14 0 331319 1
problem15 0 329263 1
problem16 0 347047 1
problem17 0 374431 1
problem18 0 352023 1
problem19 0 392463 1
problem20 0 370823 1
problem21 0 391551 1
problem22 0 313335 1
problem23 0 306159 1
problem24 0 351591 1
problem25 0 357471 1
problem26 0 313559 1
problem27 0 332495 1
problem28 0 354887 1
problem29 0 321343 1
problem30 0 328119 1
problem31 0 348591 1
problem32 0 372519 1
problem33 0 332319 1
problem34 0 365207 1
problem35 0 329871 1
problem36 0 306183 1
problem37 0 382207 1
problem38 0 351095 1
problem39 0 317295 1
problem40 0 336103 1
problem41 0 356319 1
problem42 0 359511 1
problem43 0 335439 1
problem44 0 323015 1
problem45 0 352959 1
problem46 0 324919 1
problem47 0 326959 1
problem48 0 324263 1
problem49 0 347551 1
problem50 0 345623 1
problem51 0 324623 1
problem52 0 331655 1
problem53 0 356479 1
problem54 0 356087 1
problem55 0 353007 1
problem56 0 353383 1
problem57 0 338783 1
problem58 0 356311 1
problem59 0 338383 1
problem60 0 340295 1
problem61 0 343615 1
problem62 0 338103 1
problem63 0 354479 1
problem64 0 316967 1
problem65 0 379167 1
problem66 0 317847 1
problem67 0 335759 1
problem68 0 340743 1
problem69 0 322559 1
problem70 0 369271 1
problem71 0 331375 1
problem72 0 370663 1
problem73 0 345823 1
problem74 0 320343 1
problem75 0 316751 1
problem76 0 332999 1
problem77 0 342463 1
problem78 0 343095 1
problem79 0 381999 1
problem80 0 301479 1
problem81 0 320671 1
problem82 0 355607 1
problem83 0 338703 1
problem84 0 366215 1
problem85 0 337791 1
problem86 0 341495 1
problem87 0 317935 1
problem88 0 346983 1
problem89 0 311903 1
problem90 0 333527 1
problem91 0 319695 1
problem92 0 366663 1
problem93 0 333119 1
problem94 0 315319 1
problem95 0 335791 1
problem96 0 277799 1
problem97 0 368671 1
problem98 0 344215 1
problem99 0 358031 1
