problem0 0.25 460223077667178 119 1 0.01 2548.00
problem1 0.01 361882212130395 62 1 0 2484.00
problem2 13.76 331523634401072 588 5 0.02 2684.00
problem3 0.01 323669945779343 45 1 0 2812.00
problem4 0.01 337785329189748 96 1 0 2764.00
problem5 0.02 440278775375075 54 1 0.01 2800.00
problem6 0.01 336415018818889 36 1 0 2732.00
problem7 0.01 378579226297985 57 1 0 2768.00
problem8 0.03 449446409192440 95 1 0 2536.00
problem9 0.06 411915406460832 89 1 0 2764.00
problem10 0.01 375249775756532 75 1 0 2668.00
problem11 0.03 306744263844829 103 1 0.01 2876.00
problem12 0.01 413797243212003 36 1 0 2792.00
problem13 0.03 430276660223298 69 1 0.01 2604.00
problem14 0.01 374379243226883 38 1 0 2788.00
problem15 0.04 425435832210826 71 1 0 2740.00
problem16 0 381593887790863 54 1 0 2448.00
problem17 0.24 461695866550450 102 1 0.01 2760.00
problem18 0.02 344739592207791 60 1 0 2516.00
problem19 0.01 429867543350733 48 1 0 2736.00
problem20 0.01 447349250512062 46 1 0 2772.00
problem21 0.01 432605954919229 46 1 0 2816.00
problem22 0.09 491912310303309 121 1 0 2708.00
problem23 0.18 402261133638050 166 1 0.01 2800.00
problem24 0.01 420543228937616 64 1 0 2784.00
problem25 0.01 365423779779677 37 1 0 2820.00
problem26 1.36 356326284848169 306 1 0 2712.00
problem27 0.03 391876855519835 63 1 0.01 2892.00
problem28 0.01 411605339391185 42 1 0.01 2832.00
problem29 0.02 390003216374112 60 1 0 2792.00
problem30 0 429440266467118 50 1 0 2728.00
problem31 0.01 406859082261509 44 1 0.01 2796.00
problem32 0.01 448323037372207 47 1 0.01 2832.00
problem33 0.05 408341335150029 85 1 0.01 2808.00
problem34 0.02 454500513383178 99 1 0 2580.00
problem35 0.03 353064815604106 95 1 0 2844.00
problem36 0.05 365882893966818 92 1 0 2788.00
problem37 17.49 344655833219985 631 2 0 2772.00
problem38 0.01 346986447719777 69 1 0 2756.00
problem39 0.02 397057360775274 46 1 0 2928.00
problem40 0 420109535846747 33 1 0 2596.00
problem41 0.07 419823743170617 132 1 0.01 2812.00
problem42 0.04 456105701940604 81 1 0.01 2804.00
problem43 0.16 424928771836580 89 1 0 2824.00
problem44 0.02 376549767317758 77 1 0.01 2764.00
problem45 0.06 376309648290636 104 1 0 2756.00
problem46 0.03 357736048736505 91 1 0 2556.00
problem47 0.02 426231179862357 126 1 0.01 2828.00
problem48 0.01 378551952416550 72 1 0.01 2760.00
problem49 0.04 490526226727372 144 1 0.01 2708.00
problem50 0.67 373065313992596 259 1 0 2536.00
problem51 0.01 522355732719342 32 1 0 2764.00
problem52 0.02 501827488316468 66 1 0 2564.00
problem53 0.02 430834166259070 58 1 0.01 2792.00
problem54 0.01 489021448104282 60 1 0 2772.00
problem55 0.33 325530979448861 155 1 0 2788.00
problem56 0.02 325968120672631 67 1 0 2764.00
problem57 0.01 516486174344162 53 1 0 2648.00
problem58 0.01 327237519131350 44 1 0 2704.00
problem59 0.01 404498616751193 75 1 0 2740.00
problem60 0 385098139600313 49 1 0 2820.00
problem61 1.15 353761405219158 329 1 0.01 2696.00
problem62 0.02 487701556063649 68 1 0 2580.00
problem63 0.02 475138213533309 67 1 0 2512.00
problem64 0.01 406670119256153 55 1 0.01 2752.00
problem65 0.01 446033702846411 45 1 0.01 2776.00
problem66 0.06 420220897686134 85 1 0.01 2812.00
problem67 0.04 406996706063373 80 1 0.01 2792.00
problem68 0.48 406721765574269 144 1 0.01 2580.00
problem69 0.06 439109620725123 79 1 0 2792.00
problem70 0 416757843733855 43 1 0 2776.00
problem71 0.02 411469745102467 65 1 0.01 2804.00
problem72 0.02 408166627824759 56 1 0 2756.00
problem73 0.01 438143290621429 50 1 0.01 2816.00
problem74 0.01 364476907379496 29 1 0.01 2776.00
problem75 0.03 419109231984264 75 1 0.01 2804.00
problem76 0.01 479499752907909 33 1 0 2708.00
problem77 0.19 373579139819566 164 1 0 2764.00
problem78 4.09 431747767884043 357 1 0 2744.00
problem79 0.01 446640048893836 62 1 0 2744.00
problem80 0.01 419844704025025 41 1 0.01 2780.00
problem81 0.01 374767847458869 68 1 0 2836.00
problem82 1.49 442129196048697 217 1 0 2820.00
problem83 0.01 475983874657424 42 1 0 2584.00
problem84 0.81 441694228462105 232 1 0 2592.00
problem85 0.04 389527828992936 108 1 0 2808.00
problem86 0.02 443025320677268 72 1 0 2772.00
problem87 0.02 455448887559351 70 1 0.01 2596.00
problem88 0.01 391497857757696 59 1 0.01 2596.00
problem89 0.01 343824464079056 34 1 0 2596.00
problem90 0.02 350941700309943 75 1 0 2608.00
problem91 0.01 466164923654903 40 1 0 2628.00
problem92 0.68 472448567640312 154 1 0 2784.00
problem93 0 437098982796072 28 1 0 2864.00
problem94 0.07 457021294305805 72 1 0.01 2588.00
problem95 0.02 384556554659018 75 1 0.01 2804.00
problem96 0.01 436460007942104 71 1 0.01 2764.00
problem97 0.12 450670152968082 121 1 0.01 2636.00
problem98 0.01 425511861940317 57 1 0.01 2804.00
problem99 0.02 369713819073575 60 1 0 2844.00
