problem0 0.17 1368879067134760 27 1 0.16 8288.00
problem1 0 1080238808625594 22 1 0 6464.00
problem2 0 942038200250397 16 1 0 6464.00
problem3 0 967700490380168 3 1 0 6464.00
problem4 0 1006194820399903 15 1 0 6464.00
problem5 0.01 1312934509550637 34 2 0.01 6464.00
problem6 0 1006059858900589 16 1 0 6464.00
problem7 0 1131689865516843 25 1 0 6464.00
problem8 0 1338191463434737 17 1 0 6464.00
problem9 0.01 1226915088577248 17 1 0.01 6464.00
problem10 0 1119231320209690 10 1 0 6464.00
problem11 0 913572571941601 18 1 0 6464.00
problem12 0 1238125291549698 11 1 0 6464.00
problem13 0 1284517750118946 26 1 0 6464.00
problem14 0.01 1119989769928831 4 1 0.01 6468.00
problem15 0 1268119253922936 21 1 0 6468.00
problem16 0 1139811664498758 4 1 0 6468.00
problem17 0.01 1372178364305937 43 2 0.01 6468.00
problem18 0 1029535105776070 15 1 0 6468.00
problem19 0 1284434130460896 21 1 0 6468.00
problem20 0 1338443532212255 33 1 0 6468.00
problem21 0.01 1292715958276341 19 1 0.01 6468.00
problem22 0 1462433598314633 15 1 0 6468.00
problem23 0 1193345738482528 11 1 0 6468.00
problem24 0 1256304267453121 18 1 0 6468.00
problem25 0.01 1093468859421620 29 1 0.01 6468.00
problem26 0 1039956484133588 21 1 0 6468.00
problem27 0 1170295184998270 16 1 0 6468.00
problem28 0 1230830603360113 17 1 0 6468.00
problem29 0.01 1164954484348389 25 1 0.01 6468.00
problem30 0 1284186066567680 21 1 0 6468.00
problem31 0 1217067415465934 28 1 0 6468.00
problem32 0 1340958547568209 18 1 0 6468.00
problem33 0.01 1217756748873820 13 1 0.01 6468.00
problem34 0 1351103660022387 8 1 0 6468.00
problem35 0 1051837947558129 7 1 0 6468.00
problem36 0 1089445451547131 26 1 0 6468.00
problem37 0 986373879263183 6 1 0 6468.00
problem38 0.01 1034952257281440 25 1 0.01 6468.00
problem39 0 1185684493336113 14 1 0 6468.00
problem40 0 1256143394348385 18 1 0 6468.00
problem41 0 1245443531840823 25 1 0 6468.00
problem42 0.01 1359400110578728 12 1 0.01 6468.00
problem43 0 1264687720702997 16 1 0 6468.00
problem44 0 1122625245062039 13 1 0 6468.00
problem45 0 1119913144891779 16 1 0 6468.00
problem46 0.01 1064928760203666 6 1 0 6468.00
problem47 0 1265219906565969 20 1 0 6468.00
problem48 0 1129048478989138 20 1 0 6468.00
problem49 0 1456980754063386 3 1 0 6468.00
problem50 0 1098274131732690 4 1 0 6468.00
problem51 0.01 1562538833632253 16 1 0.01 6468.00
problem52 0 1498062292494315 6 1 0 6468.00
problem53 0 1286559081577395 3 1 0 6468.00
problem54 0 1459425092107733 7 1 0 6468.00
problem55 0.01 962505618183473 24 1 0.01 6468.00
problem56 0 972377486680101 12 1 0 6468.00
problem57 0 1541645043800732 16 1 0 6468.00
problem58 0 978219551145616 26 1 0 6468.00
problem59 0 1206665179135857 31 1 0 6468.00
problem60 0.01 1150859627503934 13 1 0.01 6468.00
problem61 0 1030159571865610 11 1 0 6468.00
problem62 0 1454734785366689 17 1 0 6468.00
problem63 0.01 1418253598683658 12 1 0.01 6468.00
problem64 0 1215059070946285 26 1 0 6468.00
problem65 0 1333220113897154 12 1 0 6468.00
problem66 0 1252870371783995 16 1 0 6468.00
problem67 0.01 1214220126780824 21 1 0.01 6468.00
problem68 0 1205855400142101 21 1 0 6468.00
problem69 0 1310953562453322 6 1 0 6468.00
problem70 0 1246355994628943 8 1 0 6468.00
problem71 0.01 1228104004561511 9 1 0 6468.00
problem72 0 1219000284766689 7 1 0 6468.00
problem73 0 1309199710021835 14 1 0 6468.00
problem74 0 1090169676698559 3 1 0 6468.00
problem75 0 1249789403267055 11 1 0 6468.00
problem76 0.01 1434902389655140 31 1 0.01 6468.00
problem77 0 1107957334936396 9 1 0 6468.00
problem78 0 1260081974773403 8 1 0 6468.00
problem79 0 1333627627030981 17 1 0 6468.00
problem80 0.01 1255273326404654 9 1 0 6468.00
problem81 0 1119915558498527 10 1 0 6468.00
problem82 0 1302876359423433 17 1 0 6468.00
problem83 0 1424517650375360 10 1 0 6468.00
problem84 0.01 1297629619044215 24 1 0.01 6468.00
problem85 0 1159269676084936 24 1 0 6468.00
problem86 0 1321727494755708 11 1 0 6468.00
problem87 0 1358105618462700 20 1 0 6468.00
problem88 0.01 1168912505520869 21 1 0.01 6468.00
problem89 0 1028710649490342 10 1 0 6468.00
problem90 0 1047322323060587 12 1 0 6468.00
problem91 0 1393444235104599 12 1 0 6468.00
problem92 0.01 1398544670266584 32 1 0 6468.00
problem93 0 1308252091921088 25 1 0 6468.00
problem94 0 1363790507089169 6 1 0 6468.00
problem95 0 1146382876915556 27 1 0 6468.00
problem96 0 1299539429447874 22 1 0 6468.00
problem97 0.01 1339532242130671 11 1 0.01 6468.00
problem98 0 1270417064075670 38 1 0 6468.00
problem99 0 1104385383067092 21 1 0 6468.00
