problem0 0.02 302853 5 -1389904248 6.95329e-310 0.00
problem1 0.04 305394 5 -1389904248 6.95329e-310 0.00
problem2 0.02 308631 5 -1389904248 6.95329e-310 0.00
problem3 0.02 294806 5 -1389904248 6.95329e-310 0.00
problem4 0.02 256671 5 -1389904248 6.95329e-310 0.00
problem5 0.02 289392 5 -1389904248 6.95329e-310 0.00
problem6 0.02 303364 5 -1389904248 6.95329e-310 0.00
problem7 0.03 277914 5 -1389904248 6.95329e-310 0.00
problem8 0.05 301382 5 -1389904248 6.95329e-310 0.00
problem9 0.01 275553 5 -1389904248 6.95329e-310 0.00
problem10 0.02 319052 5 -1389904248 6.95329e-310 0.00
problem11 0.03 286225 5 -1389904248 6.95329e-310 0.00
problem12 0.04 360186 5 -1389904248 6.95329e-310 0.00
problem13 0.03 291115 5 -1389904248 6.95329e-310 0.00
problem14 0.04 319852 5 -1389904248 6.95329e-310 0.00
problem15 0.02 342063 5 -1389904248 6.95329e-310 0.00
problem16 0.03 294024 5 -1389904248 6.95329e-310 0.00
problem17 0.02 261737 5 -1389904248 6.95329e-310 0.00
problem18 0.02 299418 5 -1389904248 6.95329e-310 0.00
problem19 0.01 274419 5 -1389904248 6.95329e-310 0.00
problem20 0.03 321007 5 -1389904248 6.95329e-310 0.00
problem21 0.02 286745 5 -1389904248 6.95329e-310 0.00
problem22 0.03 293998 5 -1389904248 6.95329e-310 0.00
problem23 0.03 321885 5 -1389904248 6.95329e-310 0.00
problem24 0.01 295523 5 -1389904248 6.95329e-310 0.00
problem25 0.01 298353 5 -1389904248 6.95329e-310 0.00
problem26 0.04 303797 5 -1389904248 6.95329e-310 0.00
problem27 0.03 293793 5 -1389904248 6.95329e-310 0.00
problem28 0.02 311166 5 -1389904248 6.95329e-310 0.00
problem29 0.02 284475 5 -1389904248 6.95329e-310 0.00
problem30 0.02 266761 5 -1389904248 6.95329e-310 0.00
problem31 0.02 330431 5 -1389904248 6.95329e-310 0.00
problem32 0.04 307518 5 -1389904248 6.95329e-310 0.00
problem33 0.01 288735 5 -1389904248 6.95329e-310 0.00
problem34 0.02 268292 5 -1389904248 6.95329e-310 0.00
problem35 0.03 300111 5 -1389904248 6.95329e-310 0.00
problem36 0.03 292978 5 -1389904248 6.95329e-310 0.00
problem37 0.02 305603 5 -1389904248 6.95329e-310 0.00
problem38 0.02 279102 5 -1389904248 6.95329e-310 0.00
problem39 0.01 336570 5 -1389904248 6.95329e-310 0.00
problem40 0.01 253005 5 -1389904248 6.95329e-310 0.00
problem41 0.02 293505 5 -1389904248 6.95329e-310 0.00
problem42 0.02 286290 5 -1389904248 6.95329e-310 0.00
problem43 0.04 314673 5 -1389904248 6.95329e-310 0.00
problem44 0.03 281191 5 -1389904248 6.95329e-310 0.00
problem45 0.02 319000 5 -1389904248 6.95329e-310 0.00
problem46 0.06 306444 5 -1389904248 6.95329e-310 0.00
problem47 0.02 296066 5 -1389904248 6.95329e-310 0.00
problem48 0.03 290907 5 -1389904248 6.95329e-310 0.00
problem49 0.01 268425 5 -1389904248 6.95329e-310 0.00
problem50 0.03 254573 5 -1389904248 6.95329e-310 0.00
problem51 0.05 319455 5 -1389904248 6.95329e-310 0.00
problem52 0.02 303657 5 -1389904248 6.95329e-310 0.00
problem53 0.03 293536 5 -1389904248 6.95329e-310 0.00
problem54 0.01 297998 5 -1389904248 6.95329e-310 0.00
problem55 0.01 295754 5 -1389904248 6.95329e-310 0.00
problem56 0.02 278685 5 -1389904248 6.95329e-310 0.00
problem57 0 274116 5 -1389904248 6.95329e-310 0.00
problem58 0.05 292744 5 -1389904248 6.95329e-310 0.00
problem59 0.02 270222 5 -1389904248 6.95329e-310 0.00
problem60 0.01 217834 5 -1389904248 6.95329e-310 0.00
problem61 0.04 316046 5 -1389904248 6.95329e-310 0.00
problem62 0.01 294723 5 -1389904248 6.95329e-310 0.00
problem63 0.02 304504 5 -1389904248 6.95329e-310 0.00
problem64 0.04 309726 5 -1389904248 6.95329e-310 0.00
problem65 0.03 305663 5 -1389904248 6.95329e-310 0.00
problem66 0.03 284477 5 -1389904248 6.95329e-310 0.00
problem67 0.02 240700 5 -1389904248 6.95329e-310 0.00
problem68 0.02 313721 5 -1389904248 6.95329e-310 0.00
problem69 0.02 302973 5 -1389904248 6.95329e-310 0.00
problem70 0.02 258936 5 -1389904248 6.95329e-310 0.00
problem71 0.06 291187 5 -1389904248 6.95329e-310 0.00
problem72 0.02 267706 5 -1389904248 6.95329e-310 0.00
problem73 0.04 305722 5 -1389904248 6.95329e-310 0.00
problem74 0.03 296946 5 -1389904248 6.95329e-310 0.00
problem75 0.02 317726 5 -1389904248 6.95329e-310 0.00
problem76 0.02 291489 5 -1389904248 6.95329e-310 0.00
problem77 0.02 301829 5 -1389904248 6.95329e-310 0.00
problem78 0.03 284025 5 -1389904248 6.95329e-310 0.00
problem79 0.01 290210 5 -1389904248 6.95329e-310 0.00
problem80 0.01 285333 5 -1389904248 6.95329e-310 0.00
problem81 0.03 308700 5 -1389904248 6.95329e-310 0.00
problem82 0.03 305575 5 -1389904248 6.95329e-310 0.00
problem83 0.03 299775 5 -1389904248 6.95329e-310 0.00
problem84 0.01 283849 5 -1389904248 6.95329e-310 0.00
problem85 0.02 268377 5 -1389904248 6.95329e-310 0.00
problem86 0.01 279880 5 -1389904248 6.95329e-310 0.00
problem87 0.02 322871 5 -1389904248 6.95329e-310 0.00
problem88 0.05 298710 5 -1389904248 6.95329e-310 0.00
problem89 0.03 283466 5 -1389904248 6.95329e-310 0.00
problem90 0 298895 5 -1389904248 6.95329e-310 0.00
problem91 0.02 313006 5 -1389904248 6.95329e-310 0.00
problem92 0.02 279332 5 -1389904248 6.95329e-310 0.00
problem93 0.01 276347 5 -1389904248 6.95329e-310 0.00
problem94 0.03 313673 5 -1389904248 6.95329e-310 0.00
problem95 0.04 305611 5 -1389904248 6.95329e-310 0.00
problem96 0.02 309477 5 -1389904248 6.95329e-310 0.00
problem97 0.04 343071 5 -1389904248 6.95329e-310 0.00
problem98 0.05 278544 5 -1389904248 6.95329e-310 0.00
problem99 0.01 234537 5 -1389904248 6.95329e-310 0.00
