problem0 6.45 46755433465243 1
problem1 2.21 51999263757177 1
problem2 9.65 48200199205063 1
problem3 2.2 49429895855365 1
problem4 3.62 47687464580019 1
problem5 34.18 53875400117329 1
problem6 2.12 49965293558367 1
problem7 1.89 45075405761885 1
problem8 6.4 45468275994827 1
problem9 1.86 53921054002217 1
problem10 3.25 50852706239223 1
problem11 4.69 48780925686965 1
problem12 1.03 51769779068131 1
problem13 3.92 46025096459009 1
problem14 15.47 50196807453327 1
problem15 1.75 41165013209869 1
problem16 3 48118564313083 1
problem17 4.57 49305820504281 1
problem18 5.03 49686240465191 1
problem19 13.88 49565193783397 1
problem20 1.47 50842408747539 1
problem21 7.92 47540988671409 1
problem22 9.3 49471632651967 1
problem23 0.91 52111703282877 1
problem24 17 47777381284651 1
problem25 9.1 46870274036105 1
problem26 0.42 51424158669655 1
problem27 9.02 46781393377301 1
problem28 19.52 49409788322627 1
problem29 1.23 58144379081825 1
problem30 1.94 51497503153903 1
problem31 13.61 52086226530925 1
problem32 7 47152068024923 1
problem33 12.96 50813285342777 1
problem34 14.04 54547938976135 1
problem35 2.85 45469444391877 1
problem36 1.23 47209840574579 1
problem37 6.98 49216022794001 1
problem38 15.98 52333382435615 1
problem39 0.49 53015313067037 1
problem40 1.69 51354304279947 1
problem41 6.46 47079237551849 1
problem42 4.87 46974408844215 1
problem43 3.97 51848633731957 1
problem44 3.54 51352359246243 1
problem45 0.85 46876632884673 1
problem46 2.11 51252241048399 1
problem47 7.88 47813747638733 1
problem48 0.65 45257846148283 1
problem49 9.1 52138922544025 1
problem50 4.46 47421380403687 1
problem51 3.89 46434072801061 1
problem52 0.64 49407549271763 1
problem53 16.06 43938708658289 1
problem54 4.01 48667392720767 1
problem55 6.2 49394215400317 1
problem56 0.42 47804897877995 1
problem57 2.04 47266609212489 1
problem58 2.08 50823716396055 1
problem59 3.13 50182146649813 1
problem60 9.95 54495398756355 1
problem61 5.16 45294407853857 1
problem62 4.57 49814086637487 1
problem63 22.63 51732081197357 1
problem64 4.49 49747071250203 1
problem65 1.45 45703399860473 1
problem66 0.22 51522663912007 1
problem67 12.82 47269954783877 1
problem68 11.5 43155487378739 1
problem69 4.22 53225416315345 1
problem70 0.45 47798076828639 1
problem71 3.79 49324544207581 1
problem72 11.31 52524234848843 1
problem73 34.15 49714804998569 1
problem74 1.95 46371921052791 1
problem75 0.71 48182743597621 1
problem76 1.3 48780510254691 1
problem77 0.51 53107954653313 1
problem78 1.79 53081377963023 1
problem79 1.41 49073470271629 1
problem80 0.02 48852067189115 1
problem81 0.54 52573676058201 1
problem82 7.61 51845296976551 1
problem83 7.02 45719214183909 1
problem84 0.08 53272238234515 1
problem85 4.95 52289480031025 1
problem86 10.27 50657951746111 1
problem87 9.76 44905087963709 1
problem88 14.25 49471918343339 1
problem89 1.04 49184612304649 1
problem90 1.47 46085523479767 1
problem91 2.84 48632658986389 1
problem92 6.08 54052402961603 1
problem93 2.05 48991780764129 1
problem94 0.22 52045091344495 1
problem95 3.22 49684548390893 1
problem96 0.54 50509863797723 1
problem97 8.75 45454237299641 1
problem98 0.51 48099962274567 1
problem99 0.47 54369462194501 1
