problem0 0.1 2857345410 1
problem1 0.02 2849959104 1
problem2 0.07 3140956095 1
problem3 0.01 3137301017 1
problem4 0.01 2857522308 1
problem5 0 2913302106 1
problem6 0.05 2969836817 1
problem7 0 3205975491 1
problem8 0.38 2982078630 1
problem9 0.08 2897794708 1
problem10 0.11 3002808451 1
problem11 0 2862100749 1
problem12 0.01 2978938856 1
problem13 0.07 2994784110 1
problem14 0.03 2985915413 1
problem15 0.01 2937642487 1
problem16 0.16 2941738058 1
problem17 0.05 3073221352 1
problem18 0.03 3067339207 1
problem19 0.21 3136405121 1
problem20 0.1 3079266252 1
problem21 0.03 2878497538 1
problem22 0.02 3035214745 1
problem23 0.01 3039222955 1
problem24 0.03 2899807342 1
problem25 0.07 3013517756 1
problem26 0.11 2866166667 1
problem27 0.01 2767315573 1
problem28 0.04 2930934832 1
problem29 0.04 3044579606 1
problem30 0 2873289629 1
problem31 0.04 3270253023 1
problem32 0.01 3304065298 1
problem33 0.02 2939626256 1
problem34 0.15 3151582671 1
problem35 0.01 2715315433 1
problem36 0.09 2928311572 1
problem37 0.03 2772154794 1
problem38 0.01 2891263009 1
problem39 0.01 3171771795 1
problem40 0.12 3112395318 1
problem41 0.05 2670491364 1
problem42 0.02 2679521427 1
problem43 0.12 2860461533 1
problem44 0.06 2917489272 1
problem45 0.01 2643334334 1
problem46 0.09 3314713893 1
problem47 0.02 2993262535 1
problem48 0.05 3051759578 1
problem49 0.01 3254644024 1
problem50 0.22 2777156567 1
problem51 0.02 3063543121 1
problem52 0.02 2972232796 1
problem53 0.07 2953574994 1
problem54 0.17 3067020969 1
problem55 0.02 2673436795 1
problem56 0.02 2971593214 1
problem57 0 3031750156 1
problem58 0.05 3119237019 1
problem59 0.01 3153498949 1
problem60 0.06 3163292352 1
problem61 0.03 3061561958 1
problem62 0.05 2860564653 1
problem63 0 2901393327 1
problem64 0.04 2888186018 1
problem65 0.01 2820964704 1
problem66 0.03 2738914271 1
problem67 0.07 3183269817 1
problem68 0.02 2857954724 1
problem69 0.03 3155010810 1
problem70 0.36 3120546609 1
problem71 0.03 2621007203 1
problem72 0.01 2888213446 1
problem73 0.05 2989113140 1
problem74 0.09 3118944419 1
problem75 0.01 2813235885 1
problem76 0.06 2838166792 1
problem77 0.01 2862352910 1
problem78 0.03 2915442229 1
problem79 0.01 2843552151 1
problem80 0.11 3233594218 1
problem81 0.01 3069009800 1
problem82 0.09 3095608807 1
problem83 0.01 2909246497 1
problem84 0.01 2989474028 1
problem85 0.07 2884319650 1
problem86 0.02 2779767225 1
problem87 0.03 3011238987 1
problem88 0.29 3057061774 1
problem89 0.01 2719953500 1
problem90 0.08 2889440171 1
problem91 0 2979900437 1
problem92 0.06 3076966736 1
problem93 0.04 3135865782 1
problem94 0.15 2973441469 1
problem95 0.03 2930789759 1
problem96 0.02 3084267570 1
problem97 0.13 2822440880 1
problem98 0.04 3035675119 1
problem99 0 3378555529 1
