problem0 0.01 77566326 0
problem1 0 95924720 1
problem2 0.02 93900209 0
problem3 0.01 93520969 1
problem4 0 92550775 0
problem5 0.01 104455050 1
problem6 0 101988610 0
problem7 0 115086323 1
problem8 0.01 86971543 0
problem9 0.01 109556678 0
problem10 0.01 104180341 0
problem11 0.01 112556866 0
problem12 0 118148573 0
problem13 0.01 96203935 0
problem14 0.01 116331525 1
problem15 0 112002088 0
problem16 0.01 115680315 0
problem17 0.01 96598041 0
problem18 0.02 124946364 0
problem19 0.01 102373554 0
problem20 0.01 95484349 0
problem21 0 112179250 1
problem22 0.01 105133961 1
problem23 0 109560539 1
problem24 0.01 99111007 0
problem25 0 104845038 0
problem26 0.01 124548478 0
problem27 0.01 121547941 1
problem28 0.01 101599777 0
problem29 0 124483142 1
problem30 0.01 130659216 0
problem31 0.01 91168784 0
problem32 0.01 105982211 0
problem33 0.01 119834689 0
problem34 0.01 109216707 0
problem35 0.01 108726045 0
problem36 0.01 122441485 0
problem37 0 95387354 1
problem38 0.01 102209554 0
problem39 0.02 123726788 0
problem40 0.01 132791850 0
problem41 0.01 102593559 0
problem42 0 118866564 0
problem43 0.01 113309709 1
problem44 0.01 98998380 0
problem45 0 98968047 0
problem46 0.01 82310423 0
problem47 0 110163447 1
problem48 0.01 108011468 0
problem49 0.01 102883953 0
problem50 0.01 97075659 0
problem51 0.01 115101571 0
problem52 0 90879564 1
problem53 0 123973506 1
problem54 0.01 106355356 0
problem55 0.01 104009388 0
problem56 0 105995760 0
problem57 0.01 112403260 1
problem58 0.01 96604562 0
problem59 0 103996789 1
problem60 0.01 87570609 0
problem61 0 103184278 1
problem62 0.01 102914206 0
problem63 0 95487460 0
problem64 0.01 107907221 0
problem65 0 119309968 1
problem66 0.01 99041746 0
problem67 0.01 117731820 0
problem68 0.01 113291165 0
problem69 0.01 93768237 0
problem70 0.01 107642659 0
problem71 0.01 99593108 0
problem72 0.01 114962359 0
problem73 0 95640676 1
problem74 0 111272597 0
problem75 0 111860957 1
problem76 0.02 96971513 0
problem77 0 96925503 0
problem78 0.01 99704358 0
problem79 0.01 135122888 0
problem80 0 77128540 0
problem81 0.01 110556346 0
problem82 0.01 77399001 0
problem83 0.01 123334226 0
problem84 0 86162141 0
problem85 0.01 95637204 0
problem86 0.01 98239916 0
problem87 0 86262396 0
problem88 0.01 81867647 0
problem89 0.01 91266956 1
problem90 0 109426078 0
problem91 0.01 115308101 1
problem92 0 108621633 0
problem93 0.01 100802792 0
problem94 0 99452333 1
problem95 0 126210991 1
problem96 0.02 98283555 0
problem97 0 78884069 0
problem98 0.01 97191903 1
problem99 0.01 90391738 0
