problem0 0.7 15583726208999 1 3232.00
problem1 1.20 14530884814396 1 3476.00
problem2 1.30 15923595051016 1 3476.00
problem3 0.95 15624393802657 1 3476.00
problem4 1.70 15344467589825 1 3476.00
problem5 1.26 16413056540670 1 3476.00
problem6 0.83 13741398567506 1 3476.00
problem7 0.90 16059995145875 1 3476.00
problem8 1.24 16085666617083 1 3476.00
problem9 1.67 15090286497952 1 3476.00
problem10 1.11 14292279750396 1 3476.00
problem11 2.39 15630953190757 1 3476.00
problem12 1.01 13621694846613 1 3476.00
problem13 1.10 15990072736290 1 3476.00
problem14 1.31 12766042535942 1 3476.00
problem15 1.77 13204009206295 1 3476.00
problem16 1.92 14670073664399 1 3476.00
problem17 1.66 15487731080836 1 3476.00
problem18 0.76 16427617374064 1 3476.00
problem19 0.86 16801582104233 1 3476.00
problem20 1.35 14290482546665 1 3476.00
problem21 0.80 14868662853574 1 3476.00
problem22 1.39 13527160971066 1 3476.00
problem23 0.78 16162148408603 1 3476.00
problem24 0.99 16813354159523 1 3476.00
problem25 1.57 14761722970088 1 3476.00
problem26 0.93 16779485180260 1 3476.00
problem27 0.90 15891468603245 1 3476.00
problem28 1.10 13773420420797 1 3476.00
problem29 1.13 14482622750954 1 3476.00
problem30 0.93 16297796956142 1 3476.00
problem31 0.99 15664280151967 1 3476.00
problem32 1.12 15343675970871 1 3476.00
problem33 1.03 15028975584460 1 3476.00
problem34 0.66 15844340770008 1 3476.00
problem35 0.69 16100967372721 1 3476.00
problem36 1.35 14359886555921 1 3476.00
problem37 1.17 14997653818766 1 3476.00
problem38 1.35 14095332489762 1 3476.00
problem39 1.36 14284734542243 1 3476.00
problem40 1.49 13811248233035 1 3476.00
problem41 0.93 15654098107696 1 3476.00
problem42 1.12 16094922684876 1 3476.00
problem43 1.28 15049628378997 1 3476.00
problem44 1.06 14585811385573 1 3476.00
problem45 1.75 15128864617906 1 3476.00
problem46 1.54 15256830643670 1 3476.00
problem47 1.39 15157684669223 1 3476.00
problem48 0.71 17572661300447 1 3476.00
problem49 1.02 15048083683604 1 3476.00
problem50 0.86 16239611379776 1 3476.00
problem51 1.43 15124723437241 1 3476.00
problem52 1.36 16077527721017 1 3476.00
problem53 1.27 15809650223446 1 3476.00
problem54 1.08 13983399066378 1 3476.00
problem55 1.34 14772611597355 1 3476.00
problem56 1.36 15150749654259 1 3476.00
problem57 0.78 15530048817272 1 3476.00
problem58 1.20 15893193574452 1 3476.00
problem59 1.30 14083526417789 1 3476.00
problem60 1.46 14651747070221 1 3476.00
problem61 1.35 16480609794170 1 3476.00
problem62 1.00 16798987882942 1 3476.00
problem63 1.11 15934506593455 1 3476.00
problem64 1.34 15174955498119 1 3476.00
problem65 1.44 15004362701660 1 3476.00
problem66 2.26 15115543339432 1 3476.00
problem67 1.59 13365756879809 1 3476.00
problem68 1.57 15344275157857 1 3476.00
problem69 1.37 14070200677150 1 3476.00
problem70 0.93 17227317043698 1 3476.00
problem71 1.16 19111663703219 1 3476.00
problem72 1.42 15503487661467 1 3476.00
problem73 1.07 14697598788032 1 3476.00
problem74 1.17 15127526874268 1 3476.00
problem75 1.94 13815192859013 1 3476.00
problem76 1.31 14695373175605 1 3476.00
problem77 1.34 14051632589122 1 3476.00
problem78 1.21 14812596173734 1 3476.00
problem79 0.93 16227174501431 1 3476.00
problem80 0.80 16286619819567 1 3476.00
problem81 1.59 12688674065316 1 3476.00
problem82 1.28 14831126890768 1 3476.00
problem83 0.84 14551507949257 1 3476.00
problem84 0.83 15528023021705 1 3476.00
problem85 1.06 14994310654694 1 3476.00
problem86 0.87 15043074993882 1 3476.00
problem87 1.25 15210844398395 1 3476.00
problem88 0.76 15419951711299 1 3476.00
problem89 0.86 15500265343240 1 3476.00
problem90 1.39 14116017977092 1 3476.00
problem91 1.42 14103274447757 1 3476.00
problem92 0.54 16722369338205 1 3476.00
problem93 0.79 16951138977802 1 3476.00
problem94 1.43 13669232724878 1 3476.00
problem95 1.85 12440136526271 1 3476.00
problem96 2.10 14309215746007 1 3476.00
problem97 1.68 14120245914092 1 3476.00
problem98 1.02 15555931879032 1 3476.00
problem99 2.01 14424902821841 1 3476.00
