problem0 1.23 759242218685003 70 1 0.76 83016.00
problem1 1.20 821272809001472 84 1 0.71 76992.00
problem2 1.63 799705445070992 105 1 0.86 85744.00
problem3 1.91 754896424767844 72 1 1.28 97404.00
problem4 1.69 729502253776972 62 1 1.30 99464.00
problem5 1.86 825390398327284 66 1 1.21 98220.00
problem6 1.44 778455969854119 55 1 1.02 86852.00
problem7 1.06 711671613649770 40 1 0.65 85672.00
problem8 1.84 839872417149092 82 1 1.05 81160.00
problem9 2.12 743236120023289 72 1 1.55 102860.00
problem10 1.18 906100417515314 46 1 0.73 90416.00
problem11 1.79 814247003779505 93 1 1.07 86740.00
problem12 1.60 797625281369255 91 1 0.81 83816.00
problem13 1.48 739886657068209 86 1 0.92 84400.00
problem14 2.05 660891308877699 83 1 1.09 92620.00
problem15 1.68 820209786966868 96 1 1.01 90812.00
problem16 1.74 831093600745992 61 1 1.24 99360.00
problem17 1.55 869012006582400 94 1 1.05 89808.00
problem18 1.33 878593112781088 67 1 0.75 86472.00
problem19 1.75 826502454823267 79 1 0.87 86520.00
problem20 1.61 813538674211032 93 1 0.98 86204.00
problem21 1.57 796951248284730 61 1 1.04 86868.00
problem22 1.54 638931981373552 102 1 0.78 84440.00
problem23 1.43 836802627429553 49 1 0.89 87764.00
problem24 1.61 868751652720366 79 1 1.00 87904.00
problem25 1.71 794263549114023 95 1 0.96 85772.00
problem26 1.96 703332063494966 54 1 1.45 98748.00
problem27 1.32 877409671440200 70 1 0.87 84236.00
problem28 1.42 841971791294137 90 1 0.91 88572.00
problem29 1.30 786058112268816 55 1 0.91 88572.00
problem30 1.23 776977819557684 69 1 0.75 83648.00
problem31 1.86 793263551930586 78 1 1.11 92620.00
problem32 1.53 748649709122587 54 1 1.05 90848.00
problem33 1.68 624651538221104 39 1 1.30 99524.00
problem34 1.51 789854495924398 79 1 1.04 89492.00
problem35 1.70 760291388393425 58 1 1.17 93380.00
problem36 1.71 704268413138435 92 1 0.94 90080.00
problem37 2.33 714300213943613 107 1 1.49 101572.00
problem38 1.63 762329948593554 100 1 1.02 89104.00
problem39 1.36 809183620134520 35 1 0.97 86508.00
problem40 1.40 798410451312440 61 1 0.91 86628.00
problem41 1.60 711672500176827 96 1 0.95 86608.00
problem42 1.24 963885250457303 105 1 0.61 83644.00
problem43 1.56 869942304058716 73 1 0.98 84400.00
problem44 1.61 814063905544649 66 1 1.08 91852.00
problem45 1.35 857143416779109 55 1 0.88 85796.00
problem46 1.53 797275898549018 46 1 1.12 92604.00
problem47 1.81 678454549922310 66 1 1.23 97968.00
problem48 1.80 693097669134890 43 1 1.26 97476.00
problem49 2.03 815260441361341 84 1 1.19 97780.00
problem50 1.57 798499624995074 48 1 1.18 98972.00
problem51 1.30 835384142758409 61 1 0.86 85732.00
problem52 1.59 728765025844016 88 1 0.81 86060.00
problem53 1.66 837673178009082 55 1 1.18 94668.00
problem54 1.73 810304345678774 79 1 0.98 90488.00
problem55 1.82 794655026828093 55 1 1.24 95428.00
problem56 1.44 864555242372713 107 1 0.78 89984.00
problem57 1.30 821115628944505 81 1 0.76 90116.00
problem58 1.61 831005098667905 47 1 0.95 86524.00
problem59 1.74 807176496266044 81 1 1.10 92664.00
problem60 1.92 760766265562178 66 1 1.43 101572.00
problem61 1.23 865746540089948 50 1 0.81 84472.00
problem62 1.39 816908481635692 47 1 0.98 78240.00
problem63 1.39 822692410769260 56 1 0.99 85720.00
problem64 1.82 932770971588554 109 1 0.92 88528.00
problem65 1.52 777635885409225 83 1 1.01 86952.00
problem66 1.67 723471389122750 70 1 1.18 96660.00
problem67 1.84 890471368829308 101 1 0.76 86500.00
problem68 1.94 784154440907801 99 1 1.17 94668.00
problem69 1.37 653419439424234 47 1 0.97 88936.00
problem70 1.74 952589738360574 98 1 0.95 83536.00
problem71 1.90 797772377422674 94 1 1.18 95428.00
problem72 1.37 747412571734224 79 1 0.88 89968.00
problem73 1.82 809477585567723 66 1 1.37 105024.00
problem74 1.75 646690080633088 91 1 1.15 94668.00
problem75 1.37 726241401769637 49 1 0.94 89276.00
problem76 1.51 874140916351482 71 1 1.04 88312.00
problem77 1.63 898947483714826 80 1 1.00 86800.00
problem78 1.63 737742018128840 53 1 1.02 86760.00
problem79 1.31 781649008645413 31 1 0.92 85776.00
problem80 1.59 823195182818561 92 1 0.92 85708.00
problem81 2.08 653446206916862 70 1 1.44 100812.00
problem82 1.50 759419835615794 78 1 0.89 89044.00
problem83 1.05 839041126453822 67 1 0.49 84480.00
problem84 1.63 939806476751496 67 1 0.86 78300.00
problem85 1.92 693510306637245 78 1 1.42 98856.00
problem86 1.77 733021609898686 82 1 1.01 86752.00
problem87 1.36 760947330374178 55 1 0.75 83772.00
problem88 1.66 739801202800447 64 1 1.05 86768.00
problem89 1.72 871679004450249 73 1 1.05 81344.00
problem90 1.62 837062149102456 67 1 1.11 89036.00
problem91 1.44 747292447258936 45 1 1.07 95968.00
problem92 1.54 735709752250085 57 1 0.96 85816.00
problem93 1.77 885468992911553 119 1 0.96 85848.00
problem94 1.43 735706838410957 43 1 1.01 87140.00
problem95 1.49 866097305431335 75 1 0.81 83804.00
problem96 1.53 857391453448667 81 1 0.90 78092.00
problem97 1.38 842194431156069 81 1 0.79 76432.00
problem98 1.64 760729839725287 78 1 1.13 92620.00
problem99 1.41 834958158400645 85 1 0.83 93204.00
