problem0 99.66 1196968639425230 1625 1 3.4 9302468.00
problem1 100.07 1158160121859864 2399 2 1.4 9307744.00
problem2 97.71 1316661118088926 1886 1 0.8 9329432.00
problem3 97.32 1314135414786684 1939 1 0.79 9317692.00
problem4 95.54 1276022092822463 1298 1 0.8 9306168.00
problem5 98.42 1266177770218211 2325 1 0.79 9309976.00
problem6 97.61 1264258065741833 1756 1 0.79 9361100.00
problem7 98.64 1143099085372530 2072 1 0.83 9318680.00
problem8 97.69 1249259553675520 2095 1 0.81 9316712.00
problem9 99.27 1334923806976547 1520 1 0.86 9311836.00
problem10 96.99 1419918910903615 1431 1 0.82 9316556.00
problem11 97.2 1125724757007759 2393 1 0.82 9292384.00
problem12 95.48 1221073266823002 981 1 0.82 9317112.00
problem13 98.98 1307319345525328 2100 1 0.79 9326344.00
problem14 95.31 1203197230015239 1006 1 0.84 9312796.00
problem15 98.58 1203676957868649 2349 1 0.86 9292504.00
problem16 97.7 1293342315024807 1911 1 0.82 9375112.00
problem17 97.74 1284615169676879 1508 1 0.81 9315896.00
problem18 97.59 1197244051254178 2414 2 1.58 9280400.00
problem19 95.45 1074842777259128 1464 1 0.98 9308036.00
problem20 97.97 1364379049336770 1846 1 0.79 9329184.00
problem21 97.41 1244916765622136 2033 1 0.84 9319168.00
problem22 97.63 1218693718434338 2107 1 0.82 9313508.00
problem23 96.25 1319231781368830 1271 1 0.79 9360968.00
problem24 98.21 1370193366524994 1913 1 0.79 9322660.00
problem25 96.45 1244237867823579 1607 1 0.82 9311988.00
problem26 96.63 1202299544363813 1793 1 0.81 9316956.00
problem27 96.07 1267808323448536 1096 1 0.82 9305512.00
problem28 96.42 1204071281907257 1999 1 0.82 9314128.00
problem29 101.68 1215446912569320 2755 2 1.55 9309504.00
problem30 98.91 1200933804456575 2264 1 0.82 9372372.00
problem31 98.25 1334712785098049 1789 1 0.82 9339572.00
problem32 96.18 1158892751166252 1728 1 0.9 9317556.00
problem33 98.94 1370374138058242 1978 1 0.83 9325960.00
problem34 96.73 1466009156886432 1658 1 0.81 9372416.00
problem35 96.64 1207779578653237 1563 1 0.85 9326716.00
problem36 96.98 1203338872874067 1653 1 0.95 9310636.00
problem37 98.43 1114122398694522 1714 1 0.97 9305264.00
problem38 96.59 1160735897092922 1712 1 0.86 9315476.00
problem39 103.94 1416754881283637 1840 1 1.02 9336920.00
problem40 97.22 1263366865561204 1507 1 0.84 9318648.00
problem41 97.1 1216445551239041 2117 1 0.82 9316316.00
problem42 96.42 1295503854323835 1198 1 0.84 9329444.00
problem43 99 1161918234707283 2421 1 0.91 9312532.00
problem44 97.6 1342842199248423 1525 1 0.85 9319188.00
problem45 97.94 1198052240732248 1793 1 0.89 9312584.00
problem46 99.13 1350182673303020 1984 1 0.92 9292772.00
problem47 97.67 1249464451983687 1835 1 0.93 9309676.00
problem48 96.32 1322485042380640 1801 1 0.86 9302104.00
problem49 97.34 1461773586534087 1647 1 0.84 9387612.00
problem50 96.88 1123814512646825 1623 1 1.04 9292696.00
problem51 96.6 1357175269975600 1440 1 0.81 9378556.00
problem52 99.72 1321766659662590 2444 1 0.82 9323452.00
problem53 98.36 1241816919558067 1917 1 0.92 9309840.00
problem54 95.79 1297564007943115 1236 1 0.89 9280756.00
problem55 96.15 1280951388957970 1805 1 0.88 9312692.00
problem56 96.44 1296802300382401 990 1 0.83 9332716.00
problem57 97.66 1418515550133199 1410 1 0.85 9378580.00
problem58 98.52 1182918450202718 1626 1 0.9 9302296.00
problem59 100.22 1417341003494504 2111 1 0.85 9373592.00
problem60 97.73 1442458316147589 1689 1 0.81 9339324.00
problem61 98.87 1301471893776608 1871 1 0.86 9373620.00
problem62 97 1214751867612178 1800 1 0.85 9320864.00
problem63 98.13 1155111363532343 2161 1 0.94 9281736.00
problem64 100.34 1468559350929029 1923 1 0.84 9350152.00
problem65 97.01 1122621545632316 1515 1 0.9 9316504.00
problem66 100.86 1342896588071957 1900 1 0.82 9353780.00
problem67 96.42 1488944990618920 1334 1 0.8 9387396.00
problem68 97.11 1283470436222491 1632 1 0.87 9288512.00
problem69 98.87 1272229778843303 1917 1 0.83 9320788.00
problem70 98.16 1313618214350012 1675 1 0.83 9313048.00
problem71 98.4 1279843555225144 1823 1 0.9 9307516.00
problem72 96.71 1114729124020805 1789 1 1.18 9279612.00
problem73 99.32 1213202341148553 1784 1 0.95 9312596.00
problem74 98.77 1192354869463953 2204 1 1.02 9295904.00
problem75 96.89 1276198971504561 1300 1 0.89 9309900.00
problem76 99.15 1267781216666503 1992 1 0.82 9346200.00
problem77 97.03 1290567455295171 1861 1 0.85 9317148.00
problem78 98.22 1243085059107372 1752 1 0.88 9306376.00
problem79 98.93 1299043636000758 2106 1 0.83 9315140.00
problem80 101.06 1241345128202930 2687 1 0.84 9339352.00
problem81 96.8 1123047374731349 1701 1 0.9 9318816.00
problem82 97.15 1284956301476123 1745 1 0.83 9318260.00
problem83 97.62 1247318192275069 1489 1 0.99 9315604.00
problem84 98.55 1295629610455992 1930 1 0.89 9320832.00
problem85 96.77 1372329671031484 1576 1 0.83 9335920.00
problem86 98.02 1255235076909549 1969 1 0.85 9376964.00
problem87 97.41 1419557229726506 1377 1 0.84 9336664.00
problem88 99.22 1487276693779849 1696 1 0.8 9394888.00
problem89 97.86 1410845993302497 1536 1 0.84 9315920.00
problem90 99.24 1289728251095785 2054 1 0.88 9310296.00
problem91 96.19 1387989366998304 1092 1 0.83 9315540.00
problem92 97.56 1267254571241500 1231 1 0.87 9314708.00
problem93 101 1292096909232702 2285 1 0.84 9313140.00
problem94 95.67 1401097386316258 978 1 0.79 9381284.00
problem95 98.25 1405912142766215 1805 1 0.66 9366448.00
problem96 97.44 1290339599602956 1722 1 0.8 9311084.00
problem97 97.93 1348544790646325 2035 1 0.87 9316632.00
problem98 96.5 1237594480899985 1443 1 0.84 9326632.00
problem99 95.4 1201370679440996 1414 1 0.83 9315288.00
