problem0 0.000312 143347943666 1
problem1 6.8e-05 150084198043 1
problem2 6.5e-05 140891421811 1
problem3 0.00031 138030221008 1
problem4 3.5e-05 146446188524 1
problem5 0.000312 148515244381 1
problem6 3.8e-05 144481399709 1
problem7 0.000317 150807098242 1
problem8 2.2e-05 141985035718 1
problem9 8.2e-05 141462055039 1
problem10 5.2e-05 146684457639 1
problem11 0.000482 146432684436 1
problem12 0.000155 136475669632 1
problem13 0.001386 138964930049 1
problem14 0.000151 154447049617 1
problem15 0.000302 134418891526 1
problem16 2.3e-05 139358332442 1
problem17 0.000103 143484496867 1
problem18 0.000101 153180426331 1
problem19 0.000285 134461163992 1
problem20 4.6e-05 137653654676 1
problem21 0.00042 145797714981 1
problem22 0.000112 146628150021 1
problem23 0.000422 146513299466 1
problem24 3.3e-05 135657155054 1
problem25 0.001261 148045707463 1
problem26 2.8e-05 130125964687 1
problem27 0.000113 145547845532 1
problem28 0.000153 132606275624 1
problem29 0.000315 136389127113 1
problem30 0.000201 137276666361 1
problem31 0.000471 152038363790 1
problem32 0.000559 127608295746 1
problem33 7.7e-05 144233226027 1
problem34 2.6e-05 134453527107 1
problem35 0.000734 132310237920 1
problem36 6.6e-05 133206415164 1
problem37 0.000108 144868484333 1
problem38 8.9e-05 138304376941 1
problem39 0.00088 139499827858 1
problem40 0.000175 137622236182 1
problem41 0.000709 138901008143 1
problem42 4.3e-05 147060045431 1
problem43 4.9e-05 132514808740 1
problem44 3.4e-05 135564630480 1
problem45 0.000275 144180039569 1
problem46 9.2e-05 128749022817 1
problem47 2.3e-05 144654759958 1
problem48 1.9e-05 134357224042 1
problem49 9.8e-05 141137918067 1
problem50 0.001021 149969539627 1
problem51 0.000406 141574337000 1
problem52 0.001346 136089143268 1
problem53 0.000457 131147660213 1
problem54 0.000131 139922873301 1
problem55 0.001864 157569970970 1
problem56 0.00029 130316532798 1
problem57 0.000651 147138874199 1
problem58 0.000572 138937001311 1
problem59 0.000719 145435450796 1
problem60 7.1e-05 146337870200 1
problem61 0.003029 136780233049 1
problem62 0.000104 134268643529 1
problem63 8.2e-05 144973460382 1
problem64 0.000113 138651324818 1
problem65 5.4e-05 142658516923 1
problem66 2.7e-05 153097928723 1
problem67 3.7e-05 131320239856 1
problem68 0.000176 144385468044 1
problem69 0.000495 144637925501 1
problem70 2.7e-05 141779232061 1
problem71 0.000376 144949217698 1
problem72 1.9e-05 137345489510 1
problem73 3.1e-05 140227267999 1
problem74 0.000326 141274886727 1
problem75 2e-05 145041419700 1
problem76 6.2e-05 140946536224 1
problem77 3.7e-05 136302635297 1
problem78 1.9e-05 134290235697 1
problem79 0.000332 124737733926 1
problem80 0.000682 152451606202 1
problem81 0.000258 133018180867 1
problem82 0.000302 139534978043 1
problem83 5.8e-05 147930427896 1
problem84 0.000156 128326742836 1
problem85 0.000266 124366191429 1
problem86 9.4e-05 133713964197 1
problem87 0.002664 132070684202 1
problem88 4.2e-05 153287870094 1
problem89 0.000656 145753208295 1
problem90 2.6e-05 122195582255 1
problem91 0.0001 137234920380 1
problem92 5.7e-05 135540173512 1
problem93 0.000107 142871535337 1
problem94 2.4e-05 141898094489 1
problem95 0.000162 136596876462 1
problem96 0.000162 146143037922 1
problem97 0.000373 135688267851 1
problem98 0.000559 138311202275 1
problem99 0.000332 136996160256 1
