problem0 0.33 650030440792218 927 1 0.31
problem1 0.09 690108207250152 613 1 0.06
problem2 0.19 728959673846495 1087 2 0.17
problem3 0.12 677050000032830 1048 1 0.09
problem4 0.56 500887609327831 4186 3 0.51
problem5 0.28 607349166699387 2891 1 0.25
problem6 0.17 790040007800571 634 1 0.13
problem7 0.19 645868556896204 1232 1 0.16
problem8 0.15 696429853133561 605 1 0.14
problem9 0.16 751244967922912 458 1 0.14
problem10 0.18 778850505089017 650 1 0.13
problem11 0.16 679332407481965 830 1 0.14
problem12 0.2 650309633443672 1239 1 0.18
problem13 0.22 683446928427805 1911 1 0.2
problem14 0.28 616836282573591 3369 1 0.22
problem15 0.15 720226843419489 357 1 0.14
problem16 0.19 664459722565478 831 1 0.16
problem17 0.19 684340779579132 1279 1 0.15
problem18 0.19 619792115889427 1374 1 0.17
problem19 0.17 712244940151028 995 1 0.14
problem20 0.32 559377569820070 3611 1 0.19
problem21 0.18 700746055073605 549 1 0.17
problem22 0.2 683895987224382 1661 1 0.16
problem23 0.16 719173891502140 680 1 0.15
problem24 0.18 682597566604403 842 1 0.15
problem25 0.22 686845407749531 1837 1 0.18
problem26 0.19 583393769886676 1277 1 0.16
problem27 0.19 642972738803380 1171 1 0.17
problem28 0.17 756742830152442 869 1 0.15
problem29 0.18 719517907803958 881 1 0.15
problem30 0.26 535502479316406 3465 1 0.22
problem31 0.18 666228179694888 781 1 0.16
problem32 0.13 683475617201650 439 1 0.12
problem33 0.19 677364411970479 1361 1 0.16
problem34 0.17 660225584127639 771 1 0.15
problem35 0.15 765666415928945 436 1 0.14
problem36 0.15 664739200435054 478 1 0.12
problem37 0.19 644161607993128 1125 1 0.15
problem38 0.21 637050339055684 1441 1 0.17
problem39 0.21 633496212979683 1338 1 0.19
problem40 0.18 570784553364338 959 1 0.16
problem41 0.16 805526753588145 523 1 0.13
problem42 0.22 684288547976982 1522 1 0.18
problem43 0.13 745597536649605 339 1 0.12
problem44 0.21 701323761867066 1247 1 0.16
problem45 0.18 697925452954956 977 1 0.15
problem46 0.22 694641292345278 1327 1 0.16
problem47 0.14 776560908518570 253 1 0.13
problem48 0.16 702738289307660 524 1 0.15
problem49 0.24 660052728755071 1683 1 0.18
problem50 0.21 658163806419793 1635 1 0.19
problem51 0.15 815194814046024 645 1 0.14
problem52 0.17 758085830460366 676 1 0.12
problem53 0.18 701378105452633 933 1 0.15
problem54 0.22 578465359227505 1764 1 0.19
problem55 0.17 771294229682163 676 1 0.13
problem56 0.13 686757327654895 363 1 0.12
problem57 0.22 658296235591034 1685 1 0.2
problem58 0.16 726384760399160 460 1 0.15
problem59 0.21 683006656455990 1282 1 0.16
problem60 0.35 613388995354649 4156 1 0.21
problem61 0.24 652630172117669 1645 1 0.16
problem62 0.18 683143767011730 1051 1 0.16
problem63 0.18 587574454214373 914 1 0.15
problem64 0.16 777755540143130 532 1 0.14
problem65 0.16 726525706055715 494 1 0.13
problem66 0.15 761722775187426 354 1 0.14
problem67 0.18 764924307964683 800 1 0.15
problem68 0.14 767727595530439 572 1 0.12
problem69 0.26 603945294744321 2503 1 0.18
problem70 0.14 739957973763688 358 1 0.14
problem71 0.14 700192408545114 305 1 0.13
problem72 0.16 743187015319199 783 1 0.13
problem73 0.16 669103540698260 446 1 0.14
problem74 0.18 760747408076774 806 1 0.15
problem75 0.22 706147083208765 1039 1 0.16
problem76 0.2 640286435852003 1348 1 0.16
problem77 0.14 749421985562575 264 1 0.12
problem78 0.16 740202987674079 505 1 0.14
problem79 0.15 751520593818338 387 1 0.15
problem80 0.23 628033510985263 1911 1 0.15
problem81 0.16 748744559241450 425 1 0.12
problem82 0.15 817132270694228 487 1 0.14
problem83 0.14 717891941239018 301 1 0.13
problem84 0.15 741241399011867 422 1 0.14
problem85 0.2 633076108657754 952 1 0.15
problem86 0.17 697378621069378 805 1 0.15
problem87 0.16 853084493902227 522 1 0.14
problem88 0.13 675312966146234 276 1 0.13
problem89 0.23 718652526108342 1310 1 0.19
problem90 0.18 672835013912350 896 1 0.14
problem91 0.18 803121946347095 730 1 0.13
problem92 0.19 692403276787276 1192 1 0.16
problem93 0.2 679056240782178 1178 1 0.16
problem94 0.21 655755681988520 1483 1 0.16
problem95 0.18 670450797844077 832 1 0.16
problem96 0.17 718998741366278 979 1 0.12
problem97 0.14 719486421913016 389 1 0.13
problem98 0.19 676557367832582 986 1 0.16
problem99 0.21 650615851617761 1619 1 0.19
