problem0 0 19435386 1 2252.00
problem1 0.00 18282179 1 2308.00
problem2 0.00 21271931 1 2308.00
problem3 0.00 13793272 1 2308.00
problem4 0.00 18035828 1 2308.00
problem5 0.00 16813189 1 2308.00
problem6 0.00 20602021 1 2308.00
problem7 0.01 19706282 1 2308.00
problem8 0.00 18005070 1 2308.00
problem9 0.00 19774119 1 2308.00
problem10 0.00 18861999 1 2308.00
problem11 0.00 19996860 1 2308.00
problem12 0.00 19362056 1 2308.00
problem13 0.00 17552169 1 2308.00
problem14 0.00 16574617 1 2308.00
problem15 0.00 18122542 1 2308.00
problem16 0.01 14908578 1 2308.00
problem17 0.00 18581515 1 2308.00
problem18 0.00 18645347 1 2308.00
problem19 0.00 17041152 1 2308.00
problem20 0.00 16050460 1 2308.00
problem21 0.00 19065677 1 2308.00
problem22 0.00 16143373 1 2308.00
problem23 0.00 21439026 1 2308.00
problem24 0.00 18849910 1 2308.00
problem25 0.01 15691503 1 2308.00
problem26 0.00 20511383 1 2308.00
problem27 0.00 18987716 1 2308.00
problem28 0.00 18312368 1 2308.00
problem29 0.00 18343153 1 2308.00
problem30 0.00 17035009 1 2308.00
problem31 0.00 17175222 1 2308.00
problem32 0.00 19527626 1 2308.00
problem33 0.01 15630163 1 2308.00
problem34 0.00 20024139 1 2308.00
problem35 0.00 15125512 1 2308.00
problem36 0.00 14207940 1 2308.00
problem37 0.00 18010133 1 2308.00
problem38 0.00 16845173 1 2308.00
problem39 0.00 18409658 1 2308.00
problem40 0.00 20140702 1 2308.00
problem41 0.00 19122487 1 2308.00
problem42 0.00 17859455 1 2308.00
problem43 0.01 16108236 1 2308.00
problem44 0.00 16832088 1 2308.00
problem45 0.00 16891065 1 2308.00
problem46 0.00 21427049 1 2308.00
problem47 0.00 22885438 1 2308.00
problem48 0.00 19562738 1 2308.00
problem49 0.00 16800923 1 2308.00
problem50 0.00 16659251 1 2308.00
problem51 0.00 18302736 1 2308.00
problem52 0.00 15031404 1 2308.00
problem53 0.01 15252189 1 2308.00
problem54 0.00 15531229 1 2308.00
problem55 0.00 20350274 1 2308.00
problem56 0.00 18633414 1 2308.00
problem57 0.00 18565503 1 2308.00
problem58 0.00 19982951 1 2308.00
problem59 0.00 16371924 1 2308.00
problem60 0.00 17444352 1 2308.00
problem61 0.00 17947265 1 2308.00
problem62 0.01 18380241 1 2308.00
problem63 0.00 20868038 1 2308.00
problem64 0.00 17012762 1 2308.00
problem65 0.00 16883683 1 2308.00
problem66 0.00 21821723 1 2308.00
problem67 0.00 17954840 1 2308.00
problem68 0.00 16849684 1 2308.00
problem69 0.00 20786085 1 2308.00
problem70 0.00 16559685 1 2308.00
problem71 0.00 20215754 1 2308.00
problem72 0.00 19472622 1 2308.00
problem73 0.01 21393351 1 2308.00
problem74 0.00 17084239 1 2308.00
problem75 0.00 19549404 1 2308.00
problem76 0.00 18477992 1 2308.00
problem77 0.00 17874505 1 2308.00
problem78 0.00 15398457 1 2308.00
problem79 0.00 19806542 1 2308.00
problem80 0.00 17022274 1 2308.00
problem81 0.00 15911211 1 2308.00
problem82 0.00 18373891 1 2308.00
problem83 0.00 19095328 1 2308.00
problem84 0.01 19040188 1 2308.00
problem85 0.00 21537389 1 2308.00
problem86 0.00 15900077 1 2308.00
problem87 0.00 20398162 1 2308.00
problem88 0.00 19414294 1 2308.00
problem89 0.00 18201615 1 2308.00
problem90 0.00 18240055 1 2308.00
problem91 0.00 18071268 1 2308.00
problem92 0.00 18261840 1 2308.00
problem93 0.00 20375569 1 2308.00
problem94 0.00 16839841 1 2308.00
problem95 0.00 18947286 1 2308.00
problem96 0.01 21590122 1 2308.00
problem97 0.00 17062003 1 2308.00
problem98 0.00 18538219 1 2308.00
problem99 0.00 19397672 1 2308.00
