problem0 11.47 168253 5 -343635464 6.95334e-310 0.00
problem1 4.12 169665 5 -343635464 6.95334e-310 0.00
problem2 4.24 171464 5 -343635464 6.95334e-310 0.00
problem3 5.15 163783 5 -343635464 6.95334e-310 0.00
problem4 5.1 142596 5 -343635464 6.95334e-310 0.00
problem5 4.49 160775 5 -343635464 6.95334e-310 0.00
problem6 5 168537 5 -343635464 6.95334e-310 0.00
problem7 4.52 154399 5 -343635464 6.95334e-310 0.00
problem8 5.27 167437 5 -343635464 6.95334e-310 0.00
problem9 3.81 153087 5 -343635464 6.95334e-310 0.00
problem10 10.49 177253 5 -343635464 6.95334e-310 0.00
problem11 10.45 159016 5 -343635464 6.95334e-310 0.00
problem12 5.14 200105 5 -343635464 6.95334e-310 0.00
problem13 11.5 161733 5 -343635464 6.95334e-310 0.00
problem14 3.76 177698 5 -343635464 6.95334e-310 0.00
problem15 9.41 190037 5 -343635464 6.95334e-310 0.00
problem16 13.9 163349 5 -343635464 6.95334e-310 0.00
problem17 3.58 145411 5 -343635464 6.95334e-310 0.00
problem18 4.74 166345 5 -343635464 6.95334e-310 0.00
problem19 12.6 152456 5 -343635464 6.95334e-310 0.00
problem20 8.53 178339 5 -343635464 6.95334e-310 0.00
problem21 6.88 159305 5 -343635464 6.95334e-310 0.00
problem22 3.5 163335 5 -343635464 6.95334e-310 0.00
problem23 4.51 178827 5 -343635464 6.95334e-310 0.00
problem24 3.83 164181 5 -343635464 6.95334e-310 0.00
problem25 3.75 165753 5 -343635464 6.95334e-310 0.00
problem26 6.33 168779 5 -343635464 6.95334e-310 0.00
problem27 6.68 163220 5 -343635464 6.95334e-310 0.00
problem28 5.27 172871 5 -343635464 6.95334e-310 0.00
problem29 4.42 158043 5 -343635464 6.95334e-310 0.00
problem30 4.18 148202 5 -343635464 6.95334e-310 0.00
problem31 6.98 183574 5 -343635464 6.95334e-310 0.00
problem32 4.19 170845 5 -343635464 6.95334e-310 0.00
problem33 16.29 160410 5 -343635464 6.95334e-310 0.00
problem34 6.05 149052 5 -343635464 6.95334e-310 0.00
problem35 17.7 166730 5 -343635464 6.95334e-310 0.00
problem36 3.56 162768 5 -343635464 6.95334e-310 0.00
problem37 5.11 169781 5 -343635464 6.95334e-310 0.00
problem38 6.32 155059 5 -343635464 6.95334e-310 0.00
problem39 7.49 186986 5 -343635464 6.95334e-310 0.00
problem40 4.46 140559 5 -343635464 6.95334e-310 0.00
problem41 3.53 163059 5 -343635464 6.95334e-310 0.00
problem42 10.03 159053 5 -343635464 6.95334e-310 0.00
problem43 5.54 174820 5 -343635464 6.95334e-310 0.00
problem44 8.64 156219 5 -343635464 6.95334e-310 0.00
problem45 5.67 177224 5 -343635464 6.95334e-310 0.00
problem46 5.81 170249 5 -343635464 6.95334e-310 0.00
problem47 4.34 164483 5 -343635464 6.95334e-310 0.00
problem48 13.28 161618 5 -343635464 6.95334e-310 0.00
problem49 4.83 149126 5 -343635464 6.95334e-310 0.00
problem50 5.44 141432 5 -343635464 6.95334e-310 0.00
problem51 10.9 177477 5 -343635464 6.95334e-310 0.00
problem52 8.75 168700 5 -343635464 6.95334e-310 0.00
problem53 9.5 163078 5 -343635464 6.95334e-310 0.00
problem54 4.69 165556 5 -343635464 6.95334e-310 0.00
problem55 7.25 164311 5 -343635464 6.95334e-310 0.00
problem56 5.23 154826 5 -343635464 6.95334e-310 0.00
problem57 3.39 152288 5 -343635464 6.95334e-310 0.00
problem58 2.41 162637 5 -343635464 6.95334e-310 0.00
problem59 6.57 150125 5 -343635464 6.95334e-310 0.00
problem60 3.26 121020 5 -343635464 6.95334e-310 0.00
problem61 7.9 175583 5 -343635464 6.95334e-310 0.00
problem62 4.63 163737 5 -343635464 6.95334e-310 0.00
problem63 19.26 169172 5 -343635464 6.95334e-310 0.00
problem64 6.57 172072 5 -343635464 6.95334e-310 0.00
problem65 3.83 169814 5 -343635464 6.95334e-310 0.00
problem66 6.03 158045 5 -343635464 6.95334e-310 0.00
problem67 4.9 133723 5 -343635464 6.95334e-310 0.00
problem68 8.74 174292 5 -343635464 6.95334e-310 0.00
problem69 8.17 168320 5 -343635464 6.95334e-310 0.00
problem70 8.56 143855 5 -343635464 6.95334e-310 0.00
problem71 5.55 161773 5 -343635464 6.95334e-310 0.00
problem72 7.73 148727 5 -343635464 6.95334e-310 0.00
problem73 7.74 169848 5 -343635464 6.95334e-310 0.00
problem74 7.07 164972 5 -343635464 6.95334e-310 0.00
problem75 5.31 176516 5 -343635464 6.95334e-310 0.00
problem76 6.68 161940 5 -343635464 6.95334e-310 0.00
problem77 5.91 167685 5 -343635464 6.95334e-310 0.00
problem78 4.29 157795 5 -343635464 6.95334e-310 0.00
problem79 6.59 161230 5 -343635464 6.95334e-310 0.00
problem80 3.75 158520 5 -343635464 6.95334e-310 0.00
problem81 9.4 171502 5 -343635464 6.95334e-310 0.00
problem82 12.4 169765 5 -343635464 6.95334e-310 0.00
problem83 4.85 166543 5 -343635464 6.95334e-310 0.00
problem84 4.06 157695 5 -343635464 6.95334e-310 0.00
problem85 5.06 149100 5 -343635464 6.95334e-310 0.00
problem86 4.53 155491 5 -343635464 6.95334e-310 0.00
problem87 5.95 179374 5 -343635464 6.95334e-310 0.00
problem88 5.71 165952 5 -343635464 6.95334e-310 0.00
problem89 8.34 157483 5 -343635464 6.95334e-310 0.00
problem90 2.16 166054 5 -343635464 6.95334e-310 0.00
problem91 17.86 173894 5 -343635464 6.95334e-310 0.00
problem92 7.42 155186 5 -343635464 6.95334e-310 0.00
problem93 4.43 153528 5 -343635464 6.95334e-310 0.00
problem94 3.92 174265 5 -343635464 6.95334e-310 0.00
problem95 5.68 169786 5 -343635464 6.95334e-310 0.00
problem96 3.6 171933 5 -343635464 6.95334e-310 0.00
problem97 6.38 190597 5 -343635464 6.95334e-310 0.00
problem98 3.93 154748 5 -343635464 6.95334e-310 0.00
problem99 5.86 130300 5 -343635464 6.95334e-310 0.00
