problem0 0 248299435290495 140734210057656 4 1.18697e-312 0.00
problem1 0 275670215910884 140734210057656 4 1.18697e-312 0.00
problem2 0 354600818792186 140734210057656 4 1.18697e-312 0.00
problem3 0 270505191170918 140734210057656 4 1.18697e-312 0.00
problem4 0 280606730547160 140734210057656 4 1.18697e-312 0.00
problem5 0 297632126530617 140734210057656 4 1.18697e-312 0.00
problem6 0 361408427655589 140734210057656 4 1.18697e-312 0.00
problem7 0 320781251927798 140734210057656 4 1.18697e-312 0.00
problem8 0 265155444902606 140734210057656 4 1.18697e-312 0.00
problem9 0 292072947193044 140734210057656 4 1.18697e-312 0.00
problem10 0 279885719077716 140734210057656 4 1.18697e-312 0.00
problem11 0 278565890919727 140734210057656 4 1.18697e-312 0.00
problem12 0 270360703170502 140734210057656 4 1.18697e-312 0.00
problem13 0 265306376738000 140734210057656 4 1.18697e-312 0.00
problem14 0 261730778601800 140734210057656 4 1.18697e-312 0.00
problem15 0 303638792720497 140734210057656 4 1.18697e-312 0.00
problem16 0 324929933209003 140734210057656 4 1.18697e-312 0.00
problem17 0 278788443563153 140734210057656 4 1.18697e-312 0.00
problem18 0 377168101829596 140734210057656 4 1.18697e-312 0.00
problem19 0 337760320810925 140734210057656 4 1.18697e-312 0.00
problem20 0 249266005123642 140734210057656 4 1.18697e-312 0.00
problem21 0 274518549342996 140734210057656 4 1.18697e-312 0.00
problem22 0 344142136987276 140734210057656 4 1.18697e-312 0.00
problem23 0 273469638033561 140734210057656 4 1.18697e-312 0.00
problem24 0 277613534883156 140734210057656 4 1.18697e-312 0.00
problem25 0 268820041320120 140734210057656 4 1.18697e-312 0.00
problem26 0 269994662302046 140734210057656 4 1.18697e-312 0.00
problem27 0 267813535531611 140734210057656 4 1.18697e-312 0.00
problem28 0 280549277408197 140734210057656 4 1.18697e-312 0.00
problem29 0 306202258512617 140734210057656 4 1.18697e-312 0.00
problem30 0 271410447428790 140734210057656 4 1.18697e-312 0.00
problem31 0 332902990760066 140734210057656 4 1.18697e-312 0.00
problem32 0 304621902922598 140734210057656 4 1.18697e-312 0.00
problem33 0 268709898711038 140734210057656 4 1.18697e-312 0.00
problem34 0 290660709029809 140734210057656 4 1.18697e-312 0.00
problem35 0 373386313689432 140734210057656 4 1.18697e-312 0.00
problem36 0 294904431402392 140734210057656 4 1.18697e-312 0.00
problem37 0 248361475505008 140734210057656 4 1.18697e-312 0.00
problem38 0 343532540595535 140734210057656 4 1.18697e-312 0.00
problem39 0 270159106535016 140734210057656 4 1.18697e-312 0.00
problem40 0 277366971729081 140734210057656 4 1.18697e-312 0.00
problem41 0 259213540308723 140734210057656 4 1.18697e-312 0.00
problem42 0 315728907628801 140734210057656 4 1.18697e-312 0.00
problem43 0 280145098098877 140734210057656 4 1.18697e-312 0.00
problem44 0 270648163351534 140734210057656 4 1.18697e-312 0.00
problem45 0 271361692666461 140734210057656 4 1.18697e-312 0.00
problem46 0 262022858487438 140734210057656 4 1.18697e-312 0.00
problem47 0 279269444298294 140734210057656 4 1.18697e-312 0.00
problem48 0 276675020811590 140734210057656 4 1.18697e-312 0.00
problem49 0 266997753747542 140734210057656 4 1.18697e-312 0.00
problem50 0 272913472080987 140734210057656 4 1.18697e-312 0.00
problem51 0 311237908031371 140734210057656 4 1.18697e-312 0.00
problem52 0 278867246869106 140734210057656 4 1.18697e-312 0.00
problem53 0 276053189497114 140734210057656 4 1.18697e-312 0.00
problem54 0 313586547512496 140734210057656 4 1.18697e-312 0.00
problem55 0 278794827804646 140734210057656 4 1.18697e-312 0.00
problem56 0 276471002950894 140734210057656 4 1.18697e-312 0.00
problem57 0 287687619531423 140734210057656 4 1.18697e-312 0.00
problem58 0 244691283638329 140734210057656 4 1.18697e-312 0.00
problem59 0 263938176369050 140734210057656 4 1.18697e-312 0.00
problem60 0 268913786921747 140734210057656 4 1.18697e-312 0.00
problem61 0 272324406457786 140734210057656 4 1.18697e-312 0.00
problem62 0 309067430665779 140734210057656 4 1.18697e-312 0.00
problem63 0 307235906312830 140734210057656 4 1.18697e-312 0.00
problem64 0 274571502831717 140734210057656 4 1.18697e-312 0.00
problem65 0 325801648191596 140734210057656 4 1.18697e-312 0.00
problem66 0 280215183636230 140734210057656 4 1.18697e-312 0.00
problem67 0 306805475730959 140734210057656 4 1.18697e-312 0.00
problem68 0 228645621900381 140734210057656 4 1.18697e-312 0.00
problem69 0 297076898630560 140734210057656 4 1.18697e-312 0.00
problem70 0 273323707326360 140734210057656 4 1.18697e-312 0.00
problem71 0 278794056968695 140734210057656 4 1.18697e-312 0.00
problem72 0 400033438064315 140734210057656 4 1.18697e-312 0.00
problem73 0 321943394667741 140734210057656 4 1.18697e-312 0.00
problem74 0 340438321793433 140734210057656 4 1.18697e-312 0.00
problem75 0 245152906034939 140734210057656 4 1.18697e-312 0.00
problem76 0 260904074515537 140734210057656 4 1.18697e-312 0.00
problem77 0 322106609433270 140734210057656 4 1.18697e-312 0.00
problem78 0 302599562800038 140734210057656 4 1.18697e-312 0.00
problem79 0 309355177694946 140734210057656 4 1.18697e-312 0.00
problem80 0 271951463807643 140734210057656 4 1.18697e-312 0.00
problem81 0 249696404864270 140734210057656 4 1.18697e-312 0.00
problem82 0 284983238709867 140734210057656 4 1.18697e-312 0.00
problem83 0 255660101245992 140734210057656 4 1.18697e-312 0.00
problem84 0 280127512991761 140734210057656 4 1.18697e-312 0.00
problem85 0 268354860268599 140734210057656 4 1.18697e-312 0.00
problem86 0 273828797449607 140734210057656 4 1.18697e-312 0.00
problem87 0 276402656419734 140734210057656 4 1.18697e-312 0.00
problem88 0 258671222360988 140734210057656 4 1.18697e-312 0.00
problem89 0 265747864132592 140734210057656 4 1.18697e-312 0.00
problem90 0 279834789265401 140734210057656 4 1.18697e-312 0.00
problem91 0 357923627055793 140734210057656 4 1.18697e-312 0.00
problem92 0 263051776778287 140734210057656 4 1.18697e-312 0.00
problem93 0 280275013958999 140734210057656 4 1.18697e-312 0.00
problem94 0 329410183574937 140734210057656 4 1.18697e-312 0.00
problem95 0 329476293842021 140734210057656 4 1.18697e-312 0.00
problem96 0 284430487490920 140734210057656 4 1.18697e-312 0.00
problem97 0 293556974080690 140734210057656 4 1.18697e-312 0.00
problem98 0 301644089025026 140734210057656 4 1.18697e-312 0.00
problem99 0 320870968770457 140734210057656 4 1.18697e-312 0.00
