problem0 1.37 1733392541116314 31 1 0.49 115612.00
problem1 2.77 1840253192435439 46 2 0.03 142828.00
problem2 0.92 1943839031700760 18 1 0.01 135172.00
problem3 0.93 1805431470735535 63 2 0.02 135248.00
problem4 1.5 1335675733453965 38 1 0.02 127268.00
problem5 0.82 1619573710245968 43 1 0.02 127268.00
problem6 0.95 2106737443463086 21 1 0.01 139092.00
problem7 0.88 1722285619962440 39 1 0.01 132276.00
problem8 0.94 1857116815450826 30 1 0.01 138292.00
problem9 0.95 2003288188935183 48 1 0.01 141700.00
problem10 0.95 2076889463929116 21 1 0.02 141480.00
problem11 0.94 1811510848699380 11 1 0.02 135712.00
problem12 0.91 1734127942578611 51 1 0.01 133356.00
problem13 0.84 1822496726432050 22 1 0.01 125980.00
problem14 0.88 1644864176406158 44 1 0.03 126900.00
problem15 0.96 1920582185514861 7 1 0.01 147640.00
problem16 1.01 1771863557914494 71 2 0.09 139144.00
problem17 0.92 1824861826608328 33 1 0.01 134840.00
problem18 0.91 1652746567963559 19 1 0.02 131864.00
problem19 0.94 1899275866582542 27 1 0.01 135536.00
problem20 0.89 1491619858590368 35 1 0.01 131256.00
problem21 2.76 1868631816327559 25 1 0.02 135504.00
problem22 0.89 1823678673006282 36 1 0.01 132108.00
problem23 0.92 1917771793140647 40 1 0.01 135056.00
problem24 0.94 1820217333176690 77 2 0.03 138800.00
problem25 0.88 1831547553771577 23 1 0.01 131112.00
problem26 0.9 1555684058622997 41 1 0.01 134744.00
problem27 0.89 1714564672262007 20 1 0.02 132048.00
problem28 2.3 2017942362549373 15 1 0.02 135340.00
problem29 0.92 1918682775847657 39 1 0.01 134860.00
problem30 0.83 1427975850249078 33 1 0.01 127476.00
problem31 0.9 1776583591252720 30 1 0.01 147324.00
problem32 0.97 1822571993039446 19 1 0.02 142264.00
problem33 0.89 1806268138194898 48 1 0.02 142284.00
problem34 0.94 1760573592190103 63 1 0.01 137932.00
problem35 0.96 2041745389311801 70 1 0.01 145228.00
problem36 0.95 1772607443886410 14 1 0.01 143908.00
problem37 0.91 1717723688454484 15 1 0.01 143908.00
problem38 0.91 1698753658673105 43 1 0.01 134880.00
problem39 0.89 1689291533426608 30 1 0.02 131808.00
problem40 0.9 1522066382058235 50 1 0.02 134504.00
problem41 0.97 2148025046232009 72 1 0.01 142008.00
problem42 0.88 1824732967788103 45 1 0.02 131428.00
problem43 0.99 1988233338407196 22 1 0.02 144908.00
problem44 0.88 1870158478339447 25 1 0.01 131932.00
problem45 0.92 1861103314517691 16 1 0.01 134924.00
problem46 0.89 1852336695271611 49 1 0.01 134480.00
problem47 0.97 2070806360485569 71 1 0.01 144668.00
problem48 0.93 1873944969263704 27 1 0.01 135440.00
problem49 0.86 1760103109052489 32 1 0.01 131032.00
problem50 0.87 1755074297915113 60 1 0.01 128908.00
problem51 0.97 2173807769955272 28 1 0.01 141708.00
problem52 0.98 2021506306111406 43 1 0.01 142052.00
problem53 0.92 1870299740201941 50 1 0.02 142052.00
problem54 0.87 1542549242105147 16 1 0.02 128492.00
problem55 0.92 2056742717586162 30 1 0.02 148412.00
problem56 0.99 1831318861322009 41 1 0.01 144336.00
problem57 0.85 1755424711311811 27 1 0.02 146984.00
problem58 0.93 1937002255320797 28 1 0.02 135376.00
problem59 0.92 1821304093306000 29 1 0.02 135348.00
problem60 1.5 1635639882919410 68 1 0.02 128040.00
problem61 0.9 1740299742873777 26 1 0.02 147872.00
problem62 0.91 1821688430888133 29 1 0.01 139008.00
problem63 0.92 1566835977224760 62 1 0.01 135416.00
problem64 0.97 2073976232281310 50 1 0.01 141904.00
problem65 0.93 1937379571087464 43 1 0.02 141928.00
problem66 0.97 2031237409571411 25 1 0.01 141796.00
problem67 0.95 2039755599869867 69 1 0.01 141796.00
problem68 0.95 2047236839186793 44 1 0.01 139104.00
problem69 0.89 1610478311646980 50 1 0.02 131480.00
problem70 0.97 1973197743704257 25 1 0.02 141800.00
problem71 0.94 1867159181577610 38 1 0.01 141800.00
problem72 0.96 1981793318183949 62 1 0.01 138824.00
problem73 0.93 1784254151489701 10 1 0.01 138288.00
problem74 0.95 2028614378694855 67 1 0.01 138448.00
problem75 0.92 1883010777831666 12 1 0.01 135600.00
problem76 0.9 1707399617535495 78 2 0.03 132176.00
problem77 1.02 1998428117134091 2 1 0.02 146768.00
problem78 2.43 1973840054563528 48 1 0.02 141548.00
problem79 0.92 2004040333519176 52 1 0.01 135212.00
problem80 0.94 1674694989683879 21 1 0.01 137908.00
problem81 0.98 1996611027285848 54 1 0.01 145228.00
problem82 0.96 2178980077824466 63 1 0.01 141636.00
problem83 1.01 1914350015401877 48 1 0.02 146528.00
problem84 0.95 1976615737383005 28 1 0.02 139152.00
problem85 0.95 1688164182689211 49 1 0.01 138680.00
problem86 0.93 1859645921880498 34 1 0.01 138372.00
problem87 0.98 2274854098991848 57 1 0.01 141916.00
problem88 0.99 1800815513538986 71 1 0.03 139016.00
problem89 0.89 1916368586031767 47 1 0.01 131656.00
problem90 0.94 1794192061671470 42 1 0.02 135692.00
problem91 0.99 2141602756767057 14 1 0.01 145228.00
problem92 0.92 1846368974511996 43 1 0.02 135144.00
problem93 0.92 1810778033627005 11 1 0.01 134508.00
problem94 0.93 1748636830755988 58 1 0.01 134756.00
problem95 0.93 1787839000911005 24 1 0.01 134544.00
problem96 0.95 1917284424530407 15 1 0.01 138404.00
problem97 0.97 1918605327195324 85 2 0.03 138732.00
problem98 0.92 1804116555211105 62 1 0.01 135184.00
problem99 1.58 1734939523809323 27 1 0.01 131476.00
