problem0 0.28 352167 504 1 0.28 4728.00
problem1 0.11 413486 505 2 0.1 10848.00
problem2 0.28 353193 1516 3 0.18 27332.00
problem3 0.18 348156 1517 2 0.13 15332.00
problem4 0.23 445860 1518 2 0.17 17960.00
problem5 0.3 417200 4555 3 0.23 23172.00
problem6 0.27 387183 4556 2 0.23 23172.00
problem7 0.35 358003 4557 2 0.26 25444.00
problem8 0.38 316128 4559 2 0.29 30832.00
problem9 0.43 359537 4560 2 0.33 26980.00
problem10 0.44 363126 4561 2 0.34 26384.00
problem11 0.32 398804 4562 2 0.28 13132.00
problem12 0.22 390662 6926 2 0.21 13132.00
problem13 0.45 385565 6928 2 0.37 25256.00
problem14 0.54 367378 6929 2 0.43 28620.00
problem15 0.45 394443 6930 2 0.38 24196.00
problem16 0.14 414487 4505 1 0.12 8532.00
problem17 0.27 350899 8155 2 0.26 9372.00
problem18 0.13 393453 5016 1 0.13 9372.00
problem19 0.56 263340 8158 2 0.49 25344.00
problem20 0.05 433000 2546 1 0.04 11024.00
problem21 0.11 389684 2460 1 0.11 11028.00
problem22 0.14 429406 942 1 0.14 11028.00
problem23 0.48 355363 8159 2 0.39 27568.00
problem24 0.48 442448 8160 2 0.38 27576.00
problem25 0.58 390305 8161 2 0.5 25168.00
problem26 0.15 479674 2236 1 0.14 5976.00
problem27 0.56 337711 8162 2 0.46 29688.00
problem28 0.14 411765 597 1 0.12 6140.00
problem29 0.49 366754 8163 2 0.44 16636.00
problem30 0.11 434006 4091 1 0.1 16636.00
problem31 0.54 396411 8164 2 0.46 24868.00
problem32 0.15 413660 2473 1 0.14 9036.00
problem33 0.51 393102 8165 2 0.45 15516.00
problem34 0.59 351454 8166 2 0.5 29652.00
problem35 0.48 384348 8167 2 0.41 16664.00
problem36 0.1 427992 1241 1 0.1 16664.00
problem37 0.39 363194 8168 2 0.35 17404.00
problem38 0.56 372986 8169 2 0.46 26800.00
problem39 0.52 301864 8170 2 0.45 20716.00
problem40 0.59 319936 8171 2 0.48 30680.00
problem41 0.16 405712 5463 1 0.14 6972.00
problem42 0.56 415659 8173 2 0.52 15524.00
problem43 0.45 362292 8174 2 0.4 16236.00
problem44 0.18 386107 4809 1 0.16 16236.00
problem45 0.32 381735 8429 2 0.31 11776.00
problem46 0.61 347378 8430 2 0.52 29600.00
problem47 0.17 445823 2091 1 0.14 29604.00
problem48 0.28 393378 8535 2 0.26 12524.00
problem49 0.37 365331 10855 2 0.34 12572.00
problem50 0.16 336418 9750 1 0.13 12572.00
problem51 0.15 405344 1309 1 0.14 5804.00
problem52 0.12 343453 3270 1 0.12 6156.00
problem53 0.18 403262 146 1 0.18 6216.00
problem54 0.19 348990 2504 1 0.18 6280.00
problem55 0.51 350424 10857 2 0.46 19208.00
problem56 0.2 385497 8292 1 0.19 6660.00
problem57 0.2 471296 305 1 0.2 6660.00
problem58 0.15 389530 2429 1 0.15 6660.00
problem59 0.64 363321 10891 2 0.62 14216.00
problem60 0.54 291841 10893 2 0.46 23524.00
problem61 0.58 386818 10894 2 0.52 17688.00
problem62 0.16 413323 4559 1 0.15 17692.00
problem63 0.17 411610 4112 1 0.17 5852.00
problem64 0.14 375484 9050 1 0.13 6532.00
problem65 0.41 333123 12187 2 0.4 14736.00
problem66 0.13 413885 1257 1 0.11 14736.00
problem67 0.15 501094 184 1 0.14 6048.00
problem68 0.57 310457 12188 2 0.51 22784.00
problem69 0.19 378820 758 1 0.18 8384.00
problem70 0.2 357422 4093 1 0.19 8384.00
problem71 0.14 413660 670 1 0.13 8384.00
problem72 0.7 311456 12189 2 0.6 35152.00
problem73 0.19 368602 4285 1 0.17 9156.00
problem74 0.17 335754 4119 1 0.16 9156.00
problem75 0.15 384488 630 1 0.15 9156.00
problem76 0.16 347419 2782 1 0.16 9156.00
problem77 0.17 382001 5189 1 0.16 9156.00
problem78 0.17 326011 9330 1 0.14 9156.00
problem79 0.12 381151 1125 1 0.12 9156.00
problem80 0.08 381825 1196 1 0.08 9156.00
problem81 0.6 340169 12190 2 0.5 32796.00
problem82 0.17 343554 1229 1 0.16 15644.00
problem83 0.19 365760 1623 1 0.19 6000.00
problem84 0.71 372692 12191 2 0.62 28256.00
problem85 0.77 333557 12192 2 0.63 32824.00
problem86 0.2 354590 1083 1 0.19 7972.00
problem87 0.18 426039 1149 1 0.18 7972.00
problem88 0.19 381796 2366 1 0.19 7972.00
problem89 0.19 359776 8916 1 0.18 7972.00
problem90 0.21 429093 546 1 0.21 7972.00
problem91 0.1 338414 1377 1 0.1 7972.00
problem92 0.18 399925 124 1 0.18 7972.00
problem93 0.16 410977 1089 1 0.16 7972.00
problem94 0.19 413121 580 1 0.19 7972.00
problem95 0.16 376292 2344 1 0.15 7972.00
problem96 0.14 390556 2336 1 0.14 7972.00
problem97 0.23 430157 1 1 0.22 7972.00
problem98 0.22 431261 602 1 0.22 7972.00
problem99 0.16 414406 586 1 0.16 7972.00
