problem0 0.26 1599011 1 2156.00
problem1 0.33 1583451 1 2208.00
problem2 0.24 1580051 1 2208.00
problem3 0.27 1504843 1 2208.00
problem4 0.54 1929219 1 2252.00
problem5 0.34 1753403 1 2252.00
problem6 0.30 1614323 1 2252.00
problem7 0.31 1526315 1 2252.00
problem8 0.27 1602019 1 2252.00
problem9 0.33 1560859 1 2252.00
problem10 0.27 1646547 1 2252.00
problem11 0.33 1676811 1 2252.00
problem12 0.33 1600451 1 2252.00
problem13 0.33 1562875 1 2252.00
problem14 0.26 1709491 1 2252.00
problem15 0.37 1661419 1 2252.00
problem16 0.33 1695139 1 2252.00
problem17 0.21 1693915 1 2252.00
problem18 0.36 1573779 1 2252.00
problem19 0.33 1578443 1 2252.00
problem20 0.29 1492867 1 2252.00
problem21 0.44 1790139 1 2252.00
problem22 0.37 1730931 1 2252.00
problem23 0.21 1558955 1 2252.00
problem24 0.30 1616227 1 2252.00
problem25 0.37 1753243 1 2252.00
problem26 0.22 1623891 1 2252.00
problem27 0.31 1537419 1 2252.00
problem28 0.33 1606467 1 2252.00
problem29 0.37 1681531 1 2252.00
problem30 0.38 1711411 1 2252.00
problem31 0.40 1710443 1 2252.00
problem32 0.37 1725731 1 2252.00
problem33 0.29 1640539 1 2252.00
problem34 0.24 1534739 1 2252.00
problem35 0.38 1750347 1 2252.00
problem36 0.29 1646339 1 2252.00
problem37 0.31 1761339 1 2252.00
problem38 0.28 1585395 1 2252.00
problem39 0.32 1755435 1 2252.00
problem40 0.22 1499363 1 2252.00
problem41 0.36 1683483 1 2252.00
problem42 0.27 1666771 1 2252.00
problem43 0.36 1627403 1 2252.00
problem44 0.37 1612483 1 2252.00
problem45 0.31 1538043 1 2252.00
problem46 0.29 1680563 1 2252.00
problem47 0.32 1693931 1 2252.00
problem48 0.34 1756323 1 2252.00
problem49 0.40 1751003 1 2252.00
problem50 0.40 1823379 1 2252.00
problem51 0.34 1791179 1 2252.00
problem52 0.23 1537667 1 2252.00
problem53 0.40 1699771 1 2252.00
problem54 0.32 1702003 1 2252.00
problem55 0.32 1657003 1 2252.00
problem56 0.39 1775715 1 2252.00
problem57 0.30 1613723 1 2252.00
problem58 0.25 1644115 1 2252.00
problem59 0.38 1684619 1 2252.00
problem60 0.35 1716803 1 2252.00
problem61 0.22 1656699 1 2252.00
problem62 0.30 1616947 1 2252.00
problem63 0.28 1579115 1 2252.00
problem64 0.18 1524771 1 2252.00
problem65 0.33 1664859 1 2252.00
problem66 0.33 1686035 1 2252.00
problem67 0.34 1635403 1 2252.00
problem68 0.39 1789443 1 2252.00
problem69 0.37 1670971 1 2252.00
problem70 0.38 1720307 1 2252.00
problem71 0.24 1591339 1 2252.00
problem72 0.32 1691619 1 2252.00
problem73 0.34 1675035 1 2252.00
problem74 0.33 1588691 1 2252.00
problem75 0.23 1610763 1 2252.00
problem76 0.37 1591747 1 2252.00
problem77 0.41 1742587 1 2252.00
problem78 0.23 1520563 1 2252.00
problem79 0.28 1497067 1 2252.00
problem80 0.32 1620899 1 2252.00
problem81 0.29 1578715 1 2252.00
problem82 0.34 1646995 1 2252.00
problem83 0.28 1577931 1 2252.00
problem84 0.38 1877379 1 2252.00
problem85 0.30 1642171 1 2252.00
problem86 0.37 1738611 1 2252.00
problem87 0.31 1755051 1 2252.00
problem88 0.29 1673059 1 2252.00
problem89 0.30 1638043 1 2252.00
problem90 0.33 1631571 1 2252.00
problem91 0.30 1569675 1 2252.00
problem92 0.31 1564995 1 2252.00
problem93 0.35 1762939 1 2252.00
problem94 0.33 1686323 1 2252.00
problem95 0.27 1578859 1 2252.00
problem96 0.38 1684259 1 2252.00
problem97 0.31 1787483 1 2252.00
problem98 0.40 1837331 1 2252.00
problem99 0.34 1618763 1 2252.00
