problem0 5.98 8766986658300 1
problem1 8.35 9762562987341 1
problem2 0.28 10522100417501 1
problem3 0.89 10309371582466 1
problem4 0.18 10268970379510 1
problem5 8.77 10520973710415 1
problem6 8.03 9996068779399 1
problem7 8.36 10103449064308 1
problem8 9.48 10048978140112 1
problem9 0.72 10638371022001 1
problem10 1.21 9923091926033 1
problem11 10.93 10681924513094 1
problem12 0.02 10701313066122 1
problem13 1.97 10805718268019 1
problem14 2.27 9168395755899 1
problem15 1.07 10463254923128 1
problem16 9.86 11576841669924 1
problem17 7.98 9372956746133 1
problem18 1.44 10209293447109 1
problem19 5.64 10488945501194 1
problem20 7.14 10179661037470 1
problem21 25.75 9936893940247 1
problem22 7.54 9756244218095 1
problem23 32.34 9269367792892 1
problem24 0.13 10024032265720 1
problem25 18.76 9319133010937 1
problem26 0.52 9823037816569 1
problem27 5.8 9265455811662 1
problem28 1.94 8932836043314 1
problem29 19.24 10667503661371 1
problem30 23.05 9578759869411 1
problem31 1.35 11217563614208 1
problem32 0.22 10095494043212 1
problem33 18.16 9418523698141 1
problem34 0.4 10503466666413 1
problem35 2.43 11966473123346 1
problem36 0.39 8734299182150 1
problem37 5.9 11503411111391 1
problem38 5.14 9447032126039 1
problem39 59.3 9382948215940 1
problem40 5.85 10560179105312 1
problem41 9.96 11154482432321 1
problem42 0.69 10660322828257 1
problem43 3.47 9919238418774 1
problem44 9.29 10882664828378 1
problem45 27.2 9799580123139 1
problem46 0.19 10102642267211 1
problem47 2.62 10739650549384 1
problem48 0.36 10087526415732 1
problem49 0.27 9993065815077 1
problem50 2.07 9851172721045 1
problem51 0.63 8262424055322 1
problem52 1.2 9842015889134 1
problem53 11.98 9670301339559 1
problem54 3.09 9361162056127 1
problem55 3.13 10553627884044 1
problem56 11.44 10678624769096 1
problem57 21.92 11517250038921 1
problem58 4.12 11601710886601 1
problem59 15.41 9751024245854 1
problem60 0.88 10016926183298 1
problem61 5.79 9978689463499 1
problem62 14.97 9996157608627 1
problem63 2.47 10726273996560 1
problem64 3.62 11188751991452 1
problem65 1.24 9792681495149 1
problem66 1.39 10296970348413 1
problem67 7.4 10903236717602 1
problem68 9.88 8887017256854 1
problem69 0.49 9930580365167 1
problem70 44.85 10278907361063 1
problem71 8.76 10453070822804 1
problem72 0.02 10513456339056 1
problem73 51.96 10226469995985 1
problem74 5.35 11505497926577 1
problem75 17.06 9428478627174 1
problem76 6.99 9984961236778 1
problem77 0.06 11386402086803 1
problem78 1.78 11898644725531 1
problem79 2.8 12323050192280 1
problem80 0.24 11285604787652 1
problem81 3.28 11092693135029 1
problem82 0.8 11266056563557 1
problem83 4.83 10193368764458 1
problem84 4.92 10866902386238 1
problem85 16.4 10611050177847 1
problem86 0.37 10306586610319 1
problem87 11.34 10156457273116 1
problem88 2.18 10670215346840 1
problem89 39.24 9768323896601 1
problem90 14.99 10362070767257 1
problem91 3.01 9698243544174 1
problem92 2.01 10042877570258 1
problem93 24.36 9427754184795 1
problem94 0.81 10454895602051 1
problem95 25.2 9402963741216 1
problem96 4.05 10885939947244 1
problem97 6.04 9975657007357 1
problem98 4.1 8354830712141 1
problem99 4.03 10642469042738 1
