problem0 3.24 706442050644386 2465 1 0.57
problem1 7.85 600509361260525 8069 3 3.3
problem2 3.97 565098967506979 10731 2 3.14
problem3 1.55 769296743128347 2096 1 0.59
problem4 2.75 634647510686485 5425 1 1.41
problem5 2.04 646402555652178 3030 1 1
problem6 5.13 658048612843370 2563 1 0.71
problem7 0.85 723850892389987 1633 1 0.56
problem8 1.91 664901820765646 3052 1 0.58
problem9 5.87 656611307566015 3444 1 0.87
problem10 1.28 643877252709969 3606 1 0.94
problem11 0.74 749801286867768 1274 1 0.52
problem12 3.56 632503299397932 7595 1 1.76
problem13 2.8 590586123093428 4264 1 0.97
problem14 2.11 669311665285268 2932 1 0.54
problem15 3.07 632779558663582 5936 1 1.02
problem16 3.31 623288994748081 6577 1 0.92
problem17 5.45 580448413814791 11226 2 2.83
problem18 0.76 706096135979210 837 1 0.42
problem19 1.58 520868054550810 4491 1 1.31
problem20 1.48 603049551188164 2804 1 0.77
problem21 1.73 708284394831426 2218 1 0.48
problem22 2.5 561548775542624 5759 1 1.16
problem23 3.31 657199423825759 5490 1 0.89
problem24 0.88 723874216987858 1875 1 0.6
problem25 4.88 620740547606028 8493 1 0.93
problem26 2.83 638706031445030 6022 1 1.01
problem27 1.77 662660989850169 1462 1 0.52
problem28 6.34 570564026198679 11553 2 2.62
problem29 3.1 688045233832079 8261 1 0.85
problem30 3.67 759830990359510 2908 1 0.59
problem31 2.74 671318178728577 4319 1 0.94
problem32 2.32 656047607498689 4314 1 0.77
problem33 8.58 524020074154983 13407 2 3.47
problem34 12.16 629914742808557 18909 2 5.68
problem35 2.62 789244640360829 1220 1 0.64
problem36 1.78 617640223717896 4741 1 1.44
problem37 2.31 611241393937969 8222 1 1.69
problem38 2.64 692545422037478 2479 1 0.93
problem39 16.12 551105153029919 21465 2 4.58
problem40 1.73 708812304220014 1279 1 0.72
problem41 8.14 650676708167896 15662 1 1.56
problem42 2.29 701150766864284 1855 1 0.84
problem43 2.87 624048026544583 5195 1 1.38
problem44 2.34 674772721938379 2448 1 1.03
problem45 3.89 674569550613088 5646 1 1.28
problem46 1.57 617266090371787 4095 1 1.3
problem47 5.22 531010466170217 12284 1 2.25
problem48 2.9 640841840516063 3730 1 1.22
problem49 1.56 765345404984504 948 1 0.62
problem50 1.4 707436606320112 1976 1 0.79
problem51 3.14 671267646315348 4684 1 0.96
problem52 1.97 725509604695935 3822 1 1.19
problem53 1.01 743056566758780 703 1 0.74
problem54 2.69 658242288971948 4612 1 1.42
problem55 2.46 694645360015595 1995 1 1.15
problem56 2.74 653025806137476 5621 1 1.28
problem57 3.3 593556108330165 3910 1 1.17
problem58 2.28 648436345694236 3333 1 1.36
problem59 2.22 647435384084610 2779 1 1.25
problem60 4.44 614205073210579 4360 1 0.94
problem61 3.17 646093102833931 4964 1 0.99
problem62 2.83 678693964689360 1497 1 0.69
problem63 7.12 623465274014097 7699 1 1.31
problem64 4.08 649879241657780 4094 1 0.95
problem65 1.95 619148042202809 3797 1 1.03
problem66 2.03 633535278386242 5151 1 1.44
problem67 2.57 657614775056645 3056 1 0.97
problem68 3.69 804776725220293 1132 1 0.69
problem69 1.62 682491987223230 1970 1 0.95
problem70 2.02 631865714532580 2815 1 0.96
problem71 1.43 649821711616241 2898 1 1.15
problem72 1.32 693085826897654 1271 1 0.73
problem73 1.01 689269587991672 1063 1 0.6
problem74 3.22 701400731746533 3232 1 0.91
problem75 4.3 619221965448045 6779 1 1.53
problem76 1.5 718358139361116 1817 1 0.93
problem77 1.62 688383131601572 1901 1 0.8
problem78 1.98 689302347004353 2247 1 0.88
problem79 2.61 620958101359879 5119 1 1.51
problem80 1.66 727112651327490 2776 1 0.99
problem81 1.8 735788513863065 2097 1 0.81
problem82 1.29 732887507464185 1571 1 0.85
problem83 2.99 665898770697430 6712 1 1.08
problem84 2.22 681431495355077 2901 1 1.26
problem85 2.87 639612193283583 4083 1 0.93
problem86 2.71 611145361512007 5588 1 1.64
problem87 3.69 665017100064818 5369 1 0.97
problem88 6.08 612069008673430 12694 1 1.36
problem89 2.67 565622125602285 3414 1 1.21
problem90 1.07 657970922886578 1199 1 0.81
problem91 2.03 644765851960254 5460 1 1.29
problem92 1.24 657379818217707 2093 1 1.01
problem93 2.31 681625621634500 2931 1 0.96
problem94 12.16 548611828896155 19895 1 2.23
problem95 1.67 684692340432555 2145 1 1.13
problem96 3.22 667697144727028 3005 1 1.01
problem97 1.68 700491688529815 4084 1 0.99
problem98 3.66 683557067605801 6364 1 1.5
problem99 3.02 646085037243441 4589 1 1.2
