problem0 0 11477854994 0 2212.00
problem1 0.00 14622738448 0 2272.00
problem2 0.00 15851506192 0 2272.00
problem3 0.00 16936652821 0 2272.00
problem4 0.00 15639320460 0 2272.00
problem5 0.00 16499791613 0 2272.00
problem6 0.00 14859346162 0 2272.00
problem7 0.00 14963918399 0 2272.00
problem8 0.00 14180332312 0 2272.00
problem9 0.00 15811333216 0 2272.00
problem10 0.01 15651592327 0 2272.00
problem11 0.00 16608777809 0 2272.00
problem12 0.00 14476664163 0 2272.00
problem13 0.00 13772949800 0 2272.00
problem14 0.00 15613054190 0 2272.00
problem15 0.00 15217121266 0 2272.00
problem16 0.00 12048627204 0 2272.00
problem17 0.00 16519883990 0 2272.00
problem18 0.00 11929051544 0 2272.00
problem19 0.00 12221199318 0 2272.00
problem20 0.00 13805903339 0 2272.00
problem21 0.01 13992908861 0 2272.00
problem22 0.00 12884866354 0 2272.00
problem23 0.00 15218623960 0 2272.00
problem24 0.00 17000527187 0 2272.00
problem25 0.00 15464081898 0 2272.00
problem26 0.00 14537025470 0 2272.00
problem27 0.00 14308110199 0 2272.00
problem28 0.00 14754978471 0 2272.00
problem29 0.00 11779621564 0 2272.00
problem30 0.00 14697110196 0 2272.00
problem31 0.00 15065091951 0 2272.00
problem32 0.01 15280484418 0 2272.00
problem33 0.00 13570015770 0 2272.00
problem34 0.00 11614743031 0 2272.00
problem35 0.00 13266847446 0 2272.00
problem36 0.00 11434759123 0 2272.00
problem37 0.00 12956027143 0 2272.00
problem38 0.00 14203304386 0 2272.00
problem39 0.00 15520085371 0 2272.00
problem40 0.00 14435821418 0 2272.00
problem41 0.00 16926963598 0 2272.00
problem42 0.00 13342500938 0 2272.00
problem43 0.01 12375456393 0 2272.00
problem44 0.00 15366670628 0 2272.00
problem45 0.00 14952262560 0 2272.00
problem46 0.00 17337013758 0 2272.00
problem47 0.00 13450655464 0 2272.00
problem48 0.00 14057265788 0 2272.00
problem49 0.00 15044118381 0 2272.00
problem50 0.00 15166005941 0 2272.00
problem51 0.00 15713094145 0 2272.00
problem52 0.00 16559553091 0 2272.00
problem53 0.01 16200903266 0 2272.00
problem54 0.00 14626123246 0 2272.00
problem55 0.00 11222586613 0 2272.00
problem56 0.00 16247933284 0 2272.00
problem57 0.00 17089377410 0 2272.00
problem58 0.00 13634066560 0 2272.00
problem59 0.00 11785467341 0 2272.00
problem60 0.00 12232255399 0 2272.00
problem61 0.00 11573560661 0 2272.00
problem62 0.00 12062917316 0 2272.00
problem63 0.00 13210734302 0 2272.00
problem64 0.01 12469990522 0 2272.00
problem65 0.00 10818714877 0 2272.00
problem66 0.00 13646351077 0 2272.00
problem67 0.00 18353552849 0 2272.00
problem68 0.00 12987650405 0 2272.00
problem69 0.00 14661024719 0 2272.00
problem70 0.00 16876999238 0 2272.00
problem71 0.00 11571946437 0 2272.00
problem72 0.00 15488474054 0 2272.00
problem73 0.00 13847355983 0 2272.00
problem74 0.00 17447532821 0 2272.00
problem75 0.01 12371943832 0 2272.00
problem76 0.00 16774395482 0 2272.00
problem77 0.00 13481414259 0 2272.00
problem78 0.00 17939504967 0 2272.00
problem79 0.00 14967657948 0 2272.00
problem80 0.00 14005698417 0 2272.00
problem81 0.00 13251797554 0 2272.00
problem82 0.00 14695179020 0 2272.00
problem83 0.00 14546018579 0 2272.00
problem84 0.00 15060948712 0 2272.00
problem85 0.01 12087672211 0 2272.00
problem86 0.00 12338210462 0 2272.00
problem87 0.00 15009457464 0 2272.00
problem88 0.00 15342493919 0 2272.00
problem89 0.00 13619756902 0 2272.00
problem90 0.00 13329828194 0 2272.00
problem91 0.00 13901577475 0 2272.00
problem92 0.00 12968227874 0 2272.00
problem93 0.00 12045519090 0 2272.00
problem94 0.00 14772775882 0 2272.00
problem95 0.00 14981680622 0 2272.00
problem96 0.01 12957514036 0 2272.00
problem97 0.00 11011930098 0 2272.00
problem98 0.00 13536750555 0 2272.00
problem99 0.00 17982272607 0 2272.00
