problem0 0 3455946 1
problem1 0 3160915 1
problem2 0 2892491 1
problem3 0 3247752 1
problem4 0 3103940 1
problem5 0 3444501 1
problem6 0 3504629 1
problem7 0 3119674 1
problem8 0 3328158 1
problem9 0 3203895 1
problem10 0 3007743 1
problem11 0 3261260 1
problem12 0 3295576 1
problem13 0 3312057 1
problem14 0 3038697 1
problem15 0 3132350 1
problem16 0 3016946 1
problem17 0 3421339 1
problem18 0 3260083 1
problem19 0 3724688 1
problem20 0 3477868 1
problem21 0 3077597 1
problem22 0 3195229 1
problem23 0 3498690 1
problem24 0 3230918 1
problem25 0 3030911 1
problem26 0 3276775 1
problem27 0 3298644 1
problem28 0 2983168 1
problem29 0 3203969 1
problem30 0 3208273 1
problem31 0 3272518 1
problem32 0 3040282 1
problem33 0 3478499 1
problem34 0 3143835 1
problem35 0 3396248 1
problem36 0 3175444 1
problem37 0 3433125 1
problem38 0 3098309 1
problem39 0 3014986 1
problem40 0 3088110 1
problem41 0 3129799 1
problem42 0 3143887 1
problem43 0 3333468 1
problem44 0 2862760 1
problem45 0 3310409 1
problem46 0 3279033 1
problem47 0 2959566 1
problem48 0 3362114 1
problem49 0 3234091 1
problem50 0 3362947 1
problem51 0 3605920 1
problem52 0 3605692 1
problem53 0 3364205 1
problem54 0 3377709 1
problem55 0 3274194 1
problem56 0 3391254 1
problem57 0 3336719 1
problem58 0 3428279 1
problem59 0 3267428 1
problem60 0 3360336 1
problem61 0 3074321 1
problem62 0 3283745 1
problem63 0 3012694 1
problem64 0 3294314 1
problem65 0 2917491 1
problem66 0 3360363 1
problem67 0 3272360 1
problem68 0 3294052 1
problem69 0 3362357 1
problem70 0 3410837 1
problem71 0 3588186 1
problem72 0 3321150 1
problem73 0 3160151 1
problem74 0 3507359 1
problem75 0 3133292 1
problem76 0 3001336 1
problem77 0 3249369 1
problem78 0 3255177 1
problem79 0 3333598 1
problem80 0 3393938 1
problem81 0 2954683 1
problem82 0 3234387 1
problem83 0 3280304 1
problem84 0 3452940 1
problem85 0 3001597 1
problem86 0 3623677 1
problem87 0 3006690 1
problem88 0 3434854 1
problem89 0 3157151 1
problem90 0 3544967 1
problem91 0 3488116 1
problem92 0 3456928 1
problem93 0 3081889 1
problem94 0 3095025 1
problem95 0 3496294 1
problem96 0 3038394 1
problem97 0 3050755 1
problem98 0 3345467 1
problem99 0 3596984 1
