problem0 6.51 3824268756463 1 4956.00
problem1 5.06 3894436381617 1 6448.00
problem2 4.63 3740432926812 1 6448.00
problem3 7.19 4186753554058 1 6448.00
problem4 5.34 4356949005681 1 6448.00
problem5 6.92 3926179455595 1 6448.00
problem6 10.93 3819415899246 1 6448.00
problem7 5.05 4413841346964 1 6448.00
problem8 5.89 3453635974803 1 6448.00
problem9 3.11 4443406233669 1 6448.00
problem10 8.52 3757581727520 1 6448.00
problem11 6.60 4687267429566 1 6448.00
problem12 3.47 4701897956181 1 6448.00
problem13 5.66 4141829453631 1 6448.00
problem14 6.89 4172749744754 1 6448.00
problem15 3.05 4628113437192 1 6448.00
problem16 7.71 4323555087799 1 6448.00
problem17 5.71 4229362000217 1 6448.00
problem18 9.48 4550829779044 1 6448.00
problem19 5.99 3859301591922 1 6448.00
problem20 4.36 4423925880761 1 6448.00
problem21 7.44 4199925315731 1 6448.00
problem22 4.50 4030630040310 1 6448.00
problem23 9.93 4194629878524 1 6448.00
problem24 9.46 3783153226587 1 6448.00
problem25 4.68 4164349568749 1 6448.00
problem26 7.32 4140201258024 1 6448.00
problem27 6.42 4053952066214 1 6448.00
problem28 3.05 4457533610653 1 6448.00
problem29 7.13 3883194021479 1 6448.00
problem30 4.40 3941333292538 1 6448.00
problem31 7.38 4102116004976 1 6448.00
problem32 9.95 4068398391167 1 6448.00
problem33 6.84 4306303668481 1 6448.00
problem34 2.46 4674596999788 1 6448.00
problem35 5.32 4313370911322 1 6448.00
problem36 6.79 4192049427457 1 6448.00
problem37 6.88 4058516865211 1 6448.00
problem38 3.63 4763369407358 1 6448.00
problem39 10.48 3316672820836 1 6448.00
problem40 6.33 3900442970659 1 6448.00
problem41 3.81 4691822735253 1 6448.00
problem42 10.39 3958230870832 1 6448.00
problem43 5.14 4053151222414 1 6448.00
problem44 3.08 4482036233189 1 6448.00
problem45 4.27 3941727348623 1 6448.00
problem46 6.58 4546467212162 1 6448.00
problem47 8.14 4029207820504 1 6448.00
problem48 4.63 4594111619911 1 6448.00
problem49 6.58 4218089099945 1 6448.00
problem50 15.42 3743142069876 1 6448.00
problem51 3.91 4107736431426 1 6448.00
problem52 12.72 3952852118089 1 6448.00
problem53 9.55 4050153732835 1 6448.00
problem54 7.86 3762647490054 1 6448.00
problem55 4.08 4260763790284 1 6448.00
problem56 7.18 4086390962923 1 6448.00
problem57 6.83 3539644074557 1 6448.00
problem58 3.85 4383709869112 1 6448.00
problem59 8.03 4129536590966 1 6448.00
problem60 9.21 4136261035821 1 6448.00
problem61 5.27 4109782977207 1 6448.00
problem62 5.26 4357509163786 1 6448.00
problem63 3.40 4647816355648 1 6448.00
problem64 8.38 3559508238607 1 6448.00
problem65 4.32 4614149023313 1 6448.00
problem66 8.65 4239925789820 1 6448.00
problem67 6.44 4128527349290 1 6448.00
problem68 7.30 3649179253393 1 6448.00
problem69 6.58 3875620464395 1 6448.00
problem70 4.72 4034772869774 1 6448.00
problem71 7.79 4277686625076 1 6448.00
problem72 3.51 4741380777395 1 6448.00
problem73 14.22 3929310017253 1 6448.00
problem74 4.52 4349114255168 1 6448.00
problem75 6.61 3782895116382 1 6448.00
problem76 9.14 4097279865973 1 6448.00
problem77 3.23 4790776307679 1 6448.00
problem78 4.86 4229556393106 1 6448.00
problem79 5.25 4424680392616 1 6448.00
problem80 2.71 4690959472855 1 6448.00
problem81 3.97 4343251225593 1 6448.00
problem82 7.48 4179824741508 1 6448.00
problem83 6.73 4421286105874 1 6448.00
problem84 7.18 3930811393241 1 6448.00
problem85 10.72 4087617176883 1 6448.00
problem86 8.78 4183807021334 1 6448.00
problem87 3.92 4402949086364 1 6448.00
problem88 7.80 4084399295099 1 6448.00
problem89 4.30 4637363484045 1 6448.00
problem90 5.29 4243310306376 1 6448.00
problem91 2.75 4283565776454 1 6448.00
problem92 10.99 4171303328701 1 6448.00
problem93 15.67 4132965017351 1 6448.00
problem94 6.33 3839972845594 1 6448.00
problem95 13.92 3576320553488 1 6448.00
problem96 5.70 4336059665055 1 6448.00
problem97 9.25 3808541098913 1 6448.00
problem98 7.04 4262533537420 1 6448.00
problem99 7.05 3780396356090 1 6448.00
