problem0 0.21 194621756747727 0 2344.00
problem1 0.20 185621407207540 0 2400.00
problem2 0.21 167204237256074 0 2400.00
problem3 0.19 151813666363007 0 2400.00
problem4 0.21 186430451567194 0 2400.00
problem5 0.19 156239133740061 0 2400.00
problem6 0.19 146824989586286 0 2400.00
problem7 0.20 187702200804655 0 2400.00
problem8 0.21 192128128460774 0 2400.00
problem9 0.20 166262005014628 0 2400.00
problem10 0.20 175729126240616 0 2400.00
problem11 0.21 178373416555908 0 2400.00
problem12 0.21 212840851778208 0 2400.00
problem13 0.21 186887368066860 0 2400.00
problem14 0.19 156259973599565 0 2400.00
problem15 0.20 182260989342062 0 2400.00
problem16 0.20 175338921317504 0 2400.00
problem17 0.22 207728845396636 0 2400.00
problem18 0.22 212724871587245 0 2400.00
problem19 0.20 186025187189482 0 2400.00
problem20 0.20 177944088332201 0 2400.00
problem21 0.21 168310840743081 0 2400.00
problem22 0.19 181434741153759 0 2400.00
problem23 0.21 189283237213315 0 2400.00
problem24 0.20 180502632514981 0 2400.00
problem25 0.19 146299624411010 0 2400.00
problem26 0.21 174617749426801 0 2400.00
problem27 0.21 184407427501944 0 2400.00
problem28 0.21 196361214734613 0 2400.00
problem29 0.20 176319426561246 0 2400.00
problem30 0.21 190932881813206 0 2400.00
problem31 0.20 183350276029775 0 2400.00
problem32 0.22 224647047777106 0 2400.00
problem33 0.21 224779872571110 0 2400.00
problem34 0.22 190672402515953 0 2400.00
problem35 0.20 167700407642466 0 2400.00
problem36 0.22 189262260696822 0 2400.00
problem37 0.20 186935018465111 0 2400.00
problem38 0.20 183318824128097 0 2400.00
problem39 0.21 178323989454092 0 2400.00
problem40 0.20 160009415669142 0 2400.00
problem41 0.19 161821613500663 0 2400.00
problem42 0.22 200912993113448 0 2400.00
problem43 0.20 188271205007994 0 2400.00
problem44 0.20 205970803763549 0 2400.00
problem45 0.21 159600365866122 0 2400.00
problem46 0.20 180086577270395 0 2400.00
problem47 0.22 199299120669526 0 2400.00
problem48 0.19 141475627127835 0 2400.00
problem49 0.20 189688482458848 0 2400.00
problem50 0.11 184158657285003 1 2400.00
problem51 0.20 183894539315649 0 2400.00
problem52 0.20 175230304245792 0 2400.00
problem53 0.19 172963278717958 0 2400.00
problem54 0.20 171170693103341 0 2400.00
problem55 0.21 192069845491734 0 2400.00
problem56 0.20 196612956256071 0 2400.00
problem57 0.22 202508636138435 0 2400.00
problem58 0.16 193058295528015 1 2400.00
problem59 0.21 184158687719349 0 2400.00
problem60 0.20 186026083324793 0 2400.00
problem61 0.21 184448137354799 0 2400.00
problem62 0.20 190869749444620 0 2400.00
problem63 0.20 178304579380073 0 2400.00
problem64 0.19 164285217517283 0 2400.00
problem65 0.20 188021327901969 0 2400.00
problem66 0.20 155790661841329 0 2400.00
problem67 0.21 206237487588406 0 2400.00
problem68 0.08 189075402943320 1 2400.00
problem69 0.20 168588354349757 0 2400.00
problem70 0.19 161210373370320 0 2400.00
problem71 0.21 187955460537578 0 2400.00
problem72 0.19 160768424250142 0 2400.00
problem73 0.19 162110822635739 0 2400.00
problem74 0.19 158498128970093 0 2400.00
problem75 0.19 178940001310491 0 2400.00
problem76 0.20 177372963401677 0 2400.00
problem77 0.21 175919792355783 0 2400.00
problem78 0.21 195448425026456 0 2400.00
problem79 0.20 144330448305419 0 2400.00
problem80 0.22 233788123716522 0 2400.00
problem81 0.20 168068287325999 0 2400.00
problem82 0.19 148048179280305 0 2400.00
problem83 0.20 185158588995741 0 2400.00
problem84 0.20 170386736525503 0 2400.00
problem85 0.20 175979731966928 0 2400.00
problem86 0.20 176575541126644 0 2400.00
problem87 0.21 182507891717093 0 2400.00
problem88 0.21 179508999319790 0 2400.00
problem89 0.21 214915209244724 0 2400.00
problem90 0.20 191678341966445 0 2400.00
problem91 0.20 177727818234025 0 2400.00
problem92 0.21 165563863219718 0 2400.00
problem93 0.22 217146248093585 0 2400.00
problem94 0.20 196605978261781 0 2400.00
problem95 0.21 177118083166468 0 2400.00
problem96 0.20 142502513810055 0 2400.00
problem97 0.20 172745600009050 0 2400.00
problem98 0.21 180616945820620 0 2400.00
problem99 0.20 174871904372474 0 2400.00
