problem0 4.18 24765200909723 1
problem1 7.8 26160740504441 1
problem2 0.94 27859234091207 1
problem3 3.42 24690884230405 1
problem4 1.96 24047964582835 1
problem5 1.48 25288097795153 1
problem6 0.37 25776037747295 1
problem7 4.03 24184684834141 1
problem8 1.24 25677066694859 1
problem9 5.39 24234240052265 1
problem10 0.63 25014182986487 1
problem11 5.74 25691181503669 1
problem12 5.2 24831744187619 1
problem13 0.47 22935352275713 1
problem14 0.63 25457795828367 1
problem15 5.39 24122582979341 1
problem16 2 24479064315899 1
problem17 1.45 23467297251545 1
problem18 4.79 24947228840231 1
problem19 0.34 25925693786213 1
problem20 1.65 24454129680915 1
problem21 1.18 23901488674225 1
problem22 1.16 25282376840895 1
problem23 3.34 26822935844029 1
problem24 4.34 24137881287467 1
problem25 0.25 26529308922249 1
problem26 3.68 26685147044695 1
problem27 0.75 20942870124565 1
problem28 2 24670776697667 1
problem29 3.01 27358053504097 1
problem30 0.61 27858003156719 1
problem31 2.23 24598435836525 1
problem32 0.24 24062323841627 1
problem33 7.94 25524517903929 1
problem34 1.03 28159659909511 1
problem35 0.1 24028967650245 1
problem36 0.11 24669852205171 1
problem37 2.3 25026766982929 1
problem38 0.04 23746080113439 1
problem39 3.13 24428010744861 1
problem40 0.32 24966025213323 1
problem41 2.76 26738272437993 1
problem42 1.24 22785153033143 1
problem43 2.62 26010110479221 1
problem44 0.84 26063591807395 1
problem45 1.33 27635179398593 1
problem46 0.22 25413717795663 1
problem47 8.13 23624491827661 1
problem48 0.95 22168101964987 1
problem49 2.76 25200887663513 1
problem50 0.93 24331636220391 1
problem51 0.62 23894084431653 1
problem52 0.42 23569026019027 1
problem53 8.09 21948476102769 1
problem54 0.39 23928381095807 1
problem55 0.51 24105447961469 1
problem56 2.42 23065886253035 1
problem57 4.15 23077353401417 1
problem58 1.68 27184216398871 1
problem59 0.47 25992890838741 1
problem60 2.63 25358340620291 1
problem61 0.84 24403686926113 1
problem62 5.79 23975563384751 1
problem63 0.7 24244290502957 1
problem64 0.71 25557815439131 1
problem65 4.15 25362434746617 1
problem66 1.18 24584629031495 1
problem67 0.69 21981187345029 1
problem68 6.01 23914033892659 1
problem69 8.81 25737625620945 1
problem70 1.07 23059065203679 1
problem71 0.84 25135288396509 1
problem72 4.33 23387176712779 1
problem73 0.4 26625060815273 1
problem74 1.61 23282176869495 1
problem75 0.4 24543243600437 1
problem76 0.01 25690766071395 1
problem77 31.47 25620163958913 1
problem78 0.07 26693098896399 1
problem79 10.92 23784702832781 1
problem80 0.94 24662811378043 1
problem81 2.41 24536129549913 1
problem82 2.37 26006773723815 1
problem83 4.31 23179225814501 1
problem84 6.69 25784447540115 1
problem85 2.55 27550468406065 1
problem86 5.41 22620405237823 1
problem87 0.98 22914855408189 1
problem88 2.34 23083639276715 1
problem89 1.24 22796333238025 1
problem90 3.17 24095290924247 1
problem91 0.07 24993158989205 1
problem92 3.58 24365589011651 1
problem93 7.03 24252769139169 1
problem94 3.85 22358277394543 1
problem95 6.5 22746513510381 1
problem96 0.02 25770852172763 1
problem97 0.66 23464004744121 1
problem98 1 24460462277383 1
problem99 2.29 26331915686213 1
