problem0 245.33 49931585853 1 6083348.00
problem1 413.75 48085346059 1 5853956.00
problem2 52.07 51748904713 1 6317592.00
problem3 1234.48 60548438199 1 7389648.00
problem4 53.43 45997057941 1 5606380.00
problem5 250.05 56797981475 1 6931552.00
problem6 142.61 53689741025 1 6542292.00
problem7 630.91 48133786191 1 5860740.00
problem8 239.73 54508847341 1 6621140.00
problem9 410.91 55569457723 1 6762560.00
problem10 501.20 66752883129 1 8138580.00
problem11 1195.17 57842687719 1 7032756.00
problem12 139.09 50835207493 1 6199368.00
problem13 663.93 48288705619 1 5892400.00
problem14 697.85 53145251729 1 6470724.00
problem15 397.17 56359941759 1 6881400.00
problem16 240.61 50381907101 1 6143780.00
problem17 245.29 52925720939 1 6447520.00
problem18 249.18 55053639785 1 6698832.00
problem19 231.03 48254087447 1 5882996.00
problem20 355.89 49628704501 1 6052344.00
problem21 418.21 56996444547 1 6945932.00
problem22 727.74 58774428737 1 7156928.00
problem23 422.07 56540999343 1 6901452.00
problem24 669.57 51722990669 1 6315492.00
problem25 246.10 59732294811 1 7270996.00
problem26 750.69 61512074009 1 7505184.00
problem27 133.72 52513181511 1 6405548.00
problem28 671.62 54224032933 1 6620528.00
problem29 1171.42 57072947891 1 6948972.00
problem30 625.94 53083550961 1 6479152.00
problem31 127.20 40993190623 1 5001284.00
problem32 439.98 54832394237 1 6673992.00
problem33 388.62 53234228171 1 6495180.00
problem34 632.30 41377780169 1 5046484.00
problem35 335.19 47608117623 1 5810908.00
problem36 632.06 49334724181 1 6015020.00
problem37 87.95 58048919523 1 7081584.00
problem38 83.03 54998038945 1 6693888.00
problem39 142.06 59624735503 1 7245636.00
problem40 474.01 69008562093 1 8394124.00
problem41 459.20 61490562811 1 7478048.00
problem42 419.74 56515366009 1 6898348.00
problem43 129.65 44899364775 1 5473228.00
problem44 82.23 51328721925 1 6261564.00
problem45 52.70 51952232723 1 6341372.00
problem46 424.39 54095768145 1 6594524.00
problem47 411.55 51089940287 1 6198992.00
problem48 251.40 52928883549 1 6462636.00
problem49 698.20 52510490155 1 6409232.00
problem50 812.77 65756361513 1 8008776.00
problem51 246.63 56565281239 1 6867948.00
problem52 401.08 51051630005 1 6219312.00
problem53 80.79 48472974915 1 5917212.00
problem54 135.64 52214564609 1 6364708.00
problem55 36.28 58342868847 1 7122560.00
problem56 693.89 50746469133 1 6182228.00
problem57 412.03 51022774619 1 6226308.00
problem58 50.12 54553544153 1 6657232.00
problem59 231.29 51310264327 1 6249384.00
problem60 425.76 53286724453 1 6487236.00
problem61 410.74 56441401203 1 6883020.00
problem62 233.50 55667576753 1 6792848.00
problem63 242.27 55496473503 1 6759804.00
problem64 721.23 59751470781 1 7290684.00
problem65 51.78 53381714059 1 6517980.00
problem66 589.83 50818630793 1 6203940.00
problem67 235.44 49659337271 1 6056892.00
problem68 726.11 56085423381 1 6836476.00
problem69 215.43 50273502371 1 6110648.00
problem70 249.32 58868712545 1 7172296.00
problem71 1173.33 53854600143 1 6562020.00
problem72 740.20 52651224685 1 6406288.00
problem73 450.60 60584700859 1 7374080.00
problem74 239.40 52713140025 1 6429492.00
problem75 720.07 56043978855 1 6841300.00
problem76 82.82 51572593349 1 6274156.00
problem77 433.43 54528173523 1 6635920.00
problem78 727.01 53727880465 1 6557156.00
problem79 139.36 46882719743 1 5720736.00
problem80 846.73 66422387229 1 8066504.00
problem81 778.08 59750175467 1 7269196.00
problem82 131.02 48781051369 1 5955264.00
problem83 243.41 57459946135 1 7013772.00
problem84 621.21 46079208565 1 5624368.00
problem85 435.50 54518207235 1 6655016.00
problem86 381.17 49783648705 1 6068132.00
problem87 52.61 47520456751 1 5796780.00
problem88 238.19 54939869645 1 6707376.00
problem89 729.29 54987703835 1 6704056.00
problem90 704.40 53113850009 1 6468728.00
problem91 158.91 62927286471 1 7653452.00
problem92 432.01 54505206309 1 6645096.00
problem93 234.60 52950174771 1 6454276.00
problem94 444.68 53533715057 1 6524796.00
problem95 416.80 52479673439 1 6402952.00
problem96 86.11 52990901629 1 6458232.00
problem97 55.69 55318381899 1 6749992.00
problem98 1121.45 58911192905 1 7189184.00
problem99 255.18 61345970935 1 7470736.00
