problem0 2.81 303811 5 -722973944 6.95332e-310 0.00
problem1 2.17 247440 5 -722973944 6.95332e-310 0.00
problem2 2.41 281047 5 -722973944 6.95332e-310 0.00
problem3 2.89 268749 5 -722973944 6.95332e-310 0.00
problem4 3.42 257454 5 -722973944 6.95332e-310 0.00
problem5 1.93 267758 5 -722973944 6.95332e-310 0.00
problem6 3.35 288435 5 -722973944 6.95332e-310 0.00
problem7 2.14 247217 5 -722973944 6.95332e-310 0.00
problem8 3.52 301220 5 -722973944 6.95332e-310 0.00
problem9 2.74 274902 5 -722973944 6.95332e-310 0.00
problem10 1.95 287385 5 -722973944 6.95332e-310 0.00
problem11 2.64 255604 5 -722973944 6.95332e-310 0.00
problem12 3.64 244133 5 -722973944 6.95332e-310 0.00
problem13 3.81 282015 5 -722973944 6.95332e-310 0.00
problem14 2.44 268511 5 -722973944 6.95332e-310 0.00
problem15 1.91 264727 5 -722973944 6.95332e-310 0.00
problem16 2.23 258395 5 -722973944 6.95332e-310 0.00
problem17 2.66 250354 5 -722973944 6.95332e-310 0.00
problem18 1.87 236079 5 -722973944 6.95332e-310 0.00
problem19 1.91 248133 5 -722973944 6.95332e-310 0.00
problem20 2.99 300486 5 -722973944 6.95332e-310 0.00
problem21 3.31 209446 5 -722973944 6.95332e-310 0.00
problem22 3.25 317237 5 -722973944 6.95332e-310 0.00
problem23 2.84 313171 5 -722973944 6.95332e-310 0.00
problem24 2.05 285927 5 -722973944 6.95332e-310 0.00
problem25 2.5 300772 5 -722973944 6.95332e-310 0.00
problem26 2.02 248646 5 -722973944 6.95332e-310 0.00
problem27 1.89 253164 5 -722973944 6.95332e-310 0.00
problem28 2.85 274962 5 -722973944 6.95332e-310 0.00
problem29 2.64 242562 5 -722973944 6.95332e-310 0.00
problem30 2.38 283063 5 -722973944 6.95332e-310 0.00
problem31 2.05 257381 5 -722973944 6.95332e-310 0.00
problem32 2.29 254110 5 -722973944 6.95332e-310 0.00
problem33 2.37 247296 5 -722973944 6.95332e-310 0.00
problem34 2.86 249991 5 -722973944 6.95332e-310 0.00
problem35 3.22 266600 5 -722973944 6.95332e-310 0.00
problem36 2.31 278153 5 -722973944 6.95332e-310 0.00
problem37 2.84 278963 5 -722973944 6.95332e-310 0.00
problem38 2.62 265656 5 -722973944 6.95332e-310 0.00
problem39 2.31 268022 5 -722973944 6.95332e-310 0.00
problem40 2.43 273535 5 -722973944 6.95332e-310 0.00
problem41 2.91 249670 5 -722973944 6.95332e-310 0.00
problem42 2.44 263326 5 -722973944 6.95332e-310 0.00
problem43 3.01 273423 5 -722973944 6.95332e-310 0.00
problem44 2.23 278656 5 -722973944 6.95332e-310 0.00
problem45 2.03 259940 5 -722973944 6.95332e-310 0.00
problem46 1.8 277305 5 -722973944 6.95332e-310 0.00
problem47 1.9 264541 5 -722973944 6.95332e-310 0.00
problem48 2.93 290955 5 -722973944 6.95332e-310 0.00
problem49 2.49 281954 5 -722973944 6.95332e-310 0.00
problem50 3.55 268170 5 -722973944 6.95332e-310 0.00
problem51 2.5 258613 5 -722973944 6.95332e-310 0.00
problem52 2.21 266913 5 -722973944 6.95332e-310 0.00
problem53 2.9 236011 5 -722973944 6.95332e-310 0.00
problem54 2.95 275685 5 -722973944 6.95332e-310 0.00
problem55 2.56 231918 5 -722973944 6.95332e-310 0.00
problem56 2.11 253122 5 -722973944 6.95332e-310 0.00
problem57 2.48 263593 5 -722973944 6.95332e-310 0.00
problem58 1.99 320502 5 -722973944 6.95332e-310 0.00
problem59 2.26 272689 5 -722973944 6.95332e-310 0.00
problem60 2.28 298904 5 -722973944 6.95332e-310 0.00
problem61 2.16 268615 5 -722973944 6.95332e-310 0.00
problem62 3.03 262161 5 -722973944 6.95332e-310 0.00
problem63 1.79 264362 5 -722973944 6.95332e-310 0.00
problem64 3.27 237859 5 -722973944 6.95332e-310 0.00
problem65 2.54 277872 5 -722973944 6.95332e-310 0.00
problem66 2.79 290615 5 -722973944 6.95332e-310 0.00
problem67 2.58 267864 5 -722973944 6.95332e-310 0.00
problem68 2.95 288612 5 -722973944 6.95332e-310 0.00
problem69 3.82 233507 5 -722973944 6.95332e-310 0.00
problem70 2.79 249021 5 -722973944 6.95332e-310 0.00
problem71 1.49 259473 5 -722973944 6.95332e-310 0.00
problem72 3.04 257455 5 -722973944 6.95332e-310 0.00
problem73 2.56 277004 5 -722973944 6.95332e-310 0.00
problem74 2.12 256334 5 -722973944 6.95332e-310 0.00
problem75 2.97 272809 5 -722973944 6.95332e-310 0.00
problem76 2.96 281093 5 -722973944 6.95332e-310 0.00
problem77 2.47 279508 5 -722973944 6.95332e-310 0.00
problem78 2.95 292244 5 -722973944 6.95332e-310 0.00
problem79 2.38 300535 5 -722973944 6.95332e-310 0.00
problem80 2.95 247739 5 -722973944 6.95332e-310 0.00
problem81 1.89 300584 5 -722973944 6.95332e-310 0.00
problem82 3.38 251791 5 -722973944 6.95332e-310 0.00
problem83 3.21 261584 5 -722973944 6.95332e-310 0.00
problem84 2.46 244945 5 -722973944 6.95332e-310 0.00
problem85 2.76 260528 5 -722973944 6.95332e-310 0.00
problem86 3.2 273045 5 -722973944 6.95332e-310 0.00
problem87 1.52 317918 5 -722973944 6.95332e-310 0.00
problem88 2.87 264690 5 -722973944 6.95332e-310 0.00
problem89 2.69 268057 5 -722973944 6.95332e-310 0.00
problem90 1.75 311121 5 -722973944 6.95332e-310 0.00
problem91 2.39 262860 5 -722973944 6.95332e-310 0.00
problem92 4.03 268914 5 -722973944 6.95332e-310 0.00
problem93 4 248930 5 -722973944 6.95332e-310 0.00
problem94 2.19 280172 5 -722973944 6.95332e-310 0.00
problem95 2.67 296602 5 -722973944 6.95332e-310 0.00
problem96 2.86 211368 5 -722973944 6.95332e-310 0.00
problem97 2.48 273632 5 -722973944 6.95332e-310 0.00
problem98 2.5 271847 5 -722973944 6.95332e-310 0.00
problem99 2.84 283464 5 -722973944 6.95332e-310 0.00
