problem0 1.16 15055994 1 3672.00
problem1 1.32 13919320 1 4372.00
problem2 0.17 17137079 1 4372.00
problem3 0.00 12802097 1 4372.00
problem4 0.60 15925372 1 4372.00
problem5 0.79 14071282 1 4372.00
problem6 1.45 14352905 1 4372.00
problem7 0.95 15960539 1 4372.00
problem8 0.00 14406046 1 4372.00
problem9 1.55 13421100 1 4372.00
problem10 0.99 13901947 1 4372.00
problem11 0.00 16246565 1 4372.00
problem12 0.22 16404960 1 4372.00
problem13 0.60 14670598 1 4372.00
problem14 1.27 15223565 1 3676.00
problem15 0.00 15907343 1 3676.00
problem16 1.21 14140226 1 4376.00
problem17 0.00 15057536 1 4376.00
problem18 0.95 14357439 1 4376.00
problem19 0.00 13888665 1 4376.00
problem20 1.58 14059460 1 4376.00
problem21 0.00 14351002 1 4376.00
problem22 1.13 14560401 1 4376.00
problem23 0.89 13830339 1 4376.00
problem24 0.15 17047910 1 4376.00
problem25 0.66 15506772 1 4376.00
problem26 2.48 14378883 1 3680.00
problem27 0.00 13711501 1 3680.00
problem28 0.00 15938088 1 3680.00
problem29 1.50 14312622 1 4380.00
problem30 0.00 13022869 1 4380.00
problem31 0.00 14894583 1 4380.00
problem32 0.00 13466634 1 4380.00
problem33 0.00 13150888 1 4380.00
problem34 0.68 14166983 1 4380.00
problem35 1.06 15440641 1 4380.00
problem36 0.60 14541068 1 4380.00
problem37 0.90 15886658 1 4380.00
problem38 1.01 14022937 1 4380.00
problem39 1.57 14959019 1 4380.00
