problem0 0 181576 5 -1780243608 6.95327e-310 0.00
problem1 0.02 195934 5 -1780243608 6.95327e-310 0.00
problem2 0.01 243829 5 -1780243608 6.95327e-310 0.00
problem3 0.01 213029 5 -1780243608 6.95327e-310 0.00
problem4 0.01 214126 5 -1780243608 6.95327e-310 0.00
problem5 0.01 265963 5 -1780243608 6.95327e-310 0.00
problem6 0.02 216987 5 -1780243608 6.95327e-310 0.00
problem7 0.03 243326 5 -1780243608 6.95327e-310 0.00
problem8 0.01 245858 5 -1780243608 6.95327e-310 0.00
problem9 0.01 204101 5 -1780243608 6.95327e-310 0.00
problem10 0.01 241755 5 -1780243608 6.95327e-310 0.00
problem11 0.01 207269 5 -1780243608 6.95327e-310 0.00
problem12 0.01 211234 5 -1780243608 6.95327e-310 0.00
problem13 0.01 233170 5 -1780243608 6.95327e-310 0.00
problem14 0.01 213275 5 -1780243608 6.95327e-310 0.00
problem15 0.01 249035 5 -1780243608 6.95327e-310 0.00
problem16 0.02 215112 5 -1780243608 6.95327e-310 0.00
problem17 0.01 261419 5 -1780243608 6.95327e-310 0.00
problem18 0.02 197083 5 -1780243608 6.95327e-310 0.00
problem19 0.01 250661 5 -1780243608 6.95327e-310 0.00
problem20 0.01 257493 5 -1780243608 6.95327e-310 0.00
problem21 0.01 236421 5 -1780243608 6.95327e-310 0.00
problem22 0.01 219394 5 -1780243608 6.95327e-310 0.00
problem23 0.01 251467 5 -1780243608 6.95327e-310 0.00
problem24 0.02 233518 5 -1780243608 6.95327e-310 0.00
problem25 0.02 223710 5 -1780243608 6.95327e-310 0.00
problem26 0.01 240885 5 -1780243608 6.95327e-310 0.00
problem27 0.02 251454 5 -1780243608 6.95327e-310 0.00
problem28 0.02 234939 5 -1780243608 6.95327e-310 0.00
problem29 0.01 262610 5 -1780243608 6.95327e-310 0.00
problem30 0.01 209128 5 -1780243608 6.95327e-310 0.00
problem31 0.01 263730 5 -1780243608 6.95327e-310 0.00
problem32 0.02 209326 5 -1780243608 6.95327e-310 0.00
problem33 0.01 235154 5 -1780243608 6.95327e-310 0.00
problem34 0.01 228981 5 -1780243608 6.95327e-310 0.00
problem35 0.03 262078 5 -1780243608 6.95327e-310 0.00
problem36 0.01 209109 5 -1780243608 6.95327e-310 0.00
problem37 0.01 259307 5 -1780243608 6.95327e-310 0.00
problem38 0.01 287336 5 -1780243608 6.95327e-310 0.00
problem39 0.02 246501 5 -1780243608 6.95327e-310 0.00
problem40 0.02 234286 5 -1780243608 6.95327e-310 0.00
problem41 0.02 256427 5 -1780243608 6.95327e-310 0.00
problem42 0.01 253122 5 -1780243608 6.95327e-310 0.00
problem43 0.02 269426 5 -1780243608 6.95327e-310 0.00
problem44 0 245538 5 -1780243608 6.95327e-310 0.00
problem45 0.01 239621 5 -1780243608 6.95327e-310 0.00
problem46 0.01 218088 5 -1780243608 6.95327e-310 0.00
problem47 0.01 199781 5 -1780243608 6.95327e-310 0.00
problem48 0.01 216648 5 -1780243608 6.95327e-310 0.00
problem49 0.02 235102 5 -1780243608 6.95327e-310 0.00
problem50 0.01 208450 5 -1780243608 6.95327e-310 0.00
problem51 0.01 312818 5 -1780243608 6.95327e-310 0.00
problem52 0.02 226261 5 -1780243608 6.95327e-310 0.00
problem53 0.02 242872 5 -1780243608 6.95327e-310 0.00
problem54 0.01 237314 5 -1780243608 6.95327e-310 0.00
problem55 0.01 228427 5 -1780243608 6.95327e-310 0.00
problem56 0.02 287483 5 -1780243608 6.95327e-310 0.00
problem57 0.04 249822 5 -1780243608 6.95327e-310 0.00
problem58 0 212930 5 -1780243608 6.95327e-310 0.00
problem59 0.01 221861 5 -1780243608 6.95327e-310 0.00
problem60 0.01 229922 5 -1780243608 6.95327e-310 0.00
problem61 0.01 203525 5 -1780243608 6.95327e-310 0.00
problem62 0.02 240155 5 -1780243608 6.95327e-310 0.00
problem63 0 253797 5 -1780243608 6.95327e-310 0.00
problem64 0.01 237077 5 -1780243608 6.95327e-310 0.00
problem65 0.03 248158 5 -1780243608 6.95327e-310 0.00
problem66 0.01 266562 5 -1780243608 6.95327e-310 0.00
problem67 0.02 245592 5 -1780243608 6.95327e-310 0.00
problem68 0.01 177877 5 -1780243608 6.95327e-310 0.00
problem69 0 213330 5 -1780243608 6.95327e-310 0.00
problem70 0.01 226613 5 -1780243608 6.95327e-310 0.00
problem71 0.01 275890 5 -1780243608 6.95327e-310 0.00
problem72 0.02 222715 5 -1780243608 6.95327e-310 0.00
problem73 0.01 190789 5 -1780243608 6.95327e-310 0.00
problem74 0.01 238274 5 -1780243608 6.95327e-310 0.00
problem75 0 161189 5 -1780243608 6.95327e-310 0.00
problem76 0.01 214306 5 -1780243608 6.95327e-310 0.00
problem77 0.01 232965 5 -1780243608 6.95327e-310 0.00
problem78 0.03 236008 5 -1780243608 6.95327e-310 0.00
problem79 0.01 229170 5 -1780243608 6.95327e-310 0.00
problem80 0.02 244398 5 -1780243608 6.95327e-310 0.00
problem81 0.02 195678 5 -1780243608 6.95327e-310 0.00
problem82 0.01 259138 5 -1780243608 6.95327e-310 0.00
problem83 0.02 257010 5 -1780243608 6.95327e-310 0.00
problem84 0.02 234350 5 -1780243608 6.95327e-310 0.00
problem85 0.01 210002 5 -1780243608 6.95327e-310 0.00
problem86 0.02 215912 5 -1780243608 6.95327e-310 0.00
problem87 0.01 218494 5 -1780243608 6.95327e-310 0.00
problem88 0.01 249698 5 -1780243608 6.95327e-310 0.00
problem89 0.01 262827 5 -1780243608 6.95327e-310 0.00
problem90 0.01 237403 5 -1780243608 6.95327e-310 0.00
problem91 0.02 205374 5 -1780243608 6.95327e-310 0.00
problem92 0.01 224904 5 -1780243608 6.95327e-310 0.00
problem93 0.01 209976 5 -1780243608 6.95327e-310 0.00
problem94 0.03 258075 5 -1780243608 6.95327e-310 0.00
problem95 0.02 243864 5 -1780243608 6.95327e-310 0.00
problem96 0.02 212398 5 -1780243608 6.95327e-310 0.00
problem97 0.02 208734 5 -1780243608 6.95327e-310 0.00
problem98 0.01 199285 5 -1780243608 6.95327e-310 0.00
problem99 0.01 242213 5 -1780243608 6.95327e-310 0.00
