problem0 0.2 2828778787973 1
problem1 4.83 2531217316338 1
problem2 0.22 2576333943302 1
problem3 0.08 2661923373335 1
problem4 0.92 3064197463007 1
problem5 0.62 2888878720244 1
problem6 0.04 2771812642896 1
problem7 0.6 2510524908745 1
problem8 0.45 2648025641881 1
problem9 0.15 2829823811030 1
problem10 0.15 2900843519994 1
problem11 0.35 2634801822555 1
problem12 0.67 2992098596275 1
problem13 0.83 2720158787224 1
problem14 1.01 2893792054020 1
problem15 1.02 2701107713741 1
problem16 0.07 3122401221677 1
problem17 3.17 2650038845754 1
problem18 0.14 2935903017838 1
problem19 3.14 2729903368479 1
problem20 5.06 2783823585543 1
problem21 0.27 2669346254780 1
problem22 0.16 2510945295160 1
problem23 4.74 2794105693265 1
problem24 0.14 2641122221633 1
problem25 0.54 2722282411038 1
problem26 0.39 2909978850402 1
problem27 0.6 2648362752611 1
problem28 0.14 2585840692699 1
problem29 1.56 2649200881760 1
problem30 0.03 2880310243564 1
problem31 2.83 3215312862549 1
problem32 0.05 2888585169365 1
problem33 0.68 2494622541442 1
problem34 0.03 2401555970774 1
problem35 0.39 3019601092391 1
problem36 1.76 2552430464047 1
problem37 0.74 2552383191172 1
problem38 0.06 2635013676064 1
problem39 0.32 2833351045593 1
problem40 0.52 2522061319913 1
problem41 0.33 2535377504358 1
problem42 0.08 2708470841034 1
problem43 0.19 2500280993643 1
problem44 0.95 2996634536963 1
problem45 2.44 3002037753896 1
problem46 0.02 3015327526100 1
problem47 2.61 2823131369949 1
problem48 0.2 2564317502845 1
problem49 1.04 2662091311562 1
problem50 0.02 2842841845822 1
problem51 1.93 2922969899823 1
problem52 0.81 2437073124695 1
problem53 0.54 2552451784524 1
problem54 0.54 2647251137288 1
problem55 1.92 2792871701857 1
problem56 0.09 2985514214801 1
problem57 0.09 2501326502574 1
problem58 0.07 3020046548786 1
problem59 0.51 2638877868659 1
problem60 2.09 2770515898411 1
problem61 1.28 2854596369904 1
problem62 0.2 2815175016124 1
problem63 2.31 2579262952549 1
problem64 0.05 2659203176229 1
problem65 3.15 2525064080146 1
problem66 0 2709599263654 1
problem67 0.24 2729256891703 1
problem68 0.45 2487666570367 1
problem69 0.06 2652471026708 1
problem70 0.07 2806056591344 1
problem71 0.33 2705692595945 1
problem72 0.17 2851338142265 1
problem73 0.51 2991025187574 1
problem74 0.26 2649612350874 1
problem75 0.16 2931293064059 1
problem76 0.03 2623928162899 1
problem77 1.64 2570419372472 1
problem78 1.15 2835689645732 1
problem79 0.42 2751906120941 1
problem80 0.48 2650182235853 1
problem81 0.18 2818434058842 1
problem82 0.57 2771777559822 1
problem83 0.34 2675949360447 1
problem84 0.12 2789196476839 1
problem85 3.15 2931726141148 1
problem86 0.07 2793151996632 1
problem87 1.81 2793362140785 1
problem88 0.28 2507663672545 1
problem89 2.44 2217448167742 1
problem90 0.84 2483613327874 1
problem91 1.34 2225532183171 1
problem92 0.38 2691319384699 1
problem93 0.5 2824767980416 1
problem94 0.65 2769140999308 1
problem95 0.83 2966773801845 1
problem96 0.01 2375917796469 1
problem97 2.9 2788718421922 1
problem98 0.06 2470459413622 1
problem99 0.6 2815765021511 1
