problem0 0 6621688277 1
problem1 0 6187285005 1
problem2 0 6361883333 1
problem3 0 5563294717 1
problem4 0 5720520117 1
problem5 0 6153736173 1
problem6 0 6186822309 1
problem7 0 6828752349 1
problem8 0 6557794709 1
problem9 0 5972471245 1
problem10 0 6411106949 1
problem11 0 6298066877 1
problem12 0 6625187189 1
problem13 0 5704176557 1
problem14 0 5738566245 1
problem15 0 6384929181 1
problem16 0 5838680405 1
problem17 0 6357451149 1
problem18 0 6371078725 1
problem19 0 6558628733 1
problem20 0 6001694005 1
problem21 0 5862274925 1
problem22 0 6358161957 1
problem23 0 6565279069 1
problem24 0 5973246229 1
problem25 0 6451983693 1
problem26 0 6173641221 1
problem27 0 6293600061 1
problem28 0 6231356661 1
problem29 0 6475987757 1
problem30 0.01 6702383589 1
problem31 0 6177571101 1
problem32 0 5786038485 1
problem33 0 6439569677 1
problem34 0 5884854725 1
problem35 0 6122689277 1
problem36 0 6071612597 1
problem37 0 5514223341 1
problem38 0 6099093925 1
problem39 0 6579711197 1
problem40 0 6920175765 1
problem41 0 6503709901 1
problem42 0 6241868165 1
problem43 0 6397169341 1
problem44 0 6158947445 1
problem45 0 6448816813 1
problem46 0 6292074853 1
problem47 0 6579468445 1
problem48 0 6723809365 1
problem49 0 6156816525 1
problem50 0 6371217733 1
problem51 0 6528789117 1
problem52 0 5519234101 1
problem53 0 6443370093 1
problem54 0 6609189157 1
problem55 0 6058353757 1
problem56 0 6705840149 1
problem57 0 5985043533 1
problem58 0 5802092805 1
problem59 0 6600386109 1
problem60 0 6131135477 1
problem61 0 6016928301 1
problem62 0 6109864165 1
problem63 0 6105837597 1
problem64 0 5825032149 1
problem65 0.01 6440327181 1
problem66 0 5942730949 1
problem67 0 6157926909 1
problem68 0 6215218101 1
problem69 0 6628060653 1
problem70 0 6135228581 1
problem71 0 6334995421 1
problem72 0 4919197589 1
problem73 0 6229773261 1
problem74 0 6053886085 1
problem75 0 6357990845 1
problem76 0 5736878965 1
problem77 0 6111457709 1
problem78 0 6147362917 1
problem79 0 6090467229 1
problem80 0 6302543701 1
problem81 0 5134229389 1
problem82 0 5798965317 1
problem83 0 6343891325 1
problem84 0 6137910069 1
problem85 0 6730995053 1
problem86 0 6682089509 1
problem87 0 6193288029 1
problem88 0 5981044501 1
problem89 0 6155768653 1
problem90 0 6720423941 1
problem91 0 6332683581 1
problem92 0 6712619765 1
problem93 0 7126669613 1
problem94 0 6798835685 1
problem95 0 5988097821 1
problem96 0 6403124949 1
problem97 0 5988230925 1
problem98 0 6199967685 1
problem99 0 6407205117 1
