problem0 0.33669 107166819779 1
problem1 0.918563 111735533064 1
problem2 0.224026 108855326500 1
problem3 0.251631 120114799469 1
problem4 0.07172 101614295709 1
problem5 0.116695 107309666122 1
problem6 2.71739 114881272430 1
problem7 6.69855 118026110175 1
problem8 0.690697 104641918679 1
problem9 0.004722 112596510060 1
problem10 1.1465 108263994904 1
problem11 6.05268 107615137841 1
problem12 2.01711 107405259889 1
problem13 0.002347 116471763566 1
problem14 0.140315 113013797922 1
problem15 0.629226 105864738659 1
problem16 0.167604 110020586859 1
problem17 3.18068 105570244688 1
problem18 2.63206 117570821772 1
problem19 5.53514 117706738805 1
problem20 3.00782 101140306885 1
problem21 6.74434 112369522962 1
problem22 0.085743 110625054550 1
problem23 0.812228 108175032679 1
problem24 1.79083 108049340799 1
problem25 1.09693 108803626676 1
problem26 0.792229 112043688064 1
problem27 22.9043 117330692153 1
problem28 0.374366 106728366233 1
problem29 0.295808 118565663542 1
problem30 3.21861 108342406154 1
problem31 0.290591 116681634539 1
problem32 1.34433 119811394323 1
problem33 1.9346 113267470488 1
problem34 1.52888 108690484212 1
problem35 0.918196 113668109181 1
problem36 1.14486 116863701741 1
problem37 1.4424 111786029274 1
problem38 0.926849 122438363710 1
problem39 0.018078 114747710447 1
problem40 0.777974 114700800551 1
problem41 4.60347 100578113020 1
problem42 1.45154 118465016040 1
problem43 0.159967 117569986113 1
problem44 0.123335 106133111489 1
problem45 1.18418 109467296254 1
problem46 0.827185 105562434034 1
problem47 1.19433 119657729139 1
problem48 3.81736 112851549883 1
problem49 2.32497 113298142944 1
problem50 0.072194 107465498460 1
problem51 0.034921 109000333445 1
problem52 0.083412 107876548629 1
problem53 4.43993 110067832482 1
problem54 2.03218 110541273894 1
problem55 0.185118 113096873079 1
problem56 0.210818 108654436559 1
problem57 0.422899 115723256644 1
problem58 0.701576 111007041360 1
problem59 0.168625 103276819017 1
problem60 0.354497 114282994409 1
problem61 1.23858 115922460358 1
problem62 0.776575 102394179034 1
problem63 0.962894 106787701755 1
problem64 0.415293 118156888163 1
problem65 1.06554 106864225064 1
problem66 2.75559 114021071044 1
problem67 17.3465 111950494605 1
problem68 0.660064 115401679677 1
problem69 1.47505 107644619370 1
problem70 0.524322 97168740878 1
problem71 0.918197 115650800383 1
problem72 0.795026 107680105847 1
problem73 0.321687 107666849420 1
problem74 0.462876 112246031288 1
problem75 0.502251 107846272081 1
problem76 1.05943 116007381265 1
problem77 4.89313 109662366094 1
problem78 0.227457 112200595394 1
problem79 0.311038 115798825347 1
problem80 0.086387 112891160587 1
problem81 2.79654 119106669936 1
problem82 0.51842 117986162732 1
problem83 3.99907 123113168021 1
problem84 1.55368 115287407717 1
problem85 0.265708 108517526578 1
problem86 0.330916 110333374198 1
problem87 1.04349 107623030663 1
problem88 0.154119 108095897631 1
problem89 1.71766 117730420692 1
problem90 1.38731 108290876960 1
problem91 5.59808 115212096601 1
problem92 0.660039 113774783801 1
problem93 0.729478 118133260886 1
problem94 0.644748 124929935274 1
problem95 1.19821 112173583627 1
problem96 1.02476 111083953587 1
problem97 0.831216 110119067064 1
problem98 0.734365 110975737236 1
problem99 0.66088 120532253597 1
