problem0 0.03 450111504845244 81 1 0.03 3812.00
problem1 0 596064203752577 89 2 0 3248.00
problem2 0 718173077003067 41 1 0 3248.00
problem3 0.01 630355764899802 62 1 0.01 3248.00
problem4 0 602024511082450 28 1 0 3248.00
problem5 0 661900105442874 39 1 0 3248.00
problem6 0 772333834033169 24 1 0 3248.00
problem7 0 714997522520889 46 1 0 3248.00
problem8 0.01 577274074368770 33 1 0.01 3248.00
problem9 0 631141703089270 43 1 0 3248.00
problem10 0 633490139920510 49 1 0 3248.00
problem11 0.01 576002366909438 62 1 0 3248.00
problem12 0 601613159028309 69 1 0 3248.00
problem13 0 574316675310263 31 1 0 3248.00
problem14 0 525008799120905 63 1 0 3248.00
problem15 0.01 646092948136780 31 1 0.01 3248.00
problem16 0 666097091759827 125 2 0 3248.00
problem17 0.01 628940083761072 51 1 0.01 3248.00
problem18 0 819546285799731 12 1 0 3248.00
problem19 0 675239774226811 55 1 0 3248.00
problem20 0 488450101212438 79 1 0 3248.00
problem21 0.01 503738511504467 52 1 0.01 3248.00
problem22 0 672275023825552 46 1 0 3248.00
problem23 0 605549361513245 27 1 0 3248.00
problem24 0.01 576475540645483 64 1 0.01 3248.00
problem25 0 606488200015875 48 1 0 3248.00
problem26 0 593135759890905 66 1 0 3248.00
problem27 0 604745611795239 65 1 0 3248.00
problem28 0.01 619920317043594 45 1 0.01 3248.00
problem29 0 623415498646087 38 1 0 3248.00
problem30 0 597234818630065 54 1 0 3248.00
problem31 0 716080439831770 16 1 0 3248.00
problem32 0.01 664603678242903 60 1 0.01 3248.00
problem33 0 561798172224208 17 1 0 3248.00
problem34 0 630358425190771 39 1 0 3248.00
problem35 0.01 776586288640452 42 1 0.01 3248.00
problem36 0 652045435245385 36 1 0 3248.00
problem37 0 540165650733002 62 1 0 3248.00
problem38 0.01 749076515310678 73 1 0.01 3248.00
problem39 0 590773031806380 45 1 0 3248.00
problem40 0 622396699163792 112 1 0 3248.00
problem41 0.01 528053719641573 34 1 0.01 3248.00
problem42 0 668707605278304 18 1 0 3248.00
problem43 0 573725102630028 64 1 0 3248.00
problem44 0 559811246946830 41 1 0 3248.00
problem45 0.01 596682730409118 40 1 0.01 3248.00
problem46 0 585675229390317 15 1 0 3248.00
problem47 0 625198196618863 27 1 0 3248.00
problem48 0.01 534071328075594 61 1 0.01 3248.00
problem49 0 577733832454994 54 1 0 3248.00
problem50 0 563631791580406 69 1 0 3248.00
problem51 0.01 648617232721122 54 1 0.01 3248.00
problem52 0 572162799750057 84 1 0 3248.00
problem53 0 626099377346838 42 1 0 3248.00
problem54 0.01 693503555007655 29 1 0.01 3248.00
problem55 0 607587397645873 44 1 0 3248.00
problem56 0 596568854696690 51 1 0 3248.00
problem57 0.01 627911623614864 22 1 0 3248.00
problem58 0 541890236368993 50 1 0 3248.00
problem59 0 582360790388494 68 1 0 3248.00
problem60 0.01 599515004794743 13 1 0.01 3248.00
problem61 0 580057859581529 47 1 0 3248.00
problem62 0 650447097032116 22 1 0 3248.00
problem63 0 692144638038698 14 1 0 3248.00
problem64 0 545995244327354 15 1 0 3248.00
problem65 0 713219439801834 45 1 0 3248.00
problem66 0 635538169411790 23 1 0 3248.00
problem67 0.01 687753011845197 33 1 0.01 3248.00
problem68 0 438567869010416 159 2 0 3248.00
problem69 0.01 673979001764610 28 1 0 3248.00
problem70 0 577698082204404 52 1 0 3248.00
problem71 0.01 589187544307390 44 1 0.01 3248.00
problem72 0 767920217401688 45 1 0 3248.00
problem73 0.01 672223886245747 52 1 0 3248.00
problem74 0 764022821602014 22 1 0 3248.00
problem75 0 435851766055035 77 1 0 3248.00
problem76 0.01 480563102466460 62 1 0.01 3248.00
problem77 0 686782804271146 55 1 0 3248.00
problem78 0 650781683414458 54 1 0 3248.00
problem79 0.01 662334421462126 41 1 0.01 3248.00
problem80 0 607975846644766 44 1 0 3248.00
problem81 0 482333575509973 25 1 0 3248.00
problem82 0.01 659032066322892 43 1 0.01 3248.00
problem83 0 541983812359921 51 1 0 3248.00
problem84 0 614562731949236 51 1 0 3248.00
problem85 0.01 558149397752837 38 1 0.01 3248.00
problem86 0 595174177858307 17 1 0 3248.00
problem87 0 505444736178445 56 1 0 3248.00
problem88 0.01 539216311556139 95 1 0.01 3248.00
problem89 0 525593915209717 71 1 0 3248.00
problem90 0.01 597486399774499 37 1 0.01 3248.00
problem91 0 743561191154896 32 1 0 3248.00
problem92 0 593039040508278 51 1 0 3248.00
problem93 0.01 630733223329305 27 1 0.01 3248.00
problem94 0 709328509881531 58 1 0 3248.00
problem95 0 720124681067031 14 1 0 3248.00
problem96 0.01 601951770683892 62 1 0.01 3248.00
problem97 0 650453773532461 33 1 0 3248.00
problem98 0 670195185896996 48 1 0 3248.00
problem99 0.01 696784828149043 27 1 0.01 3248.00
