problem0 0 103617 1 0.00
problem1 0.00 101551 1 0.00
problem2 0.00 99917 1 0.00
problem3 0.00 100635 1 0.00
problem4 0.00 100505 1 0.00
problem5 0.00 101447 1 0.00
problem6 0.00 100261 1 0.00
problem7 0.00 96819 1 0.00
problem8 0.00 100209 1 0.00
problem9 0.00 104159 1 0.00
problem10 0.00 103421 1 0.00
problem11 0.00 104011 1 0.00
problem12 0.00 106825 1 0.00
problem13 0.00 101495 1 0.00
problem14 0.00 103253 1 0.00
problem15 0.00 95587 1 0.00
problem16 0.00 93729 1 0.00
problem17 0.00 107791 1 0.00
problem18 0.00 97709 1 0.00
problem19 0.00 87931 1 0.00
problem20 0.00 97785 1 0.00
problem21 0.00 88231 1 0.00
problem22 0.00 99077 1 0.00
problem23 0.00 95379 1 0.00
problem24 0.00 102609 1 0.00
problem25 0.00 94015 1 0.00
problem26 0.00 101213 1 0.00
problem27 0.00 91307 1 0.00
problem28 0.00 114345 1 0.00
problem29 0.00 94423 1 0.00
problem30 0.00 97973 1 0.00
problem31 0.00 100291 1 0.00
problem32 0.00 98177 1 0.00
problem33 0.00 95599 1 0.00
problem34 0.00 101645 1 0.00
problem35 0.00 105947 1 0.00
problem36 0.00 99161 1 0.00
problem37 0.00 122119 1 0.00
problem38 0.00 99941 1 0.00
problem39 0.00 98035 1 0.00
problem40 0.00 109105 1 0.00
problem41 0.00 96159 1 0.00
problem42 0.00 105149 1 0.00
problem43 0.00 99083 1 0.00
problem44 0.00 101385 1 0.00
problem45 0.00 99639 1 0.00
problem46 0.00 104981 1 0.00
problem47 0.00 100899 1 0.00
problem48 0.00 96481 1 0.00
problem49 0.00 97743 1 0.00
problem50 0.00 101485 1 0.00
problem51 0.00 103483 1 0.00
problem52 0.00 100537 1 0.00
problem53 0.00 106855 1 0.00
problem54 0.00 111045 1 0.00
problem55 0.00 100691 1 0.00
problem56 0.00 101265 1 0.00
problem57 0.00 92159 1 0.00
problem58 0.00 92701 1 0.00
problem59 0.00 106859 1 0.00
problem60 0.00 102761 1 0.00
problem61 0.00 82327 1 0.00
problem62 0.00 99701 1 0.00
problem63 0.00 91267 1 0.00
problem64 0.00 96833 1 0.00
problem65 0.00 99887 1 0.00
problem66 0.00 101325 1 0.00
problem67 0.00 90779 1 0.00
problem68 0.00 101913 1 0.00
problem69 0.00 91591 1 0.00
problem70 0.00 116005 1 0.00
problem71 0.00 93107 1 0.00
problem72 0.00 95473 1 0.00
problem73 0.00 104543 1 0.00
problem74 0.00 92541 1 0.00
problem75 0.00 98251 1 0.00
problem76 0.00 106185 1 0.00
problem77 0.00 101879 1 0.00
problem78 0.00 104661 1 0.00
problem79 0.00 120547 1 0.00
problem80 0.00 97185 1 0.00
problem81 0.00 97935 1 0.00
problem82 0.00 111405 1 0.00
problem83 0.00 100603 1 0.00
problem84 0.00 97145 1 0.00
problem85 0.00 98855 1 0.00
problem86 0.00 104581 1 0.00
problem87 0.00 97811 1 0.00
problem88 0.00 99921 1 0.00
problem89 0.00 104639 1 0.00
problem90 0.00 94429 1 0.00
problem91 0.00 97835 1 0.00
problem92 0.00 103465 1 0.00
problem93 0.00 105047 1 0.00
problem94 0.00 101429 1 0.00
problem95 0.00 106819 1 0.00
problem96 0.00 107777 1 0.00
problem97 0.00 102127 1 0.00
problem98 0.00 101005 1 0.00
problem99 0.00 89947 1 0.00
