problem0 0 18469 1 2208.00
problem1 0.00 17071 1 2208.00
problem2 0.00 17746 1 2264.00
problem3 0.00 22184 1 2264.00
problem4 0.00 22247 1 2264.00
problem5 0.00 24937 1 2264.00
problem6 0.00 16420 1 2264.00
problem7 0.00 16690 1 2264.00
problem8 0.00 22089 1 2264.00
problem9 0.00 20035 1 2264.00
problem10 0.00 20630 1 2264.00
problem11 0.00 21212 1 2264.00
problem12 0.00 16459 1 2264.00
problem13 0.00 23357 1 2264.00
problem14 0.00 22696 1 2264.00
problem15 0.00 19878 1 2264.00
problem16 0.00 22253 1 2264.00
problem17 0.00 16983 1 2264.00
problem18 0.00 23130 1 2264.00
problem19 0.00 19344 1 2264.00
problem20 0.00 25647 1 2264.00
problem21 0.00 19857 1 2264.00
problem22 0.00 22444 1 2264.00
problem23 0.00 20122 1 2264.00
problem24 0.00 23057 1 2264.00
problem25 0.00 20203 1 2264.00
problem26 0.00 21150 1 2264.00
problem27 0.00 16580 1 2264.00
problem28 0.00 21139 1 2264.00
problem29 0.00 20581 1 2264.00
problem30 0.00 19760 1 2264.00
problem31 0.00 23566 1 2264.00
problem32 0.00 24501 1 2264.00
problem33 0.00 21503 1 2264.00
problem34 0.00 18786 1 2264.00
problem35 0.00 25208 1 2264.00
problem36 0.00 19319 1 2264.00
problem37 0.00 13241 1 2264.00
problem38 0.00 20788 1 2264.00
problem39 0.00 24066 1 2264.00
problem40 0.00 24537 1 2264.00
problem41 0.00 24979 1 2264.00
problem42 0.00 28326 1 2264.00
problem43 0.00 20652 1 2264.00
problem44 0.00 18139 1 2264.00
problem45 0.00 22413 1 2264.00
problem46 0.00 17336 1 2264.00
problem47 0.00 21622 1 2264.00
problem48 0.00 21117 1 2264.00
problem49 0.00 22439 1 2264.00
problem50 0.00 21098 1 2264.00
problem51 0.00 19296 1 2264.00
problem52 0.00 19647 1 2264.00
problem53 0.00 19425 1 2264.00
problem54 0.00 25788 1 2264.00
problem55 0.00 20330 1 2264.00
problem56 0.00 20385 1 2264.00
problem57 0.00 24123 1 2264.00
problem58 0.00 21678 1 2264.00
problem59 0.00 19092 1 2264.00
problem60 0.00 21795 1 2264.00
problem61 0.00 18613 1 2264.00
problem62 0.00 21568 1 2264.00
problem63 0.00 22238 1 2264.00
problem64 0.00 16197 1 2264.00
problem65 0.00 19791 1 2264.00
problem66 0.00 23922 1 2264.00
problem67 0.00 22088 1 2264.00
problem68 0.00 24583 1 2264.00
problem69 0.00 19977 1 2264.00
problem70 0.00 21060 1 2264.00
problem71 0.00 25298 1 2264.00
problem72 0.00 20841 1 2264.00
problem73 0.00 21731 1 2264.00
problem74 0.00 23734 1 2264.00
problem75 0.00 20092 1 2264.00
problem76 0.00 21867 1 2264.00
problem77 0.00 21469 1 2264.00
problem78 0.00 22216 1 2264.00
problem79 0.00 19270 1 2264.00
problem80 0.00 24077 1 2264.00
problem81 0.00 27895 1 2264.00
problem82 0.00 27258 1 2264.00
problem83 0.00 23344 1 2264.00
problem84 0.00 27983 1 2264.00
problem85 0.00 25137 1 2264.00
problem86 0.00 18892 1 2264.00
problem87 0.00 26682 1 2264.00
problem88 0.00 15665 1 2264.00
problem89 0.00 21899 1 2264.00
problem90 0.00 22206 1 2264.00
problem91 0.00 19556 1 2264.00
problem92 0.00 22451 1 2264.00
problem93 0.00 18693 1 2264.00
problem94 0.00 21328 1 2264.00
problem95 0.00 25006 1 2264.00
problem96 0.00 20181 1 2264.00
problem97 0.00 22175 1 2264.00
problem98 0.00 27010 1 2264.00
problem99 0.00 25112 1 2264.00
