problem0 0 1881055486 0 2212.00
problem1 0.00 1740834339 0 2268.00
problem2 0.00 1852735621 0 2268.00
problem3 0.00 1727827453 0 2268.00
problem4 0.00 1578676251 0 2268.00
problem5 0.00 1883137527 0 2268.00
problem6 0.00 1337536495 0 2268.00
problem7 0.00 1654951275 0 2268.00
problem8 0.00 2028732224 0 2268.00
problem9 0.00 1514865977 0 2268.00
problem10 0.00 1548558112 0 2268.00
problem11 0.00 1749929188 0 2268.00
problem12 0.00 1769508727 0 2268.00
problem13 0.00 1657332893 0 2268.00
problem14 0.00 1829392015 0 2268.00
problem15 0.00 1557679269 0 2268.00
problem16 0.00 1486773839 0 2268.00
problem17 0.00 1587020830 0 2268.00
problem18 0.00 1657847526 0 2268.00
problem19 0.00 1428425697 0 2268.00
problem20 0.01 2134732406 0 2268.00
problem21 0.00 1519936462 0 2268.00
problem22 0.00 1988128153 0 2268.00
problem23 0.00 1309739958 0 2268.00
problem24 0.00 1580580166 0 2268.00
problem25 0.00 1403651131 0 2268.00
problem26 0.00 1895390587 0 2268.00
problem27 0.00 1686063865 0 2268.00
problem28 0.00 1583828321 0 2268.00
problem29 0.00 1722606389 0 2268.00
problem30 0.00 1528532292 0 2268.00
problem31 0.00 1699662471 0 2268.00
problem32 0.00 1488067678 0 2268.00
problem33 0.00 1753285280 0 2268.00
problem34 0.00 1304886345 0 2268.00
problem35 0.00 2103413230 0 2268.00
problem36 0.00 1442196419 0 2268.00
problem37 0.00 1443258798 0 2268.00
problem38 0.00 1910221712 0 2268.00
problem39 0.00 1502710109 0 2268.00
problem40 0.00 1729330100 0 2268.00
problem41 0.01 1545404751 0 2268.00
problem42 0.00 1480170257 0 2268.00
problem43 0.00 1589954809 0 2268.00
problem44 0.00 1558842094 0 2268.00
problem45 0.00 1470423194 1 2268.00
problem46 0.00 1640024811 0 2268.00
problem47 0.00 1641629922 0 2268.00
problem48 0.00 1884936830 0 2268.00
problem49 0.00 1031667763 0 2268.00
problem50 0.00 1330723425 0 2268.00
problem51 0.00 1605306494 0 2268.00
problem52 0.00 1514334677 0 2268.00
problem53 0.00 1518886821 0 2268.00
problem54 0.00 1774905896 0 2268.00
problem55 0.00 1294338145 0 2268.00
problem56 0.00 1535457642 0 2268.00
problem57 0.00 1537474496 0 2268.00
problem58 0.00 1645074732 0 2268.00
problem59 0.00 1730037531 0 2268.00
problem60 0.00 1560332483 0 2268.00
problem61 0.00 1706090167 0 2268.00
problem62 0.00 1492781267 0 2268.00
problem63 0.01 1652016749 0 2268.00
problem64 0.00 1469421700 0 2268.00
problem65 0.00 1569652285 0 2268.00
problem66 0.00 1332705290 0 2268.00
problem67 0.00 1813153289 0 2268.00
problem68 0.00 1545840668 0 2268.00
problem69 0.00 1746820513 0 2268.00
problem70 0.00 1447962503 0 2268.00
problem71 0.00 1758365080 0 2268.00
problem72 0.00 1804269419 0 2268.00
problem73 0.00 1514077497 0 2268.00
problem74 0.00 1584797527 0 2268.00
problem75 0.00 1703658773 0 2268.00
problem76 0.00 1856734941 0 2268.00
problem77 0.00 1892736239 0 2268.00
problem78 0.00 1355237059 0 2268.00
problem79 0.00 1730823575 0 2268.00
problem80 0.00 1986352815 0 2268.00
problem81 0.00 1353972816 0 2268.00
problem82 0.00 1713485345 0 2268.00
problem83 0.00 1518994509 0 2268.00
problem84 0.00 1402496561 0 2268.00
problem85 0.01 1724406720 0 2268.00
problem86 0.00 1734698390 0 2268.00
problem87 0.00 1821049712 0 2268.00
problem88 0.00 1596241343 0 2268.00
problem89 0.00 1609431883 0 2268.00
problem90 0.00 1701991679 0 2268.00
problem91 0.00 1376600835 0 2268.00
problem92 0.00 1642743009 0 2268.00
problem93 0.00 1896143590 0 2268.00
problem94 0.00 1630045327 0 2268.00
problem95 0.00 1609613983 0 2268.00
problem96 0.00 1288246340 0 2268.00
problem97 0.00 1189935659 0 2268.00
problem98 0.00 1667757056 0 2268.00
problem99 0.00 1662353903 0 2268.00
