problem0 0 134220 1
problem1 0 135778 1
problem2 0 130569 1
problem3 0 147163 1
problem4 0 123022 1
problem5 0 137340 1
problem6 0 128283 1
problem7 0 132997 1
problem8 0 130800 1
problem9 0 118326 1
problem10 0 123725 1
problem11 0 133327 1
problem12 0 125298 1
problem13 0 142736 1
problem14 0 146079 1
problem15 0 142521 1
problem16 0 135700 1
problem17 0 135306 1
problem18 0 158993 1
problem19 0 138563 1
problem20 0 113366 1
problem21 0 114980 1
problem22 0 130211 1
problem23 0 132205 1
problem24 0 128440 1
problem25 0 145758 1
problem26 0 117589 1
problem27 0 126007 1
problem28 0 136378 1
problem29 0 115512 1
problem30 0 125735 1
problem31 0 151201 1
problem32 0 121308 1
problem33 0 145586 1
problem34 0 138777 1
problem35 0 128427 1
problem36 0 128798 1
problem37 0 140236 1
problem38 0 128555 1
problem39 0 158549 1
problem40 0 138880 1
problem41 0 134790 1
problem42 0 132445 1
problem43 0 141727 1
problem44 0 123394 1
problem45 0 135904 1
problem46 0 126383 1
problem47 0 129673 1
problem48 0 132004 1
problem49 0 133850 1
problem50 0 123169 1
problem51 0 145427 1
problem52 0 120166 1
problem53 0 143476 1
problem54 0 156083 1
problem55 0 130109 1
problem56 0 133448 1
problem57 0 130478 1
problem58 0 131429 1
problem59 0 123143 1
problem60 0 147786 1
problem61 0 121992 1
problem62 0 127543 1
problem63 0 131185 1
problem64 0 139116 1
problem65 0 128770 1
problem66 0 124457 1
problem67 0 136315 1
problem68 0 136622 1
problem69 0 128796 1
problem70 0 130875 1
problem71 0 136997 1
problem72 0 136720 1
problem73 0 153302 1
problem74 0 139117 1
problem75 0 139887 1
problem76 0 131730 1
problem77 0 131120 1
problem78 0 129215 1
problem79 0 139353 1
problem80 0 130356 1
problem81 0 113962 1
problem82 0 130353 1
problem83 0 137955 1
problem84 0 137206 1
problem85 0 137156 1
problem86 0 147139 1
problem87 0 125965 1
problem88 0 128216 1
problem89 0 125438 1
problem90 0 126837 1
problem91 0 122327 1
problem92 0 140762 1
problem93 0 130520 1
problem94 0 123207 1
problem95 0 133697 1
problem96 0 126204 1
problem97 0 126290 1
problem98 0 128569 1
problem99 0 133963 1
