problem0 0.033688 368293211256020 320 1 0.01382 3100.00
problem1 0.02 389392159239478 351 2 0.01 3100.00
problem2 0.02 340411600416714 432 2 0.01 3864.00
problem3 0.01 383222755360357 133 1 0.01 2976.00
problem4 0.01 431008803559738 276 1 0.01 2976.00
problem5 0.01 451721493566199 194 1 0.00 2976.00
problem6 0.01 399732671928265 129 1 0.00 2724.00
problem7 0.01 389067007711327 363 1 0.01 2724.00
problem8 0.04 467816565158867 136 1 0.00 2724.00
problem9 0.01 406338928196308 209 1 0.01 2724.00
problem10 0.01 331525526657562 347 1 0.01 2724.00
problem11 0.01 357927668627728 201 1 0.01 2988.00
problem12 0.04 321290883669406 1037 2 0.02 3780.00
problem13 0.01 466237000855223 106 1 0.00 3340.00
problem14 0.02 286982775323642 384 1 0.01 3312.00
problem15 0.03 356086820321981 565 1 0.01 3288.00
problem16 0.04 403499097283133 935 1 0.01 3536.00
problem17 0.05 496304650187521 176 1 0.00 2876.00
problem18 0.01 441597593769293 190 1 0.01 3140.00
problem19 0.02 445506143150840 473 1 0.01 3284.00
problem20 0.01 439583540242588 68 1 0.01 3452.00
problem21 0.02 364068293597869 292 1 0.01 3436.00
problem22 0.01 400762285906571 289 1 0.01 3352.00
problem23 0.02 369674481081764 542 1 0.01 3404.00
problem24 0.01 440439525928000 244 1 0.01 3344.00
problem25 3.74 364044385676457 3166 3 0.04 5680.00
problem26 0.02 393021817142413 242 1 0.01 3568.00
problem27 0.02 358517263364919 377 1 0.01 4140.00
problem28 0.58 310466983333657 1560 1 0.02 4724.00
problem29 0.04 386763178941019 1200 1 0.01 4304.00
problem30 0.01 322956055100219 178 1 0.01 4084.00
problem31 0.02 326986549492851 388 1 0.01 4480.00
problem32 0.06 345514350650637 990 1 0.01 4404.00
problem33 0.01 382104147108705 257 1 0.01 4668.00
problem34 0.27 340513034960943 882 1 0.01 4172.00
problem35 0.05 366945346013319 588 1 0.03 4584.00
problem36 0.02 430997094483806 226 1 0.02 4468.00
problem37 0.03 344183394944479 391 1 0.02 4412.00
problem38 0.03 368692902784450 356 1 0.02 4448.00
problem39 0.03 367048838310808 226 1 0.02 4188.00
problem40 0.06 333510399417420 782 1 0.03 4380.00
problem41 0.33 339767059093216 1676 1 0.04 5228.00
problem42 0.97 407697757375723 1787 1 0.03 4672.00
problem43 0.03 310668463041221 479 1 0.02 4672.00
problem44 0.37 411833401731361 555 1 0.01 4672.00
problem45 0.07 360969198350862 683 1 0.04 4936.00
problem46 0.13 379946888931704 566 1 0.01 4936.00
problem47 0.01 373927687884955 191 1 0.01 4936.00
problem48 0.01 452077473315261 274 1 0.01 4936.00
problem49 0.02 431935156519927 233 1 0.01 4936.00
problem50 0.01 380119349238499 234 1 0.01 4936.00
problem51 0.03 347231432461557 302 1 0.01 4936.00
problem52 0.03 389037171076797 389 1 0.01 4936.00
problem53 0.02 399810612140874 152 1 0.01 4936.00
problem54 0.40 392870472650791 704 1 0.01 4936.00
problem55 121.88 442149156469577 8550 2 0.02 5728.00
problem56 40.68 338236431788854 7405 1 0.03 7312.00
problem57 0.02 443293803168080 225 1 0.01 3944.00
problem58 0.02 388460058190919 347 1 0.01 4468.00
problem59 0.01 440102042827634 202 1 0.01 4468.00
problem60 0.05 466319776929469 522 1 0.00 4468.00
problem61 0.01 456247416947131 156 1 0.01 4468.00
problem62 0.01 405447864318164 271 1 0.01 4468.00
problem63 0.23 450737981784683 844 1 0.01 4468.00
problem64 0.03 355945076366748 461 1 0.02 5260.00
problem65 0.01 386471801224925 337 1 0.01 5260.00
problem66 0.01 441199376465888 149 1 0.01 5260.00
problem67 0.02 412547820080257 231 1 0.01 5260.00
problem68 0.01 381711587975617 97 1 0.01 5260.00
problem69 0.01 399453213164574 238 1 0.01 5260.00
problem70 0.01 346511939521562 248 1 0.01 5260.00
problem71 0.37 321237568627819 1812 1 0.02 5260.00
problem72 0.06 410775134118262 383 1 0.01 5260.00
problem73 0.04 414057139595645 337 1 0.01 5260.00
problem74 0.03 402513633233850 376 1 0.01 5260.00
problem75 0.03 358676075779390 420 1 0.02 5788.00
problem76 0.01 442482498555336 275 1 0.01 5788.00
problem77 0.02 355720404613284 260 1 0.01 4384.00
problem78 0.76 472637244044215 897 1 0.01 4384.00
problem79 0.08 420526758448672 310 1 0.01 4384.00
problem80 0.04 364237696076727 698 1 0.02 6232.00
problem81 0.08 450895841004609 543 1 0.01 3560.00
problem82 38.25 424196916798025 3112 1 0.01 4348.00
problem83 0.01 367535513766221 172 1 0.01 4612.00
problem84 0.08 441298543216626 393 1 0.01 4612.00
problem85 0.01 413015799168582 178 1 0.01 4612.00
problem86 0.16 454687222737614 989 1 0.01 4612.00
problem87 0.02 398846670400410 321 1 0.01 4612.00
problem88 0.01 379416162538088 329 1 0.01 4612.00
problem89 0.02 387263479512998 330 1 0.01 4876.00
problem90 0.11 427016806414552 729 1 0.01 4876.00
problem91 0.09 390560738918935 383 1 0.01 4876.00
problem92 0.07 478530696799840 213 1 0.01 4876.00
problem93 0.01 336277693849072 151 1 0.01 4876.00
problem94 0.03 366802081925259 621 1 0.02 5140.00
problem95 0.02 363923791558816 418 1 0.01 4476.00
problem96 1.73 349877019212164 1720 1 0.01 4476.00
problem97 0.03 348493628341000 875 1 0.01 4740.00
problem98 0.51 425538316320741 606 1 0.01 4740.00
problem99 0.06 421904471435315 585 1 0.01 4740.00
