problem0 1.93 607622 5 -61271880 6.95335e-310 0.00
problem1 1.65 494879 5 -61271880 6.95335e-310 0.00
problem2 3.89 562094 5 -61271880 6.95335e-310 0.00
problem3 2.55 537498 5 -61271880 6.95335e-310 0.00
problem4 5.76 514908 5 -61271880 6.95335e-310 0.00
problem5 3.36 535515 5 -61271880 6.95335e-310 0.00
problem6 5.26 576869 5 -61271880 6.95335e-310 0.00
problem7 1.74 494433 5 -61271880 6.95335e-310 0.00
problem8 3.16 602440 5 -61271880 6.95335e-310 0.00
problem9 5.38 549804 5 -61271880 6.95335e-310 0.00
problem10 1.92 574769 5 -61271880 6.95335e-310 0.00
problem11 4.01 511207 5 -61271880 6.95335e-310 0.00
problem12 1.53 488266 5 -61271880 6.95335e-310 0.00
problem13 5.96 564029 5 -61271880 6.95335e-310 0.00
problem14 1.17 537021 5 -61271880 6.95335e-310 0.00
problem15 3.89 529454 5 -61271880 6.95335e-310 0.00
problem16 1.44 516790 5 -61271880 6.95335e-310 0.00
problem17 2.5 500708 5 -61271880 6.95335e-310 0.00
problem18 5.09 472158 5 -61271880 6.95335e-310 0.00
problem19 4.22 496266 5 -61271880 6.95335e-310 0.00
problem20 3.32 600972 5 -61271880 6.95335e-310 0.00
problem21 4.55 418891 5 -61271880 6.95335e-310 0.00
problem22 3.57 634474 5 -61271880 6.95335e-310 0.00
problem23 3.02 626342 5 -61271880 6.95335e-310 0.00
problem24 1.24 571854 5 -61271880 6.95335e-310 0.00
problem25 1.72 601543 5 -61271880 6.95335e-310 0.00
problem26 2.75 497292 5 -61271880 6.95335e-310 0.00
problem27 5.74 506327 5 -61271880 6.95335e-310 0.00
problem28 4.51 549924 5 -61271880 6.95335e-310 0.00
problem29 2.89 485123 5 -61271880 6.95335e-310 0.00
problem30 3.94 566125 5 -61271880 6.95335e-310 0.00
problem31 1.44 514761 5 -61271880 6.95335e-310 0.00
problem32 1.31 508219 5 -61271880 6.95335e-310 0.00
problem33 1.49 494591 5 -61271880 6.95335e-310 0.00
problem34 1.73 499982 5 -61271880 6.95335e-310 0.00
problem35 3.29 533199 5 -61271880 6.95335e-310 0.00
problem36 3.4 556306 5 -61271880 6.95335e-310 0.00
problem37 5.61 557925 5 -61271880 6.95335e-310 0.00
problem38 5.31 531312 5 -61271880 6.95335e-310 0.00
problem39 2.87 536043 5 -61271880 6.95335e-310 0.00
problem40 3.63 547070 5 -61271880 6.95335e-310 0.00
problem41 4.81 499340 5 -61271880 6.95335e-310 0.00
problem42 0.77 526652 5 -61271880 6.95335e-310 0.00
problem43 3.14 546845 5 -61271880 6.95335e-310 0.00
problem44 3.46 557311 5 -61271880 6.95335e-310 0.00
problem45 3.46 519880 5 -61271880 6.95335e-310 0.00
problem46 1.6 554610 5 -61271880 6.95335e-310 0.00
problem47 2.67 529081 5 -61271880 6.95335e-310 0.00
problem48 1.83 581910 5 -61271880 6.95335e-310 0.00
problem49 2.87 563908 5 -61271880 6.95335e-310 0.00
problem50 4.35 536340 5 -61271880 6.95335e-310 0.00
problem51 2.57 517226 5 -61271880 6.95335e-310 0.00
problem52 5.38 533826 5 -61271880 6.95335e-310 0.00
problem53 3.8 472021 5 -61271880 6.95335e-310 0.00
problem54 5.11 551370 5 -61271880 6.95335e-310 0.00
problem55 8.25 463835 5 -61271880 6.95335e-310 0.00
problem56 3.87 506243 5 -61271880 6.95335e-310 0.00
problem57 3.84 527185 5 -61271880 6.95335e-310 0.00
problem58 1.7 641004 5 -61271880 6.95335e-310 0.00
problem59 1.46 545378 5 -61271880 6.95335e-310 0.00
problem60 5.15 597807 5 -61271880 6.95335e-310 0.00
problem61 4.46 537229 5 -61271880 6.95335e-310 0.00
problem62 2.66 524322 5 -61271880 6.95335e-310 0.00
problem63 1.25 528723 5 -61271880 6.95335e-310 0.00
problem64 4.18 475718 5 -61271880 6.95335e-310 0.00
problem65 5.71 555743 5 -61271880 6.95335e-310 0.00
problem66 2.94 581230 5 -61271880 6.95335e-310 0.00
problem67 3.27 535727 5 -61271880 6.95335e-310 0.00
problem68 1.45 577223 5 -61271880 6.95335e-310 0.00
problem69 5.04 467013 5 -61271880 6.95335e-310 0.00
problem70 1.77 498042 5 -61271880 6.95335e-310 0.00
problem71 2.99 518945 5 -61271880 6.95335e-310 0.00
problem72 4.25 514910 5 -61271880 6.95335e-310 0.00
problem73 1.45 554007 5 -61271880 6.95335e-310 0.00
problem74 1.63 512668 5 -61271880 6.95335e-310 0.00
problem75 7.57 545618 5 -61271880 6.95335e-310 0.00
problem76 5.43 562186 5 -61271880 6.95335e-310 0.00
problem77 1.52 559016 5 -61271880 6.95335e-310 0.00
problem78 4.8 584488 5 -61271880 6.95335e-310 0.00
problem79 1.46 601070 5 -61271880 6.95335e-310 0.00
problem80 2.76 495478 5 -61271880 6.95335e-310 0.00
problem81 2.82 601167 5 -61271880 6.95335e-310 0.00
problem82 2.81 503582 5 -61271880 6.95335e-310 0.00
problem83 1.96 523167 5 -61271880 6.95335e-310 0.00
problem84 5.25 489890 5 -61271880 6.95335e-310 0.00
problem85 2.94 521056 5 -61271880 6.95335e-310 0.00
problem86 5.13 546090 5 -61271880 6.95335e-310 0.00
problem87 2.63 635835 5 -61271880 6.95335e-310 0.00
problem88 4.18 529379 5 -61271880 6.95335e-310 0.00
problem89 3.39 536113 5 -61271880 6.95335e-310 0.00
problem90 2.25 622241 5 -61271880 6.95335e-310 0.00
problem91 1.02 525719 5 -61271880 6.95335e-310 0.00
problem92 4.35 537828 5 -61271880 6.95335e-310 0.00
problem93 5.51 497859 5 -61271880 6.95335e-310 0.00
problem94 1.48 560344 5 -61271880 6.95335e-310 0.00
problem95 5.37 593203 5 -61271880 6.95335e-310 0.00
problem96 2.99 422736 5 -61271880 6.95335e-310 0.00
problem97 4.42 547263 5 -61271880 6.95335e-310 0.00
problem98 3.57 543694 5 -61271880 6.95335e-310 0.00
problem99 6.19 566927 5 -61271880 6.95335e-310 0.00
