problem0 1.09 27248451382 1
problem1 0.09 24510145796 1
problem2 0.25 23418118434 1
problem3 0.89 23338808080 1
problem4 0.32 25015938638 1
problem5 1.82 25116539484 1
problem6 1.93 27616375482 1
problem7 1.32 25207441128 1
problem8 0.22 24961981030 1
problem9 1.06 20642669748 1
problem10 0.3 27106644306 1
problem11 1.17 23970815936 1
problem12 1.55 24120968062 1
problem13 0.01 26663388172 1
problem14 0.46 29241957610 1
problem15 0.73 21798395288 1
problem16 2.16 23964076438 1
problem17 1.16 25020069988 1
problem18 0.26 23779456386 1
problem19 1.31 22035357808 1
problem20 0.7 26934774958 1
problem21 0.87 27532091836 1
problem22 0.28 27331623706 1
problem23 0.9 25939429448 1
problem24 0.1 24662830278 1
problem25 0.39 27233853460 1
problem26 1.93 27154222514 1
