problem0 0 674250687013223 0 2208.00
problem1 0.00 754465613633419 0 2264.00
problem2 0.00 850343761462048 0 2264.00
problem3 0.00 797130604178718 0 2264.00
problem4 0.00 762545004883678 0 2264.00
problem5 0.00 635461376183744 0 2264.00
problem6 0.00 634620628774840 0 2264.00
problem7 0.00 630897224515467 0 2264.00
problem8 0.00 719607245336051 0 2264.00
problem9 0.00 776188889447462 0 2264.00
problem10 0.00 697814050820163 0 2264.00
problem11 0.00 537565151624161 0 2264.00
problem12 0.00 722413960319771 0 2264.00
problem13 0.00 622441791385124 0 2264.00
problem14 0.00 805294010151675 0 2264.00
problem15 0.00 738329705909614 0 2264.00
problem16 0.00 567844734780146 0 2264.00
problem17 0.00 753904593398409 0 2264.00
problem18 0.00 644276133320897 0 2264.00
problem19 0.00 738551468480480 0 2264.00
problem20 0.00 781322578271440 0 2264.00
problem21 0.00 715180508766853 0 2264.00
problem22 0.00 798230327915645 0 2264.00
problem23 0.00 813202556755047 0 2264.00
problem24 0.00 632915596988332 0 2264.00
problem25 0.00 583888314148885 0 2264.00
problem26 0.00 592475885737236 0 2264.00
problem27 0.00 701575822509016 0 2264.00
problem28 0.00 341855210581024 0 2264.00
problem29 0.00 644128628010940 0 2264.00
problem30 0.00 584478866777144 0 2264.00
problem31 0.00 645984530048823 0 2264.00
problem32 0.00 817421225044735 0 2264.00
problem33 0.00 640863449615193 0 2264.00
problem34 0.00 795026159407977 0 2264.00
problem35 0.00 690865459658162 0 2264.00
problem36 0.00 758078881641322 0 2264.00
problem37 0.00 583336369518344 0 2264.00
problem38 0.00 694604424898136 0 2264.00
problem39 0.00 562240388454899 0 2264.00
problem40 0.00 712015504482351 0 2264.00
problem41 0.00 562059756218830 0 2264.00
problem42 0.00 696470509167085 0 2264.00
problem43 0.00 758685356249030 0 2264.00
problem44 0.00 973066070877995 0 2264.00
problem45 0.00 632700230988162 0 2264.00
problem46 0.00 685832326718715 0 2264.00
problem47 0.00 910925637746711 0 2264.00
problem48 0.00 663426929416444 0 2264.00
problem49 0.00 483186880621359 0 2264.00
problem50 0.00 755018894104731 0 2264.00
problem51 0.00 826270320069169 0 2264.00
problem52 0.00 710078159485373 0 2264.00
problem53 0.00 570696522044386 0 2264.00
problem54 0.00 659203379150615 0 2264.00
problem55 0.00 767627777319199 0 2264.00
problem56 0.00 685245604723926 0 2264.00
problem57 0.00 715295315694859 0 2264.00
problem58 0.00 699665195707688 0 2264.00
problem59 0.00 824131670560552 0 2264.00
problem60 0.00 591707173233503 0 2264.00
problem61 0.00 792380746503609 0 2264.00
problem62 0.00 619514577020619 0 2264.00
problem63 0.00 708217702809650 0 2264.00
problem64 0.00 729879105916976 0 2264.00
problem65 0.00 706960942791829 0 2264.00
problem66 0.00 696620290438519 0 2264.00
problem67 0.00 469525369433450 0 2264.00
problem68 0.00 735093783206442 0 2264.00
problem69 0.00 492018410534219 0 2264.00
problem70 0.00 774227810429866 0 2264.00
problem71 0.00 645667812733944 0 2264.00
problem72 0.00 844004781918601 0 2264.00
problem73 0.00 810216747294879 0 2264.00
problem74 0.00 710332959298380 0 2264.00
problem75 0.00 792151063794022 0 2264.00
problem76 0.00 708343094824623 0 2264.00
problem77 0.00 760530660644866 0 2264.00
problem78 0.00 730669178662121 0 2264.00
problem79 0.01 611379308118078 0 2264.00
problem80 0.00 714842761163227 0 2264.00
problem81 0.00 587432166652285 0 2264.00
problem82 0.00 733141488133954 0 2264.00
problem83 0.00 934135936514661 0 2264.00
problem84 0.00 707396326443022 0 2264.00
problem85 0.00 705433027316142 0 2264.00
problem86 0.00 547012122382871 0 2264.00
problem87 0.00 681090907905799 0 2264.00
problem88 0.00 648028903403224 0 2264.00
problem89 0.00 836722334445461 0 2264.00
problem90 0.00 476147328989421 0 2264.00
problem91 0.00 779642330242903 0 2264.00
problem92 0.00 786768772703504 0 2264.00
problem93 0.00 737400958492191 0 2264.00
problem94 0.00 681543341195267 0 2264.00
problem95 0.00 678673095434272 0 2264.00
problem96 0.00 740076056206479 0 2264.00
problem97 0.00 610207327264515 0 2264.00
problem98 0.00 843516985918093 0 2264.00
problem99 0.00 758721865530785 0 2264.00
