problem0 0 34465954 1
problem1 0 34614795 1
problem2 0 34548515 1
problem3 0.01 37073984 1
problem4 0 35144604 1
problem5 0 34831053 1
problem6 0 35598925 1
problem7 0.01 35122930 1
problem8 0 32798070 1
problem9 0 34247663 1
problem10 0 37427543 1
problem11 0 34558724 1
problem12 0 35670064 1
problem13 0.01 34556785 1
problem14 0 30825025 1
problem15 0 34284150 1
problem16 0 32990666 1
problem17 0 34263891 1
problem18 0 36917003 1
problem19 0 35585864 1
problem20 0 33380420 1
problem21 0 38256021 1
problem22 0 34419125 1
problem23 0.01 35974010 1
problem24 0 32999838 1
problem25 0 33815607 1
problem26 0 32644159 1
problem27 0 36653324 1
problem28 0 35079128 1
problem29 0 32694585 1
problem30 0 36505769 1
problem31 0 38459902 1
problem32 0 33796338 1
problem33 0 34545307 1
problem34 0 37736691 1
problem35 0.01 34652240 1
problem36 0 33807084 1
problem37 0 30197341 1
problem38 0 33369885 1
problem39 0 34110978 1
problem40 0 35171270 1
problem41 0.01 35342975 1
problem42 0 37928231 1
problem43 0 35255572 1
problem44 0 36105600 1
problem45 0 34045185 1
problem46 0 38991121 1
problem47 0 31418246 1
problem48 0.01 35736090 1
problem49 0 32346083 1
problem50 0 35598555 1
problem51 0 36140888 1
problem52 0 32656276 1
problem53 0.01 37426469 1
problem54 0 33663621 1
problem55 0 36120202 1
problem56 0 36068334 1
problem57 0 32571079 1
problem58 0 37190671 1
problem59 0 34330396 1
problem60 0 33932584 1
problem61 0.01 36019913 1
problem62 0 32153465 1
problem63 0 30231310 1
problem64 0 31371586 1
problem65 0 36087595 1
problem66 0 32239299 1
problem67 0 41919584 1
problem68 0 35596860 1
problem69 0 34286061 1
problem70 0 35464173 1
problem71 0 29713682 1
problem72 0.01 37689878 1
problem73 0 34969871 1
problem74 0 37411063 1
problem75 0 38891300 1
problem76 0 38423248 1
problem77 0 31835793 1
problem78 0 31885281 1
problem79 0 35194006 1
problem80 0 34236010 1
problem81 0 34268275 1
problem82 0.01 35687083 1
problem83 0 39176040 1
problem84 0 29423332 1
problem85 0 30770357 1
problem86 0 34741077 1
problem87 0 35109274 1
problem88 0 35743294 1
problem89 0 33134935 1
problem90 0 34034655 1
problem91 0 32980268 1
problem92 0 37420664 1
problem93 0 35681369 1
problem94 0 33107529 1
problem95 0.01 35066910 1
problem96 0 29550994 1
problem97 0 35309499 1
problem98 0 35095699 1
problem99 0 36069488 1
