problem0 0.34 728431302476 1
problem1 0.1 623684880076 1
problem2 0.28 608119215692 1
problem3 0.21 722934433228 1
problem4 0.14 776697779532 1
problem5 0.09 703973393612 1
problem6 0.75 734973514828 1
problem7 0.04 671856493516 1
problem8 0.12 762752635724 1
problem9 0.03 737544045260 1
problem10 0.43 664710599244 1
problem11 1.59 743024034252 1
problem12 0.18 646565433676 1
problem13 0.44 622089371852 1
problem14 0.15 662242709580 1
problem15 0.03 623676194764 1
problem16 0.16 568494362444 1
problem17 0.46 659028836044 1
problem18 0.5 623114899020 1
problem19 0.44 714016685516 1
problem20 0.01 711847284044 1
problem21 0.51 711695236300 1
problem22 0.04 726340062284 1
problem23 0 632565169100 1
problem24 0.52 632866835276 1
problem25 0.17 634831436492 1
problem26 0.02 730024299084 1
problem27 0.14 693626010060 1
problem28 0 703839439180 1
problem29 0.02 704087095500 1
problem30 1.05 624201943116 1
problem31 0.21 687517562828 1
problem32 0.11 635626555212 1
problem33 0.12 688305731276 1
problem34 0.05 733914777164 1
problem35 0.16 653666285004 1
problem36 0.04 714615260492 1
problem37 0.13 656978572492 1
problem38 0.01 705599751244 1
problem39 0.1 640088568780 1
problem40 0.26 720386491212 1
problem41 0.06 722546520780 1
problem42 0.07 709679825484 1
problem43 0.16 651851133388 1
problem44 0.26 595729940812 1
problem45 0.38 645263159500 1
problem46 0.07 615930249292 1
problem47 0.08 599531417548 1
problem48 0.22 721521966924 1
problem49 0.82 726547951308 1
problem50 2.11 680673328716 1
problem51 0.05 694354570700 1
problem52 0.07 679775010124 1
problem53 0.08 657935002828 1
problem54 0 670605098060 1
problem55 0.04 760998685644 1
problem56 0.15 748286212940 1
problem57 0.02 689304169164 1
problem58 0.14 687429040716 1
problem59 0.02 735811004876 1
problem60 0.45 698046576972 1
problem61 0.72 615268772044 1
problem62 0.05 738359359564 1
problem63 0.11 649628051404 1
problem64 0.08 669414291276 1
problem65 0.69 720068404940 1
problem66 0.1 718941107788 1
problem67 1.34 679315236300 1
problem68 1.24 725438133580 1
problem69 0.03 660877436108 1
problem70 0.11 773827441740 1
problem71 0.02 683910390732 1
problem72 0.11 645699040076 1
problem73 3.55 670395851468 1
problem74 0.2 712664068684 1
problem75 0.32 702839972300 1
problem76 0 665044480332 1
problem77 0.09 629136318668 1
problem78 1.74 714463883340 1
problem79 0 629501550540 1
problem80 0.6 683314474828 1
problem81 0.03 615180000972 1
problem82 0.19 674771938892 1
problem83 0.03 692300144076 1
problem84 0.06 729198062924 1
problem85 0.28 680838257868 1
problem86 0.9 652342045772 1
problem87 0.15 681554107340 1
problem88 0.22 633815788364 1
problem89 0.8 680853953228 1
problem90 0.48 697338079820 1
problem91 0.24 671049636300 1
problem92 0.03 717914466636 1
problem93 0.09 719078054092 1
problem94 0.3 696715159628 1
problem95 0.16 743162861516 1
problem96 0.05 623636080460 1
problem97 0.71 718972901068 1
problem98 0.43 717817030220 1
problem99 0.14 799881287116 1
