problem0 1.29 653069543057924 4494 1 0.55
problem1 1 535237714596420 4492 1 0.33
problem2 2.94 590578257770975 11749 2 1.26
problem3 0.61 629765030771100 3552 1 0.49
problem4 0.47 675468917460321 458 1 0.23
problem5 0.5 609813200534898 1126 1 0.4
problem6 0.54 633048941656679 891 1 0.33
problem7 0.55 645780659410080 1217 1 0.38
problem8 1.17 658692331800104 2285 1 0.46
problem9 3.13 456659726316900 13328 2 1.96
problem10 1.31 587436215434846 7232 1 0.7
problem11 1.03 614455486410067 2927 1 0.48
problem12 0.47 745278371665623 624 1 0.38
problem13 0.7 627610288207649 1611 1 0.54
problem14 1.04 588848750561276 3265 1 0.6
problem15 0.56 761487987635143 436 1 0.3
problem16 0.8 646829098036580 3065 1 0.52
problem17 0.94 647828371018508 2829 1 0.43
problem18 0.65 602051117314214 1899 1 0.53
problem19 0.76 620248068513845 3164 1 0.46
problem20 1.12 598849517368775 1399 1 0.38
problem21 3.45 571994977885994 14554 2 2.41
problem22 0.73 647210801624328 1533 1 0.47
problem23 0.61 718789453934992 1010 1 0.46
problem24 0.85 724177709183782 923 1 0.38
problem25 1.01 710395954850433 1312 1 0.38
problem26 0.85 577565531698037 1679 1 0.58
problem27 1.1 582758827641854 6861 1 0.82
problem28 0.62 645678221378674 1054 1 0.43
problem29 1.82 622419692660471 3702 1 0.57
problem30 1.32 629869140575859 5391 1 0.63
problem31 0.91 682620968432347 1246 1 0.45
problem32 0.6 687800758578389 1238 1 0.42
problem33 0.99 649418795894180 1478 1 0.45
problem34 0.86 446735078689469 3273 1 0.71
problem35 0.78 618049363449016 2307 1 0.42
problem36 0.6 653799349308271 1557 1 0.52
problem37 0.88 599813744719474 3245 1 0.65
problem38 0.5 730604228431279 933 1 0.4
problem39 0.66 646547422047867 1383 1 0.47
problem40 0.55 658032834012579 1302 1 0.41
problem41 0.75 582224013064950 2441 1 0.55
problem42 0.75 576688971494916 1706 1 0.68
problem43 0.96 651691426390008 1312 1 0.39
problem44 0.96 651848543004054 1554 1 0.51
problem45 0.89 658797455459256 1938 1 0.5
problem46 1.66 587246022735702 8101 1 0.67
problem47 0.62 659208136805515 1433 1 0.48
problem48 1.43 655834822345517 2131 1 0.46
problem49 0.54 617683924339093 840 1 0.43
problem50 0.89 628637489192528 2738 1 0.48
problem51 0.92 639542814151147 3114 1 0.47
problem52 0.69 678931244960639 934 1 0.39
problem53 0.74 609828298055779 1491 1 0.56
problem54 0.64 660625334814422 2519 1 0.53
problem55 1.37 553154620216545 8001 1 0.61
problem56 0.85 626416674366295 2457 1 0.51
problem57 1.63 618906992168288 5716 1 0.63
problem58 1.15 583890816132973 6093 1 0.71
problem59 1.33 572665534787310 5876 1 0.64
problem60 0.94 624435371317341 1453 1 0.42
problem61 0.9 622157491783717 2022 1 0.49
problem62 1.2 609985153937937 5229 1 0.6
problem63 0.61 676709182966264 1033 1 0.5
problem64 1.04 525080901893345 3811 1 0.7
problem65 0.7 807420254563654 665 1 0.28
problem66 0.66 583000746571357 2257 1 0.48
problem67 0.8 534730655688870 2492 1 0.57
problem68 0.6 625861798573693 1338 1 0.39
problem69 0.97 659212791273672 2686 1 0.47
problem70 0.64 703067994529823 1570 1 0.54
problem71 1.16 591490128009898 5696 1 0.9
problem72 0.84 594760189725652 2805 1 0.55
problem73 1.75 548354249351863 5319 1 0.62
problem74 0.83 703250420404011 1730 1 0.51
problem75 0.64 618120337515654 1793 1 0.47
problem76 0.84 755900675457374 1069 1 0.38
problem77 0.55 695206362429749 623 1 0.36
problem78 1.18 598632927983333 4305 1 0.61
problem79 1.19 485316420917848 5100 1 0.63
problem80 0.91 658193820113658 1923 1 0.48
problem81 0.94 636313693394012 2140 1 0.49
problem82 0.83 664468139004524 2748 1 0.5
problem83 0.48 646098007449555 769 1 0.32
problem84 1.5 673794229520423 2501 1 0.49
problem85 0.72 708084126095460 1950 1 0.43
problem86 0.46 682727705133035 475 1 0.35
problem87 2.02 582236703241558 4659 1 0.55
problem88 0.61 648312053204467 1277 1 0.48
problem89 0.79 602848117692198 2880 1 0.53
problem90 1.32 584189870233043 5820 1 0.68
problem91 0.76 645539889965729 1667 1 0.55
problem92 0.7 643959997487105 1577 1 0.5
problem93 0.65 630777476246459 1560 1 0.49
problem94 1.46 510743392449249 10290 1 0.75
problem95 1.08 571378177498088 3313 1 0.67
problem96 0.94 634951518112335 1770 1 0.44
problem97 0.62 688993233442603 1510 1 0.44
problem98 0.78 629899044275881 1566 1 0.4
problem99 1.11 616634011977037 5388 1 0.73
