problem0 0.46 832178736351736 1508 1 0.42
problem1 0.19 842173714511066 1203 1 0.15
problem2 0.12 975135091559524 403 1 0.11
problem3 0.15 782248586073692 458 1 0.15
problem4 0.21 784600852816744 1416 1 0.18
problem5 0.12 863935439029521 501 1 0.12
problem6 0.37 778312341696379 1547 2 0.34
problem7 0.17 734700402841673 1030 1 0.16
problem8 0.18 841517656081733 793 1 0.16
problem9 0.41 849208973239766 1573 2 0.37
problem10 0.18 816727315001658 1284 1 0.17
problem11 0.14 915497534586716 650 1 0.12
problem12 0.16 872567467955214 594 1 0.15
problem13 0.11 877719444334653 442 1 0.1
problem14 0.2 866454988724988 1565 1 0.18
problem15 0.14 909069662347039 651 1 0.11
problem16 0.11 884471406794092 393 1 0.11
problem17 0.17 823357791413960 1074 1 0.15
problem18 0.15 804679066447792 699 1 0.14
problem19 0.13 829721662536682 512 1 0.12
problem20 0.12 900295924061719 589 1 0.11
problem21 0.17 874923912732047 757 1 0.16
problem22 0.12 961608974159709 476 1 0.11
problem23 0.12 933693511609383 441 1 0.11
problem24 0.38 775369810343528 1832 2 0.33
problem25 0.15 911359667459268 644 1 0.13
problem26 0.19 796305833505702 1069 1 0.16
problem27 0.19 806641382397643 1207 1 0.18
problem28 0.19 800003888221789 1036 1 0.17
problem29 0.11 929988811209799 277 1 0.1
problem30 0.2 818559365728410 1453 1 0.18
problem31 0.13 896813341775067 388 1 0.12
problem32 0.18 858349233600133 914 1 0.16
problem33 0.15 865926812483886 578 1 0.14
problem34 0.12 984353469939455 381 1 0.11
problem35 0.16 842078358523789 590 1 0.15
problem36 0.48 825622099485352 2134 2 0.45
problem37 0.16 719402254476026 731 1 0.15
problem38 0.19 854082293490908 1346 1 0.15
problem39 0.16 902917273172190 677 1 0.15
problem40 0.58 802185248376435 3244 2 0.54
problem41 0.15 847937872650554 316 1 0.15
problem42 0.2 793764306903300 716 1 0.19
problem43 0.19 910786228472942 731 1 0.18
problem44 0.22 744947576813183 1083 1 0.2
problem45 0.18 852329583112725 420 1 0.17
problem46 0.17 941118920825126 494 1 0.16
problem47 0.19 871211351373543 432 1 0.18
problem48 0.18 852178075701675 480 1 0.18
problem49 0.19 868466142408786 658 1 0.18
problem50 0.24 811596866708954 1222 1 0.22
problem51 0.18 819060654492822 534 1 0.17
problem52 0.25 836691414972847 1822 1 0.23
problem53 0.18 843582865511760 597 1 0.16
problem54 0.2 787780611833199 824 1 0.19
problem55 0.18 844014605253141 538 1 0.17
problem56 0.3 611588917341886 3222 1 0.24
problem57 0.25 826891265311401 618 1 0.23
problem58 0.18 851837294113563 706 1 0.16
problem59 0.21 861860117730872 825 1 0.2
problem60 0.26 739248373922594 1152 1 0.24
problem61 0.26 761415359126452 1144 1 0.24
problem62 0.15 936659250059224 357 1 0.14
problem63 0.19 852647164887952 480 1 0.18
problem64 0.14 916498189504680 315 1 0.13
problem65 0.22 739818484772149 1199 1 0.2
problem66 0.25 783386307044190 1637 1 0.24
problem67 0.16 941049576665944 322 1 0.15
problem68 0.22 800436014586477 1098 1 0.2
problem69 0.22 774476000947475 806 1 0.21
problem70 0.23 847764723682558 1180 1 0.2
problem71 0.16 948392424911699 387 1 0.15
problem72 0.17 905441062672231 543 1 0.16
problem73 0.21 832941709035636 682 1 0.21
problem74 0.18 894739755048501 519 1 0.16
problem75 0.2 842776932948035 746 1 0.19
problem76 0.24 834789107697305 950 1 0.23
problem77 0.26 728821107517558 1938 1 0.23
problem78 0.18 865084632380674 417 1 0.16
problem79 0.22 767546842140671 1262 1 0.2
problem80 0.18 981594263026677 637 1 0.15
problem81 0.27 789407840000464 1564 1 0.25
problem82 0.21 879188504587362 966 1 0.19
problem83 0.67 603288582328769 3496 2 0.64
problem84 0.22 704621416903174 1003 1 0.2
problem85 0.2 831878067083224 602 1 0.19
problem86 0.16 877284833062569 240 1 0.15
problem87 0.24 758348845218429 1138 1 0.23
problem88 0.2 883149576553635 544 1 0.19
problem89 0.2 795252856127586 642 1 0.17
problem90 0.19 906731917560692 543 1 0.19
problem91 0.27 744416924903794 1544 1 0.24
problem92 0.21 879165307149932 627 1 0.2
problem93 0.24 818509146642601 1300 1 0.23
problem94 0.14 913166034974585 209 1 0.13
problem95 0.2 925191928465404 815 1 0.17
problem96 0.22 817286890058113 919 1 0.21
problem97 0.22 906350280525079 981 1 0.2
problem98 0.2 951323740803554 595 1 0.17
problem99 0.16 957221135614565 377 1 0.15
