problem0 0.01 3603228195 1
problem1 0.01 3841435995 1
problem2 0.01 3236666387 1
problem3 0.04 3283187275 1
problem4 0.19 3575738371 1
problem5 0.05 3390259515 1
problem6 0.03 3524665843 1
problem7 0 3299396139 1
problem8 0.04 2851172835 1
problem9 0.03 3807760667 1
problem10 0.03 3243450323 1
problem11 0.12 3530954251 1
problem12 0 3260214211 1
problem13 0.16 3114096891 1
problem14 0.06 3414201779 1
problem15 0.12 3201784299 1
problem16 0.39 3068386723 1
problem17 0.08 3213351131 1
problem18 0.08 3640427411 1
problem19 0.05 3070924235 1
problem20 0.07 3485616003 1
problem21 0.01 3316863163 1
problem22 0.05 3584354675 1
problem23 0.21 3285043627 1
problem24 0.01 3498846563 1
problem25 0.02 3231563931 1
problem26 0 3235366739 1
problem27 0.09 3311334795 1
problem28 0.03 3495920451 1
problem29 0.05 3427084411 1
problem30 0.31 3513982259 1
problem31 0.03 3413907819 1
problem32 0.04 3386529059 1
problem33 0.09 3425142875 1
problem34 0.01 3251956499 1
problem35 0.01 3244504395 1
problem36 0.06 3206192899 1
problem37 0.06 3343048763 1
problem38 0.05 3487248627 1
problem39 0.51 3386001707 1
problem40 0.12 3317588195 1
problem41 0.05 3558158363 1
problem42 0.01 3437489875 1
problem43 0.06 3406255371 1
problem44 0.05 3336805059 1
problem45 0 3365697531 1
problem46 0.05 3452773555 1
problem47 0.01 3670038763 1
problem48 0.23 3475524771 1
problem49 0.01 3327571931 1
problem50 0.03 3405042323 1
problem51 0.06 2990232779 1
problem52 0.03 3333060227 1
problem53 0.01 3326209979 1
problem54 0.16 3224959091 1
problem55 0.06 3258337451 1
problem56 0.19 3506968675 1
problem57 0.06 3235651483 1
problem58 0.08 2969015891 1
problem59 0.01 3203347595 1
problem60 0.01 3646894659 1
problem61 0.01 3592636283 1
problem62 0.03 3087969331 1
problem63 0.1 3223591019 1
problem64 0.06 3192767523 1
problem65 0.07 3583338331 1
problem66 0.11 3285989907 1
problem67 0 3507680331 1
problem68 0.03 3589393923 1
problem69 0.03 3392175931 1
problem70 0.05 3393077235 1
problem71 0.04 2826553387 1
problem72 0.05 3253293027 1
problem73 0.1 3396505371 1
problem74 0.17 3700604371 1
problem75 0 3298202635 1
problem76 0.01 3411167683 1
problem77 0.02 3361314555 1
problem78 0.05 2948051891 1
problem79 0.01 3139917803 1
problem80 0.04 3536501667 1
problem81 0.05 3378747099 1
problem82 0.09 3087737235 1
problem83 0.04 3379172299 1
problem84 0.07 3765478787 1
problem85 0.11 2928578235 1
problem86 0.03 3781887859 1
problem87 0.01 3021785003 1
problem88 0.41 3487696739 1
problem89 0.02 3025698459 1
problem90 0.01 3207947603 1
problem91 0.04 3078452107 1
problem92 0.22 3292324163 1
problem93 0.26 3602867835 1
problem94 0.02 3293068083 1
problem95 0 3209303915 1
problem96 0.02 3021943587 1
problem97 0.04 3443607131 1
problem98 0.05 3607202067 1
problem99 0.08 3401626443 1
