problem0 0.06 2076064209 1
problem1 0.17 2084497262 1
problem2 0.01 2278401682 1
problem3 0.41 2263502739 1
problem4 0.24 2154380587 1
problem5 0.05 2240166384 1
problem6 0 2140943324 1
problem7 0 1759448517 1
problem8 0.04 2112571109 1
problem9 0.16 2226327634 1
problem10 0 2118633606 1
problem11 0.01 1989653719 1
problem12 0.05 2189963519 1
problem13 0.14 2106223764 1
problem14 0 2206871184 1
problem15 0.04 2002843337 1
problem16 0.01 2189571449 1
problem17 0.29 2234331318 1
problem18 0.01 2153549818 1
problem19 0.08 2290640283 1
problem20 0.18 2356407891 1
problem21 0.09 1973034680 1
problem22 0.06 2302768836 1
problem23 0.04 1955492685 1
problem24 0.03 2282378637 1
problem25 0.61 2031081626 1
problem26 0.29 2213465326 1
problem27 0.02 2335732191 1
problem28 0.14 2032059687 1
problem29 0 2404311132 1
problem30 0.01 2052578424 1
problem31 0.06 2088932177 1
problem32 0.14 2167469857 1
problem33 0.08 2126223358 1
problem34 0.01 2232897378 1
problem35 0 2222057891 1
problem36 0.1 2235630971 1
problem37 0.02 2137014656 1
problem38 0.03 2067345324 1
problem39 0.33 2110154453 1
problem40 0.08 2181655093 1
problem41 0.03 2244935394 1
problem42 0.03 1969547094 1
problem43 0.05 2240601319 1
problem44 0.05 2224619343 1
problem45 0.97 2615398948 1
problem46 0.04 2187804768 1
problem47 0.03 2039545305 1
problem48 0.05 1900871369 1
problem49 0.02 2103876934 1
problem50 0 2199676106 1
problem51 0.1 2209307563 1
problem52 0.04 1865089699 1
problem53 0.02 1988960840 1
problem54 0.16 2277105300 1
problem55 0.42 1879533661 1
problem56 0.18 2040202461 1
problem57 0.09 2254242602 1
problem58 0.08 2289604542 1
problem59 0.1 2148365807 1
problem60 0 2122407799 1
problem61 0.02 1995293164 1
problem62 0.01 2006899272 1
problem63 0.04 2155656801 1
problem64 0.01 1924713585 1
problem65 0.02 2240462990 1
problem66 0.31 2196394034 1
problem67 0.04 2284403635 1
problem68 0.25 2330748363 1
problem69 0.13 2092253456 1
problem70 0.02 2186937212 1
problem71 0.01 1840379877 1
problem72 0.15 2060559749 1
problem73 0.03 2181457266 1
problem74 0.37 2119720486 1
problem75 0.12 2182266103 1
problem76 0.05 2361550239 1
problem77 0.33 2112958388 1
problem78 0.03 2135239216 1
problem79 0.11 1779842281 1
problem80 0.02 1941364761 1
problem81 0.1 1935966678 1
problem82 0 2355073434 1
problem83 0.15 2024278459 1
problem84 0 2107617011 1
problem85 0.02 2035097048 1
problem86 0.1 2148540004 1
problem87 0.04 2215023981 1
problem88 0.08 2149567533 1
problem89 0.03 1945609658 1
problem90 0.37 2073213582 1
problem91 0.09 2211787263 1
problem92 0.1 2175177159 1
problem93 0.03 2152897404 1
problem94 0 1946202136 1
problem95 0.04 2047742321 1
problem96 0.02 2162801089 1
problem97 0.25 2131779870 1
problem98 0.1 2126162178 1
problem99 0 2027177411 1
