problem0 0 15589353 1 2232.00
problem1 0.00 14680806 1 2288.00
problem2 0.00 18098474 1 2288.00
problem3 0.00 17068811 1 2288.00
problem4 0.00 14804803 1 2288.00
problem5 0.00 13566056 1 2288.00
problem6 0.00 16367732 1 2288.00
problem7 0.00 14590525 1 2288.00
problem8 0.00 16261373 1 2288.00
problem9 0.00 18247114 1 2288.00
problem10 0.00 16141086 1 2288.00
problem11 0.00 17491535 1 2288.00
problem12 0.00 14870295 1 2288.00
problem13 0.00 17485068 1 2288.00
problem14 0.00 17044264 1 2288.00
problem15 0.00 18313537 1 2288.00
problem16 0.00 17232785 1 2288.00
problem17 0.00 15761454 1 2288.00
problem18 0.00 16827026 1 2288.00
problem19 0.00 15160595 1 2288.00
problem20 0.00 19226731 1 2288.00
problem21 0.00 17680688 1 2288.00
problem22 0.00 16212828 1 2288.00
problem23 0.00 18121669 1 2288.00
problem24 0.00 15050661 1 2288.00
problem25 0.01 13421074 1 2288.00
problem26 0.00 16408454 1 2288.00
problem27 0.00 16895831 1 2288.00
problem28 0.00 16753471 1 2288.00
problem29 0.00 15566036 1 2288.00
problem30 0.00 17662224 1 2288.00
problem31 0.00 15526345 1 2288.00
problem32 0.00 16092473 1 2288.00
problem33 0.00 16243574 1 2288.00
problem34 0.00 16773626 1 2288.00
problem35 0.00 15754523 1 2288.00
problem36 0.00 15597459 1 2288.00
problem37 0.00 17666040 1 2288.00
problem38 0.00 16137284 1 2288.00
problem39 0.00 17150797 1 2288.00
problem40 0.00 15594573 1 2288.00
problem41 0.00 15483994 1 2288.00
problem42 0.00 16009710 1 2288.00
problem43 0.00 17245791 1 2288.00
problem44 0.00 14861671 1 2288.00
problem45 0.00 15694492 1 2288.00
problem46 0.00 17261816 1 2288.00
problem47 0.00 16904273 1 2288.00
problem48 0.00 18623713 1 2288.00
problem49 0.00 19043518 1 2288.00
problem50 0.00 15742818 1 2288.00
problem51 0.00 20456227 1 2288.00
problem52 0.00 18236603 1 2288.00
problem53 0.00 15914176 1 2288.00
problem54 0.01 14469932 1 2288.00
problem55 0.00 15904981 1 2288.00
problem56 0.00 13862645 1 2288.00
problem57 0.00 15817890 1 2288.00
problem58 0.00 14846550 1 2288.00
problem59 0.00 17001319 1 2288.00
problem60 0.00 17223055 1 2288.00
problem61 0.00 17116772 1 2288.00
problem62 0.00 15220448 1 2288.00
problem63 0.00 16188633 1 2288.00
problem64 0.00 18698889 1 2288.00
problem65 0.00 13446150 1 2288.00
problem66 0.00 17830602 1 2288.00
problem67 0.00 13045547 1 2288.00
problem68 0.00 15249379 1 2288.00
problem69 0.00 14817160 1 2288.00
problem70 0.00 13733908 1 2288.00
problem71 0.00 14416989 1 2288.00
problem72 0.00 16310173 1 2288.00
problem73 0.00 17339114 1 2288.00
problem74 0.00 19112126 1 2288.00
problem75 0.00 15670895 1 2288.00
problem76 0.00 15088567 1 2288.00
problem77 0.00 19079212 1 2288.00
problem78 0.01 15109832 1 2288.00
problem79 0.00 16557921 1 2288.00
problem80 0.00 15433265 1 2288.00
problem81 0.00 17047886 1 2288.00
problem82 0.00 17695794 1 2288.00
problem83 0.00 18196787 1 2288.00
problem84 0.00 15712523 1 2288.00
problem85 0.00 14669904 1 2288.00
problem86 0.00 17500924 1 2288.00
problem87 0.00 15865317 1 2288.00
problem88 0.00 17858117 1 2288.00
problem89 0.00 16672562 1 2288.00
problem90 0.00 19270950 1 2288.00
problem91 0.00 14860151 1 2288.00
problem92 0.00 13340639 1 2288.00
problem93 0.00 18730996 1 2288.00
problem94 0.00 17355952 1 2288.00
problem95 0.00 13850601 1 2288.00
problem96 0.00 14233561 1 2288.00
problem97 0.00 14939286 1 2288.00
problem98 0.00 14191514 1 2288.00
problem99 0.00 14446907 1 2288.00
