problem0 0 36451163 1
problem1 0 36158976 1
problem2 0 40861500 1
problem3 0 38568293 1
problem4 0 40679477 1
problem5 0 37332546 1
problem6 0 37066886 1
problem7 0.01 37343191 1
problem8 0 36261999 1
problem9 0 37416804 1
problem10 0 33003056 1
problem11 0 39687209 1
problem12 0 37565961 1
problem13 0 34847590 1
problem14 0.01 34480698 1
problem15 0 35856475 1
problem16 0 36766467 1
problem17 0 35589192 1
problem18 0 33572516 1
problem19 0 39691885 1
problem20 0 35959133 1
problem21 0 40682506 1
problem22 0 37580142 1
problem23 0 34224223 1
problem24 0 37329687 1
problem25 0 33793196 1
problem26 0 40329368 1
problem27 0 35768369 1
problem28 0 34372145 1
problem29 0 37965870 1
problem30 0 34359842 1
problem31 0.01 36382691 1
problem32 0 36661419 1
problem33 0 36063376 1
problem34 0 34649100 1
problem35 0 39651701 1
problem36 0 32759941 1
problem37 0 36958162 1
problem38 0.01 37324886 1
problem39 0 35651303 1
problem40 0 34913215 1
problem41 0 38963188 1
problem42 0 43389184 1
problem43 0 38828601 1
problem44 0 36713561 1
problem45 0 38351606 1
problem46 0 39450634 1
problem47 0 34655595 1
problem48 0 36824147 1
problem49 0 38925016 1
problem50 0 36128628 1
problem51 0.01 38480509 1
problem52 0 37537197 1
problem53 0 40610202 1
problem54 0 29911358 1
problem55 0 35890031 1
problem56 0 33895015 1
problem57 0 38541628 1
problem58 0 34219880 1
problem59 0 38414913 1
problem60 0 39511169 1
problem61 0.01 37872574 1
problem62 0 36023282 1
problem63 0 36475123 1
problem64 0 36894203 1
problem65 0 37128992 1
problem66 0 36339932 1
problem67 0 39356805 1
problem68 0 36823253 1
problem69 0 34632034 1
problem70 0 36212774 1
problem71 0 34448887 1
problem72 0 38108943 1
problem73 0 33872004 1
problem74 0 32121808 1
problem75 0.01 35608649 1
problem76 0 36637353 1
problem77 0 38396550 1
problem78 0 36562394 1
problem79 0 37155451 1
problem80 0 37559715 1
problem81 0 36213096 1
problem82 0 35708996 1
problem83 0.01 38119053 1
problem84 0 37073405 1
problem85 0 36620074 1
problem86 0 33062158 1
problem87 0 36079231 1
problem88 0 36708791 1
problem89 0 34686412 1
problem90 0 39618104 1
problem91 0 37782609 1
problem92 0 39790289 1
problem93 0 33402702 1
problem94 0.01 39921090 1
problem95 0 37253635 1
problem96 0 38460235 1
problem97 0 40666544 1
problem98 0 36758956 1
problem99 0 38994325 1
