problem0 0.23 308163317475355 153 1 0.01 2408.00
problem1 2.76 330155214330523 439 2 0 2580.00
problem2 0.24 286555883854279 451 2 0.01 2940.00
problem3 2.77 326894162827869 510 2 0 2940.00
problem4 53824.8 390032738442059 1881 3 0.01 2836.00
problem5 1.94 381531426839286 167 1 0 2592.00
problem6 0.78 339348847946222 339 1 0 2592.00
problem7 912.96 341410765114669 1398 1 0.01 2928.00
problem8 645.85 405777790471603 372 1 0 2728.00
problem9 14.78 348874745603028 649 1 0 2928.00
problem10 0.56 279786493838224 404 1 0 2928.00
problem11 340.57 312589945194312 1352 1 0.01 3080.00
problem12 56.92 276168981422486 1753 1 0.01 3572.00
problem13 7.03 396044020497284 177 1 0 2760.00
problem14 0.13 240831757626408 285 1 0 2760.00
problem15 8957.64 319071530409163 2292 2 0 3160.00
problem16 54.63 345626675039834 1377 1 0.01 3616.00
problem17 3.77 422821293259548 180 1 0 2976.00
problem18 850.68 387284094466707 870 1 0.01 2640.00
problem19 4234.94 397009538069865 1646 1 0 2924.00
problem20 5042.03 391357728767461 1111 1 0 2924.00
problem21 0.11 306342048295984 298 1 0 3036.00
problem22 31253.6 363399532531654 2746 2 0.01 3224.00
problem23 0.02 309121030119880 366 1 0 3412.00
problem24 1671.73 388046268171494 1029 1 0.01 3036.00
problem25 74.48 305131807958162 1450 1 0.01 3704.00
problem26 3.52 334011989126458 377 1 0.01 2592.00
problem27 9.89 305208714190377 548 1 0.01 2856.00
problem28 0.15 258492944471872 529 1 0.01 3120.00
problem29 118.38 331200802871324 1790 1 0.01 3636.00
problem30 4714.33 285838880809111 1720 1 0.01 3308.00
problem31 0.99 275941549464015 529 1 0.01 3060.00
problem32 2753.39 302953367355675 2217 1 0 3388.00
problem33 12.52 328132370940980 623 1 0.01 2820.00
problem34 715.99 296303353406268 1512 1 0 3264.00
problem35 220.9 319265808316309 1750 1 0.01 3504.00
problem36 59472.3 395244489499598 2481 1 0 3240.00
problem37 1.58 292411206399891 840 1 0.01 3224.00
problem38 0.14 309613161497201 337 1 0.01 2856.00
problem39 0.05 308302125866143 223 1 0 2844.00
problem40 16.88 284719709373450 1145 1 0.01 3292.00
problem41 120.67 292575018618822 2416 1 0.02 4008.00
problem42 10717.9 363842733549978 3649 2 0.01 3716.00
problem43 27720.7 280703074623325 4403 2 0.01 4128.00
problem44 19.64 346577290600440 350 1 0 4128.00
problem45 5.56 307216221434514 1189 1 0.01 3308.00
problem46 12.04 323681062860700 513 1 0 3364.00
problem47 0.01 312269788830787 99 1 0 3364.00
problem48 42199.8 416267231071293 2510 1 0.01 3400.00
problem49 1.73 365759194293280 311 1 0 3400.00
problem50 214.4 332279759011481 1227 1 0 3400.00
problem51 0.89 293098444562393 335 1 0 3400.00
problem52 37.57 333440708552234 762 1 0.01 3400.00
problem53 2205.3 352605212917563 1078 1 0 3400.00
problem54 9467.87 351364647414191 2029 1 0.01 3400.00
problem55 425392 376513152004876 4269 1 0.01 4120.00
problem56 4.54 277739060079198 1893 1 0.02 4584.00
problem57 102.09 380421174803978 411 1 0.01 2512.00
problem58 29.51 333205438412093 816 1 0 2788.00
problem59 3969.48 389265967994350 1005 1 0 2788.00
problem60 10730.1 412301762496371 1275 1 0.01 2844.00
problem61 19588.1 420733860417464 2709 1 0.01 3224.00
problem62 54.5 347816819382346 681 1 0.01 3224.00
problem63 33426.5 416273443390575 3715 1 0.01 3456.00
problem64 3.56 304614161781273 1057 1 0.01 3456.00
problem65 1030.85 338192536095027 1174 1 0 3472.00
problem66 46 380712490833308 509 1 0 3472.00
problem67 3.31 350625515861251 436 1 0.01 3472.00
problem68 0.1 320374941617286 94 1 0.01 3472.00
problem69 2.26 339342100676496 454 1 0 2708.00
problem70 3.87 294700430840683 444 1 0 2708.00
problem71 153.18 275175109542428 1874 1 0.01 3544.00
problem72 259.67 355600870374988 785 1 0.01 3544.00
problem73 4.9 348760662285720 259 1 0 2588.00
problem74 967.8 351982685484177 1123 1 0.01 2808.00
problem75 16.18 307883294926998 1275 1 0 3300.00
problem76 5.19 375474215359266 355 1 0 3300.00
problem77 0.07 298246549655129 227 1 0 3300.00
problem78 36765.7 432125008923164 3161 1 0 3580.00
problem79 6.48 355972634527476 365 1 0 2436.00
problem80 37.14 312138018051444 1414 1 0.01 3676.00
problem81 80358.7 413988331589131 2258 1 0 3676.00
problem82 12429.4 366704876379874 2419 1 0.01 3676.00
problem83 98.13 319737100342110 912 1 0.01 3676.00
problem84 1372.49 390679180750328 1487 1 0.01 3676.00
problem85 0.83 348629666795819 310 1 0 2436.00
problem86 175981 420397497831762 3541 1 0.01 3340.00
problem87 20.14 341560163850935 663 1 0 3340.00
problem88 1.07 319168683366667 256 1 0 3340.00
problem89 18641.5 350192930534609 2502 1 0.01 3152.00
problem90 107046 390833225626378 3323 1 0.01 3564.00
problem91 1.81 328356134322659 290 1 0 3564.00
problem92 93.13 412369747860249 463 1 0 2416.00
problem93 0.47 284770629487506 267 1 0 2500.00
problem94 0.98 309464720795166 611 1 0.01 3028.00
problem95 0.44 307004523522399 488 1 0 3028.00
problem96 11.84 292426862402209 730 1 0 3028.00
problem97 4.84 295715665335802 937 1 0.01 3292.00
problem98 15.07 358341689526009 421 1 0 3292.00
problem99 255.97 367082046971298 1165 1 0.01 3316.00
