problem0 0.01 50518932601 0
problem1 0.04 66629988983 0
problem2 0.04 54251396090 0
problem3 0.03 63460178134 0
problem4 0.03 58699678410 0
problem5 0.02 55245639673 0
problem6 0.03 46719450703 0
problem7 0.01 49869545469 0
problem8 0.05 49232111284 0
problem9 0.04 55922716419 0
problem10 0.01 54011524587 0
problem11 0.04 59801500801 0
problem12 0.03 59617497780 0
problem13 0.02 58624590913 0
problem14 0.01 49011449942 0
problem15 0.02 61200099132 0
problem16 0.04 50528128893 0
problem17 0.03 55347585639 0
problem18 0.01 62664012781 0
problem19 0.04 49390954443 0
problem20 0.01 61572893006 0
problem21 0.04 59622520522 0
problem22 0.05 69974429399 0
problem23 0.01 57027108676 0
problem24 0.03 65876166718 0
problem25 0.02 51615603021 0
problem26 0.02 68356498921 0
problem27 0.02 66498465612 0
problem28 0.03 52992522561 0
problem29 0.02 50994100551 0
problem30 0.04 58318493251 0
problem31 0.04 61061536306 0
problem32 0.02 48804110668 0
problem33 0.04 61771376067 0
problem34 0.02 65435670964 0
problem35 0.02 61714841560 0
problem36 0.02 51093663151 0
problem37 0.04 60158219419 0
problem38 0.05 67143551636 0
problem39 0.05 54290506970 0
problem40 0.02 60812634304 0
problem41 0.02 52029134725 0
problem42 0.03 61011354276 0
problem43 0.01 43555671070 0
problem44 0.04 53519695115 0
problem45 0.02 69309079592 0
problem46 0.01 51056639050 0
problem47 0.05 73295991697 0
problem48 0.04 61345427494 0
problem49 0.02 62096097199 0
problem50 0.04 63132766017 0
problem51 0.07 65849048562 0
problem52 0.02 49970901493 0
problem53 0.04 65852696648 0
problem54 0.02 59365750370 0
problem55 0.03 49130614822 0
problem56 0.03 60549940975 0
problem57 0.03 62536772796 0
problem58 0.04 63461846217 0
problem59 0.03 52317203214 0
problem60 0.03 68060798350 0
problem61 0.04 59960065967 0
problem62 0.01 52256083312 0
problem63 0.03 61060468954 0
problem64 0.02 63598001859 0
problem65 0.04 56279315083 0
problem66 0.03 57393336543 0
problem67 0.02 63942402557 0
problem68 0.02 60124451164 0
problem69 0.03 56352076551 0
problem70 0.02 57208213566 0
problem71 0.04 64577078134 0
problem72 0.02 51379430192 0
problem73 0.02 59191695414 0
problem74 0.04 62966891845 0
problem75 0.01 55634408317 0
problem76 0.05 64770481721 0
problem77 0.03 57625596725 0
problem78 0.03 60067826875 0
problem79 0.02 55751202557 0
problem80 0.02 49108273342 0
problem81 0.02 62806930918 0
problem82 0.02 61261832051 0
problem83 0.05 62797310974 0
problem84 0.01 54766244255 0
problem85 0.02 43286147800 0
problem86 0.04 64558700386 0
problem87 0.03 57748150686 0
problem88 0.02 50913410381 0
problem89 0.02 65096685882 0
problem90 0.01 51548040223 0
problem91 0.03 66176475527 0
problem92 0.01 51076758359 0
problem93 0.02 49041219904 0
problem94 0.03 49655986962 0
problem95 0.04 58353623407 0
problem96 0.03 62406545813 0
problem97 0.02 44739220477 0
problem98 0.05 62279236983 0
problem99 0.04 50381659308 0
