problem0 46.19 1401397422677433 3619 1 45.93
problem1 179.12 1262199126224288 11877 3 178.75
problem2 58.87 1388643793055909 4445 1 58.73
problem3 59.03 1336229437187126 10440 1 58.69
problem4 113.67 1460840921440567 14277 2 113.26
problem5 46.13 1476156781546741 3818 1 45.9
problem6 57.8 1344413418098454 6140 1 57.61
problem7 60.91 1298538225935660 9859 1 60.54
problem8 64.26 1272783899845219 7734 1 64.1
problem9 54.68 1412088908577692 4611 1 54.53
problem10 56.48 1406650768012091 4439 1 56.31
problem11 120.66 1104949874981337 20712 2 120.19
problem12 50.14 1429562918006469 4032 1 49.94
problem13 65.28 1311330041799140 14789 1 64.87
problem14 57.76 1385844145776597 7157 1 57.55
problem15 58.42 1218414071227060 12032 1 58.14
problem16 53.39 1356266941715410 4832 1 53.29
problem17 49.12 1334626723937734 3348 1 48.95
problem18 53.4 1424394461693522 5885 1 53.09
problem19 62.12 1246219440822443 12336 1 61.74
problem20 61.14 1253992464210318 6553 1 60.96
problem21 58.52 1262692638729316 6708 1 58.22
problem22 60.52 1391067770299092 6986 1 60.32
problem23 61.46 1145716835808355 12580 1 61.21
problem24 54.6 1239647551083857 6256 1 54.36
problem25 63.73 1259186103917176 9633 1 63.51
problem26 62.91 1236651113867199 8909 1 62.7
problem27 58.02 1285465339197640 6167 1 57.81
problem28 58.52 1307080280327859 4457 1 58.39
problem29 55.85 1375130370680170 5515 1 55.69
problem30 57.83 1133400318356935 5673 1 57.66
problem31 60.92 1363314993591130 6177 1 60.76
problem32 53.67 1433021962165328 3058 1 53.59
problem33 60.64 1321447296311309 5576 1 60.52
problem34 54.87 1224539503572996 5112 1 54.7
problem35 54.79 1290288499784439 5797 1 54.53
problem36 60.4 1333312055628742 6518 1 60.22
problem37 60.6 1326120269212544 15931 1 60.29
problem38 61.95 1273083980414617 9737 1 61.63
problem39 60.48 1290381524791260 12027 1 60.09
problem40 61.73 1373839859775633 6675 1 61.49
problem41 55.49 1375927027559675 4936 1 55.35
problem42 64.62 1301999261316406 12068 1 64.31
problem43 63.89 1264403062355426 13901 1 63.41
problem44 63.55 1297989590047460 11223 1 63.28
problem45 63.41 1209391051437058 14932 1 63
problem46 56.12 1315798953397870 7600 1 55.79
problem47 58.5 1173781673705400 18973 1 58.15
problem48 62.4 1261189037727067 13982 1 61.98
problem49 58.81 1244119814323070 7369 1 58.67
problem50 59.57 1229264275237875 10284 1 59.23
problem51 62.7 1349140533143196 12456 1 62.32
problem52 61.7 1251825229756904 11361 1 61.39
problem53 51.04 1307407482165348 6462 1 50.73
problem54 53.82 1453080602035304 4930 1 53.56
problem55 61.99 1214815347192458 12301 1 61.72
problem56 59.75 1369593951436981 10632 1 59.37
problem57 63.45 1305372179453802 11816 1 63.04
problem58 54.01 1363626801756726 7909 1 53.67
problem59 48.75 1469807099363080 4795 1 48.49
problem60 55.1 1294225031859226 3753 1 54.98
problem61 62.96 1329278272732225 11085 1 62.76
problem62 53.66 1363171839011497 5926 1 53.32
problem63 57.05 1446039608394164 6443 1 56.81
problem64 60.43 1257601567125959 13625 1 60.03
problem65 59.1 1276622326847951 5712 1 58.97
problem66 62.76 1290556519178413 16522 1 62.33
problem67 60.51 1164112339146023 9368 1 60.35
problem68 52.25 1445080942545195 4337 1 52.04
problem69 62.4 1339139714361313 12142 1 62.12
problem70 58.64 1292848924422387 5892 1 58.5
problem71 61.88 1173557756231129 18731 1 61.48
problem72 55.9 1385796307650830 7467 1 55.46
problem73 53.97 1441184832202105 6124 1 53.7
problem74 50.51 1370778861934734 4448 1 50.34
problem75 55.59 1346431909116359 8943 1 55.15
problem76 54.61 1264624876786972 6356 1 54.44
problem77 49.2 1553537910357394 3556 1 48.98
problem78 59.91 1310659984075838 7477 1 59.7
problem79 52.02 1420904858529787 2406 1 51.94
problem80 47.64 1467936571353152 4744 1 47.5
problem81 58.91 1409731771694668 2202 1 58.85
problem82 62.22 1325943392214466 10495 1 62.04
problem83 55.85 1391313785787234 9455 1 55.4
problem84 58.49 1425992969661767 7977 1 58.19
problem85 58.45 1403732602220777 6291 1 58.31
problem86 58.71 1378193766233874 6002 1 58.55
problem87 49.26 1421225172117425 2764 1 49.17
problem88 56.41 1404398514829766 5085 1 56.21
problem89 52.64 1443766146037274 2932 1 52.53
problem90 47.39 1474722254817832 3365 1 47.22
problem91 57.87 1267772168952093 5031 1 57.71
problem92 58.18 1479232247555831 7552 1 57.94
problem93 52.84 1389750723053597 5865 1 52.62
problem94 57.07 1416716335147155 4203 1 56.93
problem95 56.56 1329582837247817 4708 1 56.43
problem96 51.83 1497389308629162 3126 1 51.74
problem97 51.68 1412002995240131 5787 1 51.32
problem98 55.92 1321137213861574 8895 1 55.55
problem99 54.62 1397952228648157 5589 1 54.42
