problem0 0 46992 1 0.00
problem1 0.00 49137 1 0.00
problem2 0.00 46001 1 0.00
problem3 0.00 48422 1 0.00
problem4 0.00 49546 1 0.00
problem5 0.00 47731 1 0.00
problem6 0.00 46427 1 0.00
problem7 0.00 51480 1 0.00
problem8 0.00 46436 1 0.00
problem9 0.00 47189 1 0.00
problem10 0.00 42469 1 0.00
problem11 0.00 45418 1 0.00
problem12 0.00 43294 1 0.00
problem13 0.00 44951 1 0.00
problem14 0.00 45903 1 0.00
problem15 0.00 46108 1 0.00
problem16 0.00 44728 1 0.00
problem17 0.00 47673 1 0.00
problem18 0.00 42905 1 0.00
problem19 0.00 48942 1 0.00
problem20 0.00 44082 1 0.00
problem21 0.00 47675 1 0.00
problem22 0.00 48323 1 0.00
problem23 0.00 46240 1 0.00
problem24 0.00 49036 1 0.00
problem25 0.00 48541 1 0.00
problem26 0.00 50381 1 0.00
problem27 0.00 47730 1 0.00
problem28 0.00 41670 1 0.00
problem29 0.00 52831 1 0.00
problem30 0.00 51639 1 0.00
problem31 0.00 44708 1 0.00
problem32 0.00 42976 1 0.00
problem33 0.00 43649 1 0.00
problem34 0.00 44417 1 0.00
problem35 0.00 44854 1 0.00
problem36 0.00 45274 1 0.00
problem37 0.00 48131 1 0.00
problem38 0.00 44587 1 0.00
problem39 0.00 44584 1 0.00
problem40 0.00 47028 1 0.00
problem41 0.00 41189 1 0.00
problem42 0.00 52661 1 0.00
problem43 0.00 44410 1 0.00
problem44 0.00 47726 1 0.00
problem45 0.00 46887 1 0.00
problem46 0.00 48671 1 0.00
problem47 0.00 45868 1 0.00
problem48 0.00 48904 1 0.00
problem49 0.00 49353 1 0.00
problem50 0.00 47465 1 0.00
problem51 0.00 46398 1 0.00
problem52 0.00 52098 1 0.00
problem53 0.00 46027 1 0.00
problem54 0.00 47507 1 0.00
problem55 0.00 42416 1 0.00
problem56 0.00 45532 1 0.00
problem57 0.00 42541 1 0.00
problem58 0.00 45213 1 0.00
problem59 0.00 45698 1 0.00
problem60 0.00 46102 1 0.00
problem61 0.00 45551 1 0.00
problem62 0.00 47239 1 0.00
problem63 0.00 42420 1 0.00
problem64 0.00 49200 1 0.00
problem65 0.00 44305 1 0.00
problem66 0.00 47953 1 0.00
problem67 0.00 48454 1 0.00
problem68 0.00 46122 1 0.00
problem69 0.00 48531 1 0.00
problem70 0.00 48891 1 0.00
problem71 0.00 49976 1 0.00
problem72 0.00 47620 1 0.00
problem73 0.00 42357 1 0.00
problem74 0.00 52613 1 0.00
problem75 0.00 51594 1 0.00
problem76 0.00 44990 1 0.00
problem77 0.00 42679 1 0.00
problem78 0.00 43247 1 0.00
problem79 0.00 44604 1 0.00
problem80 0.00 44888 1 0.00
problem81 0.00 44889 1 0.00
problem82 0.00 48953 1 0.00
problem83 0.00 43854 1 0.00
problem84 0.00 44754 1 0.00
problem85 0.00 47451 1 0.00
problem86 0.00 40547 1 0.00
problem87 0.00 52928 1 0.00
problem88 0.00 45100 1 0.00
problem89 0.00 46781 1 0.00
problem90 0.00 47213 1 0.00
problem91 0.00 48786 1 0.00
problem92 0.00 45414 1 0.00
problem93 0.00 49535 1 0.00
problem94 0.00 48983 1 0.00
problem95 0.00 47300 1 0.00
problem96 0.00 47232 1 0.00
problem97 0.00 52129 1 0.00
problem98 0.00 45345 1 0.00
problem99 0.00 47958 1 0.00
