problem0 507.45 745905257158476 1
problem1 1551.98 672700167358156 1
problem2 1047.11 711442386572876 1
problem3 194.3 616861762848204 1
problem4 48.55 721266051618124 1
problem5 1791.51 691437793805516 1
problem6 113.47 691674952356940 1
problem7 4213.1 686870191440844 1
problem8 211.82 691582472393548 1
problem9 223.28 654483106104012 1
problem10 1149.09 708251982680652 1
problem11 919.93 667820164579788 1
problem12 1682.9 720895401103692 1
problem13 1.07 698330936672460 1
problem14 271.46 642330356731980 1
problem15 505.91 675775355256780 1
problem16 1522.47 726830284246860 1
problem17 432.33 698161717706444 1
problem18 2110.59 720133216194124 1
problem19 1027.72 687530826923468 1
problem20 4702.99 654319970389324 1
problem21 357.77 740631481121996 1
problem22 49.63 648733825813580 1
problem23 254.9 731928056724428 1
problem24 350.67 772472849664844 1
problem25 228.66 646683812100812 1
problem26 860.82 774940829076044 1
problem27 3198.61 658957493664204 1
problem28 1341.22 687211412031820 1
problem29 318.58 708222639700172 1
problem30 1168.67 710908713486412 1
problem31 410.03 682917302728652 1
problem32 169.78 728855921526604 1
problem33 202.01 700750795110092 1
problem34 250.06 704129298777676 1
problem35 1876.05 623750341719500 1
problem36 3085.51 683287997809996 1
problem37 203.4 637634988307660 1
problem38 193.72 685254667256908 1
problem39 345.84 678901323953100 1
problem40 380.47 704545267221324 1
problem41 2592.4 715130226668236 1
problem42 3708.25 617741861438028 1
