problem0 62.33 44660044146574 1 20324.00
problem1 155.75 38141379923054 1 31820.00
problem2 348.75 39024546024782 1 31820.00
problem3 107.25 42950139341358 1 31820.00
problem4 163.78 39309418914574 1 31820.00
problem5 135.63 38870844209134 1 31820.00
problem6 81.56 40081996589262 1 31820.00
problem7 309.69 40940030064046 1 31820.00
problem8 184.06 40596076453518 1 31820.00
problem9 158.77 40829727794030 1 31820.00
problem10 293.18 34439974618190 1 31820.00
problem11 182.10 43465281061166 1 31820.00
problem12 283.75 37049012656654 1 31820.00
problem13 188.13 37053990768366 1 31820.00
problem14 76.22 36733226753998 1 31820.00
problem15 77.22 40560609807534 1 31820.00
problem16 291.48 34147043415438 1 31820.00
problem17 145.02 37314664856174 1 31820.00
problem18 172.99 40458549656398 1 31820.00
problem19 123.52 37741674960942 1 31820.00
problem20 286.77 37516892557582 1 19164.00
problem21 195.02 42519848330734 1 33204.00
problem22 121.44 39655784912590 1 33204.00
problem23 202.81 39203164300206 1 33204.00
problem24 65.07 43827861179534 1 33204.00
problem25 325.80 35609375347054 1 33204.00
problem26 178.84 40693209297486 1 33204.00
problem27 208.79 37613952429870 1 33204.00
problem28 184.60 37184055117838 1 33204.00
problem29 38.48 40619206196462 1 33204.00
problem30 65.95 39968064572878 1 33204.00
problem31 83.44 43494677084846 1 33204.00
problem32 68.23 38293170553742 1 33204.00
problem33 108.28 41008329205870 1 33204.00
problem34 280.38 37890971003214 1 33204.00
problem35 199.89 43127059629614 1 33204.00
problem36 162.14 38186558701326 1 33204.00
problem37 98.55 39822662620142 1 33204.00
problem38 153.55 40775712965838 1 33204.00
problem39 178.79 41125620896174 1 33204.00
problem40 127.33 40790941645454 1 33204.00
problem41 286.61 36296072773486 1 33204.00
problem42 94.73 39639280377934 1 33204.00
problem43 97.88 40337234238766 1 33204.00
problem44 122.76 39529430513166 1 33204.00
problem45 135.61 39834787605230 1 33204.00
problem46 69.53 41778468256718 1 33204.00
problem47 159.19 41531887888558 1 33204.00
problem48 44.48 45599590150542 1 33204.00
problem49 69.19 40021345064558 1 33204.00
problem50 363.45 36375778613070 1 33204.00
problem51 110.88 39794912425006 1 33204.00
problem52 59.52 40385201483022 1 33204.00
problem53 166.48 34892657787374 1 33204.00
problem54 25.53 43668206056142 1 33204.00
problem55 207.58 37411882663854 1 33204.00
problem56 179.42 41117721536654 1 33204.00
problem57 223.07 39426868473198 1 33204.00
problem58 106.81 42070232714830 1 33204.00
problem59 129.47 42459868384046 1 33204.00
problem60 167.38 36795371381774 1 33204.00
problem61 200.44 36855600617710 1 33204.00
problem62 233.37 38233334770126 1 33204.00
problem63 217.34 37711871104686 1 20016.00
problem64 211.06 36252410109838 1 32612.00
problem65 99.12 34429813884014 1 32612.00
problem66 126.39 43647000626510 1 32612.00
problem67 110.31 40800725967406 1 32612.00
problem68 206.12 33765036727054 1 32612.00
problem69 138.39 43319357157358 1 32612.00
problem70 262.24 38045609550030 1 32612.00
problem71 56.00 43436724563374 1 32612.00
problem72 160.88 36229943203470 1 32612.00
problem73 78.04 38721312299886 1 32612.00
problem74 214.38 36169403317326 1 32612.00
problem75 216.91 40785191237934 1 32612.00
problem76 139.11 37566309388814 1 32612.00
problem77 471.65 36516570449646 1 32612.00
problem78 60.42 40176248575950 1 32612.00
problem79 98.65 38853826839726 1 32612.00
problem80 201.69 39297286294926 1 32612.00
problem81 136.41 39084524614254 1 32612.00
problem82 456.83 37133375943502 1 32612.00
problem83 146.40 37690796658734 1 32612.00
problem84 85.02 42544177056014 1 32612.00
problem85 165.92 36093343653358 1 32612.00
problem86 113.32 39390072590030 1 32612.00
problem87 190.88 40971097430958 1 32612.00
problem88 239.98 36722083005582 1 32612.00
problem89 98.84 40474618349934 1 32612.00
problem90 92.00 39188467853902 1 32612.00
problem91 140.59 36995622020910 1 32612.00
problem92 161.28 37713573003278 1 32612.00
problem93 89.49 38636100515054 1 32612.00
problem94 124.56 42439156057550 1 32612.00
problem95 27.04 45660921770670 1 32612.00
problem96 297.92 36981910911886 1 32612.00
problem97 102.07 40730000220270 1 32612.00
problem98 152.54 38725144912206 1 32612.00
problem99 167.83 38985131654702 1 32612.00
