problem0 0 911432 1 0.00
problem1 0.00 742318 1 0.00
problem2 0.04 843141 1 2804.00
problem3 0.00 806247 1 2804.00
problem4 0.00 772362 1 2804.00
problem5 0.00 803272 1 2804.00
problem6 0.00 865303 1 2804.00
problem7 0.00 741649 1 2804.00
problem8 0.00 903660 1 2804.00
problem9 0.00 824706 1 2804.00
problem10 0.00 862153 1 2804.00
problem11 0.00 766811 1 2804.00
problem12 0.00 732398 1 2804.00
problem13 0.00 846044 1 2804.00
problem14 0.00 805531 1 2804.00
problem15 0.02 794181 1 2804.00
problem16 0.00 775184 1 2804.00
problem17 0.00 751062 1 2804.00
problem18 0.00 708237 1 2804.00
problem19 0.00 744399 1 2804.00
problem20 0.00 901458 1 2804.00
problem21 0.00 628336 1 2804.00
problem22 0.00 951711 1 2804.00
problem23 0.00 939513 1 2804.00
problem24 0.04 857780 1 2804.00
problem25 0.00 902314 1 2804.00
problem26 0.00 745937 1 2804.00
problem27 0.00 759491 1 2804.00
problem28 0.06 824886 1 2804.00
problem29 0.05 727684 1 2804.00
problem30 0.03 849187 1 2804.00
problem31 0.00 772141 1 2804.00
problem32 0.00 762328 1 2804.00
problem33 0.00 741886 1 2804.00
problem34 0.07 749973 1 2804.00
problem35 0.00 799799 1 2804.00
problem36 0.05 834458 1 2804.00
problem37 0.00 836888 1 2804.00
problem38 0.04 796967 1 2804.00
problem39 0.00 804065 1 2804.00
problem40 0.00 820604 1 2804.00
problem41 0.00 749010 1 2804.00
problem42 0.00 789977 1 2804.00
problem43 0.00 820267 1 2804.00
problem44 0.04 835966 1 2804.00
problem45 0.00 779820 1 2804.00
problem46 0.00 831915 1 2804.00
problem47 0.00 793621 1 2804.00
problem48 0.00 872864 1 2804.00
problem49 0.08 845862 1 2804.00
problem50 0.00 804509 1 2804.00
problem51 0.04 775839 1 2804.00
problem52 0.05 800738 1 2804.00
problem53 0.00 708032 1 2804.00
problem54 0.00 827055 1 2804.00
problem55 0.06 695753 1 2804.00
problem56 0.00 759364 1 2804.00
problem57 0.00 790778 1 2804.00
problem58 0.01 961505 1 2804.00
problem59 0.00 818067 1 2804.00
problem60 0.00 896710 1 2804.00
problem61 0.00 805844 1 2804.00
problem62 0.00 786483 1 2804.00
problem63 0.00 793085 1 2804.00
problem64 0.08 713576 1 2804.00
problem65 0.00 833614 1 2804.00
problem66 0.00 871845 1 2804.00
problem67 0.00 803591 1 2804.00
problem68 0.00 865834 1 2804.00
problem69 0.00 700520 1 2804.00
problem70 0.08 747063 1 2804.00
problem71 0.00 778417 1 2804.00
problem72 0.05 772364 1 2804.00
problem73 0.06 831010 1 2804.00
problem74 0.00 769001 1 2804.00
problem75 0.05 818427 1 2804.00
problem76 0.00 843278 1 2804.00
problem77 0.00 838524 1 2804.00
problem78 0.02 876731 1 2804.00
problem79 0.00 901605 1 2804.00
problem80 0.00 743216 1 2804.00
problem81 0.00 901750 1 2804.00
problem82 0.00 755373 1 2804.00
problem83 0.00 784751 1 2804.00
problem84 0.11 734834 1 2804.00
problem85 0.00 781584 1 2804.00
problem86 0.00 819135 1 2804.00
problem87 0.01 953753 1 2804.00
problem88 0.00 794068 1 2804.00
problem89 0.00 804170 1 2804.00
problem90 0.03 933361 1 2804.00
problem91 0.00 788579 1 2804.00
problem92 0.00 806742 1 2804.00
problem93 0.00 746788 1 2804.00
problem94 0.00 840515 1 2804.00
problem95 0.00 889805 1 2804.00
problem96 0.00 634104 1 2804.00
problem97 0.05 820894 1 2804.00
problem98 0.04 815541 1 2804.00
problem99 0.06 850391 1 2804.00
