problem0 0 1289427 1
problem1 0 1275525 1
problem2 0 1334080 1
problem3 0 1322398 1
problem4 0 1123029 1
problem5 0 1078335 1
problem6 0 1362642 1
problem7 0 1346728 1
problem8 0 1262711 1
problem9 0 1440537 1
problem10 0 1276676 1
problem11 0 1152466 1
problem12 0 1254329 1
problem13 0 1217811 1
problem14 0 1314262 1
problem15 0 1418012 1
problem16 0 1372827 1
problem17 0 1240109 1
problem18 0 1197384 1
problem19 0 1191558 1
problem20 0 1475357 1
problem21 0 1133159 1
problem22 0 1213274 1
problem23 0 1266192 1
problem24 0 1132351 1
problem25 0 1251777 1
problem26 0 1198604 1
problem27 0 1198010 1
problem28 0 1167617 1
problem29 0 1369147 1
problem30 0 1260382 1
problem31 0 1337732 1
problem32 0 1331811 1
problem33 0 1299413 1
problem34 0 1251664 1
problem35 0 1290606 1
problem36 0 1252709 1
problem37 0 1258127 1
problem38 0 1295842 1
problem39 0 1292664 1
problem40 0 1385479 1
problem41 0 1108585 1
problem42 0 1229588 1
problem43 0 1260450 1
problem44 0 1177673 1
problem45 0 1377635 1
problem46 0 1323750 1
problem47 0 1217004 1
problem48 0 1362987 1
problem49 0 1322365 1
problem50 0 1267544 1
problem51 0 1259094 1
problem52 0 1339821 1
problem53 0 1191095 1
problem54 0 1249898 1
problem55 0 1131232 1
problem56 0 1268431 1
problem57 0 1240337 1
problem58 0 1205788 1
problem59 0 1438090 1
problem60 0 1218961 1
problem61 0 1243275 1
problem62 0 1274990 1
problem63 0 1285204 1
problem64 0 1302515 1
problem65 0 1145125 1
problem66 0 1245024 1
problem67 0 1228094 1
problem68 0 1277941 1
problem69 0 1095903 1
problem70 0 1370354 1
problem71 0 1142344 1
problem72 0 1272727 1
problem73 0 1155513 1
problem74 0 1159972 1
problem75 0 1239410 1
problem76 0 1291481 1
problem77 0 1195443 1
problem78 0 1212406 1
problem79 0 1116348 1
problem80 0 1248699 1
problem81 0 1324749 1
problem82 0 1118568 1
problem83 0 1295910 1
problem84 0 1263677 1
problem85 0 1398535 1
problem86 0 1165690 1
problem87 0 1293232 1
problem88 0 1234527 1
problem89 0 1181793 1
problem90 0 1190444 1
problem91 0 1319770 1
problem92 0 1231393 1
problem93 0 1201371 1
problem94 0 1332606 1
problem95 0 1496868 1
problem96 0 1332611 1
problem97 0 1238645 1
problem98 0 1281392 1
problem99 0 1265934 1
