problem0 0 24622846292 0 2236.00
problem1 0.00 22684449475 0 2296.00
problem2 0.00 18767137544 0 2296.00
problem3 0.00 26412048412 0 2296.00
problem4 0.00 29268849874 0 2296.00
problem5 0.00 22969848268 0 2296.00
problem6 0.00 24369824966 0 2296.00
problem7 0.00 28144326568 0 2296.00
problem8 0.00 23383761468 0 2296.00
problem9 0.00 23374590315 0 2296.00
problem10 0.00 20658427614 0 2296.00
problem11 0.00 28773854032 0 2296.00
problem12 0.00 25170643064 0 2296.00
problem13 0.00 19825059876 0 2296.00
problem14 0.00 26440061426 0 2296.00
problem15 0.00 22959401267 0 2296.00
problem16 0.00 20643593498 0 2296.00
problem17 0.01 28367966633 0 2296.00
problem18 0.00 25728326291 0 2296.00
problem19 0.00 23043199771 0 2296.00
problem20 0.00 26131339270 0 2296.00
problem21 0.00 18623531261 0 2296.00
problem22 0.00 29307178401 0 2296.00
problem23 0.00 24850555110 0 2296.00
problem24 0.00 22200113646 0 2296.00
problem25 0.00 21453271320 0 2296.00
problem26 0.00 24894293027 0 2296.00
problem27 0.00 23150092831 0 2296.00
problem28 0.00 20989059208 0 2296.00
problem29 0.00 20000360551 0 2296.00
problem30 0.00 24209483004 0 2296.00
problem31 0.00 27382357791 0 2296.00
problem32 0.00 22144799045 0 2296.00
problem33 0.00 23534574224 0 2296.00
problem34 0.00 24412316981 0 2296.00
problem35 0.00 21822334591 0 2296.00
problem36 0.00 20564226782 0 2296.00
problem37 0.00 27748971777 0 2296.00
problem38 0.00 19200227490 0 2296.00
problem39 0.00 20499662595 0 2296.00
problem40 0.00 25142960632 0 2296.00
problem41 0.00 24717191957 0 2296.00
problem42 0.00 27354945404 0 2296.00
problem43 0.00 23603059705 0 2296.00
problem44 0.00 24105226860 0 2296.00
problem45 0.00 17414140324 0 2296.00
problem46 0.00 22773074061 0 2296.00
problem47 0.00 23545246027 0 2296.00
problem48 0.00 23616711942 0 2296.00
problem49 0.00 23767675193 0 2296.00
problem50 0.00 30121513286 0 2296.00
problem51 0.00 24181272653 0 2296.00
problem52 0.00 26536097871 0 2296.00
problem53 0.00 22996674157 0 2296.00
problem54 0.00 23192556619 0 2296.00
problem55 0.00 28082979792 0 2296.00
problem56 0.00 22172667801 0 2296.00
problem57 0.00 26771620519 0 2296.00
problem58 0.00 18948656185 0 2296.00
problem59 0.00 24081958661 0 2296.00
problem60 0.00 21409344859 0 2296.00
problem61 0.00 26089532879 0 2296.00
problem62 0.00 19364162567 0 2296.00
problem63 0.01 15883044526 0 2296.00
problem64 0.00 27669756246 0 2296.00
problem65 0.00 22169208579 0 2296.00
problem66 0.00 20107574321 0 2296.00
problem67 0.00 25176506197 0 2296.00
problem68 0.00 25333555830 0 2296.00
problem69 0.00 27550134562 0 2296.00
problem70 0.00 17344661953 0 2296.00
problem71 0.00 24151721064 0 2296.00
problem72 0.00 17812303587 0 2296.00
problem73 0.00 24510146678 0 2296.00
problem74 0.00 25547505098 0 2296.00
problem75 0.00 25045525920 0 2296.00
problem76 0.00 27239112119 0 2296.00
problem77 0.00 22535819201 0 2296.00
problem78 0.00 26852456289 0 2296.00
problem79 0.00 19635206647 0 2296.00
problem80 0.00 23559710728 0 2296.00
problem81 0.00 25866875350 0 2296.00
problem82 0.00 17323310699 0 2296.00
problem83 0.00 24226606921 0 2296.00
problem84 0.00 21395739067 0 2296.00
problem85 0.00 20636530176 0 2296.00
problem86 0.00 25565654116 0 2296.00
problem87 0.00 21831440597 0 2296.00
problem88 0.00 24705067444 0 2296.00
problem89 0.00 24557155116 0 2296.00
problem90 0.00 26382868231 0 2296.00
problem91 0.00 20577181084 0 2296.00
problem92 0.00 27545192845 0 2296.00
problem93 0.00 27352786167 0 2296.00
problem94 0.00 22204403453 0 2296.00
problem95 0.00 28633505190 0 2296.00
problem96 0.00 23694901120 0 2296.00
problem97 0.00 23801870402 0 2296.00
problem98 0.00 21703185630 0 2296.00
problem99 0.00 22964729347 0 2296.00
