problem0 0.05 55252675790 1
problem1 0.86 57541293991 1
problem2 0.48 55045854223 1
problem3 0.07 64824304220 1
problem4 0.09 49246542536 1
problem5 0.11 44922969833 1
problem6 0.58 63458507065 1
problem7 0.17 58455958158 1
problem8 0.19 60128642466 1
problem9 0.1 51981654155 1
problem10 0.01 56273224771 1
problem11 2.28 54632329760 1
problem12 0.07 50603947868 1
problem13 0.19 52726265485 1
problem14 0.05 56079593261 1
problem15 0.07 59906888466 1
problem16 0.45 58273012214 1
problem17 0.42 57929935599 1
problem18 0.59 48556332023 1
problem19 0.38 52577544036 1
problem20 0 50183599984 1
problem21 0.32 49436854193 1
problem22 0.25 43218054305 1
problem23 0.36 49599557910 1
problem24 0.01 53247982026 1
problem25 0.15 52585447123 1
problem26 0.01 51280483115 1
problem27 0.73 55208596008 1
problem28 0.38 52276914948 1
problem29 0.28 49086521941 1
problem30 0.06 59463483797 1
problem31 0.27 61475556506 1
problem32 0.07 53082551582 1
problem33 0.08 54928401463 1
problem34 0.51 58687050207 1
problem35 0.19 51434603116 1
problem36 0.1 52583146008 1
problem37 0 49541551737 1
problem38 0.24 55082008073 1
problem39 0.25 53673211294 1
problem40 0.02 58884987890 1
problem41 1.24 49656212251 1
problem42 0.45 50329870355 1
problem43 0.02 54070511664 1
problem44 0.04 50377059500 1
problem45 0.29 51666498589 1
problem46 0.09 52971336189 1
problem47 0.23 59459615778 1
problem48 0.23 58689781318 1
problem49 0.65 53256364927 1
problem50 0.27 52937035207 1
problem51 0.06 55549440884 1
problem52 0.04 61616134848 1
problem53 0.03 55268297537 1
problem54 0.01 58520972657 1
problem55 0.73 51876245542 1
problem56 0.05 54456380442 1
problem57 0.57 55927889251 1
problem58 0.01 64699509499 1
problem59 0.32 51683415096 1
problem60 0.36 62120328276 1
problem61 1.17 59737992165 1
problem62 0.34 57385042021 1
problem63 0.16 50379137450 1
problem64 0.09 55647712622 1
problem65 0.12 54099798215 1
problem66 0.1 54587459503 1
problem67 0.09 54015588988 1
problem68 0.17 49802961256 1
problem69 0.11 52210214409 1
problem70 0.03 60365535961 1
problem71 0.17 55009288366 1
problem72 0.08 56568359490 1
problem73 0.67 57582376363 1
problem74 0.14 49579193315 1
problem75 0.7 52109260352 1
problem76 0.2 56301525500 1
problem77 1.23 49812408749 1
problem78 0.39 51524578509 1
problem79 0.57 50758925618 1
problem80 0.04 57591929494 1
problem81 0.3 56318931983 1
problem82 0.01 54252158871 1
problem83 0.44 50327721860 1
problem84 0.36 52173829648 1
problem85 0.9 60712330961 1
problem86 0.21 49979106881 1
problem87 0.81 54216361782 1
problem88 0.07 52968216170 1
problem89 0.96 60554646515 1
problem90 0.26 49696619211 1
problem91 0.24 48108449352 1
problem92 0.04 61339583908 1
problem93 0.19 49863167349 1
problem94 0.5 55597217589 1
problem95 0.67 52165578426 1
problem96 0.63 49634651582 1
problem97 0.15 53361247575 1
problem98 0.11 45982201215 1
problem99 0.12 51778456204 1
