problem0 0 773504730 1
problem1 0 816278920 1
problem2 0 793242118 1
problem3 0 910402516 1
problem4 0 834461298 1
problem5 0 817205600 1
problem6 0 820070430 1
problem7 0 817627692 1
problem8 0 798888714 1
problem9 0 818217528 1
problem10 0 831089462 1
problem11 0 809098628 1
problem12 0 760396962 1
problem13 0 822812688 1
problem14 0 762229582 1
problem15 0 763139548 1
problem16 0 839072570 1
problem17 0 825314024 1
problem18 0 806584422 1
problem19 0 779586356 1
problem20 0 736882386 1
problem21 0 718594752 1
problem22 0 785265278 1
problem23 0 819076492 1
problem24 0 786249578 1
problem25 0 805783448 1
problem26 0 759769494 1
problem27 0 744991972 1
problem28 0 851145986 1
problem29 0 734910832 1
problem30 0 872596910 1
problem31 0 784832828 1
problem32 0 788465562 1
problem33 0 765589576 1
problem34 0 801990342 1
problem35 0 699744916 1
problem36 0 758402866 1
problem37 0 871433248 1
problem38 0 810511582 1
problem39 0 732432620 1
problem40 0 830188490 1
problem41 0 832331000 1
problem42 0 797128694 1
problem43 0 743132228 1
problem44 0 722042210 1
problem45 0 796484304 1
problem46 0 909584398 1
problem47 0 838757532 1
problem48 0 799417338 1
problem49 0 819033512 1
problem50 0 797809958 1
problem51 0 861194740 1
problem52 0 791543698 1
problem53 0 769783168 1
problem54 0 830273342 1
problem55 0 764789836 1
problem56 0 772894762 1
problem57 0 777798232 1
problem58 0 827299414 1
problem59 0 742177700 1
problem60 0 768923074 1
problem61 0 736476208 1
problem62 0 690215534 1
problem63 0 796463100 1
problem64 0 814780506 1
problem65 0 815252232 1
problem66 0 745284486 1
problem67 0 867049812 1
problem68 0 779157490 1
problem69 0 780121824 1
problem70 0 795791774 1
problem71 0 720588716 1
problem72 0 792102026 1
problem73 0 807335864 1
problem74 0 767968438 1
problem75 0 815004420 1
problem76 0 850755106 1
problem77 0 770368912 1
problem78 0 769711310 1
problem79 0 814711644 1
problem80 0 727076026 1
problem81 0 885842024 1
problem82 0 780204518 1
problem83 0 790186164 1
problem84 0 798314578 1
problem85 0 799164480 1
problem86 0 826080254 1
problem87 0 739814156 1
problem88 0 746776810 1
problem89 0 733773080 1
problem90 0 805258006 1
problem91 0 782830180 1
problem92 0 809727618 1
problem93 0 828432112 1
problem94 0 780545838 1
problem95 0 882493116 1
problem96 0 814700826 1
problem97 0 877186504 1
problem98 0 870588486 1
problem99 0 703479828 1
