problem0 0 43950145 0 2216.00
problem1 0.00 58918426 1 2272.00
problem2 0.00 49184762 1 2272.00
problem3 0.00 54300122 1 2272.00
problem4 0.00 47755198 0 2272.00
problem5 0.00 58615199 0 2272.00
problem6 0.00 45690746 1 2272.00
problem7 0.00 56921440 0 2272.00
problem8 0.00 40632125 0 2272.00
problem9 0.00 51053856 0 2272.00
problem10 0.00 51191546 1 2272.00
problem11 0.00 51236061 0 2272.00
problem12 0.00 41455290 1 2272.00
problem13 0.00 55108762 1 2272.00
problem14 0.00 51007098 1 2272.00
problem15 0.00 51924062 0 2272.00
problem16 0.00 52321852 0 2272.00
problem17 0.00 47711258 1 2272.00
problem18 0.00 47234554 1 2272.00
problem19 0.00 48499674 1 2272.00
problem20 0.00 50163134 0 2272.00
problem21 0.00 64512926 0 2272.00
problem22 0.00 54553982 0 2272.00
problem23 0.00 43060058 1 2272.00
problem24 0.00 45464890 1 2272.00
problem25 0.00 53084954 1 2272.00
problem26 0.00 58285310 0 2272.00
problem27 0.01 41896669 0 2272.00
problem28 0.00 44518588 0 2272.00
problem29 0.00 49078942 0 2272.00
problem30 0.00 31165564 0 2272.00
problem31 0.00 47106650 1 2272.00
problem32 0.00 57809980 0 2272.00
problem33 0.00 50397722 1 2272.00
problem34 0.00 46595066 1 2272.00
problem35 0.00 60787162 1 2272.00
problem36 0.00 41298874 1 2272.00
problem37 0.00 50749850 1 2272.00
problem38 0.00 52145021 0 2272.00
problem39 0.00 55675226 1 2272.00
problem40 0.00 59996986 1 2272.00
problem41 0.00 48038172 0 2272.00
problem42 0.00 58301178 1 2272.00
problem43 0.00 46450906 1 2272.00
problem44 0.00 44698301 0 2272.00
problem45 0.00 48554140 0 2272.00
problem46 0.00 58772090 1 2272.00
problem47 0.00 39405658 1 2272.00
problem48 0.00 39443002 1 2272.00
problem49 0.00 41811994 1 2272.00
problem50 0.00 55654906 1 2272.00
problem51 0.00 49219546 1 2272.00
problem52 0.00 37939648 0 2272.00
problem53 0.00 67657626 1 2272.00
problem54 0.00 51046782 0 2272.00
problem55 0.00 52823898 1 2272.00
problem56 0.00 50673978 1 2272.00
problem57 0.00 48496415 0 2272.00
problem58 0.00 42850554 1 2272.00
problem59 0.00 60704477 0 2272.00
problem60 0.01 50383036 0 2272.00
problem61 0.00 40951455 0 2272.00
problem62 0.00 49940602 1 2272.00
problem63 0.00 53986908 0 2272.00
problem64 0.00 55941187 0 2272.00
problem65 0.00 38731292 0 2272.00
problem66 0.00 45053946 1 2272.00
problem67 0.00 51545562 1 2272.00
problem68 0.00 48474042 1 2272.00
problem69 0.00 48127386 1 2272.00
problem70 0.00 42870650 1 2272.00
problem71 0.00 47088989 0 2272.00
problem72 0.00 46855996 0 2272.00
problem73 0.00 50265375 0 2272.00
problem74 0.00 62265086 0 2272.00
problem75 0.00 55297242 1 2272.00
problem76 0.00 48989882 1 2272.00
problem77 0.00 47242396 0 2272.00
problem78 0.00 46614138 1 2272.00
problem79 0.00 57295962 1 2272.00
problem80 0.00 52778556 0 2272.00
problem81 0.00 45349914 1 2272.00
problem82 0.00 56735228 0 2272.00
problem83 0.00 50987997 0 2272.00
problem84 0.00 51930557 0 2272.00
problem85 0.00 46685087 0 2272.00
problem86 0.00 40199546 1 2272.00
problem87 0.00 51053402 1 2272.00
problem88 0.00 52737338 1 2272.00
problem89 0.01 53345055 0 2272.00
problem90 0.00 49435902 0 2272.00
problem91 0.00 51200730 1 2272.00
problem92 0.00 53101756 0 2272.00
problem93 0.00 50649754 1 2272.00
problem94 0.00 52987002 1 2272.00
problem95 0.00 53527130 1 2272.00
problem96 0.00 55120954 1 2272.00
problem97 0.00 53279261 0 2272.00
problem98 0.00 48755706 1 2272.00
problem99 0.00 51741146 1 2272.00
