problem0 0.01 472001261 0
problem1 0.01 362104651 0
problem2 0.02 450021656 0
problem3 0.02 427872215 0
problem4 0.01 472717062 0
problem5 0 427218465 1
problem6 0.02 464494774 0
problem7 0.02 401294900 0
problem8 0.01 456569372 0
problem9 0.02 409848840 0
problem10 0.02 451434312 0
problem11 0.01 435540872 0
problem12 0 484465715 1
problem13 0.01 384731349 0
problem14 0.01 446450911 1
problem15 0.01 386062309 0
problem16 0 438793547 1
problem17 0.02 413756587 0
problem18 0.01 453435769 0
problem19 0.02 309375799 0
problem20 0.01 451239273 0
problem21 0.02 470472591 0
problem22 0.02 369063187 0
problem23 0.01 421119379 0
problem24 0.02 458192001 0
problem25 0.01 431696220 0
problem26 0.02 377055149 0
problem27 0.02 450129650 0
problem28 0.01 393681555 1
problem29 0.01 371114548 0
problem30 0 369367359 1
problem31 0.02 468913983 0
problem32 0.01 516534194 0
problem33 0.01 450232847 0
problem34 0.02 441117145 0
problem35 0.01 449054357 1
problem36 0.02 496014285 0
problem37 0 440223969 1
problem38 0.02 345323891 0
problem39 0.01 387036401 0
problem40 0 477177563 1
problem41 0 384628409 1
problem42 0.01 390490119 1
problem43 0.02 396524109 0
problem44 0 535611635 1
problem45 0 389639057 1
problem46 0.02 459134368 0
problem47 0.02 431535778 0
problem48 0.01 501275152 0
problem49 0.03 481494892 0
problem50 0.01 469164605 0
problem51 0.02 412273146 0
problem52 0.02 520534573 0
problem53 0.01 463874633 0
problem54 0.02 399044052 0
problem55 0.01 350950479 0
problem56 0.02 410241347 0
problem57 0.02 412824604 0
problem58 0.01 380065899 0
problem59 0 477623717 1
problem60 0.01 320431969 0
problem61 0.03 433489142 0
problem62 0 486638079 1
problem63 0.02 426495489 0
problem64 0 423949421 0
problem65 0.03 483949780 0
problem66 0.01 325241496 0
problem67 0.01 401931609 0
problem68 0 471847043 1
problem69 0.02 333282216 0
problem70 0.01 401773104 0
problem71 0.02 498983856 0
problem72 0.01 422534045 0
problem73 0.03 459137404 0
problem74 0.01 468990151 1
problem75 0.01 426565897 0
problem76 0.01 399832501 0
problem77 0.03 395185747 0
problem78 0.01 457645666 0
problem79 0.02 539252068 0
problem80 0.02 449707726 0
problem81 0.01 501113393 0
problem82 0.01 468099835 0
problem83 0.02 386048184 0
problem84 0.03 464770789 0
problem85 0.01 410729732 0
problem86 0.02 392832658 0
problem87 0.02 379724560 0
problem88 0.01 410770939 1
problem89 0.02 399310557 0
problem90 0.01 377817385 0
problem91 0.01 412695657 0
problem92 0.01 418870291 1
problem93 0 469239740 0
problem94 0.02 445033152 0
problem95 0 486165693 1
problem96 0.02 475265331 0
problem97 0.01 375175057 0
problem98 0.01 450521949 0
problem99 0.01 433304600 0
