problem0 0 78155642 1
problem1 0 69662403 1
problem2 0 71603579 1
problem3 0 69367800 1
problem4 0 74658932 1
problem5 0 77630597 1
problem6 0 73030821 1
problem7 0 73183658 1
problem8 0.01 68336718 1
problem9 0 72202919 1
problem10 0 83873711 1
problem11 0 76619964 1
problem12 0 70742280 1
problem13 0 76272425 1
problem14 0.01 71100569 1
problem15 0 81037102 1
problem16 0 74677410 1
problem17 0 68913163 1
problem18 0 80511331 1
problem19 0 86247168 1
problem20 0 55896348 1
problem21 0 71494477 1
problem22 0 73815053 1
problem23 0 74916402 1
problem24 0 85958774 1
problem25 0 59731695 1
problem26 0.01 73988759 1
problem27 0 87145156 1
problem28 0 65498288 1
problem29 0 70771953 1
problem30 0.01 61075201 1
problem31 0 79041206 1
problem32 0 84539338 1
problem33 0 60718931 1
problem34 0 63015755 1
problem35 0 68602888 1
problem36 0 63491012 1
problem37 0.01 78827541 1
problem38 0 68225397 1
problem39 0 73984186 1
problem40 0 75715230 1
problem41 0 57919799 1
problem42 0 82871167 1
problem43 0 66439884 1
problem44 0 59823704 1
problem45 0.01 76659897 1
problem46 0 68612969 1
problem47 0.01 72168510 1
problem48 0 79331570 1
problem49 0 78666907 1
problem50 0 66990899 1
problem51 0 79120144 1
problem52 0.01 68508780 1
problem53 0 76069597 1
problem54 0 57474269 1
problem55 0.01 71730498 1
problem56 0 83645126 1
problem57 0 69945727 1
problem58 0 73460327 1
problem59 0 80335060 1
problem60 0.01 69873152 1
problem61 0 77716097 1
problem62 0 85489105 1
problem63 0 69102534 1
problem64 0 66295834 1
problem65 0 82943971 1
problem66 0 75299099 1
problem67 0.01 77723672 1
problem68 0 69278484 1
problem69 0 79506341 1
problem70 0 70037061 1
problem71 0 79984586 1
problem72 0 78192878 1
problem73 0 75919303 1
problem74 0.01 73707343 1
problem75 0 83512540 1
problem76 0 84538280 1
problem77 0 64011849 1
problem78 0 72021561 1
problem79 0 72235342 1
problem80 0 71548226 1
problem81 0 77777195 1
problem82 0 77094147 1
problem83 0.01 68378400 1
problem84 0 70420412 1
problem85 0 78160493 1
problem86 0 77766061 1
problem87 0 74924114 1
problem88 0 76037398 1
problem89 0 66436111 1
problem90 0 67523127 1
problem91 0 70500068 1
problem92 0 82224976 1
problem93 0 82241553 1
problem94 0 66122913 1
problem95 0 73473238 1
problem96 0 81358954 1
problem97 0.01 77879411 1
problem98 0 84598507 1
problem99 0.02 78117928 1
