problem0 0 5234384 1
problem1 0 5195414 1
problem2 0 5152525 1
problem3 0 5193679 1
problem4 0 5167762 1
problem5 0 5245103 0
problem6 0 5761695 1
problem7 0 5435768 0
problem8 0 5442164 1
problem9 0 5440617 0
problem10 0 4859729 1
problem11 0 5084611 1
problem12 0 5189750 1
problem13 0 4805571 0
problem14 0 5760803 1
problem15 0 6018733 1
problem16 0 4861592 1
problem17 0 5353662 1
problem18 0 5561365 1
problem19 0 4914742 0
problem20 0 5441242 1
problem21 0 5535064 1
problem22 0 5232679 1
problem23 0 5437025 1
problem24 0 5167932 1
problem25 0 4955026 1
problem26 0 4771161 1
problem27 0 5261610 0
problem28 0 5172670 1
problem29 0 5553516 1
problem30 0 5295531 1
problem31 0 5382293 1
problem32 0 4759648 1
problem33 0 5575909 0
problem34 0 5376797 1
problem35 0 4998814 0
problem36 0 5731618 1
problem37 0 5471231 0
problem38 0 5232559 1
problem39 0 4662601 1
problem40 0 5180932 1
problem41 0 5008569 0
problem42 0 5416289 1
problem43 0 5621395 1
problem44 0 5188870 1
problem45 0 5898515 0
problem46 0 5637683 1
problem47 0 4576381 1
problem48 0 5616680 1
problem49 0 5501709 0
problem50 0 5549093 1
problem51 0 5347591 1
problem52 0 5416298 1
problem53 0 6003879 0
problem54 0 5269815 1
problem55 0 5635633 1
problem56 0 5251788 1
problem57 0 5634017 0
problem58 0 5648233 1
problem59 0 5017082 0
problem60 0 5140046 1
problem61 0 5217979 0
problem62 0 5378235 1
problem63 0 5337701 1
problem64 0 4975088 1
problem65 0 5294901 0
problem66 0 5586733 1
problem67 0 5600622 0
problem68 0 5183410 1
problem69 0 5592911 0
problem70 0 5508287 1
problem71 0 5112088 0
problem72 0 5151124 1
problem73 0 5553417 0
problem74 0 5237617 1
problem75 0 5054306 0
problem76 0 5321110 1
problem77 0 5379683 0
problem78 0 5598531 1
problem79 0 5601868 0
problem80 0 5489080 1
problem81 0 5381469 0
problem82 0 5260341 1
problem83 0 5397463 1
problem84 0 4934650 1
problem85 0 5188599 0
problem86 0 5194311 1
problem87 0 4959744 0
problem88 0 5173852 1
problem89 0 5585969 0
problem90 0 5265785 1
problem91 0 4979402 0
problem92 0 4847326 1
problem93 0 5236748 1
problem94 0 5938123 1
problem95 0 4746293 1
problem96 0 5094272 1
problem97 0 5400966 1
problem98 0 4864829 1
problem99 0 5426238 0
