problem0 0.66 1023093193760149 429 1 0.65
problem1 0.64 1124173598572748 558 2 0.63
problem2 0.34 1105109613863572 526 1 0.33
problem3 0.78 958286895037285 1455 2 0.77
problem4 0.41 1040085722453111 824 1 0.41
problem5 0.34 1165159077291949 461 1 0.32
problem6 0.36 1090852310178456 819 1 0.34
problem7 0.93 965209469822940 1749 2 0.91
problem8 0.98 956985199607414 2134 2 0.96
problem9 0.46 964585519933589 1052 1 0.45
problem10 1.07 996756381452850 2415 2 1.03
problem11 0.37 1100839783391038 551 1 0.35
problem12 0.42 1021627758943577 877 1 0.41
problem13 0.43 963013422468940 933 1 0.41
problem14 0.38 1179073132424820 338 1 0.38
problem15 1.13 707297251511780 4941 2 1.07
problem16 0.56 1012297167240689 1244 1 0.54
problem17 0.57 1038106919446325 1307 1 0.54
problem18 0.58 1053205142408677 673 1 0.58
problem19 0.5 1154874044406632 548 1 0.48
problem20 0.58 1036451868457868 1471 1 0.55
problem21 0.49 1073234562715902 617 1 0.48
problem22 0.57 1112920188534917 1721 1 0.54
problem23 0.46 1074275189993683 230 1 0.45
problem24 0.54 1034835090509525 744 1 0.53
problem25 0.63 924694542049731 4396 1 0.59
problem26 0.59 810510580877719 2295 1 0.56
problem27 0.57 885655757757477 2253 1 0.55
problem28 0.54 1007472134867013 548 1 0.54
problem29 0.55 971370825518007 1357 1 0.53
problem30 0.54 1140173348255466 461 1 0.54
problem31 0.57 1037039600288067 910 1 0.54
problem32 0.57 975657868281303 1324 1 0.56
problem33 0.62 1006018209552560 1904 1 0.58
problem34 0.63 1063629395823494 1857 1 0.6
problem35 0.51 1070363866597248 530 1 0.51
problem36 0.52 1054502518549689 834 1 0.5
problem37 0.47 997604820070110 631 1 0.45
problem38 0.49 1170771059793223 463 1 0.47
problem39 0.55 1097709217005753 1114 1 0.53
problem40 0.5 1213091054306233 470 1 0.49
problem41 0.58 1155524283678668 1158 1 0.55
problem42 0.48 1227999768171883 450 1 0.47
problem43 0.58 1030917667424940 1917 1 0.55
problem44 0.48 1096821591550671 316 1 0.47
problem45 0.53 1025192893953892 572 1 0.53
problem46 0.53 1113298271587718 1034 1 0.51
problem47 0.6 1023664333519875 1420 1 0.56
problem48 0.56 943265415803218 991 1 0.54
problem49 0.54 1050644928543420 1226 1 0.52
problem50 0.47 1126287927015309 227 1 0.47
problem51 0.61 1002456247021945 2064 1 0.57
problem52 0.54 1057540579322799 597 1 0.52
problem53 0.49 1220176734440829 745 1 0.48
problem54 0.6 992309079867665 1240 1 0.57
problem55 0.59 1056774570202221 1926 1 0.54
problem56 0.56 1066191909988219 1215 1 0.53
problem57 0.53 1075079735272552 785 1 0.52
problem58 0.57 1007853274543713 1607 1 0.55
problem59 0.59 893221805926646 2454 1 0.57
problem60 0.59 919167229617912 1012 1 0.58
problem61 0.59 1045539466699062 1094 1 0.58
problem62 0.61 940304394183562 2078 1 0.56
problem63 0.56 1015228931637357 1661 1 0.55
problem64 0.52 1152798168021852 901 1 0.49
problem65 0.51 1184047641031615 121 1 0.51
problem66 0.6 1067567495283368 1161 1 0.58
problem67 0.52 971519150049689 748 1 0.52
problem68 0.54 1052584073528199 997 1 0.52
problem69 0.57 1107236084505375 1272 1 0.54
problem70 0.58 1064362716143618 1142 1 0.57
problem71 0.55 1134795682660323 899 1 0.52
problem72 0.56 954415730562515 1457 1 0.54
problem73 0.52 1016386517582371 645 1 0.51
problem74 0.48 1026942154924296 579 1 0.47
problem75 0.51 1055141186601425 924 1 0.48
problem76 0.46 1083674486376944 463 1 0.45
problem77 0.51 1039779400449775 1048 1 0.5
problem78 0.53 999780439236243 1638 1 0.5
problem79 0.58 990330625268585 1205 1 0.57
problem80 0.53 965952954159274 975 1 0.52
problem81 0.57 925108792800611 1815 1 0.56
problem82 0.59 1044197387204100 951 1 0.57
problem83 0.54 1111833315519345 861 1 0.52
problem84 0.43 1144424656220242 450 1 0.42
problem85 0.46 1218862021375723 693 1 0.44
problem86 0.47 1121039247994868 788 1 0.45
problem87 0.52 1141880082320867 966 1 0.5
problem88 0.51 1104505429950762 876 1 0.49
problem89 0.55 1017844588066133 902 1 0.54
problem90 0.52 997786743509428 911 1 0.51
problem91 0.54 1065911626110748 690 1 0.53
problem92 0.53 1098723378763262 506 1 0.53
problem93 0.52 1123398325065839 840 1 0.51
problem94 0.56 1047244351950216 1084 1 0.54
problem95 0.58 984532515557131 1643 1 0.56
problem96 0.44 1162577681871072 362 1 0.43
problem97 0.56 975003287368083 1196 1 0.54
problem98 0.56 911215530825802 1611 1 0.55
problem99 0.52 1077671046080001 957 1 0.49
