problem0 0 12360 1 0.00
problem1 0.00 11182 1 0.00
problem2 0.00 12677 1 0.00
problem3 0.00 12135 1 0.00
problem4 0.00 12042 1 0.00
problem5 0.00 12232 1 0.00
problem6 0.00 12823 1 0.00
problem7 0.00 12049 1 0.00
problem8 0.00 13292 1 0.00
problem9 0.00 13698 1 0.00
problem10 0.00 13257 1 0.00
problem11 0.00 12635 1 0.00
problem12 0.00 10990 1 0.00
problem13 0.00 11996 1 0.00
problem14 0.00 13979 1 0.00
problem15 0.00 13381 1 0.00
problem16 0.00 11792 1 0.00
problem17 0.00 14294 1 0.00
problem18 0.00 13453 1 0.00
problem19 0.00 11215 1 0.00
problem20 0.00 12114 1 0.00
problem21 0.00 11888 1 0.00
problem22 0.00 11167 1 0.00
problem23 0.00 13305 1 0.00
problem24 0.00 11444 1 0.00
problem25 0.00 12458 1 0.00
problem26 0.00 11217 1 0.00
problem27 0.00 13507 1 0.00
problem28 0.00 12342 1 0.00
problem29 0.00 12932 1 0.00
problem30 0.00 14115 1 0.00
problem31 0.00 12845 1 0.00
problem32 0.00 12760 1 0.00
problem33 0.00 10750 1 0.00
problem34 0.00 11669 1 0.00
problem35 0.00 14903 1 0.00
problem36 0.00 12698 1 0.00
problem37 0.00 12056 1 0.00
problem38 0.00 14119 1 0.00
problem39 0.00 13537 1 0.00
problem40 0.00 11132 1 0.00
problem41 0.00 12242 1 0.00
problem42 0.00 11737 1 0.00
problem43 0.00 11307 1 0.00
problem44 0.00 13182 1 0.00
problem45 0.00 11820 1 0.00
problem46 0.00 12203 1 0.00
problem47 0.00 11285 1 0.00
problem48 0.00 12704 1 0.00
problem49 0.00 13862 1 0.00
problem50 0.00 12445 1 0.00
problem51 0.00 13983 1 0.00
problem52 0.00 12770 1 0.00
problem53 0.00 12224 1 0.00
problem54 0.00 11439 1 0.00
problem55 0.00 11209 1 0.00
problem56 0.00 14916 1 0.00
problem57 0.00 13050 1 0.00
problem58 0.00 12257 1 0.00
problem59 0.00 14227 1 0.00
problem60 0.00 12486 1 0.00
problem61 0.00 11732 1 0.00
problem62 0.00 11827 1 0.00
problem63 0.00 12285 1 0.00
problem64 0.00 11112 1 0.00
problem65 0.00 13902 1 0.00
problem66 0.00 11173 1 0.00
problem67 0.00 12039 1 0.00
problem68 0.00 11818 1 0.00
problem69 0.00 12392 1 0.00
problem70 0.00 13879 1 0.00
problem71 0.00 12465 1 0.00
problem72 0.00 14604 1 0.00
problem73 0.00 11810 1 0.00
problem74 0.00 12265 1 0.00
problem75 0.00 11515 1 0.00
problem76 0.00 11278 1 0.00
problem77 0.00 14716 1 0.00
problem78 0.00 14011 1 0.00
problem79 0.00 11749 1 0.00
problem80 0.00 14128 1 0.00
problem81 0.00 12406 1 0.00
problem82 0.00 11949 1 0.00
problem83 0.00 11119 1 0.00
problem84 0.00 12402 1 0.00
problem85 0.00 11536 1 0.00
problem86 0.00 13759 1 0.00
problem87 0.00 11161 1 0.00
problem88 0.00 12244 1 0.00
problem89 0.00 12106 1 0.00
problem90 0.00 11761 1 0.00
problem91 0.00 13923 1 0.00
problem92 0.00 13142 1 0.00
problem93 0.00 14116 1 0.00
problem94 0.00 11587 1 0.00
problem95 0.00 12237 1 0.00
problem96 0.00 11000 1 0.00
problem97 0.00 12958 1 0.00
problem98 0.00 14261 1 0.00
problem99 0.00 13783 1 0.00
