problem0 0 154355 1 0.00
problem1 0.00 148472 1 0.00
problem2 0.00 133460 1 0.00
problem3 0.00 138589 1 2352.00
problem4 0.00 131021 1 2352.00
problem5 0.00 172858 1 2352.00
problem6 0.00 174238 1 2352.00
problem7 0.00 174287 1 2352.00
problem8 0.00 189447 1 2352.00
problem9 0.00 167772 1 2352.00
problem10 0.00 145480 1 2352.00
problem11 0.00 144929 1 2352.00
problem12 0.00 139681 1 2352.00
problem13 0.00 166494 1 2352.00
problem14 0.00 180818 1 2352.00
problem15 0.00 169811 1 2352.00
problem16 0.00 160411 1 2352.00
problem17 0.00 161344 1 2352.00
problem18 0.00 168124 1 2352.00
problem19 0.00 147045 1 2352.00
problem20 0.00 143605 1 2352.00
problem21 0.00 185602 1 2352.00
problem22 0.00 159110 1 2352.00
problem23 0.00 154967 1 2352.00
problem24 0.00 161455 1 2352.00
problem25 0.00 174244 1 2352.00
problem26 0.00 172720 1 2352.00
problem27 0.00 165417 1 2352.00
problem28 0.00 163273 1 2352.00
problem29 0.00 168742 1 2352.00
problem30 0.00 162362 1 2352.00
problem31 0.00 158427 1 2352.00
problem32 0.00 155715 1 2352.00
problem33 0.00 169608 1 2352.00
problem34 0.00 163364 1 2352.00
problem35 0.00 163181 1 2352.00
problem36 0.00 178205 1 2352.00
problem37 0.00 152778 1 2352.00
problem38 0.00 161902 1 2352.00
problem39 0.00 143327 1 2352.00
problem40 0.00 163671 1 2352.00
problem41 0.00 151532 1 2352.00
problem42 0.00 127768 1 2352.00
problem43 0.00 177201 1 2352.00
problem44 0.00 159729 1 2352.00
problem45 0.00 166382 1 2352.00
problem46 0.00 170018 1 2352.00
problem47 0.00 154723 1 2352.00
problem48 0.00 148459 1 2352.00
problem49 0.00 173264 1 2352.00
problem50 0.00 176524 1 2352.00
problem51 0.00 154229 1 2352.00
problem52 0.00 161093 1 2352.00
problem53 0.00 148114 1 2352.00
problem54 0.00 141654 1 2352.00
problem55 0.00 163943 1 2352.00
problem56 0.00 155135 1 2352.00
problem57 0.00 156980 1 2352.00
problem58 0.00 166272 1 2352.00
problem59 0.00 180281 1 2352.00
problem60 0.01 161817 1 2352.00
problem61 0.00 175798 1 2352.00
problem62 0.00 162826 1 2352.00
problem63 0.00 134123 1 2352.00
problem64 0.00 163219 1 2352.00
problem65 0.00 164120 1 2352.00
problem66 0.00 158452 1 2352.00
problem67 0.00 136573 1 2352.00
problem68 0.00 174189 1 2352.00
problem69 0.00 147034 1 2352.00
problem70 0.00 163902 1 2352.00
problem71 0.00 159471 1 2352.00
problem72 0.00 152231 1 2352.00
problem73 0.00 157820 1 2352.00
problem74 0.00 140776 1 2352.00
problem75 0.00 125505 1 2352.00
problem76 0.00 161345 1 2352.00
problem77 0.00 147838 1 2352.00
problem78 0.01 165362 1 2352.00
problem79 0.00 153971 1 2352.00
problem80 0.00 118075 1 2352.00
problem81 0.00 166752 1 2352.00
problem82 0.00 150108 1 2352.00
problem83 0.00 126597 1 2352.00
problem84 0.00 168341 1 2352.00
problem85 0.00 174114 1 2352.00
problem86 0.00 163110 1 2352.00
problem87 0.00 162679 1 2352.00
problem88 0.00 163151 1 2352.00
problem89 0.00 162244 1 2352.00
problem90 0.00 149584 1 2352.00
problem91 0.00 176713 1 2352.00
problem92 0.00 174697 1 2352.00
problem93 0.00 156230 1 2352.00
problem94 0.00 185818 1 2352.00
problem95 0.00 165115 1 2352.00
problem96 0.00 152291 1 2352.00
problem97 0.00 164776 1 2352.00
problem98 0.00 167876 1 2352.00
problem99 0.00 173453 1 2352.00
