problem0 0 885671 1
problem1 0 958089 1
problem2 0 1037332 1
problem3 0 894690 1
problem4 0 1212969 1
problem5 0 1092419 1
problem6 0 892198 1
problem7 0 878060 1
problem8 0 933451 1
problem9 0 1028893 1
problem10 0 940248 1
problem11 0 1188118 1
problem12 0 1051149 1
problem13 0 983063 1
problem14 0 813354 1
problem15 0 979552 1
problem16 0 1038191 1
problem17 0 982065 1
problem18 0 905244 1
problem19 0 988106 1
problem20 0 997489 1
problem21 0.01 930155 1
problem22 0 864174 1
problem23 0 1040212 1
problem24 0 941843 1
problem25 0 936389 1
problem26 0 1100256 1
problem27 0 1036030 1
problem28 0 728405 1
problem29 0 986943 1
problem30 0 950450 1
problem31 0 1080520 1
problem32 0 845111 1
problem33 0 879577 1
problem34 0 1037860 1
problem35 0 893618 1
problem36 0 1034425 1
problem37 0 1010067 1
problem38 0 1174582 1
problem39 0 1055420 1
problem40 0 817627 1
problem41 0 995949 1
problem42 0 885992 1
problem43 0 843494 1
problem44 0 805533 1
problem45 0 659559 1
problem46 0 983610 1
problem47 0 919856 1
problem48 0 994559 1
problem49 0 1142145 1
problem50 0 812588 1
problem51 0 971674 1
problem52 0 832257 1
problem53 0 1102779 1
problem54 0 1004222 1
problem55 0 694308 1
problem56 0 986787 1
problem57 0 1109269 1
problem58 0 920048 1
problem59 0 905422 1
problem60 0 1184229 1
problem61 0 820111 1
problem62 0 748994 1
problem63 0 792472 1
problem64 0 863943 1
problem65 0 1016105 1
problem66 0 983092 1
problem67 0 730754 1
problem68 0 1013577 1
problem69 0 978915 1
problem70 0 910150 1
problem71 0 972684 1
problem72 0 826731 1
problem73 0 1046973 1
problem74 0 907512 1
problem75 0 795830 1
problem76 0 979757 1
problem77 0 977079 1
problem78 0 934730 1
problem79 0 927744 1
problem80 0 813711 1
problem81 0 927441 1
problem82 0 926780 1
problem83 0 858986 1
problem84 0 955793 1
problem85 0 998923 1
problem86 0 859598 1
problem87 0 874740 1
problem88 0 894515 1
problem89 0 907365 1
problem90 0 1012224 1
problem91 0 940702 1
problem92 0 814709 1
problem93 0 901087 1
problem94 0 852690 1
problem95 0 965224 1
problem96 0 1073239 1
problem97 0 843385 1
problem98 0 807492 1
problem99 0 995922 1
