problem0 0 766449298323040 0
problem1 0.01 925456608647101 0
problem2 0 814863053361757 0
problem3 0 644547476108306 0
problem4 0.01 844795618606203 0
problem5 0 794886652405645 0
problem6 0.01 937820211411745 0
problem7 0 963074803249427 0
problem8 0.01 827331514979168 0
problem9 0 877262830693178 0
problem10 0.01 800848548965421 0
problem11 0.01 842334122729286 0
problem12 0 708202452108569 0
problem13 0 718577378863687 0
problem14 0.01 765570494556327 0
problem15 0 993073711327374 0
problem16 0.01 738074175466025 0
problem17 0 978403647317329 0
problem18 0 839058234982739 0
problem19 0.01 854490292020778 0
problem20 0 1139874919015886 0
problem21 0 758598249681378 0
problem22 0.01 857967093737561 0
problem23 0 683816349808523 0
problem24 0.01 720627310632706 0
problem25 0 864968121098865 0
problem26 0.01 835397881323138 0
problem27 0 853148228420856 0
problem28 0.01 923664338360229 0
problem29 0.01 617002783993358 0
problem30 0 766798039599577 0
problem31 0.01 816420492872939 0
problem32 0 895635604449900 0
problem33 0.01 942415922913293 0
problem34 0 809697667597090 0
problem35 0 702014341819043 0
problem36 0.01 879017115523993 0
problem37 0 808645429649242 0
problem38 0.01 852116985033121 0
problem39 0 886661988895394 0
problem40 0 771165439932400 0
problem41 0.01 783588286369862 0
problem42 0 1017757669943495 0
problem43 0.01 817286460097121 0
problem44 0 816427491364728 0
problem45 0.01 918455896644342 0
problem46 0 645070638721044 0
problem47 0.01 880685798372457 0
problem48 0 912862993070945 0
problem49 0 904420201133951 0
problem50 0.01 806754905485581 0
problem51 0 776772080540723 0
problem52 0.01 855752274727073 0
problem53 0.01 884568852042655 0
problem54 0 869899556567333 0
problem55 0 798917849226896 0
problem56 0.01 884569168823290 0
problem57 0.01 880475748121054 0
problem58 0 848354471208859 0
problem59 0 743756022352765 0
problem60 0.01 703831024850615 0
problem61 0.01 733342273234880 0
problem62 0 962342210314306 0
problem63 0.01 672557510093191 0
problem64 0 707371199454662 0
problem65 0 1052292054176617 0
problem66 0.01 1079321582380304 0
problem67 0.01 850173690268681 0
problem68 0 832063340964202 0
problem69 0 806955806920135 0
problem70 0.01 810160490269668 0
problem71 0 791176228283828 0
problem72 0 911280049934526 0
problem73 0.01 641914791289629 0
problem74 0 682830678059465 0
problem75 0.01 931629519887949 0
problem76 0 768867208349613 0
problem77 0.01 935478550530165 0
problem78 0 875185815016576 0
problem79 0.01 804417199168606 0
problem80 0 968426129402050 0
problem81 0.01 865615792965531 0
problem82 0 673417690564147 0
problem83 0.01 754995445489975 0
problem84 0 980943647441125 0
problem85 0.01 805205691154878 0
problem86 0 907990183350386 0
problem87 0.01 794018469230419 0
problem88 0 892848686311282 0
problem89 0.01 798630390610958 0
problem90 0 711694540085528 0
problem91 0 879328712945015 0
problem92 0.01 743522357387057 0
problem93 0 749207284026894 0
problem94 0.01 914356960548210 0
problem95 0 938462492498627 0
problem96 0.01 869960528219646 0
problem97 0.01 910086675999392 0
problem98 0 774506826199818 0
problem99 0 772408329783689 0
