problem0 0 98010 1
problem1 0 99720 1
problem2 0 94726 1
problem3 0 107476 1
problem4 0 108146 1
problem5 0 94560 1
problem6 0 98334 1
problem7 0 102956 1
problem8 0 97034 1
problem9 0 92728 1
problem10 0 97078 1
problem11 0 95620 1
problem12 0 95394 1
problem13 0 100368 1
problem14 0 97102 1
problem15 0 93660 1
problem16 0 95034 1
problem17 0 94952 1
problem18 0 98406 1
problem19 0 99124 1
problem20 0 102098 1
problem21 0 101056 1
problem22 0 98942 1
problem23 0 99724 1
problem24 0 94058 1
problem25 0 85912 1
problem26 0 94614 1
problem27 0 99556 1
problem28 0 95490 1
problem29 0 80240 1
problem30 0 91566 1
problem31 0 90428 1
problem32 0 96154 1
problem33 0 98376 1
problem34 0 91846 1
problem35 0 88724 1
problem36 0 98098 1
problem37 0 89120 1
problem38 0 111838 1
problem39 0 88300 1
problem40 0 93130 1
problem41 0 97528 1
problem42 0 92150 1
problem43 0 93252 1
problem44 0 97634 1
problem45 0 103120 1
problem46 0 94222 1
problem47 0 113820 1
problem48 0 101370 1
problem49 0 93608 1
problem50 0 97574 1
problem51 0 98804 1
problem52 0 102290 1
problem53 0 97664 1
problem54 0 91966 1
problem55 0 99404 1
problem56 0 94250 1
problem57 0 100952 1
problem58 0 89686 1
problem59 0 95140 1
problem60 0 95682 1
problem61 0 99376 1
problem62 0 98926 1
problem63 0 98300 1
problem64 0 102490 1
problem65 0 103176 1
problem66 0 97158 1
problem67 0 98644 1
problem68 0 88050 1
problem69 0 85728 1
problem70 0 106910 1
problem71 0 96172 1
problem72 0 83082 1
problem73 0 94136 1
problem74 0 83126 1
problem75 0 94980 1
problem76 0 91682 1
problem77 0 97680 1
problem78 0 91342 1
problem79 0 97116 1
problem80 0 95418 1
problem81 0 92264 1
problem82 0 102886 1
problem83 0 92340 1
problem84 0 94290 1
problem85 0 96320 1
problem86 0 93182 1
problem87 0 94988 1
problem88 0 100586 1
problem89 0 93464 1
problem90 0 105238 1
problem91 0 113252 1
problem92 0 93826 1
problem93 0 91888 1
problem94 0 108334 1
problem95 0 93884 1
problem96 0 96538 1
problem97 0 95688 1
problem98 0 98374 1
problem99 0 92180 1
