problem0 5.9e-05 194996020468 1
problem1 3.6e-05 184133189541 1
problem2 3.1e-05 189808609877 1
problem3 2.8e-05 174535632730 1
problem4 3e-05 173100136942 1
problem5 2.9e-05 193296424871 1
problem6 2.9e-05 183620438015 1
problem7 7.9e-05 177193632204 1
problem8 2.9e-05 176869471944 1
problem9 0.000196 180548316425 1
problem10 5.3e-05 184405640841 1
problem11 3.5e-05 186208310942 1
problem12 3e-05 184866194818 1
problem13 9.1e-05 179168401867 1
problem14 3.1e-05 205531193331 1
problem15 6.3e-05 189008840656 1
problem16 6e-05 185401143324 1
problem17 8.3e-05 189071210477 1
problem18 5.3e-05 187855162941 1
problem19 4.7e-05 196721121122 1
problem20 3.1e-05 191479832726 1
problem21 3.1e-05 185989822831 1
problem22 3e-05 196431833959 1
problem23 4.9e-05 176435144532 1
problem24 2.8e-05 184644526320 1
problem25 3e-05 184336035921 1
problem26 4.3e-05 175822958961 1
problem27 0.000155 169168877990 1
problem28 3e-05 181153667882 1
problem29 6.1e-05 176871722643 1
problem30 5e-05 175521282651 1
problem31 0.000699 182319099992 1
problem32 3.1e-05 173168957764 1
problem33 9.1e-05 181810996789 1
problem34 4.6e-05 197666504741 1
problem35 3.7e-05 183587130730 1
problem36 2.8e-05 188857238846 1
problem37 3.7e-05 180759324983 1
problem38 4.2e-05 184496577743 1
problem39 3.2e-05 166348239580 1
problem40 4.9e-05 162874190104 1
problem41 7.7e-05 183477905817 1
problem42 8.3e-05 179256543833 1
problem43 2.9e-05 189324649134 1
problem44 4.7e-05 182185799378 1
problem45 4.6e-05 182478362971 1
problem46 3.3e-05 195534037699 1
problem47 7.7e-05 194100936416 1
problem48 4.7e-05 179145580652 1
problem49 3.7e-05 185117690493 1
problem50 3.2e-05 190594654221 1
problem51 4.1e-05 174430390642 1
problem52 4e-05 191908030438 1
problem53 5.2e-05 181761519359 1
problem54 3.5e-05 192008641591 1
problem55 3.4e-05 190559741028 1
problem56 7.1e-05 179270684480 1
problem57 0.000142 174334875873 1
problem58 3e-05 175351943489 1
problem59 3.1e-05 176529330614 1
problem60 2.9e-05 169649111162 1
problem61 6.5e-05 197916686883 1
problem62 2.9e-05 190023391531 1
problem63 3.6e-05 181506159464 1
problem64 6.9e-05 170437608852 1
problem65 3.1e-05 185893037253 1
problem66 5.4e-05 186005925365 1
problem67 0.000381 180284312442 1
problem68 2.9e-05 189036955790 1
problem69 5e-05 179334859463 1
problem70 3.5e-05 172831369631 1
problem71 3.1e-05 183130766316 1
problem72 2.9e-05 179422778216 1
problem73 2.9e-05 184580472361 1
problem74 5.1e-05 183977739817 1
problem75 0.000115 182764275390 1
problem76 3.3e-05 185005248546 1
problem77 6.1e-05 185057358059 1
problem78 6.3e-05 195848527251 1
problem79 4.8e-05 180092800496 1
problem80 4.6e-05 196374677692 1
problem81 0.000115 185775469837 1
problem82 4.1e-05 192896215517 1
problem83 0.000104 181905724290 1
problem84 6.5e-05 171851114294 1
problem85 0.000112 179124911247 1
problem86 2.9e-05 187663320327 1
problem87 3.4e-05 187734276468 1
problem88 0.000105 187182855568 1
problem89 7.3e-05 167034575217 1
problem90 5.1e-05 182218516753 1
problem91 4e-05 186851688902 1
problem92 2.9e-05 179838213578 1
problem93 0.000191 195770318259 1
problem94 2.8e-05 198662467579 1
problem95 0.000165 179405278840 1
problem96 6.1e-05 185169603044 1
problem97 4.2e-05 198053100373 1
problem98 3.2e-05 177276097477 1
problem99 3.4e-05 190038630794 1
