problem0 123.52 394642888928144 1
problem1 56.62 396467020237809 1
problem2 14.98 405132182951857 1
problem3 196.15 362029827022118 1
problem4 69.31 399445935515018 1
problem5 139.22 405622246833779 1
problem6 9.33 353857659666779 1
problem7 307.5 430853234323736 1
problem8 15.22 390200885781860 1
problem9 60.65 417024371432533 1
problem10 4.36 405120412576229 1
problem11 1092.22 389058301369706 1
problem12 8.12 392578617365790 1
problem13 196.71 353845907068823 1
problem14 1.67 412181663935311 1
problem15 358.83 424235708023836 1
problem16 39.46 376140598853304 1
problem17 609.32 468802374140473 1
problem18 128.89 384000882442137 1
problem19 124.61 428974456350510 1
problem20 106.4 413221379345458 1
problem21 19.17 411354498715195 1
problem22 0.2 375817381609667 1
problem23 22 406271363639456 1
problem24 10.65 386136880039820 1
problem25 191.09 399290662538653 1
problem26 0.82 369500515412173 1
problem27 204.67 447077295426162 1
problem28 55.14 386314901445318 1
problem29 196.28 375880694379103 1
problem30 76.69 380275971396023 1
problem31 458.04 411921567395492 1
problem32 10.73 422459275874272 1
problem33 12.11 420166789467777 1
problem34 25.34 423000809420161 1
problem35 56.28 382536848889654 1
problem36 17.98 380218276548826 1
problem37 785.42 358659138180099 1
problem38 224.4 377531982999083 1
problem39 46.09 355819495220776 1
problem40 39.07 368240362153908 1
problem41 196.72 420909353325797 1
problem42 0.3 385240461702581 1
problem43 86.27 384984464825722 1
problem44 16.28 367219440385646 1
problem45 80.73 421615093859111 1
problem46 0.41 360383913256479 1
problem47 71.05 393280995761964 1
problem48 2.81 390278601678600 1
problem49 681.1 400154217820361 1
problem50 11.21 434908065315177 1
problem51 81.88 410088223731006 1
problem52 128.51 450504685417346 1
problem53 54.92 362992933998539 1
problem54 110.59 394916563011987 1
problem55 72.27 377966122101168 1
problem56 117.43 386436330194396 1
problem57 5.26 378656097940013 1
problem58 16.33 412031068131485 1
problem59 857.04 431031361001090 1
problem60 91.12 454626772140054 1
problem61 329.97 388788750698991 1
problem62 32.33 370583118702727 1
problem63 32.38 417684746818996 1
problem64 10.45 388365036284976 1
problem65 80.87 425323078838545 1
problem66 259.44 385718628748113 1
problem67 60.08 380275735816518 1
problem68 13.3 378917735281706 1
problem69 519.47 390703778300307 1
problem70 48.42 406430327280379 1
problem71 476.42 410381922628408 1
problem72 30.72 400775894966788 1
problem73 203.95 418852276888949 1
problem74 85.29 444277960653189 1
problem75 95.75 386660538856842 1
problem76 118.45 384111625150398 1
problem77 32.27 385200751298231 1
problem78 177.95 437325159536879 1
problem79 77.89 375704060219964 1
problem80 202.98 389245168547672 1
problem81 184.65 370772889810777 1
problem82 10.05 366195665578809 1
problem83 17.81 407649748306766 1
problem84 26.41 423764729451218 1
problem85 365.41 411348614719835 1
problem86 0.03 406614615280227 1
problem87 144.53 377600870318784 1
problem88 8.63 417022626184236 1
problem89 188.55 379095618449085 1
problem90 4.23 351506629570669 1
problem91 17.65 440528695114386 1
problem92 58.06 409278102773094 1
problem93 163.89 397770716166527 1
problem94 136.38 411236885100375 1
problem95 86.3 365450031305924 1
problem96 290.67 382517392359552 1
problem97 115.25 353104085097377 1
problem98 46.09 384338453993761 1
problem99 126.71 424182996964182 1
