problem0 1.47 328043 5 186110904 6.95315e-310 0.00
problem1 2.43 328539 5 186110904 6.95315e-310 0.00
problem2 1.7 346955 5 186110904 6.95315e-310 0.00
problem3 1.47 284987 5 186110904 6.95315e-310 0.00
problem4 1.63 322859 5 186110904 6.95315e-310 0.00
problem5 1.03 313115 5 186110904 6.95315e-310 0.00
problem6 1.81 321291 5 186110904 6.95315e-310 0.00
problem7 1.52 363771 5 186110904 6.95315e-310 0.00
problem8 1.32 309483 5 186110904 6.95315e-310 0.00
problem9 1.89 338651 5 186110904 6.95315e-310 0.00
problem10 1.27 352971 5 186110904 6.95315e-310 0.00
problem11 1.41 319675 5 186110904 6.95315e-310 0.00
problem12 0.82 337067 5 186110904 6.95315e-310 0.00
problem13 1.76 339611 5 186110904 6.95315e-310 0.00
problem14 1.74 343691 5 186110904 6.95315e-310 0.00
problem15 1.56 349307 5 186110904 6.95315e-310 0.00
problem16 1.64 307307 5 186110904 6.95315e-310 0.00
problem17 1.6 332379 5 186110904 6.95315e-310 0.00
problem18 1.32 309835 5 186110904 6.95315e-310 0.00
problem19 1.64 305211 5 186110904 6.95315e-310 0.00
problem20 1.86 318507 5 186110904 6.95315e-310 0.00
problem21 1.4 284187 5 186110904 6.95315e-310 0.00
problem22 1.16 316939 5 186110904 6.95315e-310 0.00
problem23 1.06 302075 5 186110904 6.95315e-310 0.00
problem24 1.63 354283 5 186110904 6.95315e-310 0.00
problem25 0.93 375259 5 186110904 6.95315e-310 0.00
problem26 1.43 348619 5 186110904 6.95315e-310 0.00
problem27 1.62 372667 5 186110904 6.95315e-310 0.00
problem28 0.94 299947 5 186110904 6.95315e-310 0.00
problem29 1.37 376219 5 186110904 6.95315e-310 0.00
problem30 1.36 273803 5 186110904 6.95315e-310 0.00
problem31 1.38 353147 5 186110904 6.95315e-310 0.00
problem32 1.4 286571 5 186110904 6.95315e-310 0.00
problem33 1.32 287067 5 186110904 6.95315e-310 0.00
problem34 1.85 387403 5 186110904 6.95315e-310 0.00
problem35 1.9 341819 5 186110904 6.95315e-310 0.00
problem36 1.19 346923 5 186110904 6.95315e-310 0.00
problem37 2.11 353563 5 186110904 6.95315e-310 0.00
problem38 2.59 279819 5 186110904 6.95315e-310 0.00
problem39 1.88 289531 5 186110904 6.95315e-310 0.00
problem40 1.57 317163 5 186110904 6.95315e-310 0.00
problem41 1.57 313563 5 186110904 6.95315e-310 0.00
problem42 1.22 327883 5 186110904 6.95315e-310 0.00
problem43 1.81 343739 5 186110904 6.95315e-310 0.00
problem44 1.34 328363 5 186110904 6.95315e-310 0.00
problem45 1.58 330907 5 186110904 6.95315e-310 0.00
problem46 0.86 302219 5 186110904 6.95315e-310 0.00
problem47 1.9 356987 5 186110904 6.95315e-310 0.00
problem48 1.52 347755 5 186110904 6.95315e-310 0.00
problem49 2.12 340059 5 186110904 6.95315e-310 0.00
problem50 1.23 383051 5 186110904 6.95315e-310 0.00
problem51 1.23 345659 5 186110904 6.95315e-310 0.00
problem52 1.59 309803 5 186110904 6.95315e-310 0.00
problem53 1.91 357403 5 186110904 6.95315e-310 0.00
problem54 1.38 324619 5 186110904 6.95315e-310 0.00
problem55 1.69 342523 5 186110904 6.95315e-310 0.00
problem56 1.16 296427 5 186110904 6.95315e-310 0.00
problem57 2.12 268251 5 186110904 6.95315e-310 0.00
problem58 1.62 339915 5 186110904 6.95315e-310 0.00
problem59 1.52 331195 5 186110904 6.95315e-310 0.00
problem60 1.06 389547 5 186110904 6.95315e-310 0.00
problem61 1.97 351131 5 186110904 6.95315e-310 0.00
problem62 1.68 297867 5 186110904 6.95315e-310 0.00
problem63 1.79 360827 5 186110904 6.95315e-310 0.00
problem64 1.93 376171 5 186110904 6.95315e-310 0.00
problem65 1.32 327515 5 186110904 6.95315e-310 0.00
problem66 1.91 345931 5 186110904 6.95315e-310 0.00
problem67 1.7 300347 5 186110904 6.95315e-310 0.00
problem68 1.57 305451 5 186110904 6.95315e-310 0.00
problem69 1.57 344859 5 186110904 6.95315e-310 0.00
problem70 1.41 369419 5 186110904 6.95315e-310 0.00
problem71 2.6 264443 5 186110904 6.95315e-310 0.00
problem72 2.04 308459 5 186110904 6.95315e-310 0.00
problem73 1.93 354011 5 186110904 6.95315e-310 0.00
problem74 1.29 319179 5 186110904 6.95315e-310 0.00
problem75 2.2 351419 5 186110904 6.95315e-310 0.00
problem76 1.24 319659 5 186110904 6.95315e-310 0.00
problem77 1.58 371355 5 186110904 6.95315e-310 0.00
problem78 1.43 293515 5 186110904 6.95315e-310 0.00
problem79 1.77 331899 5 186110904 6.95315e-310 0.00
problem80 1.45 306283 5 186110904 6.95315e-310 0.00
problem81 1.21 331355 5 186110904 6.95315e-310 0.00
problem82 1.82 341579 5 186110904 6.95315e-310 0.00
problem83 1.44 320571 5 186110904 6.95315e-310 0.00
problem84 1.37 333867 5 186110904 6.95315e-310 0.00
problem85 1.09 266779 5 186110904 6.95315e-310 0.00
problem86 1.33 315915 5 186110904 6.95315e-310 0.00
problem87 2.14 350203 5 186110904 6.95315e-310 0.00
problem88 1.67 336875 5 186110904 6.95315e-310 0.00
problem89 0.97 341467 5 186110904 6.95315e-310 0.00
problem90 1.14 331211 5 186110904 6.95315e-310 0.00
problem91 1.53 322491 5 186110904 6.95315e-310 0.00
problem92 1.42 380843 5 186110904 6.95315e-310 0.00
problem93 1.78 375195 5 186110904 6.95315e-310 0.00
problem94 1.86 354699 5 186110904 6.95315e-310 0.00
problem95 1.52 335739 5 186110904 6.95315e-310 0.00
problem96 1.29 367467 5 186110904 6.95315e-310 0.00
problem97 1.23 367963 5 186110904 6.95315e-310 0.00
problem98 1.5 337227 5 186110904 6.95315e-310 0.00
problem99 1.18 389947 5 186110904 6.95315e-310 0.00
