problem0 0.11 53537998 1 2820.00
problem1 0.15 56260519 1 2876.00
problem2 0.15 43848719 1 2876.00
problem3 0.32 47473244 1 2876.00
problem4 0.13 41065160 1 2876.00
problem5 0.03 64888553 1 2876.00
problem6 0.00 57407801 1 2876.00
problem7 0.10 48177806 1 2876.00
problem8 0.09 53626274 1 2876.00
problem9 0.23 51976331 1 2876.00
problem10 0.08 56968259 1 2876.00
problem11 0.12 53948960 1 2876.00
problem12 0.19 50001756 1 2876.00
problem13 0.33 45807245 1 2876.00
problem14 0.18 54177581 1 2876.00
problem15 0.07 58364690 1 2876.00
problem16 0.10 58169846 1 2876.00
problem17 0.09 56929007 1 2876.00
problem18 0.03 63886327 1 2876.00
problem19 0.26 48080740 1 2876.00
problem20 0.06 61667184 1 2876.00
problem21 0.10 53118897 1 2876.00
problem22 0.07 54471841 1 2876.00
problem23 0.04 60633366 1 2876.00
problem24 0.12 51624394 1 2876.00
problem25 0.32 47595219 1 2876.00
problem26 0.06 57545515 1 2876.00
problem27 0.13 55595560 1 2876.00
problem28 0.22 49441540 1 2876.00
problem29 0.09 53011029 1 2876.00
problem30 0.00 49070485 1 2876.00
problem31 0.10 54168730 1 2876.00
problem32 0.17 49771806 1 2876.00
problem33 0.17 54322231 1 2876.00
problem34 0.11 46485983 1 2876.00
problem35 0.08 58573420 1 2876.00
problem36 0.09 51585560 1 2876.00
problem37 0.15 55055993 1 2876.00
problem38 0.04 56933897 1 2876.00
problem39 0.08 55326110 1 2876.00
problem40 0.03 61971442 1 2876.00
problem41 0.19 48081691 1 2876.00
problem42 0.14 48554003 1 2876.00
problem43 0.09 54167600 1 2876.00
problem44 0.08 57994412 1 2876.00
problem45 0.12 49296413 1 2876.00
problem46 0.06 55996925 1 2876.00
problem47 0.07 59882530 1 2876.00
problem48 0.27 47119942 1 2876.00
problem49 0.25 49521535 1 2876.00
problem50 0.07 57347527 1 2876.00
problem51 0.12 48313204 1 2876.00
problem52 0.25 50043584 1 2876.00
problem53 0.05 58673985 1 2876.00
problem54 0.06 50277745 1 2876.00
problem55 0.08 55619622 1 2876.00
problem56 0.11 54160410 1 2876.00
problem57 0.17 51371363 1 2876.00
problem58 0.15 52701947 1 2876.00
problem59 0.14 51532856 1 2876.00
problem60 0.18 50920532 1 2876.00
problem61 0.15 46754789 1 2876.00
problem62 0.09 57294949 1 2876.00
problem63 0.06 57975210 1 2876.00
problem64 0.20 54310254 1 2876.00
problem65 0.10 51996871 1 2876.00
problem66 0.09 59410351 1 2876.00
problem67 0.17 53770876 1 2876.00
problem68 0.12 50127208 1 2876.00
problem69 0.05 51947017 1 2876.00
problem70 0.22 51444441 1 2876.00
problem71 0.15 49225902 1 2876.00
problem72 0.12 45918786 1 2876.00
problem73 0.08 59594155 1 2876.00
problem74 0.15 50754531 1 2876.00
problem75 0.17 55850560 1 2876.00
problem76 0.35 51714556 1 2876.00
problem77 0.04 61671853 1 2876.00
problem78 0.07 47885517 1 2824.00
problem79 0.00 45595954 1 2824.00
problem80 0.12 54467222 1 2880.00
problem81 0.07 56538127 1 2880.00
problem82 0.16 49168279 1 2880.00
problem83 0.26 52696964 1 2880.00
problem84 0.00 53310992 1 2880.00
problem85 0.13 54306513 1 2880.00
problem86 0.28 48014913 1 2880.00
problem87 0.08 46925622 1 2880.00
problem88 0.13 50779754 1 2880.00
problem89 0.08 60199923 1 2880.00
problem90 0.09 54934219 1 2880.00
problem91 0.21 48016968 1 2880.00
problem92 0.17 50316708 1 2880.00
problem93 0.11 55807349 1 2880.00
problem94 0.07 49952565 1 2880.00
problem95 0.15 53448378 1 2880.00
problem96 0.25 47492542 1 2880.00
problem97 0.05 55838039 1 2880.00
problem98 0.10 56669567 1 2880.00
problem99 0.16 52202124 1 2880.00
