problem0 2.38 777070943147107 1847 1 1.53 63372.00
problem1 4.08 660547042133087 7417 3 3.34 90252.00
problem2 5.71 621606023871977 17896 2 5.03 172952.00
problem3 1.76 846216942867117 2084 1 1.41 151524.00
problem4 2.48 698102486915607 5254 1 1.81 82320.00
problem5 2.04 711031289007353 2495 1 1.48 91000.00
problem6 2.63 723844427345133 2751 1 1.44 78320.00
problem7 1.89 796229655244732 2156 1 1.26 78744.00
problem8 2 731378988637783 2585 1 1.46 85360.00
problem9 2.44 722253984456884 1914 1 1.65 109464.00
problem10 3.55 708263335010015 6971 1 2.28 157572.00
problem11 2.81 824780117997172 2643 1 1.29 132020.00
problem12 3 695743468977126 6980 1 2.15 108308.00
problem13 1.75 649630747457375 2216 1 1.56 96152.00
problem14 3.63 736230802843380 3196 1 1.33 67964.00
problem15 2.22 696045342101647 4403 1 1.78 101272.00
problem16 2.52 685602825128505 4892 1 1.79 102052.00
problem17 2.9 638480263950912 8631 1 2.03 105368.00
problem18 1.75 776699227649088 1130 1 1.14 55276.00
problem19 3.63 572951855576552 7941 1 1.85 110500.00
problem20 1.72 663342061422451 1792 1 1.3 67588.00
problem21 1.33 779098860381679 1498 1 1.16 55192.00
problem22 2.45 617693932277151 4893 1 1.72 95768.00
problem23 3.16 722903412607513 4379 1 1.59 94332.00
problem24 2.67 796253688326812 2083 1 1.35 63808.00
problem25 6.11 682802386371763 9329 1 1.53 67484.00
problem26 2.13 702561673297100 3667 1 1.93 129056.00
problem27 3.65 728920248693241 1959 1 1.14 129088.00
problem28 2.27 627601093606413 6015 1 1.77 78308.00
problem29 2.28 756832695021573 4360 1 2.08 123800.00
problem30 2.05 835794951170048 1659 1 1.28 51380.00
problem31 1.86 738434936151730 2773 1 1.43 72472.00
problem32 3.15 721643024605639 5068 1 1.42 59652.00
problem33 3.81 576412963000704 14244 1 2.71 183796.00
problem34 3.77 692890483600395 11347 1 3.42 216936.00
problem35 1.49 868148285787401 680 1 0.95 216936.00
problem36 2.45 679400656852050 7530 1 1.65 63872.00
problem37 2.76 672358300033277 10195 1 2.02 106248.00
problem38 2.62 761791436566460 3310 1 1.42 74172.00
problem39 3.31 606200287279758 13577 1 2.49 127432.00
problem40 1.45 779680830409237 1044 1 1.03 44504.00
problem41 2.57 715724003166576 7255 1 1.95 89500.00
problem42 2.73 771255350629468 1912 1 1.32 74048.00
problem43 1.84 686441808362411 3050 1 1.74 97884.00
problem44 1.98 742238813168290 2183 1 1.24 71920.00
problem45 3.44 742013344161279 5679 1 2 133164.00
problem46 3.02 678986480636886 4712 1 2.47 189336.00
problem47 2.39 584097495615374 7294 1 1.98 84444.00
problem48 3.03 704915741832522 4092 1 1.91 131992.00
problem49 1.95 841867833758401 943 1 1.07 47100.00
problem50 2.06 778168825272830 1943 1 1.12 48352.00
problem51 2.37 738380786827817 3731 1 2.08 145308.00
problem52 2.46 798053234827555 4940 1 1.65 123252.00
problem53 1.86 817357608821994 1102 1 1.13 49168.00
problem54 4 724057051110021 5311 1 1.86 118684.00
problem55 1.91 764099581370072 1874 1 1.32 65528.00
problem56 1.77 718315286531222 3365 1 1.51 66456.00
problem57 2.24 652897481797027 3066 1 1.9 126948.00
problem58 1.74 713268725717841 2616 1 1.4 127896.00
problem59 1.33 712167304166283 1506 1 1.25 47120.00
problem60 2.08 675612845840579 3000 1 1.69 104144.00
problem61 3.28 710688819483793 4591 1 1.39 66456.00
problem62 2.35 746549135374993 1497 1 1 66456.00
problem63 3.34 685796459738383 5818 1 1.62 78288.00
problem64 2.02 714852733139935 3019 1 1.57 93080.00
problem65 2.25 681053775093287 2945 1 1.96 129052.00
problem66 2.44 696881038406032 5347 1 1.9 129944.00
problem67 2.54 723367622689662 3427 1 1.51 89552.00
problem68 1.72 885235878730520 815 1 1.03 67924.00
problem69 2.85 750730954722890 2021 1 1.49 91032.00
problem70 2.49 695040330114265 2475 1 1.27 68984.00
problem71 3.04 714801160164840 5050 1 1.94 124912.00
problem72 2.03 762386568544925 1339 1 1.18 124944.00
problem73 3.41 758190987267702 1571 1 1.29 70984.00
problem74 2.82 771527068646183 2735 1 1.47 88984.00
problem75 3.56 681133905794286 7492 1 1.56 59676.00
problem76 2.4 790188481887725 2741 1 1.24 62360.00
problem77 4.3 757214422654293 2899 1 1.18 47808.00
problem78 2.6 758222617395809 2660 1 1.3 72600.00
problem79 3.46 683044506315079 5405 1 2.06 137260.00
problem80 2.17 799811963560512 2262 1 1.36 115976.00
problem81 1.43 809353869824543 1257 1 1.25 49168.00
problem82 2.09 806170391844211 2339 1 1.28 58264.00
problem83 1.95 732469606029814 2795 1 1.72 85820.00
problem84 3.97 749568143633231 4206 1 1.72 108264.00
problem85 2.07 703558958735585 2740 1 1.37 79768.00
problem86 2.79 672254764612520 8287 1 2.08 122884.00
problem87 2.22 731500441646911 3312 1 1.49 67948.00
problem88 3.37 673256357917486 6190 1 2.9 225180.00
problem89 1.82 622173249132072 2428 1 1.61 95092.00
problem90 2.02 723759931541226 1449 1 1.11 95800.00
problem91 2.48 709234848382174 6298 1 1.68 63812.00
problem92 3.4 723113133012742 3335 1 1.37 71664.00
problem93 2.29 749775012540293 2250 1 1.64 104056.00
problem94 2.95 603452633743266 9365 1 2.36 134040.00
problem95 2.85 753154321968584 2882 1 1.37 74136.00
problem96 2.51 734458272953823 3176 1 1.55 87476.00
problem97 2.96 770533852033748 5063 1 1.51 57932.00
problem98 1.96 751896407187363 3478 1 1.66 87864.00
problem99 3.52 710683804366083 5102 1 1.93 115596.00
