problem0 0.07 122584412747814 0
problem1 0.07 108794513051873 0
problem2 0.07 104510706435383 0
problem3 0.14 114406096642135 0
problem4 0.13 138680542274827 0
problem5 0.04 115899582442791 0
problem6 0.08 127922076169031 0
problem7 0.1 90944582116143 0
problem8 0.15 151354291874573 0
problem9 0.11 113428407040147 0
problem10 0.08 140091774165454 0
problem11 0.09 108081532186891 0
problem12 0.1 114606127605712 0
problem13 0.12 135199084785003 0
problem14 0.1 94788002395865 0
problem15 0.12 133016770920784 0
problem16 0.09 144930894568708 0
problem17 0.1 97700078984351 0
problem18 0.09 114606795776171 0
problem19 0.13 152577161537149 0
problem20 0.1 104348280318132 0
problem21 0.12 134876080095282 0
problem22 0.09 123819601152810 0
problem23 0.1 150546690346589 0
problem24 0.13 113510980440413 0
problem25 0.12 139979910272341 0
problem26 0.15 144944101431831 0
problem27 0.19 134679624549797 0
problem28 0.07 131138685122006 0
problem29 0.15 138872499180489 0
problem30 0.15 119100322809781 0
problem31 0.18 153979001266732 0
problem32 0.08 124998366654688 0
problem33 0.17 105194568987825 0
problem34 0.11 130350298999685 0
problem35 0.08 131696617161077 0
problem36 0.11 111161375465556 0
problem37 0.08 124490633283106 0
problem38 0.08 113905119079183 0
problem39 0.06 132899095331175 0
problem40 0.11 109457661618320 0
problem41 0.07 132002017261386 0
problem42 0.21 123222724399598 0
problem43 0.09 106542116857691 0
problem44 0.07 128359408722812 0
problem45 0.05 124639281108690 0
problem46 0.09 105816856055222 0
problem47 0.04 139296990556936 0
problem48 0.1 124338129063890 0
problem49 0.14 152777597105022 0
problem50 0.13 119285260442655 0
problem51 0.14 131038297116308 0
problem52 0.13 138345495983699 0
problem53 0.07 131941377471625 0
problem54 0.11 140225646414429 0
problem55 0.17 115261485879285 0
problem56 0.11 133861188780802 0
problem57 0.15 149473105989023 0
problem58 0.1 105907394827659 0
problem59 0.11 141916542867379 0
problem60 0.09 116132674617678 0
problem61 0.04 120799811496055 0
problem62 0.22 146507465077004 0
problem63 0.09 135415822032612 0
problem64 0.08 115870850086474 0
problem65 0.06 132754484018969 0
problem66 0.09 131591694334684 0
problem67 0.1 128595959310445 0
problem68 0.08 143563235935498 0
problem69 0.04 103433348369866 0
problem70 0.06 130277690004987 0
problem71 0.18 130356064205710 0
problem72 0.05 118262977421866 0
problem73 0.15 122787829202424 0
problem74 0.09 126257211566167 0
problem75 0.08 137927687194674 0
problem76 0.08 133112436977413 0
problem77 0.09 144828103152728 0
problem78 0.08 141628414341679 0
problem79 0.14 120119138540644 0
problem80 0.13 125290980741000 0
problem81 0.15 148497126039105 0
problem82 0.09 122924760564744 0
problem83 0.09 135440199930154 0
problem84 0.09 136674942688546 0
problem85 0.19 142940194267850 0
problem86 0.12 142533483727245 0
problem87 0.07 109978523138255 0
problem88 0.07 126896358931620 0
problem89 0.22 130521912074429 0
problem90 0.05 134617928272876 0
problem91 0.12 131094591510707 0
problem92 0.09 128144358348943 0
problem93 0.09 148192878503082 0
problem94 0.12 146881545212590 0
problem95 0.12 130312605020835 0
problem96 0.12 133988818705102 0
problem97 0.09 139962168466323 0
problem98 0.19 125154881318198 0
problem99 0.09 136569906816234 0
