problem0 0 43601961 0 2204.00
problem1 0.00 34376370 0 2260.00
problem2 0.00 46552415 0 2260.00
problem3 0.00 45606586 0 2260.00
problem4 0.00 38420218 0 2260.00
problem5 0.00 31617399 0 2260.00
problem6 0.00 40831023 0 2260.00
problem7 0.00 34674996 0 2260.00
problem8 0.00 42813009 0 2260.00
problem9 0.00 39059014 0 2260.00
problem10 0.00 41351340 0 2260.00
problem11 0.00 46007017 0 2260.00
problem12 0.00 48814166 0 2260.00
problem13 0.00 42523457 0 2260.00
problem14 0.00 41298096 0 2260.00
problem15 0.00 42573222 1 2260.00
problem16 0.00 42141448 0 2260.00
problem17 0.00 37343842 0 2260.00
problem18 0.00 42023535 0 2260.00
problem19 0.00 33096608 0 2260.00
problem20 0.00 42173489 0 2260.00
problem21 0.00 46845420 0 2260.00
problem22 0.00 43741109 0 2260.00
problem23 0.00 53833380 0 2260.00
problem24 0.00 39166485 0 2260.00
problem25 0.00 59037430 0 2260.00
problem26 0.00 55093930 0 2260.00
problem27 0.00 47593679 0 2260.00
problem28 0.00 55202480 0 2260.00
problem29 0.00 40900720 0 2260.00
problem30 0.00 50294103 0 2260.00
problem31 0.00 51043355 0 2260.00
problem32 0.00 43657161 0 2260.00
problem33 0.00 42851329 0 2260.00
problem34 0.00 54188410 0 2260.00
problem35 0.00 48558719 0 2260.00
problem36 0.00 38228864 0 2260.00
problem37 0.00 45255621 0 2260.00
problem38 0.00 40677706 0 2260.00
problem39 0.00 46282253 0 2260.00
problem40 0.00 44017631 0 2260.00
problem41 0.00 37728680 0 2260.00
problem42 0.00 42948268 0 2260.00
problem43 0.00 39223490 0 2260.00
problem44 0.00 48142046 0 2260.00
problem45 0.00 41809816 0 2260.00
problem46 0.00 47696839 0 2260.00
problem47 0.00 47565966 0 2260.00
problem48 0.00 40841875 0 2260.00
problem49 0.00 39266224 0 2260.00
problem50 0.00 42447479 0 2260.00
problem51 0.00 37630818 0 2260.00
problem52 0.00 47066306 0 2260.00
problem53 0.00 45100020 0 2260.00
problem54 0.00 35605706 0 2260.00
problem55 0.00 42069874 0 2260.00
problem56 0.00 42719145 0 2260.00
problem57 0.00 52629064 0 2260.00
problem58 0.00 49249503 0 2260.00
problem59 0.00 51468973 0 2260.00
problem60 0.00 49161545 0 2260.00
problem61 0.00 47773917 0 2260.00
problem62 0.00 51102802 0 2260.00
problem63 0.00 50654947 0 2260.00
problem64 0.00 41068357 1 2260.00
problem65 0.00 42218834 0 2260.00
problem66 0.00 43795858 0 2260.00
problem67 0.00 40322655 0 2260.00
problem68 0.00 49320004 0 2260.00
problem69 0.00 33173007 0 2260.00
problem70 0.00 38781515 0 2260.00
problem71 0.00 39787238 0 2260.00
problem72 0.00 39498089 1 2260.00
problem73 0.00 49114349 0 2260.00
problem74 0.00 40738001 0 2260.00
problem75 0.00 41502345 0 2260.00
problem76 0.00 48332180 0 2260.00
problem77 0.00 42441693 1 2260.00
problem78 0.00 42456789 0 2260.00
problem79 0.00 47367023 0 2260.00
problem80 0.00 45417997 1 2260.00
problem81 0.00 52659451 0 2260.00
problem82 0.00 51188357 0 2260.00
problem83 0.01 40020792 0 2260.00
problem84 0.00 48692601 0 2260.00
problem85 0.00 44503634 0 2260.00
problem86 0.00 45781494 0 2260.00
problem87 0.00 44316806 0 2260.00
problem88 0.00 44873049 0 2260.00
problem89 0.00 45960605 0 2260.00
problem90 0.00 44971710 1 2260.00
problem91 0.00 44090482 0 2260.00
problem92 0.00 37822405 0 2260.00
problem93 0.00 32530696 0 2260.00
problem94 0.00 43549524 0 2260.00
problem95 0.00 35244487 0 2260.00
problem96 0.00 44486385 0 2260.00
problem97 0.00 56858302 0 2260.00
problem98 0.00 51288503 0 2260.00
problem99 0.00 47374878 0 2260.00
