problem0 0 56805 1 2220.00
problem1 0.00 64797 1 2276.00
problem2 0.00 62677 1 2276.00
problem3 0.00 56589 1 2276.00
problem4 0.00 52677 1 2276.00
problem5 0.00 61181 1 2276.00
problem6 0.00 55477 1 2276.00
problem7 0.00 58093 1 2276.00
problem8 0.00 46501 1 2276.00
problem9 0.00 59613 1 2276.00
problem10 0.00 62613 1 2276.00
problem11 0.00 61645 1 2276.00
problem12 0.00 58757 1 2276.00
problem13 0.00 55997 1 2276.00
problem14 0.00 55413 1 2276.00
problem15 0.00 59053 1 2276.00
problem16 0.00 44389 1 2276.00
problem17 0.00 46237 1 2276.00
problem18 0.00 58453 1 2276.00
problem19 0.00 54413 1 2276.00
problem20 0.00 60741 1 2276.00
problem21 0.00 59005 1 2276.00
problem22 0.00 63541 1 2276.00
problem23 0.00 60013 1 2276.00
problem24 0.00 58661 1 2276.00
problem25 0.00 49245 1 2276.00
problem26 0.00 66581 1 2276.00
problem27 0.00 63565 1 2276.00
problem28 0.00 58629 1 2276.00
problem29 0.00 57917 1 2276.00
problem30 0.00 55285 1 2276.00
problem31 0.00 52781 1 2276.00
problem32 0.00 60645 1 2276.00
problem33 0.00 52253 1 2276.00
problem34 0.00 50133 1 2276.00
problem35 0.00 60429 1 2276.00
problem36 0.00 52421 1 2276.00
problem37 0.00 52733 1 2276.00
problem38 0.00 51125 1 2276.00
problem39 0.00 57837 1 2276.00
problem40 0.00 46245 1 2276.00
problem41 0.00 67549 1 2276.00
problem42 0.00 58261 1 2276.00
problem43 0.00 65485 1 2276.00
problem44 0.00 50309 1 2276.00
problem45 0.00 55741 1 2276.00
problem46 0.00 51061 1 2276.00
problem47 0.00 54701 1 2276.00
problem48 0.00 56421 1 2276.00
problem49 0.00 58269 1 2276.00
problem50 0.00 62293 1 2276.00
problem51 0.00 45965 1 2276.00
problem52 0.00 56389 1 2276.00
problem53 0.00 58749 1 2276.00
problem54 0.00 50997 1 2276.00
problem55 0.00 47469 1 2276.00
problem56 0.00 62501 1 2276.00
problem57 0.00 53085 1 2276.00
problem58 0.00 58133 1 2276.00
problem59 0.00 59213 1 2276.00
problem60 0.00 54277 1 2276.00
problem61 0.00 57661 1 2276.00
problem62 0.00 59125 1 2276.00
problem63 0.00 44333 1 2276.00
problem64 0.00 44005 1 2276.00
problem65 0.00 60189 1 2276.00
problem66 0.00 53973 1 2276.00
problem67 0.00 64269 1 2276.00
problem68 0.00 64453 1 2276.00
problem69 0.00 52477 1 2276.00
problem70 0.00 46773 1 2276.00
problem71 0.00 49389 1 2276.00
problem72 0.00 58277 1 2276.00
problem73 0.00 59101 1 2276.00
problem74 0.00 49813 1 2276.00
problem75 0.00 44749 1 2276.00
problem76 0.00 70533 1 2276.00
problem77 0.00 63677 1 2276.00
problem78 0.00 50805 1 2276.00
problem79 0.00 58541 1 2276.00
problem80 0.00 60261 1 2276.00
problem81 0.00 49821 1 2276.00
problem82 0.00 62037 1 2276.00
problem83 0.00 53901 1 2276.00
problem84 0.00 52037 1 2276.00
problem85 0.00 66685 1 2276.00
problem86 0.00 63029 1 2276.00
problem87 0.00 55405 1 2276.00
problem88 0.00 62245 1 2276.00
problem89 0.00 65117 1 2276.00
problem90 0.00 57877 1 2276.00
problem91 0.00 63053 1 2276.00
problem92 0.00 49925 1 2276.00
problem93 0.01 53309 1 2276.00
problem94 0.00 58869 1 2276.00
problem95 0.00 68653 1 2276.00
problem96 0.00 68325 1 2276.00
problem97 0.00 55837 1 2276.00
problem98 0.00 66005 1 2276.00
problem99 0.00 64013 1 2276.00
