problem0 5.7 1115648983657225 177 1 1.12 529276.00
problem1 5.72 1123648143045906 233 1 1.13 529676.00
problem2 5.65 1258213566457397 116 1 1.04 529696.00
problem3 5.65 1123737301834693 192 1 1.07 529716.00
problem4 5.58 1031825492925759 162 1 1.01 529632.00
problem5 5.45 1366640901637873 194 1 0.87 529604.00
problem6 5.64 1151980842094520 194 1 1.01 529644.00
problem7 5.56 1111332508250064 170 1 0.98 529628.00
problem8 5.52 1147621847237890 124 1 0.94 529632.00
problem9 5.68 1137097605694266 164 1 1.12 529696.00
problem10 5.68 1065213928375011 133 1 1.13 529680.00
problem11 5.75 1158216361200382 118 1 1.20 533180.00
problem12 5.68 1168287057693735 101 1 1.12 529728.00
problem13 5.68 1169714242324416 45 1 1.08 529672.00
problem14 5.65 1248351656186762 167 1 1.04 529708.00
problem15 5.60 1109157942686597 213 1 1.01 529696.00
problem16 5.97 1090823554087628 187 1 1.39 535228.00
problem17 5.49 1130940608989727 160 1 0.92 529644.00
problem18 5.74 1122264060310471 169 1 1.14 529692.00
problem19 5.60 1220901417336539 159 1 1.02 529688.00
problem20 5.58 1086107506304903 199 1 0.97 529648.00
problem21 5.72 1047222475721463 161 1 1.16 529672.00
problem22 5.64 1280771070228131 200 1 1.00 529608.00
problem23 5.60 1180425753997202 133 1 1.02 529704.00
problem24 5.43 1107118505813925 106 1 0.85 529720.00
problem25 5.73 1092691902384298 138 1 1.13 529676.00
problem26 5.91 1089639102945454 228 1 1.29 533180.00
problem27 5.82 1063170694270577 158 1 1.23 533180.00
problem28 5.62 1030274365233830 182 1 1.02 529700.00
problem29 5.49 994638014165625 237 1 0.98 529720.00
problem30 5.71 1042410708730496 159 1 1.21 529744.00
problem31 5.51 1021951221158384 172 1 1.00 529692.00
problem32 5.48 1195353260867341 211 1 0.97 529680.00
problem33 5.51 1062023677975717 182 1 1.00 529632.00
problem34 5.57 1152919605575331 197 1 1.10 529688.00
problem35 5.54 1011405606412868 165 1 1.03 529684.00
problem36 5.36 1216383170280454 222 1 0.85 529648.00
problem37 5.50 1215045799403241 182 1 0.99 529696.00
problem38 5.38 1089167116075945 139 1 0.92 529688.00
problem39 5.54 1108957505527971 178 1 1.04 529704.00
problem40 5.56 1062626671753136 179 1 1.08 529708.00
problem41 5.44 1159332446215428 179 1 0.92 529652.00
problem42 5.39 1166281820478995 179 1 0.89 529624.00
problem43 5.43 1166128678297685 135 1 0.95 529684.00
problem44 5.60 1029505568784658 119 1 1.12 529708.00
problem45 5.55 984382212844171 140 1 1.05 529724.00
problem46 5.89 1126209143721857 168 1 1.35 535228.00
problem47 5.60 1211091794821382 169 1 1.11 529824.00
problem48 5.52 1234314301429261 245 1 0.99 529636.00
problem49 5.43 1266526646529307 170 1 0.94 529608.00
problem50 5.69 1140110976005018 213 1 1.17 533180.00
problem51 5.41 1039687842067602 181 1 0.91 529624.00
problem52 5.51 1096431213822924 84 1 1.03 529632.00
problem53 5.49 1018832544776385 159 1 1.02 529736.00
problem54 5.56 1139346310209773 193 1 1.06 529676.00
problem55 5.54 1055861613301232 216 1 1.02 529652.00
problem56 5.75 1138792536344570 257 1 1.21 533180.00
problem57 5.52 1172901697027773 208 1 1.03 529720.00
problem58 5.27 1259202913644492 134 1 0.79 529700.00
problem59 5.40 1163163469587502 224 1 0.89 529656.00
problem60 5.56 1159648919907155 141 1 1.07 529716.00
problem61 5.46 991839349452437 139 1 1.00 529688.00
problem62 5.43 1064236295331481 209 1 0.91 529692.00
problem63 5.40 1108047554222932 181 1 0.90 529684.00
problem64 5.40 1255679747266089 167 1 0.90 529672.00
problem65 5.42 1133150034816634 176 1 0.92 529720.00
problem66 5.30 1164878401480762 195 1 0.82 529692.00
problem67 5.46 1226164699215104 193 1 0.93 529688.00
problem68 5.45 1295455334709631 198 1 0.96 529732.00
problem69 5.87 959369949970114 140 1 1.39 533180.00
problem70 5.58 1312829351556406 96 1 1.09 529664.00
problem71 5.55 1190519467825993 231 1 1.02 529716.00
problem72 5.81 901613866899831 176 1 1.31 533180.00
problem73 5.57 1058182631810047 99 1 1.10 529664.00
problem74 5.37 1119864333812217 183 1 0.87 529664.00
problem75 5.58 1200597471608295 77 1 1.08 529668.00
problem76 5.62 1084703015360945 167 1 1.14 529736.00
problem77 5.46 1092331671708729 130 1 0.97 529740.00
problem78 5.47 1041608472895565 130 1 0.99 529656.00
problem79 5.47 1156298349138995 122 1 0.98 529652.00
problem80 5.46 1221506620842854 134 1 0.98 529672.00
problem81 5.56 1103216516092734 64 1 1.09 529696.00
problem82 5.62 1202751490452977 189 1 1.14 529772.00
problem83 5.47 1076856334648215 55 1 1.01 529712.00
problem84 5.49 1246947005021305 234 1 0.97 529684.00
problem85 5.54 1154692745234630 144 1 1.06 529656.00
problem86 5.45 1234669556308109 122 1 0.98 529632.00
problem87 5.49 1048944177099752 145 1 1.01 529688.00
problem88 5.46 1178532544549937 161 1 0.97 529696.00
problem89 7.44 999784421760210 165 1 1.06 529624.00
problem90 5.32 1414124265783075 223 1 0.78 529604.00
problem91 5.45 1136924446237580 162 1 0.95 529684.00
problem92 5.71 1123936306272311 189 1 1.22 533180.00
problem93 5.49 1222903636984996 181 1 0.94 529636.00
problem94 5.56 1107280894375141 169 1 1.06 529696.00
problem95 5.53 1192443922189315 159 1 1.05 529652.00
problem96 5.58 1175967523999642 140 1 1.11 529800.00
problem97 5.57 1256486096164159 238 1 1.03 529644.00
problem98 5.53 1171494934016747 139 1 1.05 529584.00
problem99 5.53 941227114741887 184 1 1.04 529700.00
