problem0 0.01 785563604 1
problem1 0 816123978 1
problem2 0.01 821252241 1
problem3 0.02 812142659 1
problem4 0 811579158 1
problem5 0 817881700 1
problem6 0.01 804746403 1
problem7 0.03 807448301 1
problem8 0.02 775081080 1
problem9 0.02 852834334 1
problem10 0.02 862688213 1
problem11 0.05 913713719 1
problem12 0 776634874 1
problem13 0.01 749562744 1
problem14 0.01 766312487 1
problem15 0 755477537 1
problem16 0 779581852 1
problem17 0 792229490 1
problem18 0.01 770190233 1
problem19 0 836026027 1
problem20 0.03 874411358 1
problem21 0 858256140 1
problem22 0.02 833267755 1
problem23 0.02 862424021 1
problem24 0 907695936 1
problem25 0 858331974 1
problem26 0.01 815081437 1
problem27 0 866049439 1
problem28 0.03 868098370 1
problem29 0 851364128 1
problem30 0.01 774732975 1
problem31 0 840441353 1
problem32 0 821491044 1
problem33 0.01 800814746 1
problem34 0 835754145 1
problem35 0 775509779 1
problem36 0.01 764286374 1
problem37 0 844840372 1
problem38 0.01 851742131 1
problem39 0.03 836448957 1
problem40 0.01 780854280 1
problem41 0 771610734 1
problem42 0.01 795512293 1
problem43 0.01 848493319 1
problem44 0 783606410 1
problem45 0 897622216 1
problem46 0.01 831580983 1
problem47 0.05 849123825 1
problem48 0.01 775271212 1
problem49 0.01 825790658 1
problem50 0.1 837097385 1
problem51 0.05 862230907 1
problem52 0 811276270 1
problem53 0.03 797721180 1
problem54 0.05 814064955 1
problem55 0 816980901 1
problem56 0 813232848 1
problem57 0.01 841871254 1
problem58 0.01 867452397 1
problem59 0 728826479 1
problem60 0.02 837502418 1
problem61 0.01 838169200 1
problem62 0.01 782748607 1
problem63 0.02 807116761 1
problem64 0 792212212 1
problem65 0 777667818 1
problem66 0.03 763242673 1
problem67 0 767886819 1
problem68 0.02 827456566 1
problem69 0.01 881688836 1
problem70 0.01 827223747 1
problem71 0 818077325 1
problem72 0 922289048 1
problem73 0.01 859037886 1
problem74 0 828035061 1
problem75 0.01 922186711 1
problem76 0.02 826133274 1
problem77 0.05 834649624 1
problem78 0 878878279 1
problem79 0.03 800829377 1
problem80 0.03 841151676 1
problem81 0 795546386 1
problem82 0.01 722750393 1
problem83 0 761863243 1
problem84 0.01 895435390 1
problem85 0 802257324 1
problem86 0 815753803 1
problem87 0 797172597 1
problem88 0 843028064 1
problem89 0.01 740961254 1
problem90 0.01 778480637 1
problem91 0.01 746901311 1
problem92 0.03 766046818 1
problem93 0.02 790758336 1
problem94 0.04 852615887 1
problem95 0 742607273 1
problem96 0.01 825915524 1
problem97 0.01 794131258 1
problem98 0.01 809500865 1
problem99 0.02 838818995 1
