problem0 0 95583362412501 0
problem1 0 99470506678286 0
problem2 0 105765189297167 0
problem3 0 88708896802243 0
problem4 0 106267439263298 0
problem5 0 88415549403182 0
problem6 0.01 109406477337572 0
problem7 0 97798780442015 0
problem8 0 97018815027881 0
problem9 0 99569981590540 0
problem10 0 96642421284999 0
problem11 0 111238368785358 0
problem12 0.01 87109937142058 0
problem13 0 107263018031425 0
problem14 0 98117051013157 0
problem15 0 92991828995172 0
problem16 0 97890077036888 0
problem17 0 94032340057522 0
problem18 0 86981662791411 0
problem19 0.01 86607452151184 0
problem20 0 94541227728847 0
problem21 0 106793662057802 0
problem22 0 96861504891953 0
problem23 0 97368139037867 0
problem24 0 85786254594511 0
problem25 0 99617459055544 0
problem26 0 92377453101150 0
problem27 0 86173753265096 0
problem28 0 98038636253280 0
problem29 0 80389579532951 0
problem30 0.01 93899323284672 0
problem31 0 101087994524673 0
problem32 0 103595287822223 0
problem33 0 111338362990056 0
problem34 0 79919404840199 0
problem35 0 110963015440735 0
problem36 0.01 108096976107090 0
problem37 0 83120344419470 0
problem38 0 103302428224005 0
problem39 0 112982435301987 0
problem40 0 85980326590944 0
problem41 0 106022372012664 0
problem42 0.01 88175118037666 0
problem43 0 114269739722889 0
problem44 0 97238543221957 0
problem45 0 92720015435181 0
problem46 0 109299639488227 0
problem47 0 93759092079264 0
problem48 0 103242422727539 0
problem49 0 89182994978636 0
problem50 0 106672026399123 0
problem51 0.01 90383862267558 0
problem52 0 92563762507902 0
problem53 0 95843727972822 0
problem54 0 88428659468090 0
problem55 0 102117337441719 0
problem56 0 92278071226857 0
problem57 0 109335892518147 0
problem58 0 87612661971082 0
problem59 0 100799050397063 0
problem60 0.01 91298055771357 0
problem61 0 77447241783603 0
problem62 0 68814007484762 0
problem63 0 102919043201185 0
problem64 0 98277212546966 0
problem65 0 93523608390956 0
problem66 0 101918262536728 0
problem67 0 109261234174590 0
problem68 0 92904016304795 0
problem69 0.01 101305026610575 0
problem70 0 89131505705239 0
problem71 0 100419025834474 0
problem72 0 98074084110927 0
problem73 0 79094863619642 0
problem74 0 88744543888978 0
problem75 0.01 103943935005730 0
problem76 0 75135507165381 0
problem77 0 115531387571699 0
problem78 0 104538447248032 0
problem79 0 89681384134782 0
problem80 0 112137256835963 0
problem81 0.01 79774828869738 0
problem82 0 81379041998462 0
problem83 0 105429186870243 0
problem84 0 110846596027091 0
problem85 0 93330950474530 0
problem86 0 106751217501472 0
problem87 0 93362208413745 0
problem88 0.01 89527562870832 0
problem89 0 99500299197880 0
problem90 0 112372004975791 0
problem91 0 81384442764646 0
problem92 0 92292052370181 0
problem93 0 90067050985466 0
problem94 0 100928179221932 0
problem95 0.01 111236074460623 0
problem96 0 88092002129936 0
problem97 0 112599191911265 0
problem98 0 82676212298512 0
problem99 0 87893711255539 0
