problem0 0.08 469862364505617 110 1 0.02 3612.00
problem1 0.03 466605385758925 97 1 0.01 3032.00
problem2 0.01 484995915053807 74 1 0 3032.00
problem3 0.23 431929537082082 315 3 0.03 3032.00
problem4 0.06 479453488475811 151 1 0.01 3032.00
problem5 0.05 390560455271934 248 1 0.01 3032.00
problem6 0.7 435020424121102 326 2 0.02 3256.00
problem7 0.04 339683101769514 187 1 0.02 3872.00
problem8 0.01 538491142604715 70 1 0 3872.00
problem9 0.23 517205923970980 172 1 0.01 2988.00
problem10 0.03 489308816513896 96 1 0.01 3016.00
problem11 0.06 445139197935652 106 1 0.01 3040.00
problem12 0.02 493368816392143 96 1 0.01 3040.00
problem13 0.04 443226720984599 97 1 0 3040.00
problem14 0.08 413034683308823 185 1 0.01 3060.00
problem15 5.64 452261646232272 777 3 0.02 3288.00
problem16 0.06 451684188399596 161 1 0.02 3548.00
problem17 0.06 372307564211127 130 1 0.03 4104.00
problem18 0.22 456915812800480 204 1 0.02 3492.00
problem19 0.02 519249337260589 64 1 0.01 3520.00
problem20 0.09 506986229696859 134 1 0.01 3540.00
problem21 0.08 525364722395229 71 1 0.01 3540.00
problem22 0.04 339032963438570 184 1 0.01 3628.00
problem23 0.04 450592534101505 144 1 0.01 3628.00
problem24 0.11 411471065913151 196 1 0.02 3636.00
problem25 0.24 461092408604593 318 1 0.02 4152.00
problem26 0.32 524198189556744 156 1 0.01 3500.00
problem27 0.08 482382617629685 131 1 0.02 3528.00
problem28 0.04 483318953444133 94 1 0.02 3844.00
problem29 0.15 501479651357550 205 1 0.01 3952.00
problem30 0.08 469124542267573 144 1 0.01 3952.00
problem31 0.04 429801217105513 118 1 0.02 3952.00
problem32 0.05 466584614669038 124 1 0.02 3952.00
problem33 0.04 461916419212649 106 1 0.02 3952.00
problem34 0.07 454133641255937 155 1 0.01 3952.00
problem35 0.05 473580499589913 116 1 0.02 3644.00
problem36 0.04 412566401738473 140 1 0.01 3844.00
problem37 0.14 333969952563502 310 1 0.02 3912.00
problem38 0.06 491549259084617 108 1 0.01 3524.00
problem39 0.05 442792358796555 127 1 0.02 3856.00
problem40 0.06 435795764654201 167 1 0.01 3512.00
problem41 0.04 442379073165303 89 1 0.02 3892.00
problem42 0.03 403306233730037 95 1 0.02 3488.00
problem43 0.48 374165645770119 524 1 0.01 3588.00
problem44 0.12 459728452926409 170 1 0.01 3868.00
problem45 0.12 560616307397979 146 1 0.01 3880.00
problem46 0.09 442757581757372 158 1 0.01 3436.00
problem47 0.09 491326187839101 138 1 0.01 3508.00
problem48 0.04 511187525973253 82 1 0.02 3564.00
problem49 0.06 501847589509404 94 1 0.01 3564.00
problem50 0.06 402600457243085 138 1 0.03 4248.00
problem51 0.09 497549637505816 148 1 0.01 3556.00
problem52 0.03 410567537569989 104 1 0.02 3828.00
problem53 0.14 474388277843691 186 1 0.02 3848.00
problem54 0.13 358524840474460 214 1 0.02 3904.00
problem55 0.02 506971836421646 73 1 0.02 4096.00
problem56 0.04 456661307272391 142 1 0.02 4096.00
problem57 0.17 421127137611273 156 1 0.01 4096.00
problem58 0.01 551911258037435 70 1 0.01 4096.00
problem59 0.05 456675533257941 145 1 0.02 4096.00
problem60 0.02 368438137578295 110 1 0 4096.00
problem61 0.04 535998821939211 127 1 0.02 3604.00
problem62 0.05 553185961333851 80 1 0.01 3664.00
problem63 0.02 464590375121957 77 1 0.02 3864.00
problem64 0.04 477920054212517 100 1 0.01 3864.00
problem65 0.25 543052586368376 145 1 0.01 3388.00
problem66 0.11 528836600606115 118 1 0 3388.00
problem67 0.05 447808980651173 131 1 0.02 3564.00
problem68 0.08 543083764691236 124 1 0.01 3584.00
problem69 0.01 504270339718316 59 1 0.01 3584.00
problem70 0.05 532232861921613 103 1 0 3584.00
problem71 0.02 453407572686356 47 1 0.01 3584.00
problem72 0.05 494381888722329 133 1 0.01 3600.00
problem73 0.03 485250921381999 82 1 0.01 3608.00
problem74 0.29 477473185268777 224 1 0.01 3608.00
problem75 0.06 426361364704367 130 1 0.02 3608.00
problem76 0.03 483688613561699 100 1 0.02 3608.00
problem77 0.08 519897679415712 112 1 0.01 3608.00
problem78 3.67 434175296158778 718 1 0.01 3624.00
problem79 0.07 408740657880860 168 1 0.02 3832.00
problem80 0.05 495888532835825 116 1 0.01 3832.00
problem81 0.05 473623644896233 121 1 0.01 3660.00
problem82 0.02 393238469014637 94 1 0.01 3964.00
problem83 0.04 466664086128090 93 1 0.01 3964.00
problem84 0.02 486348303293598 81 1 0.01 3516.00
problem85 0.09 420059468251971 234 1 0.01 3580.00
problem86 0.04 464300219881448 109 1 0.01 3580.00
problem87 0.03 394365474567071 91 1 0.02 3596.00
problem88 0.06 437619997995924 142 1 0.02 3712.00
problem89 0.12 438762026795276 212 1 0.02 3712.00
problem90 0.16 476894670559494 176 1 0.02 3556.00
problem91 0.05 528484352798107 107 1 0.01 3436.00
problem92 0.04 520034418084895 121 1 0.01 3496.00
problem93 0.04 518477535545176 102 1 0.01 3360.00
problem94 1.34 504786416403162 414 1 0.01 3548.00
problem95 0.06 549781657434664 87 1 0.01 3548.00
problem96 0.04 466428309205303 109 1 0.02 3556.00
problem97 0.07 411157715203819 165 1 0.01 3572.00
problem98 0.08 362954058676959 180 1 0.02 3868.00
problem99 0.04 447444350337740 97 1 0.01 3880.00
