problem0 0.000132 120833731767 1
problem1 0.001221 124283364940 1
problem2 1.8e-05 132859981784 1
problem3 0.005238 130696578993 1
problem4 0.001471 127593611153 1
problem5 0.00135 131738464782 1
problem6 0.000421 126855327266 1
problem7 3.2e-05 115041710243 1
problem8 2.9e-05 125914129355 1
problem9 0.001219 123292384432 1
problem10 0.000284 129818046156 1
problem11 0.010206 130217168245 1
problem12 0.000261 129412977509 1
problem13 0.000958 134679078962 1
problem14 0.000356 126661745622 1
problem15 2.4e-05 126766936103 1
problem16 7.9e-05 124920359007 1
problem17 0.00034 123561621140 1
problem18 0.001009 133381422912 1
problem19 0.000313 114200742585 1
problem20 0.000747 131570048185 1
problem21 0.001396 134485920214 1
problem22 0.000709 129332888330 1
problem23 0.000256 136485826347 1
problem24 9.3e-05 135292357235 1
problem25 0.00137 130351621112 1
problem26 0.000371 132561023284 1
problem27 0.004872 128082825085 1
problem28 0.000715 120872905613 1
problem29 0.001529 120183318266 1
problem30 7.6e-05 118233805758 1
problem31 0.000639 128642891183 1
problem32 4.3e-05 139736373767 1
problem33 0.0012 127969105116 1
problem34 0.000802 126094742696 1
problem35 0.001022 127060454337 1
problem36 4.9e-05 123444285409 1
problem37 0.000357 115879776158 1
problem38 0.000143 129215364594 1
problem39 0.000634 134331558835 1
problem40 0.000117 118726633243 1
problem41 0.001728 131411433792 1
problem42 0.000231 124850796956 1
problem43 0.001733 126353125253 1
problem44 4.8e-05 126829156789 1
problem45 0.003018 114233725890 1
problem46 2e-05 130275471782 1
problem47 0.000601 124326840631 1
problem48 0.000304 118843130287 1
problem49 0.000925 129428930852 1
problem50 0.00054 141748809744 1
problem51 0.000774 132286180041 1
problem52 2.9e-05 125985265929 1
problem53 0.001019 124675441510 1
problem54 8.9e-05 118518800090 1
problem55 0.001122 138206979643 1
problem56 0.001277 127164807619 1
problem57 0.000411 125163494536 1
problem58 7.6e-05 119806527492 1
problem59 0.001022 124779589005 1
problem60 0.000167 127800401373 1
problem61 0.000283 115194293898 1
problem62 3.9e-05 125177369998 1
problem63 2.2e-05 125578072767 1
problem64 0.000688 131822722903 1
problem65 0.000261 128334609260 1
problem66 0.0002 124729676152 1
problem67 0.003677 114864441297 1
problem68 0.000785 122726316081 1
problem69 1.9e-05 131159188782 1
problem70 0.000336 141576889794 1
problem71 0.000801 120024440515 1
problem72 0.000331 119605101163 1
problem73 0.000116 129037528528 1
problem74 0.000538 129882578028 1
problem75 0.004607 126903290261 1
problem76 8.3e-05 130903488517 1
problem77 0.001174 129463203666 1
problem78 0.002669 137847545718 1
problem79 8.7e-05 116572035655 1
problem80 2.4e-05 130873357055 1
problem81 0.000154 126168073140 1
problem82 0.000368 125931452640 1
problem83 0.000772 116251771609 1
problem84 0.00092 125208227161 1
problem85 0.000637 122845394166 1
problem86 2e-05 122839634602 1
problem87 0.0004 133701227851 1
problem88 5.3e-05 116238532883 1
problem89 0.000936 128869666072 1
problem90 0.000364 121368704724 1
problem91 0.002447 125156688797 1
problem92 2.2e-05 144754731053 1
problem93 0.000196 123288661530 1
problem94 0.000692 120689987422 1
problem95 0.001405 131343966159 1
problem96 0.000989 140458998951 1
problem97 7.2e-05 131002604028 1
problem98 0.000409 128407479880 1
problem99 8.9e-05 116397333473 1
