problem0 4.84 3885324592187711 0 2472.00
problem1 0.80 3302695399859979 1 2528.00
problem2 1.85 3107997458472713 1 2528.00
problem3 2.76 4231054306564279 1 2528.00
problem4 2.07 3490482166654869 1 2528.00
problem5 4.86 3555130077899557 0 2528.00
problem6 4.93 3619188554362595 0 2528.00
problem7 4.30 3981119892441679 1 2528.00
problem8 3.36 3656864826589421 1 2528.00
problem9 4.81 3611244744581694 0 2528.00
problem10 3.21 3541278025853369 1 2528.00
problem11 4.80 4123862102007534 0 2528.00
problem12 2.69 3478686582158661 1 2528.00
problem13 4.76 3248136633658454 0 2528.00
problem14 4.84 3681110700863381 0 2528.00
problem15 2.24 3480201787897471 1 2528.00
problem16 4.74 3427981892445348 0 2528.00
problem17 2.79 3192371120335211 1 2528.00
problem18 1.22 3883463550951529 1 2528.00
problem19 4.68 2864727016010009 0 2528.00
problem20 4.92 3316689946668791 0 2528.00
problem21 4.79 3895469927348613 0 2528.00
problem22 3.21 3088443055447105 1 2528.00
problem23 0.38 3614481973980847 1 2528.00
problem24 3.59 3981237298279501 1 2528.00
problem25 4.56 3413963879644317 0 2528.00
problem26 4.71 3512784266969884 0 2528.00
problem27 1.28 3644568487038791 1 2528.00
problem28 4.70 3137980952810663 0 2528.00
problem29 4.71 3784140156572342 0 2528.00
problem30 3.93 4178946740892913 1 2528.00
problem31 0.99 3692149499654879 1 2528.00
problem32 0.99 3608173105901565 1 2528.00
problem33 4.68 2882029976935374 0 2528.00
problem34 1.22 3464426423243209 1 2528.00
problem35 5.02 4340713356147066 0 2528.00
problem36 4.67 3396971181385304 0 2528.00
problem37 0.48 3361754721302499 1 2528.00
problem38 0.25 3808913600510369 1 2528.00
problem39 0.68 3030972948366095 1 2528.00
problem40 4.95 3898376747423664 0 2528.00
problem41 4.62 3578593881851646 0 2528.00
problem42 3.24 3856243509955705 1 2528.00
problem43 4.62 3432191920304041 0 2528.00
problem44 0.60 3711165065470981 1 2528.00
problem45 4.72 3710023227681046 0 2528.00
problem46 4.71 3394905768192597 0 2528.00
problem47 4.73 2920465642463042 0 2528.00
problem48 4.77 3524541746686816 0 2528.00
problem49 4.81 4209305144163887 0 2528.00
problem50 4.98 3890812205298475 0 2528.00
problem51 4.84 3691873013969369 0 2528.00
problem52 1.92 3990228140953013 1 2528.00
problem53 4.94 4086752804791881 0 2528.00
problem54 4.73 3620245788624645 0 2528.00
problem55 2.71 3820468259882863 1 2528.00
problem56 4.75 3591556086475535 0 2528.00
problem57 2.41 3264458095968603 1 2528.00
problem58 4.83 3566318370751966 0 2528.00
problem59 2.20 3560821864300551 1 2528.00
problem60 1.55 3378040770061157 1 2528.00
problem61 3.47 3553405291949939 1 2528.00
problem62 4.92 3732706517831603 0 2528.00
problem63 4.74 3428946932202407 0 2528.00
problem64 1.61 3574234898437821 1 2528.00
problem65 1.38 3405249482870923 1 2528.00
problem66 3.62 3484377397249161 1 2528.00
problem67 1.44 3616805112076855 1 2528.00
problem68 4.94 4426142290519323 0 2528.00
problem69 4.88 3753619761972389 0 2528.00
problem70 1.58 3475170594997345 1 2528.00
problem71 2.57 3573973451013071 1 2528.00
problem72 4.88 3811904845901423 0 2528.00
problem73 2.77 3790918979234747 1 2528.00
problem74 4.87 3857599064878909 0 2528.00
problem75 0.48 3405627954774119 1 2528.00
problem76 0.77 3950903941354181 1 2528.00
problem77 4.87 3786023102440917 0 2528.00
problem78 2.51 3791073183687953 1 2528.00
problem79 1.54 3415187980650495 1 2528.00
problem80 2.07 3999031014797853 1 2528.00
problem81 4.78 4046745724211949 0 2528.00
problem82 4.89 4030813311321581 0 2528.00
problem83 1.21 3662328828605079 1 2528.00
problem84 4.95 3747795886992503 0 2528.00
problem85 4.78 3517768025101065 0 2528.00
problem86 0.99 3361235354923457 1 2528.00
problem87 1.88 3657472018522159 1 2528.00
problem88 2.44 3366257032946125 1 2528.00
problem89 2.50 3110846113105435 1 2528.00
problem90 2.07 3618767071676569 1 2528.00
problem91 0.55 3546140398203079 1 2528.00
problem92 3.27 3615525762724389 1 2528.00
problem93 4.76 3748846435011637 0 2528.00
problem94 0.66 3017237994383985 1 2528.00
problem95 4.87 3765731628434529 0 2528.00
problem96 2.68 3672260766399869 1 2528.00
problem97 4.73 3852634540442958 0 2528.00
problem98 1.49 3759458817767241 1 2528.00
problem99 4.75 3553380131748602 0 2528.00
