problem0 0 22202145 1
problem1 0 19650073 1
problem2 0 25513873 1
problem3 0 22965129 1
problem4 0 23912961 1
problem5 0 24439545 1
problem6 0 24198769 1
problem7 0 19600489 1
problem8 0 24257761 1
problem9 0 24422361 1
problem10 0 22500689 1
problem11 0 21849417 1
problem12 0 19959745 1
problem13 0 21564601 1
problem14 0 21337137 1
problem15 0 26435113 1
problem16 0 25567905 1
problem17 0 25172377 1
problem18 0 21625617 1
problem19 0 20643593 1
problem20 0 24173953 1
problem21 0 22531705 1
problem22 0 20089329 1
problem23 0 21121001 1
problem24 0 21938273 1
problem25 0 22948697 1
problem26 0 20791505 1
problem27 0 24590537 1
problem28 0 22924097 1
problem29 0 24195129 1
problem30 0 25698225 1
problem31 0 21483945 1
problem32 0 21757473 1
problem33 0 24042777 1
problem34 0 22095505 1
problem35 0 23204489 1
problem36 0 28793089 1
problem37 0 26554873 1
problem38 0 23483761 1
problem39 0 22281065 1
problem40 0 21879777 1
problem41 0 24260313 1
problem42 0 24489041 1
problem43 0 19631177 1
problem44 0 22906561 1
problem45 0 20173753 1
problem46 0 23931697 1
problem47 0 19318057 1
problem48 0 24402337 1
problem49 0 24649881 1
problem50 0 23777809 1
problem51 0 23307785 1
problem52 0 16798849 1
problem53 0 24974713 1
problem54 0 23896305 1
problem55 0 24129257 1
problem56 0 20936545 1
problem57 0 22065753 1
problem58 0 27301841 1
problem59 0 24797129 1
problem60 0 25150017 1
problem61 0 19986233 1
problem62 0 24426161 1
problem63 0 24131753 1
problem64 0 24065313 1
problem65 0 24896537 1
problem66 0 25623953 1
problem67 0 23050633 1
problem68 0 24891393 1
problem69 0 20936953 1
problem70 0 21326961 1
problem71 0 22471273 1
problem72 0 25400033 1
problem73 0 21607897 1
problem74 0 19792721 1
problem75 0 22262601 1
problem76 0 21265857 1
problem77 0 22583993 1
problem78 0 21938737 1
problem79 0 21244969 1
problem80 0 21794977 1
problem81 0 26879897 1
problem82 0 26585361 1
problem83 0 24530185 1
problem84 0 19516289 1
problem85 0 22830201 1
problem86 0 22067185 1
problem87 0 22549993 1
problem88 0.01 17444449 1
problem89 0 18692441 1
problem90 0 22933201 1
problem91 0 21464777 1
problem92 0 21739841 1
problem93 0 22724153 1
problem94 0 23809457 1
problem95 0 21143465 1
problem96 0 21785633 1
problem97 0 21162777 1
problem98 0 22467729 1
problem99 0 23552137 1
