problem0 101.08 18600074944 5446 1 100.85 249676.00
problem1 81.60 19751831932 2195 1 81.47 243584.00
problem2 255.96 18265475647 9439 2 255.55 740376.00
problem3 106.40 20261407815 7575 1 105.51 302972.00
problem4 250.76 18864213269 10209 2 250.31 307076.00
problem5 80.43 21255771113 4096 1 80.03 114360.00
problem6 228.93 17039267124 18459 2 227.42 526536.00
problem7 269.68 17031562565 22478 2 268.96 281528.00
problem8 266.98 16723466522 24149 2 265.97 308056.00
problem9 108.05 19661032975 5992 1 107.76 393588.00
problem10 106.38 19164237832 10157 1 105.53 681700.00
problem11 124.48 19028714843 13111 1 123.68 1034128.00
problem12 139.24 17396709777 21712 1 138.64 1034128.00
problem13 123.97 18490196345 9287 1 123.55 380640.00
problem14 124.17 18480715349 22904 1 122.68 382952.00
problem15 126.71 18531113461 23377 1 125.24 328284.00
problem16 83.69 19260110831 5734 1 82.86 329800.00
problem17 131.67 18372968546 11989 1 130.98 655592.00
problem18 123.47 16635226121 18214 1 121.61 672688.00
problem19 103.64 20186608971 10883 1 102.83 248976.00
problem20 282.09 13693738230 66759 2 280.42 249400.00
problem21 146.09 18119927297 18557 1 145.60 178060.00
problem22 131.32 18632136526 15745 1 130.34 217820.00
problem23 104.29 19384425536 11793 1 102.76 494168.00
problem24 111.04 19287908356 13002 1 108.86 494208.00
problem25 87.53 19477663272 7087 1 86.39 334484.00
problem26 115.29 17954659111 11197 1 114.89 416476.00
problem27 125.09 16827371098 19437 1 124.05 371412.00
problem28 84.27 20333117529 4539 1 83.74 371508.00
problem29 139.51 18385453434 15853 1 138.64 430812.00
problem30 127.29 19726997590 9574 1 126.61 431208.00
problem31 123.66 18378446130 19787 1 122.30 475852.00
problem32 141.36 16979125039 20179 1 140.38 477272.00
problem33 123.81 19547471919 11160 1 123.25 254684.00
problem34 121.58 19086118574 11215 1 120.17 586452.00
problem35 144.18 17114015547 12623 1 143.87 476376.00
problem36 101.43 19559460069 9691 1 100.75 751240.00
problem37 90.01 19713095717 4775 1 89.67 256172.00
problem38 143.38 15140395364 59304 1 141.95 258780.00
problem39 100.31 20167354838 10544 1 98.51 467612.00
problem40 130.08 19600392733 18178 1 128.59 469472.00
problem41 140.88 17340581055 17569 1 139.96 547552.00
problem42 90.21 20019717744 4872 1 89.97 331468.00
problem43 143.40 17896919765 34945 1 141.81 161684.00
problem44 138.07 17891613040 19443 1 136.77 401028.00
problem45 113.77 19806472809 9900 1 113.23 401040.00
problem46 125.57 17613127435 22352 1 124.78 180956.00
problem47 92.36 17479127169 9628 1 91.02 412380.00
problem48 117.29 16970038326 11927 1 116.35 582356.00
problem49 302.16 15641708866 80647 2 299.71 589368.00
problem50 165.41 16795734251 53814 1 162.82 253012.00
problem51 111.47 18212292415 10910 1 110.40 713440.00
problem52 143.34 17285020885 25796 1 142.06 223476.00
problem53 115.55 17327901318 16490 1 113.76 547552.00
problem54 130.22 18756286212 10409 1 129.46 267224.00
problem55 108.90 18726039023 6831 1 108.50 727776.00
problem56 113.96 17044956193 13931 1 113.03 317500.00
problem57 139.26 17580704914 23905 1 138.48 290360.00
problem58 114.61 19298045273 14284 1 113.52 425312.00
problem59 107.88 19282174051 8796 1 106.86 426716.00
problem60 96.80 20653826063 4737 1 96.30 357048.00
problem61 99.84 19261196891 7983 1 99.16 307680.00
problem62 85.81 19729596711 3406 1 85.49 415480.00
problem63 123.48 18553462252 11982 1 123.00 774876.00
problem64 111.65 18923670533 10520 1 111.24 406800.00
problem65 126.03 16815482011 18701 1 124.94 408316.00
problem66 126.66 17507956622 19692 1 125.16 463552.00
problem67 123.97 18992335800 16272 1 122.88 816248.00
problem68 124.26 19599534120 13156 1 123.40 254152.00
problem69 145.73 16982571019 67476 1 142.97 254596.00
problem70 117.10 18970081570 6500 1 116.54 372364.00
problem71 120.16 18087567417 10661 1 119.36 985820.00
problem72 97.38 20209136596 3637 1 97.20 409748.00
problem73 120.82 16552585484 14811 1 119.85 789216.00
problem74 147.84 16477507413 41884 1 146.97 160892.00
problem75 136.84 16800813698 25549 1 135.48 170716.00
problem76 102.32 17112983237 11137 1 101.66 629472.00
problem77 138.49 16938968437 14967 1 137.99 629472.00
problem78 139.93 18327728394 17627 1 139.30 1009400.00
problem79 99.21 18799656402 6084 1 98.69 1009400.00
problem80 82.43 19463007769 3176 1 82.09 212248.00
problem81 114.46 17889425019 4988 1 114.27 441216.00
problem82 154.52 16695334176 31778 1 152.15 498468.00
problem83 130.96 17419309097 24988 1 129.14 499888.00
problem84 149.28 15916576480 40518 1 146.89 175440.00
problem85 314.83 14878263844 81753 2 312.31 373520.00
problem86 156.70 15702688868 31878 1 155.83 229208.00
problem87 89.89 19438328742 8082 1 88.48 325596.00
problem88 105.23 19273469181 7806 1 104.44 393096.00
problem89 115.62 18587141197 7808 1 115.05 344624.00
problem90 124.81 17768070991 14378 1 123.56 400092.00
problem91 134.82 19768987063 13269 1 134.19 497152.00
problem92 146.15 17850714351 15859 1 145.47 285168.00
problem93 129.65 19778364826 19160 1 128.05 285736.00
problem94 104.36 18543747287 6917 1 104.00 504608.00
problem95 112.63 18483748294 8605 1 111.84 705244.00
problem96 116.66 18892436688 6700 1 116.34 143244.00
problem97 111.25 19206272660 9518 1 110.35 572128.00
problem98 94.16 19647483399 6336 1 93.58 275404.00
problem99 106.72 18207609964 6769 1 106.41 223000.00
