problem0 0 364136688042 1
problem1 0.02 373274743178 1
problem2 0.12 380305206634 1
problem3 0.3 329065004362 1
problem4 0.11 427654234410 1
problem5 0.04 368329177354 1
problem6 0 322290541802 1
problem7 0.02 376472323274 1
problem8 0.06 362246428842 1
problem9 0.01 368100843658 1
problem10 0.12 364333309034 1
problem11 0.04 382869523530 1
problem12 0.04 367442604074 1
problem13 0.06 389918509066 1
problem14 0 365184029674 1
problem15 0.06 355519042506 1
problem16 0.11 373531330474 1
problem17 0.08 370848739210 1
problem18 0 369618996074 1
problem19 0.05 358860069706 1
problem20 0.02 376567865130 1
problem21 0.01 382444263178 1
problem22 0.24 367922103018 1
problem23 0.01 428609200842 1
problem24 0 386834544298 1
problem25 0.06 381635870346 1
problem26 0.01 364604324458 1
problem27 0.1 357012073034 1
problem28 0.07 428840783402 1
problem29 0.14 399710971402 1
problem30 0 369813778922 1
problem31 0.09 380038132170 1
problem32 0 378114319786 1
problem33 0.01 404874644874 1
problem34 0.01 364975991146 1
problem35 0.03 395696585034 1
problem36 0.06 364928138538 1
problem37 0.01 362379179274 1
problem38 0 371513368810 1
problem39 0.02 410712998090 1
problem40 0.1 387753415850 1
problem41 0.13 371963026570 1
problem42 0.01 347765987434 1
problem43 0.03 385910474826 1
problem44 0.01 364799126570 1
problem45 0 392972895242 1
problem46 0.14 395150020586 1
problem47 0.04 399418413002 1
problem48 0.41 391710081962 1
problem49 0 390392638346 1
problem50 0.01 388790552426 1
problem51 0.09 337434859338 1
problem52 0.2 397969546026 1
problem53 0.01 369202991882 1
problem54 0.02 372658568938 1
problem55 0.06 340903108298 1
problem56 0 430367077034 1
problem57 0.03 400151378570 1
problem58 0 387772266090 1
problem59 0.16 367425037898 1
problem60 0.01 386710555178 1
problem61 0.39 370643804682 1
problem62 0.04 403477573098 1
problem63 0.01 431779278282 1
problem64 0.07 368013500842 1
problem65 0.01 371291916682 1
problem66 0.03 343217956202 1
problem67 0.11 365403043146 1
problem68 0 360667494698 1
problem69 0 360905552138 1
problem70 0.02 376592194794 1
problem71 0.13 357558009034 1
problem72 0.1 348111327402 1
problem73 0.03 381241104522 1
problem74 0.06 378188502122 1
problem75 0.01 345444959306 1
problem76 0.01 388140410922 1
problem77 0.15 376612896778 1
problem78 0.02 339901385706 1
problem79 0.01 383570971594 1
problem80 0.06 363798675370 1
problem81 0.01 365691873162 1
problem82 0.02 362341712746 1
problem83 0.01 360281576266 1
problem84 0.17 361335691050 1
problem85 0.17 389965991690 1
problem86 0 371368868586 1
problem87 0.02 401487682250 1
problem88 0.06 378148892330 1
problem89 0 367711336074 1
problem90 0.04 401558598250 1
problem91 0.03 389629239882 1
problem92 0.08 365733250602 1
problem93 0.01 368870022666 1
problem94 0 390044576234 1
problem95 0.11 393171970506 1
problem96 0.22 358530293162 1
problem97 0.08 322992424330 1
problem98 0.08 382676836714 1
problem99 0 400319394122 1
