problem0 61.03 816847460023244 38265 2 60.23 233544.00
problem1 23.98 928597085555064 20320 1 22.8 401708.00
problem2 14.99 953546792436739 7770 1 14.6 213464.00
problem3 20.83 836099113828260 10629 1 20.19 612912.00
problem4 12.61 1014150054637425 3726 1 11.82 423784.00
problem5 30.15 849215481943954 17050 1 29.68 437308.00
problem6 17.23 955612575817521 8390 1 16.84 385532.00
problem7 9.51 1019414152459693 2646 1 9.07 397392.00
problem8 26.89 828105576116532 28274 1 25.88 404812.00
problem9 14.44 951002050018569 11209 1 13.5 404812.00
problem10 9.66 1122601217150289 3008 1 9.15 145792.00
problem11 29.37 841735727925896 25267 1 28.59 549948.00
problem12 11.5 1032823332970118 4663 1 11.1 191912.00
problem13 17.1 960297916021721 7942 1 16.46 328240.00
problem14 14.16 997012683000532 3266 1 14.04 421172.00
problem15 15.14 994785729625662 4182 1 14.85 383064.00
problem16 16.81 992266149700710 9697 1 15.51 203760.00
problem17 18.04 841562454181248 5669 1 17.81 610824.00
problem18 10.7 1038197772672569 3027 1 9.96 610864.00
problem19 15.57 939884940290513 5190 1 15.06 358932.00
problem20 17.38 1001517024561847 6020 1 16.92 416300.00
problem21 13.25 980633387504415 4542 1 12.93 179992.00
problem22 29.19 843821120030246 23815 1 28.38 356756.00
problem23 9.72 930516688427539 4298 1 8.9 153020.00
problem24 10.84 1038843897892485 2684 1 10.64 164552.00
problem25 12.43 928929595566125 3381 1 12.08 295168.00
problem26 24.24 1023992170891872 19793 1 23.01 305868.00
problem27 11.39 1117091125431825 4032 1 10.79 174932.00
problem28 11.67 1056913148522376 5451 1 11.03 182080.00
problem29 20.63 937243621652462 12068 1 19.94 204296.00
problem30 28.47 918456031118649 35339 1 27.09 209456.00
problem31 19.57 836246528516095 10124 1 18.81 545328.00
problem32 22.98 829981665833112 17280 1 21.43 408880.00
problem33 14.26 918688493826549 6930 1 13.9 408880.00
problem34 31.53 812102289397396 26345 1 30.73 733116.00
problem35 12.42 959363513708680 3361 1 12.16 733116.00
problem36 26.17 882924522565630 12729 1 25.82 430636.00
problem37 14.62 951940893727459 5420 1 14.32 432684.00
problem38 22.54 880521949772462 12813 1 21.87 662064.00
problem39 16.22 878370256965711 8669 1 15.69 662064.00
problem40 9.46 1087983698657538 1726 1 9.33 155116.00
problem41 17.8 893418595649354 11227 1 17.07 279820.00
problem42 24.92 861780452431251 23947 1 23.77 294044.00
problem43 17.27 965560397685590 9077 1 16.23 322500.00
problem44 11.39 918852599277828 3925 1 10.87 142488.00
problem45 20.12 916789326434066 10906 1 19.71 375344.00
problem46 20.62 1010829588686502 9015 1 19.79 557556.00
problem47 14.64 936038027957222 7986 1 13.93 557616.00
problem48 12.49 986119748326382 5207 1 11.93 109896.00
problem49 16.5 960199849484879 9597 1 15.8 151260.00
problem50 18.98 1001866884082146 9752 1 18.36 592372.00
problem51 22.99 924347394617761 7438 1 22.66 666156.00
problem52 19.31 817520666588500 6324 1 18.91 768512.00
problem53 19.39 956954287360389 10622 1 18.59 779868.00
problem54 21.3 910318202749839 10869 1 20.8 559620.00
problem55 14.2 933330378854828 5619 1 13.73 515916.00
problem56 24.9 881473006034815 17583 1 24.24 515160.00
problem57 19.69 846795755058453 13488 1 19.13 293420.00
problem58 31.06 796171531664180 30262 1 30.46 382320.00
problem59 19.32 944015808103397 11156 1 18.48 384364.00
problem60 16.97 1008616713388272 6299 1 16.39 541144.00
problem61 22.93 951899358504201 20894 1 22.04 552836.00
problem62 11.24 1031143739518571 3803 1 11 113032.00
problem63 19.49 1025155187289563 6534 1 19.02 391728.00
problem64 13.14 908142195919360 5321 1 12.72 200152.00
problem65 23.96 978880652915842 14667 1 23.08 543280.00
problem66 17.88 969974890539065 6763 1 17.23 590320.00
problem67 12.02 955793489709211 2042 1 11.88 601872.00
problem68 10.31 1034765783356739 2695 1 10.11 107920.00
problem69 12.84 1083238133774471 3367 1 12.38 237732.00
problem70 16.51 1042658315568913 5896 1 15.93 678448.00
problem71 14.41 1004646431488804 3987 1 14.19 690044.00
problem72 24.65 893380993023285 18139 1 23.6 476500.00
problem73 21.61 953515132699260 7373 1 21.24 478140.00
problem74 11.4 1051204345709220 4452 1 10.76 297408.00
problem75 14.88 981332080412113 5372 1 14.57 324068.00
problem76 15.01 1038589413564132 6327 1 13.83 320000.00
problem77 15.96 957201930914471 4493 1 15.5 333664.00
problem78 20.87 932378294560946 9449 1 20.61 308140.00
problem79 16.9 948537451312944 12238 1 15.99 357464.00
problem80 66.97 768782102556329 43527 2 65.83 239584.00
problem81 20.2 898861983491167 7371 1 19.06 639536.00
problem82 20.33 1045220292634486 4796 1 19.96 623104.00
problem83 11.69 951417101779338 4165 1 10.92 581752.00
problem84 22.27 954135108758502 10395 1 21.35 463796.00
problem85 14.26 1029730498918664 3141 1 13.98 424732.00
problem86 24.39 980127272998394 14745 1 23.68 315524.00
problem87 22.84 976183429534067 9587 1 22.54 563760.00
problem88 20.3 943113021071071 12380 1 19.38 463776.00
problem89 8.76 968421737218433 1178 1 8.59 422188.00
problem90 17.18 954469230536337 7586 1 16.98 267980.00
problem91 16.12 1042701959291986 10171 1 15.19 226864.00
problem92 26.42 913064555406113 17894 1 25.66 243472.00
problem93 14.56 982116113670340 3569 1 13.95 504368.00
problem94 26.56 858562610495312 16013 1 25.92 627232.00
problem95 9.93 1000642055834203 1835 1 9.73 627248.00
problem96 19.41 784917863912440 9361 1 19.13 283136.00
problem97 25.89 857163499172623 12968 1 25.54 375460.00
problem98 20.33 953867154281932 7582 1 19.96 393744.00
problem99 18.18 947811959848273 6545 1 17.84 268020.00
