problem0 0.5 804190964302369 287 1 0.49 12132.00
problem1 0.02 974468639699519 117 1 0.01 8452.00
problem2 0.01 1098988320294989 186 1 0.01 8452.00
problem3 0.02 1014939758930059 89 1 0.02 8452.00
problem4 0.02 869526359976389 119 1 0.02 8452.00
problem5 0.02 936431134110631 146 1 0.02 8452.00
problem6 0.02 945690603819741 125 1 0.02 8452.00
problem7 0.04 957665237031657 335 2 0.04 8452.00
problem8 0.02 804705875713139 37 1 0.02 8452.00
problem9 0.01 853180175808278 108 1 0.01 8452.00
problem10 0.02 945767810505737 198 1 0.02 8452.00
problem11 0.02 799165685126440 193 1 0.02 8452.00
problem12 0.02 868033954848110 88 1 0.02 8452.00
problem13 0.02 844476075211481 246 1 0.02 8452.00
problem14 0.02 1042067593666269 118 1 0.02 8452.00
problem15 0.02 992731056167432 124 1 0.02 8452.00
problem16 0.02 752962924547428 126 1 0.02 8452.00
problem17 0.02 980931964581310 134 1 0.02 8452.00
problem18 0.02 778596491775349 135 1 0.02 8452.00
problem19 0.02 1000113586761309 247 1 0.02 8452.00
problem20 0.02 1026720659439074 127 1 0.02 8452.00
problem21 0.02 810569535439808 174 1 0.01 8452.00
problem22 0.02 878102465002876 170 1 0.01 8452.00
problem23 0.02 827412138301989 242 1 0.01 8452.00
problem24 0.02 866830692590268 193 1 0.02 8452.00
problem25 0.02 671123658535928 91 1 0.01 8452.00
problem26 0.02 993683539401315 174 1 0.01 8452.00
problem27 0.02 748849535835126 182 1 0.02 8452.00
problem28 0.02 1093034584899680 140 1 0.02 8452.00
problem29 0.02 1134427096382959 88 1 0.01 8452.00
problem30 0.01 943120616437513 84 1 0.01 8452.00
problem31 0.01 956025009046292 86 1 0.01 8452.00
problem32 0.02 1026939946011651 49 1 0.02 8452.00
problem33 0.02 913994205964346 240 1 0.02 8452.00
problem34 0.02 888636367090070 200 1 0.02 8452.00
problem35 0.02 986975037583069 160 1 0.02 8452.00
problem36 0.02 865920407075466 241 1 0.02 8452.00
problem37 0.02 943074363072623 240 1 0.02 8452.00
problem38 0.02 1084561496660337 100 1 0.02 8452.00
problem39 0.02 846501795673839 192 1 0.02 8452.00
problem40 0.02 1057580788411087 150 1 0.02 8452.00
problem41 0.02 1029033448029694 164 1 0.02 8452.00
problem42 0.02 943975131970874 77 1 0.02 8452.00
problem43 0.02 892181536523315 117 1 0.02 8452.00
problem44 0.04 807694015291785 372 2 0.04 8452.00
problem45 0.02 836064310751450 168 1 0.02 8452.00
problem46 0.02 935511959879152 356 1 0.02 8452.00
problem47 0.02 992957035801369 87 1 0.02 8452.00
problem48 0.02 1028669052023246 234 1 0.02 8452.00
problem49 0.02 952787436845716 202 1 0.02 8452.00
problem50 0.02 878478813326441 136 1 0.02 8452.00
problem51 0.03 948644568824338 216 1 0.01 8452.00
problem52 0.02 963727281828218 174 1 0.01 8452.00
problem53 0.02 909625146431217 169 1 0.02 8452.00
problem54 0.02 949961634234521 161 1 0.02 8452.00
problem55 0.02 917431310476331 236 1 0.02 8452.00
problem56 0.02 815731223629732 197 1 0.02 8452.00
problem57 0.03 815580980423099 243 1 0.02 8452.00
problem58 0.02 980204919456713 200 1 0.02 8452.00
problem59 0.02 760848325886106 331 1 0.02 8452.00
problem60 0.02 956118619136448 161 1 0.02 8452.00
problem61 0.02 899168412407176 137 1 0.02 8452.00
problem62 0.02 1021781213335701 80 1 0.02 8452.00
problem63 0.02 1016735129185434 142 1 0.02 8452.00
problem64 0.02 889600286437520 170 1 0.02 8452.00
problem65 0.02 1015226245966059 175 1 0.02 8452.00
problem66 0.02 1016953124587248 114 1 0.02 8452.00
problem67 0.02 859196694826389 209 1 0.02 8452.00
problem68 0.03 839191457828647 193 1 0.02 8452.00
problem69 0.01 1098583113710990 79 1 0.01 8452.00
problem70 0.03 795752212078062 273 1 0.02 8452.00
problem71 0.05 839329964024948 419 2 0.05 8452.00
problem72 0.03 1007860271817308 122 1 0.02 8452.00
problem73 0.02 979980418775181 239 1 0.02 8452.00
problem74 0.02 999028846350661 200 1 0.02 8452.00
problem75 0.02 890857341327274 201 1 0.02 8452.00
problem76 0.03 908881716506830 249 1 0.02 8452.00
problem77 0.02 947330212784948 174 1 0.02 8452.00
problem78 0.02 922316771238010 213 1 0.02 8452.00
problem79 0.02 981505816729105 213 1 0.02 8452.00
problem80 0.03 862840993230673 123 1 0.03 8452.00
problem81 0.02 924428109545536 115 1 0.02 8452.00
problem82 0.02 1065093041642831 171 1 0.01 8452.00
problem83 0.02 916720087878619 238 1 0.02 8452.00
problem84 0.02 790519384196381 323 1 0.02 8452.00
problem85 0.03 888766770507104 225 1 0.02 8452.00
problem86 0.02 891240046761401 185 1 0.02 8452.00
problem87 0.02 920957551129230 119 1 0.02 8452.00
problem88 0.02 909924747458396 159 1 0.02 8452.00
problem89 0.03 949895176792650 309 1 0.02 8452.00
problem90 0.02 979130495635692 84 1 0.02 8452.00
problem91 0.02 961642929464105 328 1 0.02 8452.00
problem92 0.02 912708700845151 191 1 0.02 8452.00
problem93 0.02 938853908662206 154 1 0.02 8452.00
problem94 0.03 720591672064836 418 1 0.03 8452.00
problem95 0.02 881805090535534 269 1 0.02 8452.00
problem96 0.06 795254727263630 450 2 0.05 8452.00
problem97 0.02 897242868342220 223 1 0.02 8452.00
problem98 0.03 834487751384622 285 1 0.03 8452.00
problem99 0.02 1132577855297210 122 1 0.02 8452.00
