problem0 3.34811 104742870617 1
problem1 0.246483 118124552979 1
problem2 1.06576 102032745094 1
problem3 1.77702 112565703500 1
problem4 2.03542 105913641883 1
problem5 1.01362 122672184013 1
problem6 0.626429 106072063192 1
problem7 0.32796 109618610134 1
problem8 6.98706 100642952061 1
problem9 1.29483 116957731495 1
problem10 2.45585 110289893066 1
problem11 1.85757 106255066496 1
problem12 0.280866 106422568959 1
problem13 0.090092 102797192353 1
problem14 0.37949 118349681244 1
problem15 0.01417 103184711242 1
problem16 3.17189 107836119841 1
problem17 0.486992 111467821755 1
problem18 1.14127 115244102030 1
problem19 0.420014 110964368436 1
problem20 1.73898 106783915747 1
problem21 0.877797 112752160501 1
problem22 1.21775 103562286688 1
problem23 1.03872 107290202430 1
problem24 5.67959 97958987077 1
problem25 3.67348 115345085263 1
problem26 1.93418 115289580242 1
problem27 3.24996 106749648744 1
problem28 7.70733 98725339207 1
problem29 0.529691 109825561033 1
problem30 1.1432 118105872612 1
problem31 0.228869 113688578226 1
problem32 0.678719 116125688297 1
problem33 0.867802 107227067491 1
problem34 1.68974 111495060118 1
problem35 0.002106 105195661084 1
problem36 2.74902 108228983851 1
problem37 0.573115 110165714205 1
problem38 0.268004 113662093800 1
problem39 0.811025 116580840614 1
problem40 2.68042 111381528845 1
problem41 5.59616 116014935543 1
problem42 0.37102 114453096666 1
problem43 0.979302 100682255184 1
problem44 1.52925 119199343247 1
problem45 0.808017 97533704433 1
problem46 3.6934 110813092204 1
problem47 0.40402 111193629978 1
problem48 0.084683 98540204721 1
problem49 3.6047 108755537931 1
problem50 1.91651 107777039774 1
problem51 0.794327 113053031428 1
problem52 0.197971 107323876211 1
problem53 2.53353 110431657285 1
problem54 0.524885 114555631472 1
problem55 1.26937 110745184782 1
problem56 0.580372 116681164501 1
problem57 0.663108 97701014175 1
problem58 8.68677 109979601122 1
problem59 4.67179 111232870712 1
problem60 7.83501 108964450007 1
problem61 6.17715 103879451161 1
problem62 0.080906 111016956916 1
problem63 2.79892 115227136898 1
problem64 5.3274 115303615865 1
problem65 0.201246 107916185011 1
problem66 1.09931 115689683622 1
problem67 1.41296 107704632044 1
problem68 0.208895 108183762107 1
problem69 1.11284 109825873773 1
problem70 0.51456 108865158904 1
problem71 0.411107 102869102966 1
problem72 0.168803 94554691229 1
problem73 0.864868 112807905607 1
problem74 1.37302 107333518058 1
problem75 1.74262 110312405280 1
problem76 2.94172 109126444319 1
problem77 2.53871 112078671169 1
problem78 0.119513 109449922684 1
problem79 2.96786 108710581226 1
problem80 2.19336 112984715841 1
problem81 0.4584 113670040923 1
problem82 14.9655 122247721390 1
problem83 0.258092 109632461780 1
problem84 0.093553 99549589507 1
problem85 0.812148 101757440917 1
problem86 1.75321 100162945152 1
problem87 0.290336 104664828638 1
problem88 0.429757 106995003493 1
problem89 0.494758 111988476399 1
problem90 1.0485 113231271666 1
problem91 0.262874 101911902984 1
problem92 0.088977 107366163815 1
problem93 9.78772 117848357481 1
problem94 2.25477 116115175172 1
problem95 1.5031 112718931538 1
problem96 0.715744 103946248457 1
problem97 1.54765 111945117443 1
problem98 3.24645 107195056822 1
problem99 0.599463 106772817596 1
