problem0 0 752679667 1
problem1 0.02 593814520 1
problem2 0 604121428 1
problem3 0.01 633175389 1
problem4 0 747691981 1
problem5 0.01 648864570 1
problem6 0 619399326 1
problem7 0 568674511 1
problem8 0.02 629228551 1
problem9 0 648965980 1
problem10 0.02 717453384 1
problem11 0.01 675083809 1
problem12 0.01 634380705 1
problem13 0 602483294 1
problem14 0.01 700179026 1
problem15 0.01 649680723 1
problem16 0.01 650105499 1
problem17 0.04 714315328 1
problem18 0.02 585633980 1
problem19 0.04 659234405 1
problem20 0 625971445 1
problem21 0.01 513611010 1
problem22 0.01 692579718 1
problem23 0.04 638639447 1
problem24 0.01 674428591 1
problem25 0 579856548 1
problem26 0.01 556909232 1
problem27 0 594085417 1
problem28 0 657276361 1
problem29 0.02 626209574 1
problem30 0 605829690 1
problem31 0 669248219 1
problem32 0 667615299 1
problem33 0.01 583857800 1
problem34 0 617111076 1
problem35 0.02 605404525 1
problem36 0.01 662452253 1
problem37 0 627315914 1
problem38 0 600545390 1
problem39 0.01 575180767 1
problem40 0 554581847 1
problem41 0.03 677531628 1
problem42 0 645509912 1
problem43 0.04 504255537 1
problem44 0 629526513 1
problem45 0 657869294 1
problem46 0.01 674158626 1
problem47 0 699587683 1
problem48 0 710476779 1
problem49 0.01 731219152 1
problem50 0 637112716 1
problem51 0 663607925 1
problem52 0.01 654923077 1
problem53 0.01 545153682 1
problem54 0 648333654 1
problem55 0.01 657776743 1
problem56 0 639475199 1
problem57 0.05 672802100 1
problem58 0 589416832 1
problem59 0.04 646799417 1
problem60 0.01 561780761 1
problem61 0.04 712961718 1
problem62 0 626146314 1
problem63 0.01 650030059 1
problem64 0.02 539254163 1
problem65 0.01 592560408 1
problem66 0.01 691153652 1
problem67 0 621016445 1
problem68 0 759785581 1
problem69 0 675839578 1
problem70 0.01 643956798 1
problem71 0.06 761155311 1
problem72 0 717984423 1
problem73 0 646703228 1
problem74 0 605062632 1
problem75 0.01 623290945 1
problem76 0 621975105 1
problem77 0.04 653894014 1
problem78 0.01 625272306 1
problem79 0 696244595 1
problem80 0 742886715 1
problem81 0 658910048 1
problem82 0.01 730376796 1
problem83 0.03 698912389 1
problem84 0 619639189 1
problem85 0.03 637462562 1
problem86 0 636599590 1
problem87 0.01 623729527 1
problem88 0 602053967 1
problem89 0.05 560732612 1
problem90 0 646735952 1
problem91 0.02 804958793 1
problem92 0 665569897 1
problem93 0.03 726852166 1
problem94 0.01 673535450 1
problem95 0.01 676259067 1
problem96 0 658313955 1
problem97 0 630670248 1
problem98 0.01 712216516 1
problem99 0.01 579609997 1
