problem0 0.01 449046 5 -1240878568 6.95329e-310 0.00
problem1 0.02 517137 5 -1240878568 6.95329e-310 0.00
problem2 0.01 494177 5 -1240878568 6.95329e-310 0.00
problem3 0.01 477105 5 -1240878568 6.95329e-310 0.00
problem4 0.02 388097 5 -1240878568 6.95329e-310 0.00
problem5 0.01 477009 5 -1240878568 6.95329e-310 0.00
problem6 0.02 491254 5 -1240878568 6.95329e-310 0.00
problem7 0.02 484081 5 -1240878568 6.95329e-310 0.00
problem8 0.01 530582 5 -1240878568 6.95329e-310 0.00
problem9 0.02 531089 5 -1240878568 6.95329e-310 0.00
problem10 0.02 495158 5 -1240878568 6.95329e-310 0.00
problem11 0.01 410502 5 -1240878568 6.95329e-310 0.00
problem12 0.01 461441 5 -1240878568 6.95329e-310 0.00
problem13 0.02 526460 5 -1240878568 6.95329e-310 0.00
problem14 0.02 462198 5 -1240878568 6.95329e-310 0.00
problem15 0.01 409286 5 -1240878568 6.95329e-310 0.00
problem16 0 486508 5 -1240878568 6.95329e-310 0.00
problem17 0.01 441276 5 -1240878568 6.95329e-310 0.00
problem18 0.02 457910 5 -1240878568 6.95329e-310 0.00
problem19 0.04 502278 5 -1240878568 6.95329e-310 0.00
problem20 0.02 496556 5 -1240878568 6.95329e-310 0.00
problem21 0.01 472145 5 -1240878568 6.95329e-310 0.00
problem22 0.01 460449 5 -1240878568 6.95329e-310 0.00
problem23 0.01 471025 5 -1240878568 6.95329e-310 0.00
problem24 0.02 513430 5 -1240878568 6.95329e-310 0.00
problem25 0 487996 5 -1240878568 6.95329e-310 0.00
problem26 0.01 557196 5 -1240878568 6.95329e-310 0.00
problem27 0.01 555825 5 -1240878568 6.95329e-310 0.00
problem28 0.02 537132 5 -1240878568 6.95329e-310 0.00
problem29 0.03 466982 5 -1240878568 6.95329e-310 0.00
problem30 0.02 486006 5 -1240878568 6.95329e-310 0.00
problem31 0.01 407153 5 -1240878568 6.95329e-310 0.00
problem32 0.03 545814 5 -1240878568 6.95329e-310 0.00
problem33 0.01 474641 5 -1240878568 6.95329e-310 0.00
problem34 0.01 487180 5 -1240878568 6.95329e-310 0.00
problem35 0.01 549297 5 -1240878568 6.95329e-310 0.00
problem36 0.01 517633 5 -1240878568 6.95329e-310 0.00
problem37 0.02 467281 5 -1240878568 6.95329e-310 0.00
problem38 0.01 538870 5 -1240878568 6.95329e-310 0.00
problem39 0.03 479814 5 -1240878568 6.95329e-310 0.00
problem40 0.02 496278 5 -1240878568 6.95329e-310 0.00
problem41 0.01 466748 5 -1240878568 6.95329e-310 0.00
problem42 0.01 488161 5 -1240878568 6.95329e-310 0.00
problem43 0.02 460849 5 -1240878568 6.95329e-310 0.00
problem44 0.02 547286 5 -1240878568 6.95329e-310 0.00
problem45 0.01 451196 5 -1240878568 6.95329e-310 0.00
problem46 0.01 400588 5 -1240878568 6.95329e-310 0.00
problem47 0.01 470556 5 -1240878568 6.95329e-310 0.00
problem48 0.03 539585 5 -1240878568 6.95329e-310 0.00
problem49 0.01 486161 5 -1240878568 6.95329e-310 0.00
problem50 0.01 450913 5 -1240878568 6.95329e-310 0.00
problem51 0.01 508934 5 -1240878568 6.95329e-310 0.00
problem52 0.02 538710 5 -1240878568 6.95329e-310 0.00
problem53 0.01 440572 5 -1240878568 6.95329e-310 0.00
problem54 0.01 486220 5 -1240878568 6.95329e-310 0.00
problem55 0.01 488604 5 -1240878568 6.95329e-310 0.00
problem56 0.01 500972 5 -1240878568 6.95329e-310 0.00
problem57 0.01 445500 5 -1240878568 6.95329e-310 0.00
problem58 0 440972 5 -1240878568 6.95329e-310 0.00
problem59 0.04 518790 5 -1240878568 6.95329e-310 0.00
problem60 0.01 470060 5 -1240878568 6.95329e-310 0.00
problem61 0.01 500945 5 -1240878568 6.95329e-310 0.00
problem62 0.03 468086 5 -1240878568 6.95329e-310 0.00
problem63 0 424732 5 -1240878568 6.95329e-310 0.00
problem64 0.02 489665 5 -1240878568 6.95329e-310 0.00
problem65 0.01 432145 5 -1240878568 6.95329e-310 0.00
problem66 0 502028 5 -1240878568 6.95329e-310 0.00
problem67 0.03 555953 5 -1240878568 6.95329e-310 0.00
problem68 0.01 450561 5 -1240878568 6.95329e-310 0.00
problem69 0.01 435708 5 -1240878568 6.95329e-310 0.00
problem70 0.03 520950 5 -1240878568 6.95329e-310 0.00
problem71 0 410012 5 -1240878568 6.95329e-310 0.00
problem72 0.01 571201 5 -1240878568 6.95329e-310 0.00
problem73 0.02 533478 5 -1240878568 6.95329e-310 0.00
problem74 0.02 459318 5 -1240878568 6.95329e-310 0.00
problem75 0.02 423814 5 -1240878568 6.95329e-310 0.00
problem76 0.02 414678 5 -1240878568 6.95329e-310 0.00
problem77 0.01 463313 5 -1240878568 6.95329e-310 0.00
problem78 0.01 535585 5 -1240878568 6.95329e-310 0.00
problem79 0.01 509980 5 -1240878568 6.95329e-310 0.00
problem80 0.01 505281 5 -1240878568 6.95329e-310 0.00
problem81 0.03 509201 5 -1240878568 6.95329e-310 0.00
problem82 0.02 531297 5 -1240878568 6.95329e-310 0.00
problem83 0.02 493745 5 -1240878568 6.95329e-310 0.00
problem84 0.01 449793 5 -1240878568 6.95329e-310 0.00
problem85 0.02 452689 5 -1240878568 6.95329e-310 0.00
problem86 0.01 446454 5 -1240878568 6.95329e-310 0.00
problem87 0.02 440646 5 -1240878568 6.95329e-310 0.00
problem88 0.01 532204 5 -1240878568 6.95329e-310 0.00
problem89 0.01 490385 5 -1240878568 6.95329e-310 0.00
problem90 0.01 412129 5 -1240878568 6.95329e-310 0.00
problem91 0.01 503601 5 -1240878568 6.95329e-310 0.00
problem92 0.01 490369 5 -1240878568 6.95329e-310 0.00
problem93 0.03 513062 5 -1240878568 6.95329e-310 0.00
problem94 0.02 559393 5 -1240878568 6.95329e-310 0.00
problem95 0.01 529692 5 -1240878568 6.95329e-310 0.00
problem96 0.01 411670 5 -1240878568 6.95329e-310 0.00
problem97 0.02 411494 5 -1240878568 6.95329e-310 0.00
problem98 0.04 495030 5 -1240878568 6.95329e-310 0.00
problem99 0.01 562609 5 -1240878568 6.95329e-310 0.00
