problem0 0.08 361474157934608 479434334 0 6.91486e-310 0.00
problem1 0.13 353079236964296 479434334 0 6.91486e-310 0.00
problem2 0.09 388108374025169 479434334 0 6.91486e-310 0.00
problem3 0.09 349006995054654 479434334 0 6.91486e-310 0.00
problem4 0.09 368897113488588 479434334 0 6.91486e-310 0.00
problem5 0.09 294889236856112 479434334 0 6.91486e-310 0.00
problem6 0.1 364839804556218 479434334 0 6.91486e-310 0.00
problem7 0.01 276496710490285 479434334 0 6.91486e-310 0.00
problem8 0.15 410589819539123 479434334 0 6.91486e-310 0.00
problem9 0.07 396913194488854 479434334 0 6.91486e-310 0.00
problem10 0.09 377043055087489 479434334 0 6.91486e-310 0.00
problem11 0.12 337209992713648 479434334 0 6.91486e-310 0.00
problem12 0.11 372577360737085 479434334 0 6.91486e-310 0.00
problem13 0.1 338459779228486 479434334 0 6.91486e-310 0.00
problem14 0.13 311931928067686 479434334 0 6.91486e-310 0.00
problem15 0.1 362313497259618 479434334 0 6.91486e-310 0.00
problem16 0.09 351269986105331 479434334 0 6.91486e-310 0.00
problem17 0.09 293642266726626 479434334 0 6.91486e-310 0.00
problem18 0.08 353501747962879 479434334 0 6.91486e-310 0.00
problem19 0.08 402487938601329 479434334 0 6.91486e-310 0.00
problem20 0.11 382364334571649 479434334 0 6.91486e-310 0.00
problem21 0.12 396420646387064 479434334 0 6.91486e-310 0.00
problem22 0.01 267021143451954 479434334 0 6.91486e-310 0.00
problem23 0.07 372892786314977 479434334 0 6.91486e-310 0.00
problem24 0.09 313951253220061 479434334 0 6.91486e-310 0.00
problem25 0.1 350228251719457 479434334 0 6.91486e-310 0.00
problem26 0.08 432147917419532 479434334 0 6.91486e-310 0.00
problem27 0.12 369914332054610 479434334 0 6.91486e-310 0.00
problem28 0.13 367076852974257 479434334 0 6.91486e-310 0.00
problem29 0.08 386947521985323 479434334 0 6.91486e-310 0.00
problem30 0.07 379258239288779 479434334 0 6.91486e-310 0.00
problem31 0.09 328208002672400 479434334 0 6.91486e-310 0.00
problem32 0.12 353031951179023 479434334 0 6.91486e-310 0.00
problem33 0.09 358439652846849 479434334 0 6.91486e-310 0.00
problem34 0.12 343214829766254 479434334 0 6.91486e-310 0.00
problem35 0.1 366263947498077 479434334 0 6.91486e-310 0.00
problem36 0.13 314197086040452 479434334 0 6.91486e-310 0.00
problem37 0.01 279943044192602 479434334 0 6.91486e-310 0.00
problem38 0.07 416362595645493 479434334 0 6.91486e-310 0.00
problem39 0.11 337196367939023 479434334 0 6.91486e-310 0.00
problem40 0.08 334473266108210 479434334 0 6.91486e-310 0.00
problem41 0.14 333970796311487 479434334 0 6.91486e-310 0.00
problem42 0.08 310959652575721 479434334 0 6.91486e-310 0.00
problem43 0.08 318091604899439 479434334 0 6.91486e-310 0.00
problem44 0.09 357977269320501 479434334 0 6.91486e-310 0.00
problem45 0.09 449740886173943 479434334 0 6.91486e-310 0.00
problem46 0.09 340969471280203 479434334 0 6.91486e-310 0.00
problem47 0.1 378760540554262 479434334 0 6.91486e-310 0.00
problem48 0.12 387774886380165 479434334 0 6.91486e-310 0.00
problem49 0.12 379909595541783 479434334 0 6.91486e-310 0.00
problem50 0.1 312431700637500 479434334 0 6.91486e-310 0.00
problem51 0.09 391269009202491 479434334 0 6.91486e-310 0.00
problem52 0.08 317303853503039 479434334 0 6.91486e-310 0.00
problem53 0.08 367218413530104 479434334 0 6.91486e-310 0.00
problem54 0.08 278770470442821 479434334 0 6.91486e-310 0.00
problem55 0.08 396731159049044 479434334 0 6.91486e-310 0.00
problem56 0.12 345277748481679 479434334 0 6.91486e-310 0.00
problem57 0.09 319164274869083 479434334 0 6.91486e-310 0.00
problem58 0.1 420855740312650 479434334 0 6.91486e-310 0.00
problem59 0.1 346568891059855 479434334 0 6.91486e-310 0.00
problem60 0.11 279884401669846 479434334 0 6.91486e-310 0.00
problem61 0.09 424765827591461 479434334 0 6.91486e-310 0.00
problem62 0.12 418575333166082 479434334 0 6.91486e-310 0.00
problem63 0.09 357061306904173 479434334 0 6.91486e-310 0.00
problem64 0.09 377558696848653 479434334 0 6.91486e-310 0.00
problem65 0.12 411386178904921 479434334 0 6.91486e-310 0.00
problem66 0.1 409980756514152 479434334 0 6.91486e-310 0.00
problem67 0.07 364450135579714 479434334 0 6.91486e-310 0.00
problem68 0.1 421267479803160 479434334 0 6.91486e-310 0.00
problem69 0.09 381485147309961 479434334 0 6.91486e-310 0.00
problem70 0.11 404240655266931 479434334 0 6.91486e-310 0.00
problem71 0.1 357970286623336 479434334 0 6.91486e-310 0.00
problem72 0.12 375955498207997 479434334 0 6.91486e-310 0.00
problem73 0.13 368410527042932 479434334 0 6.91486e-310 0.00
problem74 0.11 373819698303971 479434334 0 6.91486e-310 0.00
problem75 0.11 335627138798321 479434334 0 6.91486e-310 0.00
problem76 0.08 379734109128962 479434334 0 6.91486e-310 0.00
problem77 0.09 397258789515981 479434334 0 6.91486e-310 0.00
problem78 0.09 337223878785064 479434334 0 6.91486e-310 0.00
problem79 0.13 311356179096082 479434334 0 6.91486e-310 0.00
problem80 0.09 411122782879266 479434334 0 6.91486e-310 0.00
problem81 0.1 359017078837043 479434334 0 6.91486e-310 0.00
problem82 0.1 298777186521191 479434334 0 6.91486e-310 0.00
problem83 0.1 354160504662102 479434334 0 6.91486e-310 0.00
problem84 0.08 392776515193716 479434334 0 6.91486e-310 0.00
problem85 0.09 320317789810201 479434334 0 6.91486e-310 0.00
problem86 0.09 351216990930207 479434334 0 6.91486e-310 0.00
problem87 0.1 301744644677233 479434334 0 6.91486e-310 0.00
problem88 0.08 350287520717650 479434334 0 6.91486e-310 0.00
problem89 0.1 332995800584986 479434334 0 6.91486e-310 0.00
problem90 0.09 394246124377515 479434334 0 6.91486e-310 0.00
problem91 0.09 405593507979007 479434334 0 6.91486e-310 0.00
problem92 0.09 399877285637897 479434334 0 6.91486e-310 0.00
problem93 0.12 393400749791559 479434334 0 6.91486e-310 0.00
problem94 0.08 405505448022174 479434334 0 6.91486e-310 0.00
problem95 0.1 420954919836649 479434334 0 6.91486e-310 0.00
problem96 0.09 377957553900487 479434334 0 6.91486e-310 0.00
problem97 0.12 310490579045342 479434334 0 6.91486e-310 0.00
problem98 0.09 280184276505014 479434334 0 6.91486e-310 0.00
problem99 0.08 353923554302569 479434334 0 6.91486e-310 0.00
