problem0 1.47 24107470367632 1
problem1 1.18 25931601677297 1
problem2 0.49 25800671369137 1
problem3 4.02 25029513108774 1
problem4 7.37 25062226257290 1
problem5 0.05 25191223623283 1
problem6 0.59 23454415520091 1
problem7 4.16 26232955302168 1
problem8 1.26 26812292801892 1
problem9 1.43 23399208688725 1
problem10 4.12 27438168435173 1
problem11 1.72 25669708389738 1
problem12 7.83 23692466246942 1
problem13 2.31 24542174549911 1
problem14 0.89 26802838399823 1
problem15 1.09 25112987141148 1
problem16 0.02 23747122151096 1
problem17 12.4 24599676518969 1
problem18 0.01 24460580159385 1
problem19 0.27 22704909887278 1
problem20 2.59 23994263112754 1
problem21 3.33 24326405738043 1
problem22 0.9 25622928163011 1
problem23 8.7 23641317173408 1
problem24 2.16 25497066129292 1
problem25 2.78 26556220722589 1
problem26 1.79 25903131732173 1
problem27 26.94 24864830360178 1
problem28 0.04 26224843348678 1
problem29 8.79 24586729304671 1
problem30 6.8 26782983066039 1
problem31 12.84 25443230232228 1
problem32 0.71 23886310805472 1
problem33 1.76 27091382537857 1
problem34 0.81 24427844351361 1
problem35 6.39 25195569862454 1
problem36 2.38 26725288218842 1
problem37 0.53 24957359150083 1
problem38 0.12 24588750482987 1
problem39 4.43 24316739446312 1
problem40 2.27 24093222660020 1
problem41 15.05 25085167326437 1
problem42 0.41 27349426861493 1
problem43 2.48 25444162542970 1
problem44 0.74 25821079961198 1
problem45 0.51 22492372976423 1
problem46 0.05 24483110970911 1
problem47 1.49 23845088829228 1
problem48 1.37 24141229629192 1
problem49 23.04 22471973679305 1
problem50 15.96 24790228154729 1
problem51 10.01 26358665637182 1
problem52 0.61 26642952909698 1
problem53 1.27 24343352643531 1
problem54 1.17 24930900265363 1
problem55 1.82 22823866329520 1
problem56 13.2 25796516283868 1
problem57 2.15 23513842168365 1
problem58 0.03 27201998409885 1
problem59 6.7 23112547096194 1
problem60 0.85 23618214051862 1
problem61 6.24 24850401905135 1
problem62 1.95 25886223394951 1
problem63 1.79 21860560819636 1
problem64 16.35 22777420049456 1
problem65 1.49 22352067258641 1
problem66 1.82 25078814837585 1
problem67 2.18 22934456789318 1
problem68 6.76 23225723696170 1
problem69 1.51 23466894623123 1
problem70 3.75 27098815697659 1
problem71 2.62 26652364534584 1
problem72 2.61 24193162453508 1
problem73 9.47 24127602517365 1
problem74 8.48 25913786284421 1
problem75 5.79 24921213318538 1
problem76 1.61 24571322867646 1
problem77 0.75 21262402504375 1
problem78 0.01 24458543306991 1
problem79 0.82 26059362587196 1
problem80 0.62 23107796498264 1
problem81 1.15 24426727061337 1
problem82 0.15 24797305154361 1
problem83 27.08 23920190212942 1
problem84 0.37 26291276010194 1
problem85 0.1 24870277556571 1
problem86 1.32 23984568814179 1
problem87 0.03 26856661058240 1
problem88 0.75 21748195998764 1
problem89 3.83 28901165002429 1
problem90 11.14 24401920307309 1
problem91 3.1 23264032373394 1
problem92 3.55 22799765609830 1
problem93 6.99 23936762722687 1
problem94 3.33 26957571192663 1
problem95 20.65 20753135998148 1
problem96 0.57 26275624960128 1
problem97 3.25 24899864206241 1
problem98 0.09 25347907524897 1
problem99 7.55 24510520267606 1
