problem0 3.84 520866718792978 5 -1484530200 6.95328e-310 0.00
problem1 2.51 613403993049708 5 -1484530200 6.95328e-310 0.00
problem2 5.09 633326999118770 5 -1484530200 6.95328e-310 0.00
problem3 8.34 665874317936303 5 -1484530200 6.95328e-310 0.00
problem4 19.9 617021716050061 5 -1484530200 6.95328e-310 0.00
problem5 3.74 530933834441885 5 -1484530200 6.95328e-310 0.00
problem6 0.79 616822357241140 5 -1484530200 6.95328e-310 0.00
problem7 2.81 558766245480786 5 -1484530200 6.95328e-310 0.00
problem8 15.58 658741010844799 5 -1484530200 6.95328e-310 0.00
problem9 1.31 577190184902431 5 -1484530200 6.95328e-310 0.00
problem10 3.96 570148118628607 5 -1484530200 6.95328e-310 0.00
problem11 2.12 512694356995423 5 -1484530200 6.95328e-310 0.00
problem12 7.45 466676758155034 5 -1484530200 6.95328e-310 0.00
problem13 4.98 622146437839941 5 -1484530200 6.95328e-310 0.00
problem14 5.65 553224070170212 5 -1484530200 6.95328e-310 0.00
problem15 1.38 657462261268938 5 -1484530200 6.95328e-310 0.00
problem16 1.65 611377906808054 5 -1484530200 6.95328e-310 0.00
problem17 1.8 635233578525211 5 -1484530200 6.95328e-310 0.00
problem18 1.3 617201622969996 5 -1484530200 6.95328e-310 0.00
problem19 3.55 533707776180504 5 -1484530200 6.95328e-310 0.00
problem20 2.51 464984457190570 5 -1484530200 6.95328e-310 0.00
problem21 15.78 612752921834664 5 -1484530200 6.95328e-310 0.00
problem22 12.82 580709376030703 5 -1484530200 6.95328e-310 0.00
problem23 4.36 613790861429026 5 -1484530200 6.95328e-310 0.00
problem24 3.6 682380224676748 5 -1484530200 6.95328e-310 0.00
problem25 6.53 636756861747097 5 -1484530200 6.95328e-310 0.00
problem26 2.83 479325558611675 5 -1484530200 6.95328e-310 0.00
problem27 17.06 618194842656916 5 -1484530200 6.95328e-310 0.00
problem28 13.03 651443271082847 5 -1484530200 6.95328e-310 0.00
problem29 4.78 709936554147578 5 -1484530200 6.95328e-310 0.00
problem30 11.67 690421512847793 5 -1484530200 6.95328e-310 0.00
problem31 1.31 536510265797406 5 -1484530200 6.95328e-310 0.00
problem32 15.55 605446392286578 5 -1484530200 6.95328e-310 0.00
problem33 4.26 728097047093175 5 -1484530200 6.95328e-310 0.00
problem34 5.42 620913222529204 5 -1484530200 6.95328e-310 0.00
problem35 4.47 697986627399550 5 -1484530200 6.95328e-310 0.00
problem36 8.96 550152128835531 5 -1484530200 6.95328e-310 0.00
problem37 19.04 572699417352962 5 -1484530200 6.95328e-310 0.00
problem38 50.95 583564239839047 5 -1484530200 6.95328e-310 0.00
problem39 15.58 619204887737125 5 -1484530200 6.95328e-310 0.00
problem40 6.48 584674007224245 5 -1484530200 6.95328e-310 0.00
problem41 2.33 573324100201347 5 -1484530200 6.95328e-310 0.00
problem42 56.91 620803576001031 5 -1484530200 6.95328e-310 0.00
problem43 1.72 618184723972545 5 -1484530200 6.95328e-310 0.00
problem44 2.9 676398405960466 5 -1484530200 6.95328e-310 0.00
problem45 10.74 606532246798123 5 -1484530200 6.95328e-310 0.00
problem46 4.35 743587820365373 5 -1484530200 6.95328e-310 0.00
problem47 2.62 580902056934644 5 -1484530200 6.95328e-310 0.00
problem48 3.58 609040547485524 5 -1484530200 6.95328e-310 0.00
problem49 2.33 620655427888344 5 -1484530200 6.95328e-310 0.00
problem50 4.55 661192215285298 5 -1484530200 6.95328e-310 0.00
problem51 6.27 583852109288702 5 -1484530200 6.95328e-310 0.00
problem52 6.3 498222560903989 5 -1484530200 6.95328e-310 0.00
problem53 7.77 585244340097576 5 -1484530200 6.95328e-310 0.00
problem54 8.5 594750480029327 5 -1484530200 6.95328e-310 0.00
problem55 11.69 695808880510695 5 -1484530200 6.95328e-310 0.00
problem56 4.91 645604923387326 5 -1484530200 6.95328e-310 0.00
problem57 13.02 656518217746052 5 -1484530200 6.95328e-310 0.00
problem58 14.1 738238693683176 5 -1484530200 6.95328e-310 0.00
problem59 13.21 573679428852953 5 -1484530200 6.95328e-310 0.00
problem60 2.15 656341334562418 5 -1484530200 6.95328e-310 0.00
problem61 2.7 620241228855600 5 -1484530200 6.95328e-310 0.00
problem62 6.4 566404925885864 5 -1484530200 6.95328e-310 0.00
problem63 6.83 603069450407288 5 -1484530200 6.95328e-310 0.00
problem64 19 598280069682935 5 -1484530200 6.95328e-310 0.00
problem65 19.08 635466613366179 5 -1484530200 6.95328e-310 0.00
problem66 15.79 527741058044811 5 -1484530200 6.95328e-310 0.00
problem67 6.69 597430387312691 5 -1484530200 6.95328e-310 0.00
problem68 6.22 632676473651092 5 -1484530200 6.95328e-310 0.00
problem69 4.12 557808357160180 5 -1484530200 6.95328e-310 0.00
problem70 2.19 573730309782822 5 -1484530200 6.95328e-310 0.00
problem71 10.48 639675513084211 5 -1484530200 6.95328e-310 0.00
problem72 0.59 520830410216184 5 -1484530200 6.95328e-310 0.00
problem73 2.61 625376003064975 5 -1484530200 6.95328e-310 0.00
problem74 6.26 675450824174694 5 -1484530200 6.95328e-310 0.00
problem75 2.37 607504283928997 5 -1484530200 6.95328e-310 0.00
problem76 7.16 648713946035148 5 -1484530200 6.95328e-310 0.00
problem77 2 654528510876830 5 -1484530200 6.95328e-310 0.00
problem78 10.89 649504921452331 5 -1484530200 6.95328e-310 0.00
problem79 3.59 596269254019254 5 -1484530200 6.95328e-310 0.00
problem80 11.18 586878695409935 5 -1484530200 6.95328e-310 0.00
problem81 8.95 560091025162566 5 -1484530200 6.95328e-310 0.00
problem82 9.97 639792051064883 5 -1484530200 6.95328e-310 0.00
problem83 2.75 610445801643376 5 -1484530200 6.95328e-310 0.00
problem84 3.65 628464097435060 5 -1484530200 6.95328e-310 0.00
problem85 22.01 648629809490491 5 -1484530200 6.95328e-310 0.00
problem86 2.66 555669478056462 5 -1484530200 6.95328e-310 0.00
problem87 2.98 536457473785695 5 -1484530200 6.95328e-310 0.00
problem88 5.21 710235513340285 5 -1484530200 6.95328e-310 0.00
problem89 3.78 616599931195333 5 -1484530200 6.95328e-310 0.00
problem90 9.71 588425981117295 5 -1484530200 6.95328e-310 0.00
problem91 18.27 650390318151457 5 -1484530200 6.95328e-310 0.00
problem92 2.42 688194315973687 5 -1484530200 6.95328e-310 0.00
problem93 3.38 694594416078788 5 -1484530200 6.95328e-310 0.00
problem94 6.09 729589440728123 5 -1484530200 6.95328e-310 0.00
problem95 7.15 544172301824820 5 -1484530200 6.95328e-310 0.00
problem96 6.04 642072355289579 5 -1484530200 6.95328e-310 0.00
problem97 4.31 619630996803024 5 -1484530200 6.95328e-310 0.00
problem98 10.54 603128152007371 5 -1484530200 6.95328e-310 0.00
problem99 23.69 603304947795091 5 -1484530200 6.95328e-310 0.00
