problem0 0.06 16993750542 0
problem1 0.05 17718562107 0
problem2 0.06 15426307289 0
problem3 0.04 12853226783 0
problem4 0.04 15167241822 0
problem5 0.08 14536585008 0
problem6 0.04 14032615687 0
problem7 0.08 13423186680 0
problem8 0.07 14704408002 0
problem9 0.02 13950589153 0
problem10 0.08 13707883673 0
problem11 0.06 16068968705 0
problem12 0.03 14548153763 0
problem13 0.03 13613730497 0
problem14 0.06 15613802665 0
problem15 0.05 14689826506 0
problem16 0.04 13649771990 0
problem17 0.05 15348303034 0
problem18 0.05 13135823958 0
problem19 0.04 16749393051 0
problem20 0.06 15800782200 0
problem21 0.04 14945191553 0
problem22 0.02 11747383375 0
problem23 0.02 13747780469 0
problem24 0.07 16211158319 0
problem25 0.06 16659386465 0
problem26 0.04 14514385972 0
problem27 0.04 13970704472 0
problem28 0.05 13857359111 0
problem29 0.03 16566985286 0
problem30 0.07 15115884536 0
problem31 0.03 16182812322 0
problem32 0.04 17387908330 0
problem33 0.04 17060707372 0
problem34 0.1 18782045150 0
problem35 0.03 15533259826 0
problem36 0.06 16669236445 0
problem37 0.06 11280637497 0
problem38 0.06 17061214255 0
problem39 0.04 14830002680 0
problem40 0.1 15534806194 0
problem41 0.07 14789609467 0
problem42 0.05 16274076591 0
problem43 0.06 15412989904 0
problem44 0.05 11920888967 0
problem45 0.09 14570469866 0
problem46 0.07 18723174296 0
problem47 0.06 15543551420 0
problem48 0.04 13435821181 0
problem49 0.06 15733846965 0
problem50 0.06 13566100373 0
problem51 0.07 16309978017 0
problem52 0.03 17495780424 0
problem53 0.03 14137734530 0
problem54 0.05 18154559286 0
problem55 0.05 15721941360 0
problem56 0.04 14009140269 0
problem57 0.07 15177973609 0
problem58 0.04 14146728752 0
problem59 0.07 13542332303 0
problem60 0.06 13830628382 0
problem61 0.03 14997770590 0
problem62 0.06 15689864998 0
problem63 0.03 12897873212 0
problem64 0.07 16012200967 0
problem65 0.08 14983211811 0
problem66 0.02 15196341005 0
problem67 0.05 15447280405 0
problem68 0.08 12634881015 0
problem69 0.02 14783941886 0
problem70 0.05 12871546589 0
problem71 0.1 16549425399 0
problem72 0.06 15115432879 0
problem73 0.03 13923776237 0
problem74 0.07 12955792054 0
problem75 0.07 14390140636 0
problem76 0.06 17162269638 0
problem77 0.02 15558797503 0
problem78 0.06 15671244408 0
problem79 0.06 15887799496 0
problem80 0.04 14639676280 0
problem81 0.02 13055582921 0
problem82 0.06 17758798455 0
problem83 0.03 14681608866 0
problem84 0.04 16842099601 0
problem85 0.04 16297878683 0
problem86 0.06 15162431041 0
problem87 0.06 15290800239 0
problem88 0.06 14818763567 0
problem89 0.04 15716249188 0
problem90 0.04 14303490672 0
problem91 0.05 11102922408 0
problem92 0.11 17344021265 0
problem93 0.05 17184686163 0
problem94 0.07 16511440382 0
problem95 0.03 12827999293 0
problem96 0.08 16020744938 0
problem97 0.05 13566450217 0
problem98 0.03 15339504166 0
problem99 0.02 13601921577 0
