problem0 0 1046339561 1
problem1 0.11 970982118 1
problem2 0.11 1006905642 1
problem3 0.02 1049916171 1
problem4 0.01 1162995523 1
problem5 0 860815464 1
problem6 0.07 970571892 1
problem7 0.38 1044292157 1
problem8 0 1075323133 1
problem9 0.09 1046900170 1
problem10 0.09 1175866142 1
problem11 0.31 990570064 0
problem12 0.03 1006823191 1
problem13 0.01 1228590348 1
problem14 0.05 887362344 1
problem15 0.18 1000829250 0
problem16 0.01 1139209105 1
problem17 0.04 1088454702 1
problem18 0.02 1278263954 1
problem19 0.48 1088902420 0
problem20 0.17 1098211435 1
problem21 0.38 1223543088 1
problem22 0.03 955736924 1
problem23 0.02 1056211909 1
problem24 0.03 1022732197 1
problem25 0.08 1121765906 1
problem26 0.03 870997894 1
problem27 0.16 1063374679 1
problem28 0.03 1029677887 1
problem29 0.3 1062044885 0
problem30 0.15 1132298512 1
problem31 0.04 907864521 1
problem32 0.05 1188400441 1
problem33 0.37 1193794423 0
problem34 0.01 961540602 1
problem35 0.01 1195402523 1
problem36 0.09 1098776467 1
problem37 0.43 916295673 0
problem38 0 955661380 1
problem39 0.04 868594509 1
problem40 0.06 1186853965 1
problem41 0.03 1208763482 1
problem42 0.02 908347886 1
problem43 0.18 991372895 1
problem44 0.26 1188218215 1
problem45 0.02 1019181724 1
problem46 0.04 1144481016 1
problem47 0.38 1199698003 0
problem48 0.11 1020013793 1
problem49 0.91 1100125375 0
problem50 0.03 1025521506 1
problem51 0.03 864559907 1
problem52 0.02 1055278267 1
problem53 0.27 963826881 0
problem54 0.03 1168952108 1
problem55 0.01 907194581 1
problem56 0.15 1094944501 1
problem57 0.34 868310178 1
problem58 0.03 1026722390 1
problem59 0.05 1065577319 1
problem60 0.04 1023856015 1
problem61 0.02 1016409700 1
problem62 0.05 1251491552 1
problem63 0.37 1168573657 1
problem64 0.04 1036866185 1
problem65 0.3 1155345415 0
problem66 0.03 1019220682 1
problem67 0.17 948375339 1
problem68 0.01 931704803 1
problem69 0.1 1080170376 1
problem70 0 1079087124 1
problem71 0.14 840694877 1
problem72 0.02 918085533 1
problem73 0.01 1068012266 1
problem74 0.05 1155768510 1
problem75 0.1 1054809711 1
problem76 0.3 1158036408 0
problem77 0.01 1068703788 1
problem78 0.09 1132891848 1
problem79 0 893167457 1
problem80 0.11 1077640753 1
problem81 0.42 1168384335 0
problem82 0.01 1152255026 1
problem83 0.08 1038461235 1
problem84 0.01 1168097547 1
problem85 0.01 1279252560 1
problem86 0 1065028348 1
problem87 0.14 1124210149 1
problem88 0 1068531269 1
problem89 0.06 1095657266 1
problem90 0.03 1147538726 1
problem91 0.15 1011007351 1
problem92 0.06 809209823 1
problem93 0 1021169652 1
problem94 0.14 961074352 1
problem95 0.01 1238587369 1
problem96 0.05 1155084249 1
problem97 0.24 946074775 0
problem98 0.02 1221102490 1
problem99 0 1210872123 1
