problem0 0 82364878 1
problem1 0 74474460 1
problem2 0 86131002 1
problem3 0 85877096 1
problem4 0 83703782 1
problem5 0 78023732 1
problem6 0.01 74275282 1
problem7 0 88649792 1
problem8 0 86086398 1
problem9 0 78502284 1
problem10 0 80744298 1
problem11 0 91509784 1
problem12 0 84032278 1
problem13 0.01 83602404 1
problem14 0 79741442 1
problem15 0 84978928 1
problem16 0 67080238 1
problem17 0.01 83452732 1
problem18 0 82432410 1
problem19 0 81861320 1
problem20 0 88994374 1
problem21 0 65298324 1
problem22 0 92905010 1
problem23 0 87883168 1
problem24 0 74826078 1
problem25 0 72220908 1
problem26 0 85100490 1
problem27 0 84915576 1
problem28 0.01 76766582 1
problem29 0 87795524 1
problem30 0 80408162 1
problem31 0 77111888 1
problem32 0 79111822 1
problem33 0.01 84325020 1
problem34 0 82653690 1
problem35 0 80421928 1
problem36 0 80051366 1
problem37 0 83657460 1
problem38 0 82293394 1
problem39 0 74357504 1
problem40 0.01 83279806 1
problem41 0 85882956 1
problem42 0 79482922 1
problem43 0 77489880 1
problem44 0 70733782 1
problem45 0.01 88208036 1
problem46 0 79882946 1
problem47 0 67758000 1
problem48 0 73895150 1
problem49 0 82858492 1
problem50 0 77881946 1
problem51 0 85228936 1
problem52 0 81516294 1
problem53 0 84342356 1
problem54 0.01 88053490 1
problem55 0 72714336 1
problem56 0 83660318 1
problem57 0 85409708 1
problem58 0 82241674 1
problem59 0 89679928 1
problem60 0.01 75895350 1
problem61 0 82218500 1
problem62 0 81835810 1
problem63 0 85753104 1
problem64 0 76071758 1
problem65 0.01 91111772 1
problem66 0 82272954 1
problem67 0 78980840 1
problem68 0 84476262 1
problem69 0 81508788 1
problem70 0 78203730 1
problem71 0 82429376 1
problem72 0 81734782 1
problem73 0 78665484 1
problem74 0.01 76075242 1
problem75 0 87407000 1
problem76 0 87532694 1
problem77 0 79788388 1
problem78 0 87839618 1
problem79 0 76046960 1
problem80 0 89311662 1
problem81 0.01 93880508 1
problem82 0 78525210 1
problem83 0 77930568 1
problem84 0 88406982 1
problem85 0 83021076 1
problem86 0 77385650 1
problem87 0 84103968 1
problem88 0.01 97950430 1
problem89 0 84000364 1
problem90 0 83528010 1
problem91 0 78535416 1
problem92 0 82052854 1
problem93 0 88782020 1
problem94 0.01 84787170 1
problem95 0 86349776 1
problem96 0 75341838 1
problem97 0 80154652 1
problem98 0 89183098 1
problem99 0 81553832 1
