problem0 0.01 283915099 1
problem1 0.01 272088576 1
problem2 0 335511356 1
problem3 0.05 273449317 1
problem4 0.01 321697845 1
problem5 0.01 281650754 1
problem6 0 266705030 1
problem7 0.01 302632919 1
problem8 0 286871663 1
problem9 0 302706532 1
problem10 0 257398320 1
problem11 0 303928361 1
problem12 0 306001417 1
problem13 0 260291430 1
problem14 0 294527546 1
problem15 0.03 292757595 1
problem16 0.01 339804931 1
problem17 0.03 298781768 1
problem18 0 270550692 1
problem19 0.01 265135725 1
problem20 0 268743005 1
problem21 0.01 312263690 1
problem22 0 252538222 1
problem23 0.01 268056671 1
problem24 0.01 286890775 1
problem25 0.01 278111404 1
problem26 0.01 338124952 1
problem27 0.01 325175345 1
problem28 0 295467569 1
problem29 0 303255598 1
problem30 0.01 282872354 1
problem31 0.01 326838243 1
problem32 0 284125355 1
problem33 0.01 307644560 1
problem34 0.03 333493260 1
problem35 0 312281461 1
problem36 0.01 290709637 1
problem37 0 276033490 1
problem38 0 280594518 1
problem39 0 288358119 1
problem40 0 283425727 1
problem41 0 289572852 1
problem42 0.01 296096000 1
problem43 0.02 297826873 1
problem44 0 292566105 1
problem45 0.04 320418550 1
problem46 0 283768842 1
problem47 0.01 259050859 1
problem48 0 305259603 1
problem49 0.02 317846232 1
problem50 0 284641140 1
problem51 0 306915965 1
problem52 0.01 317506989 1
problem53 0 292268442 1
problem54 0 259549502 1
problem55 0.01 284402543 1
problem56 0.02 308621927 1
problem57 0 304879932 1
problem58 0 305801064 1
problem59 0.01 297413185 1
problem60 0.01 305849473 1
problem61 0.01 312599486 1
problem62 0.01 301313010 1
problem63 0 327979251 1
problem64 0.01 279115259 1
problem65 0 296127264 1
problem66 0.01 284852444 1
problem67 0 289966469 1
problem68 0 310501589 1
problem69 0 285241698 1
problem70 0.01 297308198 1
problem71 0.01 325953015 1
problem72 0 333807375 1
problem73 0.01 306501764 1
problem74 0 271197136 1
problem75 0 288315465 1
problem76 0.01 324995753 1
problem77 0 303686278 1
problem78 0 278783450 1
problem79 0.01 291959419 1
problem80 0 305995171 1
problem81 0 299405672 1
problem82 0.01 283172932 1
problem83 0 308651661 1
problem84 0 296071677 1
problem85 0.01 319735594 1
problem86 0 289963278 1
problem87 0 287737471 1
problem88 0.01 277881271 1
problem89 0 316753356 1
problem90 0.01 278693432 1
problem91 0.02 333481041 1
problem92 0.01 262088401 1
problem93 0.01 265137998 1
problem94 0.02 299967938 1
problem95 0 318272003 1
problem96 0 307944267 1
problem97 0.01 281839024 1
problem98 0 276882860 1
problem99 0.01 273875349 1
