problem0 2.35 242901 5 -92294856 6.95335e-310 0.00
problem1 4.11 276460 5 -92294856 6.95335e-310 0.00
problem2 3.69 234731 5 -92294856 6.95335e-310 0.00
problem3 2.17 271250 5 -92294856 6.95335e-310 0.00
problem4 0.72 189857 5 -92294856 6.95335e-310 0.00
problem5 0.89 177880 5 -92294856 6.95335e-310 0.00
problem6 3.35 294135 5 -92294856 6.95335e-310 0.00
problem7 0.85 235454 5 -92294856 6.95335e-310 0.00
problem8 4.6 299245 5 -92294856 6.95335e-310 0.00
problem9 2.31 232516 5 -92294856 6.95335e-310 0.00
problem10 0.93 259971 5 -92294856 6.95335e-310 0.00
problem11 3.19 277098 5 -92294856 6.95335e-310 0.00
problem12 3.49 255673 5 -92294856 6.95335e-310 0.00
problem13 3.76 305200 5 -92294856 6.95335e-310 0.00
problem14 2.84 226447 5 -92294856 6.95335e-310 0.00
problem15 5.53 244630 5 -92294856 6.95335e-310 0.00
problem16 0.82 218885 5 -92294856 6.95335e-310 0.00
problem17 4.04 293532 5 -92294856 6.95335e-310 0.00
problem18 3.87 271387 5 -92294856 6.95335e-310 0.00
problem19 5.12 248642 5 -92294856 6.95335e-310 0.00
problem20 1.79 266705 5 -92294856 6.95335e-310 0.00
problem21 1.77 242568 5 -92294856 6.95335e-310 0.00
problem22 1.33 243239 5 -92294856 6.95335e-310 0.00
problem23 5.06 235886 5 -92294856 6.95335e-310 0.00
problem24 1.36 280349 5 -92294856 6.95335e-310 0.00
problem25 2.22 262900 5 -92294856 6.95335e-310 0.00
problem26 1.83 236211 5 -92294856 6.95335e-310 0.00
problem27 4.73 218650 5 -92294856 6.95335e-310 0.00
problem28 2.6 206569 5 -92294856 6.95335e-310 0.00
problem29 2.65 170208 5 -92294856 6.95335e-310 0.00
problem30 4.59 246207 5 -92294856 6.95335e-310 0.00
problem31 4.47 307526 5 -92294856 6.95335e-310 0.00
problem32 4.42 221493 5 -92294856 6.95335e-310 0.00
problem33 1 222540 5 -92294856 6.95335e-310 0.00
problem34 2 269131 5 -92294856 6.95335e-310 0.00
problem35 4.78 236274 5 -92294856 6.95335e-310 0.00
problem36 3.13 239105 5 -92294856 6.95335e-310 0.00
problem37 6.26 268344 5 -92294856 6.95335e-310 0.00
problem38 3.51 268119 5 -92294856 6.95335e-310 0.00
problem39 3.3 213790 5 -92294856 6.95335e-310 0.00
problem40 6.85 271693 5 -92294856 6.95335e-310 0.00
problem41 1.73 205220 5 -92294856 6.95335e-310 0.00
problem42 1.05 255459 5 -92294856 6.95335e-310 0.00
problem43 5.13 235978 5 -92294856 6.95335e-310 0.00
problem44 3.04 216857 5 -92294856 6.95335e-310 0.00
problem45 4.3 258448 5 -92294856 6.95335e-310 0.00
problem46 3.21 243439 5 -92294856 6.95335e-310 0.00
problem47 4.33 216822 5 -92294856 6.95335e-310 0.00
problem48 2.87 250725 5 -92294856 6.95335e-310 0.00
problem49 3.61 309244 5 -92294856 6.95335e-310 0.00
problem50 6.5 227963 5 -92294856 6.95335e-310 0.00
problem51 4.82 266914 5 -92294856 6.95335e-310 0.00
problem52 4.85 205361 5 -92294856 6.95335e-310 0.00
problem53 4.01 206056 5 -92294856 6.95335e-310 0.00
problem54 4.14 254087 5 -92294856 6.95335e-310 0.00
problem55 4.85 267470 5 -92294856 6.95335e-310 0.00
problem56 2.09 240509 5 -92294856 6.95335e-310 0.00
problem57 2.19 256084 5 -92294856 6.95335e-310 0.00
problem58 2.54 203027 5 -92294856 6.95335e-310 0.00
problem59 2.82 263546 5 -92294856 6.95335e-310 0.00
problem60 7.26 302921 5 -92294856 6.95335e-310 0.00
problem61 1.44 291392 5 -92294856 6.95335e-310 0.00
problem62 0.77 201759 5 -92294856 6.95335e-310 0.00
problem63 2.05 251046 5 -92294856 6.95335e-310 0.00
problem64 1.12 224661 5 -92294856 6.95335e-310 0.00
problem65 1.22 258732 5 -92294856 6.95335e-310 0.00
problem66 2.1 213419 5 -92294856 6.95335e-310 0.00
problem67 0.83 209490 5 -92294856 6.95335e-310 0.00
problem68 1.06 247393 5 -92294856 6.95335e-310 0.00
problem69 4.65 219544 5 -92294856 6.95335e-310 0.00
problem70 1.42 250295 5 -92294856 6.95335e-310 0.00
problem71 4.62 249470 5 -92294856 6.95335e-310 0.00
problem72 2.07 186797 5 -92294856 6.95335e-310 0.00
problem73 3.46 268036 5 -92294856 6.95335e-310 0.00
problem74 0.89 193603 5 -92294856 6.95335e-310 0.00
problem75 2.52 252202 5 -92294856 6.95335e-310 0.00
problem76 4.54 251769 5 -92294856 6.95335e-310 0.00
problem77 4.67 219888 5 -92294856 6.95335e-310 0.00
problem78 6.25 235855 5 -92294856 6.95335e-310 0.00
problem79 6.2 197206 5 -92294856 6.95335e-310 0.00
problem80 2.66 241605 5 -92294856 6.95335e-310 0.00
problem81 4.3 251228 5 -92294856 6.95335e-310 0.00
problem82 1.45 225499 5 -92294856 6.95335e-310 0.00
problem83 0.82 211458 5 -92294856 6.95335e-310 0.00
problem84 1.82 266897 5 -92294856 6.95335e-310 0.00
problem85 5.46 243272 5 -92294856 6.95335e-310 0.00
problem86 3.16 273127 5 -92294856 6.95335e-310 0.00
problem87 5.19 208942 5 -92294856 6.95335e-310 0.00
problem88 2.5 258013 5 -92294856 6.95335e-310 0.00
problem89 5.54 241076 5 -92294856 6.95335e-310 0.00
problem90 2.53 259955 5 -92294856 6.95335e-310 0.00
problem91 3.36 251098 5 -92294856 6.95335e-310 0.00
problem92 5.8 292777 5 -92294856 6.95335e-310 0.00
problem93 2.57 256928 5 -92294856 6.95335e-310 0.00
problem94 0.91 214655 5 -92294856 6.95335e-310 0.00
problem95 3.39 268294 5 -92294856 6.95335e-310 0.00
problem96 2.05 268789 5 -92294856 6.95335e-310 0.00
problem97 4.03 286732 5 -92294856 6.95335e-310 0.00
problem98 2.68 264203 5 -92294856 6.95335e-310 0.00
problem99 2.12 207282 5 -92294856 6.95335e-310 0.00
