problem0 0 850889 0
problem1 0 801619 1
problem2 0 762570 0
problem3 0 790152 1
problem4 0 842947 0
problem5 0 839445 1
problem6 0 801268 0
problem7 0 776762 1
problem8 0 788637 0
problem9 0 762679 1
problem10 0 697598 0
problem11 0 803660 1
problem12 0 821591 0
problem13 0 821689 1
problem14 0 777704 0
problem15 0 822206 1
problem16 0 854257 0
problem17 0 799899 1
problem18 0 851634 0
problem19 0 890256 1
problem20 0 840043 0
problem21 0 783837 1
problem22 0 803164 0
problem23 0 860866 1
problem24 0 871621 0
problem25 0 769919 1
problem26 0 884710 0
problem27 0 791892 1
problem28 0 754944 1
problem29 0 811905 1
problem30 0 750672 0
problem31 0 831302 1
problem32 0 795673 0
problem33 0 742371 1
problem34 0 850074 0
problem35 0 758424 1
problem36 0 766995 0
problem37 0 844453 1
problem38 0 886468 0
problem39 0 786762 1
problem40 0 761581 0
problem41 0 737735 1
problem42 0 817358 0
problem43 0 908636 1
problem44 0 798375 0
problem45 0 754505 1
problem46 0 854200 0
problem47 0 731342 1
problem48 0 888129 0
problem49 0 858411 1
problem50 0 872578 0
problem51 0 771488 1
problem52 0 853179 0
problem53 0 808301 1
problem54 0 805420 0
problem55 0 849362 1
problem56 0 802581 0
problem57 0 780815 1
problem58 0 839606 0
problem59 0 826212 1
problem60 0 820815 0
problem61 0 846097 1
problem62 0 842528 0
problem63 0 882774 1
problem64 0 820329 0
problem65 0 803955 1
problem66 0 820842 0
problem67 0 880296 1
problem68 0 754531 0
problem69 0 888373 1
problem70 0 822165 1
problem71 0 770138 1
problem72 0 847165 0
problem73 0 800855 1
problem74 0 836766 0
problem75 0 741228 1
problem76 0 805879 0
problem77 0 775385 1
problem78 0 879496 0
problem79 0 859614 1
problem80 0 821649 0
problem81 0 824763 1
problem82 0 842322 0
problem83 0 806320 1
problem84 0 815115 0
problem85 0 756989 1
problem86 0 854780 0
problem87 0 827618 1
problem88 0 829797 0
problem89 0 863391 1
problem90 0 857990 0
problem91 0 833908 1
problem92 0 769951 0
problem93 0 804513 1
problem94 0 784880 0
problem95 0 907622 1
problem96 0 826553 0
problem97 0 773379 1
problem98 0 855098 0
problem99 0 795320 1
