problem0 0 9094945 1 2452.00
problem1 0.01 8115737 1 2508.00
problem2 0.00 13455249 1 2508.00
problem3 0.01 10906505 1 2508.00
problem4 0.01 11854337 1 2508.00
problem5 0.00 12905209 1 2508.00
problem6 0.02 12140145 1 2508.00
problem7 0.00 11736169 1 2508.00
problem8 0.01 12199137 1 2508.00
problem9 0.01 12363737 1 2508.00
problem10 0.00 11490641 1 2508.00
problem11 0.01 10315081 1 2508.00
problem12 0.00 11571137 1 2508.00
problem13 0.01 11603129 1 2508.00
problem14 0.01 10851377 1 2508.00
problem15 0.00 12803625 1 2508.00
problem16 0.01 12984993 1 2508.00
problem17 0.00 12589465 1 2508.00
problem18 0.00 11664145 1 2508.00
problem19 0.01 9633545 1 2508.00
problem20 0.01 11066753 1 2508.00
problem21 0.00 12045945 1 2508.00
problem22 0.02 10127857 1 2508.00
problem23 0.01 9586665 1 2508.00
problem24 0.01 11976801 1 2508.00
problem25 0.00 13511513 1 2508.00
problem26 0.01 11878609 1 2508.00
problem27 0.01 13580489 1 2508.00
problem28 0.00 11389761 1 2508.00
problem29 0.01 12660793 1 2508.00
problem30 0.01 11542449 1 2508.00
problem31 0.01 9949609 1 2508.00
problem32 0.00 11271713 1 2508.00
problem33 0.01 10411289 1 2508.00
problem34 0.01 10561169 1 2508.00
problem35 0.01 11145865 1 2508.00
problem36 0.00 12540161 1 2508.00
problem37 0.01 12399097 1 2508.00
problem38 0.00 10376561 1 2508.00
problem39 0.01 10746729 1 2508.00
problem40 0.02 10345441 1 2508.00
problem41 0.00 11677401 1 2508.00
problem42 0.00 13478993 1 2508.00
problem43 0.02 10718281 1 2508.00
problem44 0.02 9799361 1 2508.00
problem45 0.01 10212281 1 2508.00
problem46 0.01 11348785 1 2508.00
problem47 0.00 11453737 1 2508.00
problem48 0.01 10770849 1 2508.00
problem49 0.01 11018393 1 2508.00
problem50 0.00 12243473 1 2508.00
problem51 0.01 12297737 1 2508.00
problem52 0.02 8934529 1 2508.00
problem53 0.00 11343225 1 2508.00
problem54 0.00 11313393 1 2508.00
problem55 0.01 11022057 1 2508.00
problem56 0.01 10450785 1 2508.00
problem57 0.00 11579993 1 2508.00
problem58 0.01 12097489 1 2508.00
problem59 0.00 12214217 1 2508.00
problem60 0.01 11518529 1 2508.00
problem61 0.01 10549049 1 2508.00
problem62 0.01 11843249 1 2508.00
problem63 0.01 11548841 1 2508.00
problem64 0.00 10958113 1 2508.00
problem65 0.01 10740761 1 2508.00
problem66 0.01 12516753 1 2508.00
problem67 0.00 11516297 1 2508.00
problem68 0.00 11784193 1 2508.00
problem69 0.00 10451193 1 2508.00
problem70 0.02 10841201 1 2508.00
problem71 0.01 10412649 1 2508.00
problem72 0.01 14914273 1 2508.00
problem73 0.00 11646425 1 2508.00
problem74 0.01 9306961 1 2508.00
problem75 0.01 11252553 1 2508.00
problem76 0.01 12352961 1 2508.00
problem77 0.00 12098233 1 2508.00
problem78 0.01 10404401 1 2508.00
problem79 0.01 10234921 1 2508.00
problem80 0.01 10260641 1 2508.00
problem81 0.00 13772697 1 2508.00
problem82 0.00 12953873 1 2508.00
problem83 0.00 14044425 1 2508.00
problem84 0.01 11651969 1 2508.00
problem85 0.01 11820153 1 2508.00
problem86 0.00 11581425 1 2508.00
problem87 0.00 11015657 1 2508.00
problem88 0.01 10104417 1 2508.00
problem89 0.01 10303833 1 2508.00
problem90 0.00 10874577 1 2508.00
problem91 0.01 10454729 1 2508.00
problem92 0.01 11778369 1 2508.00
problem93 0.01 11189817 1 2508.00
problem94 0.00 12275121 1 2508.00
problem95 0.02 9609129 1 2508.00
problem96 0.02 11824161 1 2508.00
problem97 0.01 9628441 1 2508.00
problem98 0.01 11457681 1 2508.00
problem99 0.01 11493513 1 2508.00
