problem0 0.33 585931077544488 119 1 0.3 19384.00
problem1 0.03 690049705106113 46 1 0 12048.00
problem2 0.02 712438425347191 89 1 0.01 12048.00
problem3 0.06 749055068769240 150 2 0 12048.00
problem4 0.03 694096219195530 112 1 0.01 12048.00
problem5 0.04 597259552959115 139 1 0 12048.00
problem6 0.03 693907305234977 56 1 0 12048.00
problem7 0.04 628582225408071 136 1 0.01 12048.00
problem8 0.02 741043743317814 91 1 0 12048.00
problem9 0.04 649322607097149 87 1 0.01 12048.00
problem10 0.03 641379208989817 117 1 0.01 12048.00
problem11 0.03 576746733380935 93 1 0.01 12048.00
problem12 0.03 524969998978338 102 1 0.01 12048.00
problem13 0.06 699889923947841 179 2 0.02 12048.00
problem14 0.04 622350463764604 141 1 0 12048.00
problem15 0.05 739629168507412 147 1 0 12048.00
problem16 0.04 687789499400203 107 1 0.01 12048.00
problem17 0.07 714612141303552 124 1 0.01 12048.00
problem18 0.03 694321620736978 82 1 0.01 12048.00
problem19 0.04 600385345474684 95 1 0.01 12048.00
problem20 0.04 523077732742303 130 1 0.01 12048.00
problem21 0.03 689295229833004 76 1 0.01 12048.00
problem22 0.04 653238864271233 89 1 0 12048.00
problem23 0.04 690464872811436 94 1 0.01 12048.00
problem24 0.05 767646477636792 104 1 0.01 12048.00
problem25 0.06 716321041410621 148 1 0.01 12048.00
problem26 0.03 539213476014568 97 1 0 12048.00
problem27 0.04 695424268652120 96 1 0 12048.00
problem28 0.03 732826052758604 50 1 0.01 12048.00
problem29 0.05 798643740457419 134 1 0.01 12052.00
problem30 0.06 776691657831703 135 1 0.01 12052.00
problem31 0.02 603561879623252 80 1 0.01 12052.00
problem32 0.03 681075585275970 87 1 0 12052.00
problem33 0.04 819092088019832 109 1 0 12052.00
problem34 0.03 698484408888350 106 1 0.01 12052.00
problem35 0.03 785188806083504 94 1 0 12052.00
problem36 0.05 618883856772102 123 1 0 12052.00
problem37 0.06 644259411691437 139 1 0.01 12052.00
problem38 0.02 656438027843138 65 1 0.01 12052.00
problem39 0.03 696540824773956 88 1 0 12052.00
problem40 0.07 657735192083410 145 1 0.01 12052.00
problem41 0.04 644971654204728 131 1 0.01 12052.00
problem42 0.04 698351333694547 115 1 0.01 12052.00
problem43 0.03 695429248271707 115 1 0.01 12052.00
problem44 0.04 760919502003219 90 1 0.01 12052.00
problem45 0.03 682313482698589 111 1 0 12052.00
problem46 0.05 836497703493490 109 1 0.01 12052.00
problem47 0.04 653489031143068 110 1 0 12052.00
problem48 0.05 685140016943453 127 1 0.01 12052.00
problem49 0.06 698213935198677 154 1 0 12052.00
problem50 0.14 743820511589408 182 2 0.02 12052.00
problem51 0.03 656788023399366 117 1 0.01 12052.00
problem52 0.04 560485248261696 140 1 0 12052.00
problem53 0.14 658379409215220 224 2 0.01 12052.00
problem54 0.03 669062744268858 87 1 0.01 12052.00
problem55 0.04 782748123860209 131 1 0 12052.00
problem56 0.05 726291187363729 128 1 0.01 12052.00
problem57 0.03 738526493287339 152 1 0.01 12052.00
problem58 0.06 830454593686319 113 1 0.01 12052.00
problem59 0.03 645323636929257 100 1 0.01 12052.00
problem60 0.03 738360412055025 84 1 0.01 12052.00
problem61 0.04 697737530598948 127 1 0.01 12052.00
problem62 0.04 637162371488272 100 1 0.01 12052.00
problem63 0.07 678417041400127 115 1 0.05 12052.00
problem64 0.03 673007149314503 86 1 0.01 12052.00
problem65 0.04 714842874095019 121 1 0 12052.00
problem66 0.04 593656886889617 91 1 0.01 12052.00
problem67 0.05 672078917894026 100 1 0.01 12052.00
problem68 0.04 711730253842333 106 1 0.01 12052.00
problem69 0.08 627529711065307 182 1 0.01 12052.00
problem70 0.03 645401743598105 67 1 0.01 12052.00
problem71 0.04 719571147382615 109 1 0.01 12052.00
problem72 0.05 585934914185124 148 1 0.01 12052.00
problem73 0.05 703528937768126 115 1 0.01 12052.00
problem74 0.03 759848238833944 78 1 0.01 12052.00
problem75 0.04 683423734260989 95 1 0.01 12052.00
problem76 0.12 729764058310646 159 1 0.01 12052.00
problem77 0.05 736327940193602 149 1 0.01 12052.00
problem78 0.04 730642756249042 121 1 0.01 12052.00
problem79 0.2 670783140085025 188 1 0.01 12052.00
problem80 0.05 660202452523894 117 1 0.01 12052.00
problem81 0.07 630057795085956 137 1 0.01 12052.00
problem82 0.03 719720196458314 101 1 0.01 12052.00
problem83 0.05 686730686958220 137 1 0 12052.00
problem84 0.07 706985158059248 141 1 0.01 12052.00
problem85 0.03 729648372750447 109 1 0.01 12052.00
problem86 0.07 625112158774550 144 1 0.01 12052.00
problem87 0.06 603506976288332 130 1 0.02 12052.00
problem88 0.02 798976738173484 77 1 0.01 12052.00
problem89 0.05 693642825974639 141 1 0.01 12052.00
problem90 0.08 661938785714538 129 1 0.01 12052.00
problem91 0.03 731627981068332 57 1 0 12052.00
problem92 0.05 774194367386176 134 1 0.01 12052.00
problem93 0.03 781392359471111 104 1 0.01 12052.00
problem94 0.03 820733264253409 65 1 0 12052.00
problem95 0.04 612137410958820 118 1 0.01 12052.00
problem96 0.05 722295596338636 159 1 0.01 12052.00
problem97 0.06 697066171593673 126 1 0 12052.00
problem98 0.07 678482561679233 142 1 0 12052.00
problem99 0.05 678666795928161 156 1 0.01 12052.00
