problem0 0.14 506623274349424 753 1 0.12 12152.00
problem1 0.16 434709019513510 1544 2 0.08 8096.00
problem2 0.04 514318913320158 224 1 0.04 8096.00
problem3 0.03 567088187638029 198 1 0.02 8096.00
problem4 0.1 554462422335970 725 1 0.04 8100.00
problem5 0.03 549410061406337 209 1 0.02 8100.00
problem6 0.04 577038258483991 200 1 0.03 8100.00
problem7 0.16 480379294175450 604 1 0.04 8100.00
problem8 0.06 411350167458432 580 1 0.04 8100.00
problem9 0.09 409349541935660 565 1 0.04 8100.00
problem10 0.04 506320441170002 271 1 0.03 8100.00
problem11 0.05 455024017667468 503 1 0.04 8100.00
problem12 0.06 483401377445749 539 1 0.04 8100.00
problem13 0.08 388769498898688 1393 1 0.04 8100.00
problem14 0.03 503486263429777 278 1 0.02 8100.00
problem15 0.04 532119856798878 291 1 0.03 8100.00
problem16 0.02 601770136695817 61 1 0.02 8100.00
problem17 0.06 498672700972586 502 1 0.04 8100.00
problem18 0.04 397671129851201 509 1 0.03 8100.00
problem19 0.03 497535859736059 145 1 0.03 8100.00
problem20 0.06 461202536753097 471 1 0.05 8100.00
problem21 0.06 386844004940443 891 1 0.04 8100.00
problem22 0.06 491346321986141 447 1 0.04 8100.00
problem23 0.04 603029669980086 237 1 0.02 8100.00
problem24 0.06 494698030948397 683 1 0.04 8100.00
problem25 0.03 556706907110282 170 1 0.02 8100.00
problem26 0.05 496009752470560 492 1 0.04 8100.00
problem27 0.06 532670103105100 250 1 0.03 8100.00
problem28 0.08 497983727620297 670 1 0.04 8100.00
problem29 0.06 460326159764651 669 1 0.03 8100.00
problem30 0.03 565648733133201 297 1 0.03 8100.00
problem31 0.04 467726658355816 312 1 0.04 8100.00
problem32 0.04 505276645251025 123 1 0.02 8100.00
problem33 0.16 374134095661690 1265 1 0.04 8100.00
problem34 0.05 481986236752278 334 1 0.04 8100.00
problem35 0.04 491355045480075 242 1 0.03 8100.00
problem36 0.04 539686733227366 153 1 0.03 8100.00
problem37 0.05 492330762450749 300 1 0.04 8100.00
problem38 0.14 500808373704306 676 1 0.04 8100.00
problem39 0.14 463782339760838 729 1 0.04 8100.00
problem40 0.05 549305422474338 576 1 0.04 8100.00
problem41 0.06 615588950952535 251 1 0.02 8100.00
problem42 0.05 504824838761399 327 1 0.04 8100.00
problem43 0.05 522335429246363 277 1 0.03 8100.00
problem44 0.04 500915523218440 148 1 0.03 8100.00
problem45 0.02 585158401060935 80 1 0.02 8100.00
problem46 0.04 538481159088792 154 1 0.04 8100.00
problem47 0.05 457328141432188 481 1 0.04 8100.00
problem48 0.04 507949547229196 198 1 0.03 8100.00
problem49 0.02 568960731519112 90 1 0.02 8100.00
problem50 0.05 462092740328505 380 1 0.05 8100.00
problem51 0.05 492252854525093 411 1 0.04 8100.00
problem52 0.05 576552068210600 372 1 0.05 8100.00
problem53 0.05 495454386727479 467 1 0.04 8100.00
problem54 0.03 545929031918080 132 1 0.02 8100.00
problem55 0.06 502767316181412 517 1 0.04 8100.00
problem56 0.06 513960936493908 452 1 0.03 8100.00
problem57 0.05 491976142604298 646 1 0.04 8100.00
problem58 0.09 563976720200369 299 1 0.03 8100.00
problem59 0.04 454070667833402 231 1 0.03 8100.00
problem60 0.05 396932107335118 461 1 0.03 8100.00
problem61 0.05 447861455797961 553 1 0.04 8100.00
problem62 0.05 481303831244025 289 1 0.03 8100.00
problem63 0.06 433416168179377 546 1 0.04 8100.00
problem64 0.02 572419558103671 183 1 0.02 8100.00
problem65 0.09 545838704053116 530 1 0.04 8100.00
problem66 0.07 392831049393301 728 1 0.05 8100.00
problem67 0.04 428838216078684 214 1 0.04 8100.00
problem68 0.27 405617299390770 2254 2 0.14 9608.00
problem69 0.06 447492937072392 288 1 0.06 9608.00
problem70 0.05 490349292162003 212 1 0.04 9608.00
problem71 0.06 457208678458313 349 1 0.05 9608.00
problem72 0.06 500339266535606 317 1 0.05 9608.00
problem73 0.05 484469261570948 243 1 0.04 9608.00
problem74 0.04 594668367950384 188 1 0.03 9608.00
problem75 0.08 499318763875532 708 1 0.04 9608.00
problem76 0.05 480537972567367 244 1 0.05 9608.00
problem77 0.06 498778131383777 313 1 0.02 9608.00
problem78 0.07 530279238373324 409 1 0.05 9608.00
problem79 0.06 468707829830272 344 1 0.05 9608.00
problem80 0.05 520441915695253 334 1 0.04 9608.00
problem81 0.06 468598091360953 348 1 0.04 9608.00
problem82 0.08 531915522219678 385 1 0.04 9608.00
problem83 0.07 401927113422558 862 1 0.05 9608.00
problem84 0.06 469574199116900 376 1 0.05 9608.00
problem85 0.08 510155363241207 535 1 0.06 9608.00
problem86 0.05 525313747407126 276 1 0.05 9608.00
problem87 0.04 580240382361976 181 1 0.03 9608.00
problem88 0.07 416345472625097 461 1 0.05 9608.00
problem89 0.09 469168935902257 1350 1 0.06 9608.00
problem90 0.03 534598824787149 149 1 0.02 9608.00
problem91 0.07 468277467741551 975 1 0.06 9608.00
problem92 0.06 499561863701573 401 1 0.05 9608.00
problem93 0.06 483912235479975 268 1 0.06 9608.00
problem94 0.06 462128766878621 357 1 0.05 9608.00
problem95 0.09 496363427701681 575 1 0.04 9608.00
problem96 0.05 565121989956404 247 1 0.03 9608.00
problem97 0.09 487304638885798 697 1 0.06 9608.00
problem98 0.05 558050648891929 223 1 0.04 9608.00
problem99 0.12 496109017919614 853 1 0.06 9608.00
