problem0 0.68 24611133 1 4880.00
problem1 0.72 29107979 1 5476.00
problem2 1.01 25796361 1 5080.00
problem3 0.42 23582903 1 5080.00
problem4 1.05 27486101 1 5276.00
problem5 0.42 25979683 1 5276.00
problem6 0.41 23621345 1 5276.00
problem7 0.13 20925007 1 5276.00
problem8 0.07 23789805 1 5276.00
problem9 0.02 25338427 1 5276.00
problem10 0.24 26749369 1 5276.00
problem11 0.07 22109927 1 5276.00
problem12 0.24 26457413 1 5276.00
problem13 0.42 24849491 1 5276.00
problem14 0.13 24391569 1 5276.00
problem15 0.66 24147583 1 5276.00
problem16 0.68 28239005 1 5368.00
problem17 0.67 24013163 1 5368.00
problem18 1.08 29614185 1 8980.00
problem19 0.71 26931479 1 5368.00
problem20 0.24 26865397 1 5368.00
problem21 0.42 25213315 1 5368.00
problem22 0.40 23764033 1 5368.00
problem23 0.67 24850095 1 5368.00
problem24 1.02 27145293 1 5368.00
problem25 0.13 25328795 1 5368.00
problem26 1.39 25674521 1 5368.00
problem27 0.24 26709831 1 5368.00
problem28 0.40 22090917 1 5368.00
problem29 0.70 29364915 1 5516.00
problem30 0.92 23508209 1 5516.00
problem31 0.41 30569183 1 5636.00
problem32 0.42 26472445 1 5636.00
problem33 0.12 29481931 1 5636.00
problem34 1.37 27185609 1 5636.00
problem35 1.03 26884471 1 5636.00
problem36 0.07 25437781 1 5636.00
problem37 0.97 24917987 1 5636.00
problem38 0.40 23296417 1 5636.00
problem39 0.66 26821391 1 5636.00
problem40 0.66 24844205 1 5636.00
problem41 0.70 27231995 1 5636.00
problem42 0.40 26479737 1 5636.00
problem43 0.24 29749159 1 5636.00
problem44 0.41 28189701 1 5636.00
problem45 0.98 24652051 1 5636.00
problem46 0.39 23849553 1 5636.00
problem47 0.41 25337663 1 5636.00
problem48 1.03 27175773 1 5636.00
problem49 0.68 27164203 1 5636.00
