problem0 0 310187832 1
problem1 0.01 328280470 1
problem2 0.02 284718852 1
problem3 0.01 322483970 1
problem4 0.01 331179280 1
problem5 0 286105774 1
problem6 0 296947036 1
problem7 0.01 298431130 1
problem8 0 284220392 1
problem9 0.01 294975686 1
problem10 0.02 315260084 1
problem11 0 288472882 1
problem12 0 278649792 1
problem13 0 275288542 1
problem14 0.01 240461068 1
problem15 0 313801930 1
problem16 0 298239128 1
problem17 0 271436790 1
problem18 0.01 304965220 1
problem19 0 246975330 1
problem20 0.01 318633584 1
problem21 0 284034830 1
problem22 0.01 284270780 1
problem23 0 273287930 1
problem24 0 307351880 1
problem25 0.01 269919014 1
problem26 0 268710932 1
problem27 0.03 311958418 1
problem28 0 257340704 1
problem29 0 301531198 1
problem30 0 244023404 1
problem31 0 318119210 1
problem32 0.01 312803832 1
problem33 0 290094678 1
problem34 0 292677060 1
problem35 0.05 299593666 1
problem36 0 282662864 1
problem37 0.02 312769902 1
problem38 0 291882012 1
problem39 0.01 316896090 1
problem40 0.02 252925608 1
problem41 0.02 327441798 1
problem42 0 257522548 1
problem43 0 256739314 1
problem44 0.01 276307584 1
problem45 0.01 273383070 1
problem46 0 310602700 1
problem47 0.01 301796746 1
problem48 0 321900376 1
problem49 0.01 322912438 1
problem50 0.01 308147492 1
problem51 0.04 293168162 1
problem52 0 275171632 1
problem53 0.01 310969294 1
problem54 0.01 321353596 1
problem55 0.02 300805050 1
problem56 0 298675208 1
problem57 0 280373222 1
problem58 0.01 325210836 1
problem59 0 271189074 1
problem60 0 278403040 1
problem61 0 263720190 1
problem62 0 273999660 1
problem63 0.01 312544746 1
problem64 0 301935800 1
problem65 0 283382550 1
problem66 0 302617732 1
problem67 0.01 283797634 1
problem68 0 289344144 1
problem69 0.01 267622958 1
problem70 0.02 281983708 1
problem71 0.01 314668058 1
problem72 0.01 286789992 1
problem73 0 319029830 1
problem74 0.01 280410676 1
problem75 0 302354610 1
problem76 0 281977152 1
problem77 0 286698334 1
problem78 0.01 303559308 1
problem79 0.01 297410122 1
problem80 0.02 279648792 1
problem81 0 261158262 1
problem82 0.01 311215076 1
problem83 0 302415074 1
problem84 0 276421616 1
problem85 0 272384142 1
problem86 0 284397116 1
problem87 0.01 280366202 1
problem88 0.02 277563080 1
problem89 0 289795238 1
problem90 0 275689876 1
problem91 0.01 272117010 1
problem92 0 263436960 1
problem93 0.01 272587198 1
problem94 0.03 275025388 1
problem95 0 278937258 1
problem96 0 256612216 1
problem97 0 303949782 1
problem98 0.01 285180740 1
problem99 0.01 254124354 1
