problem0 64.43 933539852192909 37694 2 63.69 116516.00
problem1 29.02 1061253599577368 9581 1 28.65 56036.00
problem2 25.51 1089767620071588 9116 1 24.9 357080.00
problem3 27.32 955541695476653 7360 1 27.03 330496.00
problem4 16.61 1159028446553578 2815 1 16.43 139448.00
problem5 33.06 970531904390821 21466 1 32.48 114724.00
problem6 24.46 1092128511875217 7135 1 24.19 88372.00
problem7 16.81 1165044588672600 2453 1 16.57 250868.00
problem8 30.36 946406180229656 16687 1 29.96 127624.00
problem9 21.62 1086859275256561 6829 1 21.21 140008.00
problem10 15.88 1282972638407060 2383 1 15.73 113028.00
problem11 29.96 961983575077125 24565 1 29.35 113580.00
problem12 17.73 1180369394154283 5432 1 17.36 104676.00
problem13 23.51 1097483182009903 6763 1 23.27 164140.00
problem14 19.99 1139442967967828 2374 1 19.9 180616.00
problem15 24.73 1136897872981895 4846 1 24.39 193168.00
problem16 24.57 1134018211610649 4862 1 24.33 234564.00
problem17 24.43 961785587032656 9430 1 23.76 367336.00
problem18 16.4 1186511552417415 1587 1 16.31 145604.00
problem19 22.4 1074154070442168 3861 1 22.25 201448.00
problem20 24.2 1144590723855633 3959 1 24.06 145628.00
problem21 20.43 1120723744525419 4771 1 20.18 164336.00
problem22 31.79 964366891211965 30103 1 31.05 92760.00
problem23 15.53 1063447487765873 3899 1 15.19 180688.00
problem24 18.51 1187250052281753 1785 1 18.42 166864.00
problem25 19.23 1061633698767824 2714 1 19.07 190744.00
problem26 31.5 1170276492618293 8308 1 31.29 162192.00
problem27 18.43 1276675417754075 4511 1 17.98 180464.00
problem28 18.22 1207900530466770 3985 1 17.93 141500.00
problem29 27.82 1071135422764351 10220 1 27.46 142240.00
problem30 32.62 1049663807180478 16401 1 32.23 63760.00
problem31 27.05 955710160961879 6004 1 26.84 234756.00
problem32 28.78 948550284401477 12940 1 28.4 110796.00
problem33 22.07 1049929580320233 6313 1 21.8 142056.00
problem34 32.7 928116744392139 14359 1 32.4 108728.00
problem35 18.39 1096415353235231 4308 1 18.18 141516.00
problem36 31.57 1009056478852690 10646 1 31.3 148412.00
problem37 22.21 1087932325729528 6096 1 21.9 218116.00
problem38 29.07 1006310655181451 10835 1 28.76 267740.00
problem39 22.73 1003851596964634 7701 1 22.38 267740.00
problem40 16.85 1243409858911277 2761 1 16.53 176364.00
problem41 26.02 1021049672057393 10359 1 25.49 148168.00
problem42 32.27 984891750715315 22119 1 31.53 182740.00
problem43 24.76 1103497409980815 6585 1 24.34 266988.00
problem44 20.22 1050117110185512 3626 1 19.97 303836.00
problem45 27.55 1047759095177281 8749 1 27.32 278044.00
problem46 26.36 1155233665498729 9453 1 25.89 230452.00
problem47 22.16 1069757569317081 6415 1 21.75 232168.00
problem48 19.22 1126993868081552 4511 1 18.99 72004.00
problem49 25.5 1097371119275751 9199 1 25.18 162072.00
problem50 25.01 1144990545148154 5689 1 24.84 170004.00
problem51 29.69 1056396943199180 11310 1 29.17 238312.00
problem52 23.64 934309227731909 7134 1 23.31 112992.00
problem53 27.7 1093661876192418 7423 1 27.43 228480.00
problem54 28.54 1040363541316646 12315 1 28.09 361256.00
problem55 24.33 1066663144770339 3267 1 24.18 339492.00
problem56 30.92 1007397575036673 16468 1 30.48 132076.00
problem57 27.78 967766453339041 14129 1 27.04 149236.00
problem58 31.93 909910232523181 32056 1 31.37 99056.00
problem59 24.25 1078875053300800 9518 1 23.67 69784.00
problem60 21.53 1152704670557242 4549 1 21.36 106692.00
problem61 29.44 1087884796985587 11116 1 29.18 160080.00
problem62 18.87 1178449865136094 3427 1 18.73 159904.00
problem63 27.46 1171605806184374 6702 1 27.17 316140.00
problem64 21.91 1037876660214473 4356 1 21.67 340684.00
problem65 29.04 1118720567889117 11145 1 28.6 340716.00
problem66 22.65 1108542586838059 7037 1 22.31 98532.00
problem67 18.31 1092335327201006 2681 1 18.11 199360.00
problem68 17.53 1182589363942929 3948 1 17.21 114916.00
problem69 18.51 1237986280088680 2826 1 18.35 114676.00
problem70 19.6 1191609306073301 2971 1 19.48 137816.00
problem71 21.05 1148167240122162 5128 1 20.82 152296.00
problem72 31.18 1021006638859402 11861 1 30.86 331140.00
problem73 29.36 1089731470242659 8198 1 28.92 331140.00
problem74 16.08 1201376197535732 3028 1 15.87 98200.00
problem75 23.28 1121522264763297 6174 1 22.99 240564.00
problem76 21.15 1186959087622905 4898 1 20.73 155736.00
problem77 25.27 1093944961505674 6499 1 24.88 219372.00
problem78 30.2 1065575066332596 8231 1 29.88 305900.00
problem79 23.87 1084042643594538 10225 1 23.53 305900.00
problem80 34.15 878608015871676 34733 1 33.46 106096.00
problem81 26.33 1027270691692402 6246 1 25.98 266988.00
problem82 23.87 1194537374016602 5898 1 23.56 84292.00
problem83 18.88 1087333632148631 3195 1 18.59 242428.00
problem84 29.23 1090439950542858 7325 1 28.96 277228.00
problem85 20.97 1176834736310532 3418 1 20.73 252272.00
problem86 30.17 1120145286853746 11783 1 29.67 99048.00
problem87 27.05 1115638105145992 12558 1 26.5 99048.00
problem88 26.21 1077843221712198 5997 1 26 178692.00
problem89 14.37 1106767620744094 1810 1 14.21 156436.00
problem90 23.25 1090821883799248 7941 1 23 92484.00
problem91 21.95 1191659160580748 4469 1 21.79 157900.00
problem92 32.99 1043502196464070 14761 1 32.49 304708.00
problem93 19.73 1122418251181039 3528 1 19.41 291812.00
problem94 31.15 981214292882108 16140 1 30.62 180064.00
problem95 16.13 1143590836417044 2312 1 15.97 162604.00
problem96 26.8 897048888219219 8977 1 26.45 224316.00
problem97 31.61 979615357135774 21054 1 30.8 96676.00
problem98 26.49 1090133774700603 6884 1 26.27 86336.00
problem99 26.62 1083213558046413 6910 1 26.34 180764.00
