problem0 4.98 6713477437 1 395584.00
problem1 4.89 7014721291 1 395640.00
problem2 4.91 5578006281 1 395640.00
problem3 4.88 7398217911 1 395640.00
problem4 5.00 6805481365 1 395640.00
problem5 4.94 6600551203 1 395640.00
problem6 4.95 6981971681 1 395640.00
problem7 4.92 6794725967 1 395640.00
problem8 4.84 6727336173 1 395640.00
problem9 4.90 6982640187 1 395640.00
problem10 4.95 6086470073 1 395640.00
problem11 4.87 7108386535 1 395640.00
problem12 4.96 5738050885 1 395640.00
problem13 4.90 6144339027 1 395640.00
problem14 5.03 6705917841 1 395640.00
problem15 4.88 6699382399 1 395640.00
problem16 4.96 6895363229 1 395640.00
problem17 4.87 6754822507 1 395640.00
problem18 4.93 6466822249 1 395640.00
problem19 4.96 6109720855 1 395640.00
problem20 4.99 7215902453 1 395640.00
problem21 4.97 7872756099 1 395640.00
problem22 4.88 6966385729 1 395640.00
problem23 4.90 7417310895 1 395640.00
problem24 4.86 6088963149 1 395640.00
problem25 4.89 7387380891 1 395640.00
problem26 4.93 6214370073 1 395640.00
problem27 4.87 7147589447 1 395640.00
problem28 4.83 6174086309 1 395640.00
problem29 4.94 7412388531 1 395640.00
problem30 4.94 6912652529 1 395640.00
problem31 4.91 6096581343 1 395640.00
problem32 4.97 8124624893 1 395640.00
problem33 4.96 7331765195 1 395640.00
problem34 4.90 7018041801 1 395640.00
problem35 4.89 7074363767 1 395640.00
problem36 4.98 7190357589 1 395640.00
problem37 4.86 6509311971 1 395640.00
problem38 4.95 7216527777 1 395640.00
problem39 4.85 6206079759 1 395640.00
problem40 4.97 8073713581 1 395640.00
problem41 4.90 6998165243 1 395640.00
problem42 4.91 6854806649 1 395640.00
problem43 4.91 7049965479 1 395640.00
problem44 4.92 7036871685 1 395640.00
problem45 4.87 6855076115 1 395640.00
problem46 4.96 7924869713 1 395640.00
problem47 4.85 6798090047 1 395640.00
problem48 4.90 5952678749 1 395640.00
problem49 4.97 6339591723 1 395640.00
problem50 4.93 7237432105 1 395640.00
problem51 4.90 6636286423 1 395640.00
problem52 4.89 6222908853 1 395640.00
problem53 4.88 5791737411 1 395640.00
problem54 4.93 6043666177 1 395640.00
problem55 4.92 7071696751 1 395640.00
problem56 4.88 7259925261 1 395640.00
problem57 4.99 6730924379 1 395640.00
problem58 4.90 6235162073 1 395640.00
problem59 4.89 5944672263 1 395640.00
problem60 4.91 6847390565 1 395640.00
problem61 4.97 7854583667 1 395640.00
problem62 4.96 6812323761 1 395640.00
problem63 4.96 7178091423 1 395640.00
problem64 4.87 7406556861 1 395640.00
problem65 4.90 5600202891 1 395640.00
problem66 4.87 7332086921 1 395640.00
problem67 4.89 6441228855 1 395640.00
problem68 4.91 6693299477 1 395640.00
problem69 4.96 6786958499 1 395640.00
problem70 4.89 7329104993 1 395640.00
problem71 4.97 6341524431 1 395640.00
problem72 4.85 7554068077 1 395640.00
problem73 4.98 7434480571 1 395640.00
problem74 4.91 7079112505 1 395640.00
problem75 4.94 6651854951 1 395640.00
problem76 4.89 7817614021 1 395640.00
problem77 4.92 7283533267 1 395640.00
problem78 4.97 6483240209 1 395640.00
problem79 4.96 6617401343 1 395640.00
problem80 4.89 6829715997 1 395640.00
problem81 4.93 6868390635 1 395640.00
problem82 4.92 6905120233 1 395640.00
problem83 4.93 7530951319 1 395640.00
problem84 4.93 7156067445 1 395640.00
problem85 4.89 7005131523 1 395640.00
problem86 4.97 6833975745 1 395640.00
problem87 4.94 7255138351 1 395640.00
problem88 4.82 6889923021 1 395640.00
problem89 4.95 5864015387 1 395640.00
problem90 4.92 6674516121 1 395640.00
problem91 4.87 7629582535 1 395640.00
problem92 4.93 5918388773 1 395640.00
problem93 4.97 8389889075 1 395640.00
problem94 4.97 7362816625 1 395640.00
problem95 4.97 6308775007 1 395640.00
problem96 4.95 6283132285 1 395640.00
problem97 4.92 6194693451 1 395640.00
problem98 4.91 6297843529 1 395640.00
problem99 4.87 6316702455 1 395640.00
