problem0 0.02 160409565465 1
problem1 0.12 160039447697 1
problem2 0.11 188985278089 1
problem3 0.01 153732704001 1
problem4 0.03 163776044537 1
problem5 0.07 176527989617 1
problem6 0.06 158808168297 1
problem7 0.12 179587074529 1
problem8 0.13 185816771289 1
problem9 0.04 160220082769 1
problem10 0.02 172351526985 1
problem11 0.01 158513272001 1
problem12 0.08 174494982073 1
problem13 0.04 162151887153 1
problem14 0.89 171358437673 1
problem15 0.03 142776387489 1
problem16 0.05 150024993945 1
problem17 0.01 168037472273 1
problem18 0.02 163112178185 1
problem19 0.1 159853175425 1
problem20 0.02 157090693497 1
problem21 0.07 162156455665 1
problem22 0 155474840297 1
problem23 0 168945509729 1
problem24 0.07 156934483545 1
problem25 0.4 161176870353 1
problem26 0.44 164940393417 1
problem27 0.04 163522728001 1
problem28 0 155669431097 1
problem29 0 162078686385 1
problem30 0.08 164558206121 1
problem31 0.01 149309924129 1
problem32 0.01 169382658073 1
problem33 0.04 171681710993 1
problem34 0.01 169295521161 1
problem35 0.04 169520881153 1
problem36 0.01 163468928249 1
problem37 0.02 167454012017 1
problem38 0.13 158191173225 1
problem39 0.13 166882246881 1
problem40 0.01 168057893337 1
problem41 0.02 174284458321 1
problem42 0.07 164013031241 1
problem43 0 163485289409 1
problem44 0.01 161513105081 1
problem45 0.03 169456568369 1
problem46 0.03 156757010473 1
problem47 0.07 165759745697 1
problem48 0.03 172974359449 1
problem49 0.03 172305952529 1
problem50 0.01 171959220489 1
problem51 0.04 159641983361 1
problem52 0 170151676025 1
problem53 0.02 149194161649 1
problem54 0.05 159835238889 1
problem55 0.09 170167671905 1
problem56 0.04 170457576793 1
problem57 0.13 176180573393 1
problem58 0.16 143657030345 1
problem59 0 162150664001 1
problem60 0.44 158865836601 1
problem61 0.02 150722712497 1
problem62 0 154791566249 1
problem63 0.05 155610241569 1
problem64 0.12 151799121689 1
problem65 0.04 160506567313 1
problem66 0.08 167739444361 1
problem67 0.05 173694637313 1
problem68 0.03 162232380409 1
problem69 0.02 152197237105 1
problem70 0.02 172612461929 1
problem71 0.03 173424687073 1
problem72 0.01 173386168537 1
problem73 0.5 167125262417 1
problem74 0.03 166006810185 1
problem75 0 143941206721 1
problem76 0 181139451321 1
problem77 0.01 151771193137 1
problem78 0.12 167646072617 1
problem79 0.03 174687597985 1
problem80 0 159132994201 1
problem81 0.11 150502245905 1
problem82 0.01 168304746505 1
problem83 0.07 162815201409 1
problem84 0.1 169901641593 1
problem85 0.03 167596479729 1
problem86 0 167926077673 1
problem87 0.05 169128711009 1
problem88 0 149589081177 1
problem89 0.05 149526055889 1
problem90 0.01 170790222281 1
problem91 0.02 142671396417 1
problem92 0.15 160814043449 1
problem93 0.03 156219058865 1
problem94 0.02 167797506729 1
problem95 0.01 182181237025 1
problem96 0.05 164500164121 1
problem97 0 162954129809 1
problem98 0.01 170291295113 1
problem99 0.04 157596929025 1
