problem0 2.12 218696 5 319644152 6.95316e-310 0.00
problem1 2.5 219026 5 319644152 6.95316e-310 0.00
problem2 2.26 231304 5 319644152 6.95316e-310 0.00
problem3 2.57 189992 5 319644152 6.95316e-310 0.00
problem4 1.71 215240 5 319644152 6.95316e-310 0.00
problem5 1.51 208744 5 319644152 6.95316e-310 0.00
problem6 1.84 214194 5 319644152 6.95316e-310 0.00
problem7 2.07 242514 5 319644152 6.95316e-310 0.00
problem8 2.39 206322 5 319644152 6.95316e-310 0.00
problem9 2.62 225768 5 319644152 6.95316e-310 0.00
problem10 2.01 235314 5 319644152 6.95316e-310 0.00
problem11 1.52 213117 5 319644152 6.95316e-310 0.00
problem12 3.22 224712 5 319644152 6.95316e-310 0.00
problem13 2.34 226408 5 319644152 6.95316e-310 0.00
problem14 3.4 229128 5 319644152 6.95316e-310 0.00
problem15 2.39 232872 5 319644152 6.95316e-310 0.00
problem16 1.67 204872 5 319644152 6.95316e-310 0.00
problem17 2.16 221586 5 319644152 6.95316e-310 0.00
problem18 5.67 206557 5 319644152 6.95316e-310 0.00
problem19 2.54 203474 5 319644152 6.95316e-310 0.00
problem20 2.06 212338 5 319644152 6.95316e-310 0.00
problem21 1.72 189458 5 319644152 6.95316e-310 0.00
problem22 1.94 211293 5 319644152 6.95316e-310 0.00
problem23 2.23 201384 5 319644152 6.95316e-310 0.00
problem24 2.4 236189 5 319644152 6.95316e-310 0.00
problem25 1.76 250173 5 319644152 6.95316e-310 0.00
problem26 2 232413 5 319644152 6.95316e-310 0.00
problem27 4.41 248445 5 319644152 6.95316e-310 0.00
problem28 2 199965 5 319644152 6.95316e-310 0.00
problem29 2.14 250813 5 319644152 6.95316e-310 0.00
problem30 1.47 182536 5 319644152 6.95316e-310 0.00
problem31 2.13 235432 5 319644152 6.95316e-310 0.00
problem32 1.43 191048 5 319644152 6.95316e-310 0.00
problem33 1.12 191378 5 319644152 6.95316e-310 0.00
problem34 1.52 258269 5 319644152 6.95316e-310 0.00
problem35 4.99 227880 5 319644152 6.95316e-310 0.00
problem36 46.89 231282 5 319644152 6.95316e-310 0.00
problem37 1.84 235709 5 319644152 6.95316e-310 0.00
problem38 1.74 186546 5 319644152 6.95316e-310 0.00
problem39 1.41 193021 5 319644152 6.95316e-310 0.00
problem40 2.54 211442 5 319644152 6.95316e-310 0.00
problem41 1.92 209042 5 319644152 6.95316e-310 0.00
problem42 5.21 218589 5 319644152 6.95316e-310 0.00
problem43 2.05 229160 5 319644152 6.95316e-310 0.00
problem44 2.38 218909 5 319644152 6.95316e-310 0.00
problem45 2.98 220605 5 319644152 6.95316e-310 0.00
problem46 2.28 201480 5 319644152 6.95316e-310 0.00
problem47 3.38 237992 5 319644152 6.95316e-310 0.00
problem48 1.85 231837 5 319644152 6.95316e-310 0.00
problem49 2.82 226706 5 319644152 6.95316e-310 0.00
problem50 2.56 255368 5 319644152 6.95316e-310 0.00
problem51 5.21 230440 5 319644152 6.95316e-310 0.00
problem52 1.73 206536 5 319644152 6.95316e-310 0.00
problem53 3.34 238269 5 319644152 6.95316e-310 0.00
problem54 3.59 216413 5 319644152 6.95316e-310 0.00
problem55 2.61 228349 5 319644152 6.95316e-310 0.00
problem56 2.31 197618 5 319644152 6.95316e-310 0.00
problem57 3.97 178834 5 319644152 6.95316e-310 0.00
problem58 1.53 226610 5 319644152 6.95316e-310 0.00
problem59 2.28 220797 5 319644152 6.95316e-310 0.00
problem60 2.53 259698 5 319644152 6.95316e-310 0.00
problem61 2.06 234088 5 319644152 6.95316e-310 0.00
problem62 2.09 198578 5 319644152 6.95316e-310 0.00
problem63 2.55 240552 5 319644152 6.95316e-310 0.00
problem64 2.77 250781 5 319644152 6.95316e-310 0.00
problem65 2.75 218344 5 319644152 6.95316e-310 0.00
problem66 2.02 230621 5 319644152 6.95316e-310 0.00
problem67 1.47 200232 5 319644152 6.95316e-310 0.00
problem68 3.98 203634 5 319644152 6.95316e-310 0.00
problem69 4.58 229906 5 319644152 6.95316e-310 0.00
problem70 2.46 246280 5 319644152 6.95316e-310 0.00
problem71 3.65 176296 5 319644152 6.95316e-310 0.00
problem72 2.88 205640 5 319644152 6.95316e-310 0.00
problem73 3.43 236008 5 319644152 6.95316e-310 0.00
problem74 3.19 212786 5 319644152 6.95316e-310 0.00
problem75 1.69 234280 5 319644152 6.95316e-310 0.00
problem76 2.01 213106 5 319644152 6.95316e-310 0.00
problem77 2.63 247570 5 319644152 6.95316e-310 0.00
problem78 1.84 195677 5 319644152 6.95316e-310 0.00
problem79 5.72 221266 5 319644152 6.95316e-310 0.00
problem80 2.04 204189 5 319644152 6.95316e-310 0.00
problem81 2 220904 5 319644152 6.95316e-310 0.00
problem82 2.25 227720 5 319644152 6.95316e-310 0.00
problem83 4.08 213714 5 319644152 6.95316e-310 0.00
problem84 2.33 222578 5 319644152 6.95316e-310 0.00
problem85 1.39 177853 5 319644152 6.95316e-310 0.00
problem86 19.96 210610 5 319644152 6.95316e-310 0.00
problem87 2.49 233469 5 319644152 6.95316e-310 0.00
problem88 1.92 224584 5 319644152 6.95316e-310 0.00
problem89 1.49 227645 5 319644152 6.95316e-310 0.00
problem90 4.59 220808 5 319644152 6.95316e-310 0.00
problem91 1.71 214994 5 319644152 6.95316e-310 0.00
problem92 1.78 253896 5 319644152 6.95316e-310 0.00
problem93 2.22 250130 5 319644152 6.95316e-310 0.00
problem94 2.73 236466 5 319644152 6.95316e-310 0.00
problem95 1.55 223826 5 319644152 6.95316e-310 0.00
problem96 2.28 244978 5 319644152 6.95316e-310 0.00
problem97 3.7 245309 5 319644152 6.95316e-310 0.00
problem98 2.63 224818 5 319644152 6.95316e-310 0.00
problem99 1.94 259965 5 319644152 6.95316e-310 0.00
