problem0 0.17 58820585905 0
problem1 0.23 48064425975 0
problem2 0.1 53418666473 0
problem3 0.14 61160638252 0
problem4 0.23 59721010029 0
problem5 0.21 63082556851 0
problem6 0.2 65873443312 0
problem7 0.19 69900316558 0
problem8 0.14 64457876044 0
problem9 0.19 63929817237 0
problem10 0.14 55968067347 0
problem11 0.17 71281997194 0
problem12 0.23 69217799540 0
problem13 0.13 73506410607 0
problem14 0.25 77013084558 0
problem15 0.16 70284277597 0
problem16 0.19 64450899506 0
problem17 0.18 52854158680 0
problem18 0.2 65899055181 0
problem19 0.15 69833955001 0
problem20 0.13 69389919150 0
problem21 0.17 69960460083 0
problem22 0.14 61896617076 0
problem23 0.33 66334896891 0
problem24 0.12 64832310932 0
problem25 0.22 68324984323 0
problem26 0.13 57431537006 0
problem27 0.09 70161411135 0
problem28 0.06 64703450641 0
problem29 0.23 64217788888 0
problem30 0.16 60655338378 0
problem31 0.18 65216766618 0
problem32 0.17 55818044077 0
problem33 0.13 59664288418 0
problem34 0.11 64868824731 0
problem35 0.19 62175688228 0
problem36 0.17 67832728593 0
problem37 0.23 74884001912 0
problem38 0.18 66532421349 0
problem39 0.42 77907101290 0
problem40 0.47 77037128503 0
problem41 0.47 63959876433 0
problem42 0.12 58848889887 0
problem43 0.35 71141897122 0
problem44 0.18 57515974221 0
problem45 0.2 65925505847 0
problem46 0.19 73932860900 0
problem47 0.28 74903887370 0
problem48 0.2 59423205083 0
problem49 0.15 58694299645 0
problem50 0.21 71703721208 0
problem51 0.11 53257545038 0
problem52 0.24 60964979849 0
problem53 0.13 61291448884 0
problem54 0.1 57753944344 0
problem55 0.32 75078019496 0
problem56 0.21 62243034896 0
problem57 0.22 63481893035 0
problem58 0.32 69415612995 0
problem59 0.1 61814082306 0
problem60 0.14 60181135009 0
problem61 0.19 70557099205 0
problem62 0.22 68679837787 0
problem63 0.22 58431777156 0
problem64 0.1 59153439530 1
problem65 0.12 65712153969 0
problem66 0.29 59796652895 0
problem67 0.07 61171131579 0
problem68 0.15 57185242344 0
problem69 0.13 74696766307 0
problem70 0.22 66483168259 0
problem71 0.15 50655993155 0
problem72 0.37 76445561700 0
problem73 0.18 62157237785 0
problem74 0.19 76114159785 0
problem75 0.14 62853264035 0
problem76 0.17 61937921781 0
problem77 0 59101361632 1
problem78 0.2 62564250386 0
problem79 0.16 70248268989 0
problem80 0.23 60706185149 0
problem81 0.14 70514682747 0
problem82 0.18 66226839994 0
problem83 0.3 64078279690 0
problem84 0.18 63080146248 0
problem85 0.3 55185894556 0
problem86 0.09 56331883994 0
problem87 0.09 67041255567 0
problem88 0.33 64306634756 0
problem89 0.19 72230656963 0
problem90 0.27 56598851303 0
problem91 0.33 67889867279 0
problem92 0.13 54508351342 0
problem93 0.18 66032850779 0
problem94 0.18 70368398598 0
problem95 0.32 75479298095 0
problem96 0.35 74409391087 0
problem97 0.24 58402422834 0
problem98 0.12 62910795801 0
problem99 0.34 68930524186 0
