problem0 24.3 860252669273635 1
problem1 216.95 832657004407131 1
problem2 351.3 913323737193491 1
problem3 478.53 854322811336267 1
problem4 1106.79 932035705270275 1
problem5 47.25 895598560756027 1
problem6 10.92 990191927304691 1
problem7 97.8 930993698032171 1
problem8 80.24 893287664808419 1
problem9 37.06 915880283590939 1
problem10 35.18 791101792526291 1
problem11 6.94 872682500789771 1
problem12 67.66 954427201743811 1
problem13 43.63 865843153819899 1
problem14 340.69 898441651721651 1
problem15 456.22 834488772286955 1
problem16 165.26 840624737869219 1
problem17 3.55 884483880900827 1
problem18 110.48 924732983378835 1
problem19 41.25 846612260361675 1
problem20 132.14 845795490416515 1
problem21 426.13 880152711221435 1
problem22 18.19 918449994131827 1
problem23 34.19 854364286470571 1
problem24 458.46 977256198187363 1
problem25 47.35 848998946422939 1
problem26 36.56 964956490549075 1
problem27 228.95 839508624864651 1
problem28 793.92 880450987852611 1
problem29 327.82 886618357835899 1
problem30 96.22 862724937686323 1
problem31 325.99 827218812737899 1
problem32 351.9 823022333875491 1
problem33 237.7 908295659817051 1
problem34 219.13 963354215901971 1
problem35 58.1 758860682048843 1
problem36 111.69 886093949607683 1
problem37 5.59 902475762819131 1
problem38 178.92 936224820506867 1
problem39 13.48 879311973402923 1
problem40 297.15 858657004609763 1
problem41 124.14 906024224895003 1
problem42 1058.68 818454620008147 1
problem43 2.12 824624846165259 1
problem44 72.11 903229389118147 1
problem45 69.59 804630994647035 1
problem46 112.3 864703312897203 1
problem47 199.61 873492912298219 1
problem48 22.62 879526677073059 1
problem49 25.57 853359910631387 1
problem50 8.08 863129629414035 1
problem51 273 803947585164491 1
problem52 627.66 892404926936707 1
problem53 12.03 909635724898235 1
problem54 0.54 938403650140275 1
problem55 729.34 891868719499435 1
problem56 86.45 933221785671779 1
problem57 25.3 821783487586203 1
problem58 24.55 954456706881107 1
problem59 14.61 932538984903819 1
problem60 210.3 826277709689411 1
problem61 109.33 880205734561659 1
problem62 33.49 889714958576691 1
problem63 444.22 836664530573419 1
problem64 427.05 865166372488227 1
problem65 393.57 851254827116379 1
problem66 258.49 792834921478675 1
problem67 191.91 951483383346251 1
problem68 271.92 902627608088067 1
problem69 57.92 863748024729403 1
problem70 22 791730953535475 1
problem71 14.01 855717346658347 1
problem72 249.36 847191122464739 1
problem73 123.46 873779663376155 1
problem74 0.54 889812879064531 1
problem75 29.42 795516469679115 1
problem76 400.24 910746461555139 1
problem77 74.03 816693741459195 1
problem78 5.42 863894079255475 1
problem79 6.14 868569343023083 1
problem80 36.02 883560584756131 1
problem81 88.66 933844494816987 1
problem82 130.75 894889722847635 1
problem83 285.32 909667453244363 1
problem84 287.67 932634438968707 1
problem85 63.39 899755426090683 1
problem86 156.55 765267230263155 1
problem87 67.11 899602712414123 1
problem88 32.95 860159138203491 1
problem89 19.91 773333764832923 1
problem90 113.48 858012180112723 1
problem91 346.3 874852348949387 1
problem92 203.8 863320911176003 1
problem93 36.27 903415009863291 1
problem94 142.07 873523472513843 1
problem95 84.49 863617717770091 1
problem96 146.03 978506026529571 1
problem97 31.19 891991646881371 1
problem98 123.13 888983655647507 1
problem99 48.87 916386750706507 1
