problem0 0.04 431366749745609 170 1 0.01 2968.00
problem1 0.09 450988129269693 249 2 0.02 2780.00
problem2 0.01 477375646858852 60 1 0 2780.00
problem3 0.01 451129934430789 136 1 0 2788.00
problem4 10.39 401302587561011 1520 7 0.02 3008.00
problem5 0.01 416510511461304 66 1 0.01 3404.00
problem6 0.02 435775950455407 84 1 0.01 2936.00
problem7 0.2 409041135873311 334 1 0 2996.00
problem8 0.01 362792563538329 62 1 0.01 3260.00
problem9 0.02 442180663500464 120 1 0.01 3420.00
problem10 0.05 344366407077265 265 1 0.01 3452.00
problem11 0.02 457627498983690 124 1 0.01 3308.00
problem12 0.02 419834928765964 85 1 0.01 3516.00
problem13 0.01 444996726710281 46 1 0.01 3352.00
problem14 0 511442073511216 44 1 0 2868.00
problem15 0.03 403455873489480 98 1 0.01 3544.00
problem16 0.01 441070345172092 80 1 0.01 3460.00
problem17 0.02 353264927545201 71 1 0.01 3480.00
problem18 0.51 370305047972256 601 1 0.01 3556.00
problem19 0.02 502343928374430 92 1 0.01 3288.00
problem20 0.05 438272921362384 140 1 0.01 3312.00
problem21 0.23 517030017803015 259 1 0.01 3440.00
problem22 0.01 453097830767119 86 1 0.01 3436.00
problem23 0.02 445614522554352 61 1 0 3188.00
problem24 0.04 404764300619028 207 1 0.01 3316.00
problem25 0.06 517455183867100 82 1 0 3012.00
problem26 0 525958547623250 53 1 0 3012.00
problem27 0.01 429354489183619 92 1 0 2864.00
problem28 0.02 462453571523484 98 1 0 2976.00
problem29 0.03 346936257998242 145 1 0.01 2976.00
problem30 0.04 469199991091613 207 1 0 2976.00
problem31 0.02 468601207727352 74 1 0 3356.00
problem32 0.01 451876216377130 81 1 0 2916.00
problem33 0.02 489761810154148 80 1 0 3372.00
problem34 0.02 451214074304273 49 1 0.01 3492.00
problem35 0 555953406998384 44 1 0 2656.00
problem36 0.01 380526239213388 111 1 0.01 3076.00
problem37 0.04 454344465026586 146 1 0 3364.00
problem38 0 425593947407778 76 1 0 2832.00
problem39 0.02 432969618364048 75 1 0.01 2964.00
problem40 0.02 435138058478383 97 1 0.01 3436.00
problem41 0.01 442016900983127 38 1 0.01 3324.00
problem42 0.01 409496048041695 92 1 0 2948.00
problem43 0.01 505039585800298 59 1 0.01 3256.00
problem44 0.01 498919834453495 62 1 0 2628.00
problem45 0.01 523473087247822 58 1 0 2816.00
problem46 0.02 437574042235139 79 1 0.01 3452.00
problem47 0.01 435596916068036 100 1 0 3300.00
problem48 0.01 531351669753932 57 1 0 2828.00
problem49 0.01 461190508080053 70 1 0 3280.00
problem50 0.14 471756149342119 200 1 0.01 3304.00
problem51 0.01 418364118042121 103 1 0.01 2928.00
problem52 0.02 510971956184870 88 1 0.01 2928.00
problem53 0.01 500307794457778 45 1 0.01 3360.00
problem54 0.01 473367769546263 39 1 0.01 2848.00
problem55 0.02 457972688773577 88 1 0.01 3352.00
problem56 0 459725324713819 76 1 0 2808.00
problem57 0.02 486131067781257 98 1 0 3360.00
problem58 0.01 444784745707578 70 1 0 2716.00
problem59 0.01 445674150910225 168 1 0.01 3420.00
problem60 0.02 417096133635096 53 1 0.01 3432.00
problem61 0.01 406679338326508 63 1 0 2692.00
problem62 7.09 436041798204944 1375 1 0.01 3540.00
problem63 0.01 326995073546015 116 1 0.01 2888.00
problem64 0.01 421225872317095 36 1 0.01 3484.00
problem65 0.02 387556829632545 89 1 0.01 3468.00
problem66 0.02 474776694817880 62 1 0.01 3336.00
problem67 0.02 501763218227397 57 1 0.01 2940.00
problem68 0.12 561966853030257 133 1 0.01 2940.00
problem69 0.21 381572346505741 467 1 0.01 3480.00
problem70 0.01 500813468250300 50 1 0.01 2896.00
problem71 0.04 369848865517149 185 1 0 3428.00
problem72 0.07 394769505834579 209 1 0.01 2924.00
problem73 0.01 537679536928898 46 1 0 2948.00
problem74 0.01 451679157630285 44 1 0.01 3368.00
problem75 0.01 388306010253637 68 1 0.01 2928.00
problem76 0.02 444727070971447 107 1 0.01 3512.00
problem77 0.01 525323791145829 60 1 0 2912.00
problem78 0.04 431513464800983 142 1 0.01 3516.00
problem79 0.02 425447923034565 75 1 0.01 3440.00
problem80 0.01 434760338255891 34 1 0 3096.00
problem81 0.01 458173488634316 47 1 0.01 3392.00
problem82 0.07 431847749543883 189 1 0.01 3260.00
problem83 0.02 496417819284791 44 1 0.01 3240.00
problem84 0.01 414615372729089 83 1 0 2816.00
problem85 0.01 468588798593495 37 1 0 2852.00
problem86 0.02 445373989524120 113 1 0.01 3096.00
problem87 0.01 540753186202720 61 1 0.01 2784.00
problem88 0.03 447025560145229 133 1 0.01 3292.00
problem89 0.02 424141249220809 91 1 0.01 3432.00
problem90 0.02 438626654363539 80 1 0.01 2984.00
problem91 0.02 380504010189999 49 1 0.01 3448.00
problem92 0.01 417671539147519 92 1 0 3084.00
problem93 0.02 426100278174094 83 1 0.01 2912.00
problem94 0 420615077496614 36 1 0 2912.00
problem95 0.03 454455818971601 128 1 0.01 3336.00
problem96 0.01 448401412339224 98 1 0 2864.00
problem97 0.02 425338973210869 84 1 0.01 3344.00
problem98 0.21 430530400833440 339 1 0 3268.00
problem99 0.01 413537491202190 117 1 0.01 3596.00
