problem0 0 11093224336 1
problem1 0 12279352305 1
problem2 0 11808675761 1
problem3 0 10791738662 1
problem4 0 13171680650 1
problem5 0 11172544115 1
problem6 0 12484018523 1
problem7 0 12179960088 1
problem8 0 13039052132 1
problem9 0 13917068373 1
problem10 0 11581024741 1
problem11 0.01 11842198890 1
problem12 0 11895624990 1
problem13 0 13616322455 1
problem14 0 12711455567 1
problem15 0 12392956956 1
problem16 0 12327567032 1
problem17 0 12062491193 1
problem18 0 12821004185 1
problem19 0 11376437038 1
problem20 0 12507909170 1
problem21 0 10985262651 1
problem22 0 11769741507 1
problem23 0 12286159008 1
problem24 0 12877678476 1
problem25 0 13322833309 1
problem26 0 13337307341 1
problem27 0 12807408242 1
problem28 0 11584199366 1
problem29 0 12268614239 1
problem30 0 12183474615 1
problem31 0 12192001700 1
problem32 0 13003526112 1
problem33 0 12955913857 1
problem34 0 13371192705 1
problem35 0 11223815990 1
problem36 0 12470685914 1
problem37 0 11383788547 1
problem38 0 12679179819 1
problem39 0.01 13130130984 1
problem40 0 12683208628 1
problem41 0 12221994213 1
problem42 0 11691586997 1
problem43 0 12855876986 1
problem44 0 11547737710 1
problem45 0 12782584615 1
problem46 0 12266366495 1
problem47 0 11241561900 1
problem48 0 13177102088 1
problem49 0 12515946697 1
problem50 0 12024953193 1
problem51 0 12799372606 1
problem52 0 11739755394 1
problem53 0 11826040779 1
problem54 0 13110626707 1
problem55 0.01 11952843184 1
problem56 0 13022299612 1
problem57 0 11781124653 1
problem58 0 13513248925 1
problem59 0 11260188290 1
problem60 0 12000051222 1
problem61 0 11263855087 1
problem62 0 10924484743 1
problem63 0 12867491252 1
problem64 0 13019638832 1
problem65 0 11794868497 1
problem66 0 12043520849 1
problem67 0 12753201478 1
problem68 0 12499203114 1
problem69 0 10467606931 1
problem70 0 12604445435 1
problem71 0 11756139320 1
problem72 0 11959706116 1
problem73 0 12971763061 1
problem74 0 13522876805 1
problem75 0 12282049930 1
problem76 0 11894562750 1
problem77 0 12246501047 1
problem78 0.01 11857893615 1
problem79 0 12264985148 1
problem80 0 11341428568 1
problem81 0 11717031769 1
problem82 0 13464808249 1
problem83 0 13060066126 1
problem84 0 13055480530 1
problem85 0 12080589147 1
problem86 0 11403545187 1
problem87 0 11236410048 1
problem88 0 12977126444 1
problem89 0 12141227709 1
problem90 0 11337904237 1
problem91 0 12421610130 1
problem92 0 12011314534 1
problem93 0 11915835775 1
problem94 0 12288554839 1
problem95 0 13275796676 1
problem96 0 12973686912 1
problem97 0 12407774113 1
problem98 0 12163881249 1
problem99 0 12295246678 1
