problem0 0 11047 1 0.00
problem1 0.00 11551 1 0.00
problem2 0.00 10391 1 0.00
problem3 0.00 9103 1 0.00
problem4 0.00 11271 1 0.00
problem5 0.00 11263 1 0.00
problem6 0.00 10615 1 0.00
problem7 0.00 11631 1 0.00
problem8 0.00 10471 1 0.00
problem9 0.00 9439 1 0.00
problem10 0.00 10839 1 0.00
problem11 0.00 11599 1 0.00
problem12 0.00 10439 1 0.00
problem13 0.00 11455 1 0.00
problem14 0.00 10551 1 0.00
problem15 0.00 9775 1 0.00
problem16 0.00 10407 1 0.00
problem17 0.00 11679 1 0.00
problem18 0.00 10263 1 0.00
problem19 0.00 11791 1 0.00
problem20 0.00 10375 1 0.00
problem21 0.00 9855 1 0.00
problem22 0.00 10231 1 0.00
problem23 0.00 11759 1 0.00
problem24 0.00 10343 1 0.00
problem25 0.00 11871 1 0.00
problem26 0.00 10967 1 0.00
problem27 0.00 9423 1 0.00
problem28 0.00 10311 1 0.00
problem29 0.00 11583 1 0.00
problem30 0.00 10423 1 0.00
problem31 0.00 11439 1 0.00
problem32 0.00 11303 1 0.00
problem33 0.00 9759 1 0.00
problem34 0.00 9879 1 0.00
problem35 0.00 11151 1 0.00
problem36 0.00 10759 1 0.00
problem37 0.00 12031 1 0.00
problem38 0.00 11127 1 0.00
problem39 0.00 9583 1 0.00
problem40 0.00 9447 1 0.00
problem41 0.00 11231 1 0.00
problem42 0.00 10839 1 0.00
problem43 0.00 12111 1 0.00
problem44 0.00 10951 1 0.00
problem45 0.00 9919 1 0.00
problem46 0.00 9271 1 0.00
problem47 0.00 11311 1 0.00
problem48 0.00 10663 1 0.00
problem49 0.00 12191 1 0.00
problem50 0.00 10775 1 0.00
problem51 0.00 10511 1 0.00
problem52 0.00 8839 1 0.00
problem53 0.00 11647 1 0.00
problem54 0.00 10743 1 0.00
problem55 0.00 11503 1 0.00
problem56 0.00 10855 1 0.00
problem57 0.00 10591 1 0.00
problem58 0.00 9175 1 0.00
problem59 0.00 11471 1 0.00
problem60 0.00 10823 1 0.00
problem61 0.00 11071 1 0.00
problem62 0.00 11447 1 0.00
problem63 0.00 10415 1 0.00
problem64 0.00 9255 1 0.00
problem65 0.00 11295 1 0.00
problem66 0.00 10903 1 0.00
problem67 0.00 11151 1 0.00
problem68 0.00 11271 1 0.00
problem69 0.00 10495 1 0.00
problem70 0.00 9335 1 0.00
problem71 0.00 10863 1 0.00
problem72 0.00 11495 1 0.00
problem73 0.00 10719 1 0.00
problem74 0.00 11351 1 0.00
problem75 0.00 10575 1 0.00
problem76 0.00 9671 1 0.00
problem77 0.00 10431 1 0.00
problem78 0.00 11575 1 0.00
problem79 0.00 10543 1 0.00
problem80 0.00 11687 1 0.00
problem81 0.00 10399 1 0.00
problem82 0.00 10007 1 0.00
problem83 0.00 9999 1 0.00
problem84 0.00 11911 1 0.00
problem85 0.00 10367 1 0.00
problem86 0.00 11767 1 0.00
problem87 0.00 10735 1 0.00
problem88 0.00 9575 1 0.00
problem89 0.00 10079 1 0.00
problem90 0.00 11735 1 0.00
problem91 0.00 10447 1 0.00
problem92 0.00 11591 1 0.00
problem93 0.00 11327 1 0.00
problem94 0.00 9399 1 0.00
problem95 0.00 10415 1 0.00
problem96 0.00 11303 1 0.00
problem97 0.00 10271 1 0.00
problem98 0.00 11927 1 0.00
problem99 0.00 11151 1 0.00
