problem0 0 80431097742 1
problem1 0 81527229550 1
problem2 0 82077551950 1
problem3 0.07 75628309038 1
problem4 0.08 74892665614 1
problem5 0.02 74404624366 1
problem6 0.06 80818677966 1
problem7 0.01 73416242606 1
problem8 0.06 81649950350 1
problem9 0 74783122286 1
problem10 0.01 78088766542 1
problem11 0.04 81816404270 1
problem12 0.05 77934172686 1
problem13 0 78617317102 1
problem14 0.06 79975849934 1
problem15 0.03 76248075438 1
problem16 0.1 83657790862 1
problem17 0.07 77298399854 1
problem18 0.08 68677204814 1
problem19 0.06 94139127854 1
problem20 0.01 77662638350 1
problem21 0.01 74834028014 1
problem22 0.03 84103730894 1
problem23 0.02 71717266350 1
problem24 0.16 79324302478 1
problem25 0.35 72815939950 1
problem26 0.11 71408611918 1
problem27 0.12 69495811886 1
problem28 0.01 84127614990 1
problem29 0.03 74714922222 1
problem30 0.11 84998262222 1
problem31 0.01 72557722286 1
problem32 0 82994004878 1
problem33 0.02 90175776878 1
problem34 0.08 75931445582 1
problem35 0.05 74307454510 1
problem36 0.03 64428982030 1
problem37 0.03 83477713902 1
problem38 0.14 70160417998 1
problem39 0.07 78618448302 1
problem40 0.09 76799163022 1
problem41 0.01 85203500910 1
problem42 0 86926549070 1
problem43 0.01 76210806062 1
problem44 0.02 67270997518 1
problem45 0.09 74127862510 1
problem46 0 78630779854 1
problem47 0 76863547566 1
problem48 0.04 72936812942 1
problem49 0 80296695406 1
problem50 0 74715027278 1
problem51 0.02 68612420654 1
problem52 0.05 76933410062 1
problem53 0.14 84095336942 1
problem54 0.03 74288001742 1
problem55 0.05 80026927022 1
problem56 0.01 68571605134 1
problem57 0.01 80673074542 1
problem58 0.08 76189978190 1
problem59 0.02 81426074414 1
problem60 0.02 71253517326 1
problem61 0.06 79943145710 1
problem62 0.03 85435247054 1
problem63 0.04 83662624430 1
problem64 0.02 71605608334 1
problem65 0.05 67928032366 1
problem66 0.01 74557408590 1
problem67 0.01 80141034030 1
problem68 0.03 75313257230 1
problem69 0.07 79773904878 1
problem70 0.11 71656202446 1
problem71 0.03 76882226606 1
problem72 0.01 72761022094 1
problem73 0.03 68754119534 1
problem74 0.01 68055710798 1
problem75 0.02 68901271854 1
problem76 0.01 79834829326 1
problem77 0.04 73772943086 1
problem78 0.1 76286416846 1
problem79 0.03 76714607790 1
problem80 0.01 73497464206 1
problem81 0.03 73336664686 1
problem82 0.04 72103146318 1
problem83 0 77620564014 1
problem84 0.1 75540433166 1
problem85 0.01 73600425454 1
problem86 0.01 73941962446 1
problem87 0.19 78713805742 1
problem88 0.08 68832101518 1
problem89 0.07 78303447406 1
problem90 0.07 78495656526 1
problem91 0.01 78230628142 1
problem92 0 78922072078 1
problem93 0.04 84474066158 1
problem94 0.08 77893617102 1
problem95 0.01 71991407278 1
problem96 0.05 73109453710 1
problem97 0.01 75987279982 1
problem98 0.02 74734215502 1
problem99 0.04 74875436590 1
