problem0 0 160199004868 1 2248.00
problem1 0.01 164302695048 0 2304.00
problem2 0.01 142786514311 0 2304.00
problem3 0.01 135085615987 1 2304.00
problem4 0.01 137725907989 0 2304.00
problem5 0.01 152338519198 0 2304.00
problem6 0.01 151413032856 0 2304.00
problem7 0.01 154685140509 1 2304.00
problem8 0.01 164048030594 0 2304.00
problem9 0.01 152066415205 0 2304.00
problem10 0.01 132518450377 0 2304.00
problem11 0.01 139467351419 0 2304.00
problem12 0.01 144109828847 0 2304.00
problem13 0.01 139931915693 0 2304.00
problem14 0.01 111885305627 0 2304.00
problem15 0.01 156157721454 0 2304.00
problem16 0.01 144019408017 0 2304.00
problem17 0.01 129327104169 0 2304.00
problem18 0.01 163112718481 0 2304.00
problem19 0.01 147521731038 0 2304.00
problem20 0.01 147405728345 0 2304.00
problem21 0.02 148387673407 0 2304.00
problem22 0.01 120165139233 0 2304.00
problem23 0.01 136126909197 0 2304.00
problem24 0.00 132793159216 1 2304.00
problem25 0.01 149131324796 0 2304.00
problem26 0.01 163328282833 0 2304.00
problem27 0.01 141896054999 0 2304.00
problem28 0.01 154199355964 0 2304.00
problem29 0.02 130767815508 0 2304.00
problem30 0.01 117431946146 0 2304.00
problem31 0.01 133057604931 0 2304.00
problem32 0.01 159238912090 0 2304.00
problem33 0.01 148514992332 0 2304.00
problem34 0.01 133574485410 0 2304.00
problem35 0.01 135214969438 0 2304.00
problem36 0.01 129955635869 0 2304.00
problem37 0.01 135342575607 0 2304.00
problem38 0.01 130425925806 0 2304.00
problem39 0.01 127724810743 0 2304.00
problem40 0.01 135710757629 0 2304.00
problem41 0.01 123879807657 0 2304.00
problem42 0.01 169202015961 0 2304.00
problem43 0.01 140942636602 0 2304.00
problem44 0.01 119919479676 0 2304.00
problem45 0.01 131262540547 0 2304.00
problem46 0.02 144482288176 0 2304.00
problem47 0.01 137354783013 0 2304.00
problem48 0.00 127728414236 1 2304.00
problem49 0.02 136315828990 0 2304.00
problem50 0.00 124224588953 1 2304.00
problem51 0.01 129883608258 0 2304.00
problem52 0.01 136075099362 0 2304.00
problem53 0.01 121590949019 0 2304.00
problem54 0.01 134539743283 0 2304.00
problem55 0.01 151523484382 0 2304.00
problem56 0.01 142756272585 0 2304.00
problem57 0.01 151165149647 0 2304.00
problem58 0.01 130947071712 0 2304.00
problem59 0.01 131236191649 0 2304.00
problem60 0.01 140876302021 0 2304.00
problem61 0.01 152854121632 1 2304.00
problem62 0.01 138159139507 0 2304.00
problem63 0.01 137445601044 0 2304.00
problem64 0.01 138159990248 0 2304.00
problem65 0.01 145618378524 0 2304.00
problem66 0.01 158728897969 0 2304.00
problem67 0.02 147485827366 0 2304.00
problem68 0.01 149222603060 0 2304.00
problem69 0.01 139505644345 0 2304.00
problem70 0.01 125739114944 0 2304.00
problem71 0.01 136128962012 0 2304.00
problem72 0.00 149556388488 1 2304.00
problem73 0.01 153631441661 0 2304.00
problem74 0.02 162365960444 0 2304.00
problem75 0.01 153721417504 0 2304.00
problem76 0.01 126558610449 0 2304.00
problem77 0.01 169024235599 0 2304.00
problem78 0.01 153260066107 0 2304.00
problem79 0.01 127271812858 0 2304.00
problem80 0.01 122944823215 0 2304.00
problem81 0.01 149378456901 0 2304.00
problem82 0.01 162960986308 0 2304.00
problem83 0.01 159899768708 0 2304.00
problem84 0.01 142658180984 0 2304.00
problem85 0.01 140889029622 0 2304.00
problem86 0.01 131836503361 0 2304.00
problem87 0.01 139644314280 0 2304.00
problem88 0.01 142109764954 0 2304.00
problem89 0.01 142902836761 0 2304.00
problem90 0.01 171088082157 1 2304.00
problem91 0.01 151374555770 0 2304.00
problem92 0.01 149733155675 0 2304.00
problem93 0.01 152476515824 1 2304.00
problem94 0.01 120315892173 0 2304.00
problem95 0.01 130212894946 0 2304.00
problem96 0.01 136466553746 0 2304.00
problem97 0.01 131484333429 0 2304.00
problem98 0.01 162704846259 0 2304.00
problem99 0.01 135323072499 0 2304.00
