problem0 23.25 2359802883918448 1 7148.00
problem1 20.85 2083235581690480 1 10956.00
problem2 23.66 2145407861668464 1 10956.00
problem3 20.20 2136567898436208 1 10956.00
problem4 25.98 2284646250949232 1 10956.00
problem5 28.22 2039084885959280 1 10956.00
problem6 18.95 2454578387032688 1 10956.00
problem7 21.23 2241628187578992 1 10956.00
problem8 28.10 2190977361021552 1 10956.00
problem9 12.30 2490802249024112 1 10956.00
problem10 12.19 2506810135935600 1 10956.00
problem11 32.05 1899343062610544 1 10956.00
problem12 17.91 2233062849473136 1 10956.00
problem13 33.20 2394186631946864 1 10956.00
problem14 26.85 2170496720493168 1 10956.00
problem15 25.94 2031438275056240 1 10956.00
problem16 26.75 2134160793553520 1 10956.00
problem17 17.57 2314722018853488 1 10956.00
problem18 44.18 2149660589931120 1 10956.00
problem19 31.97 2143468599865968 1 10956.00
problem20 16.00 2312420619266672 1 10956.00
problem21 20.51 2105408859071088 1 10956.00
problem22 22.76 2224734426143344 1 10956.00
problem23 15.51 2435880160744048 1 10956.00
problem24 14.93 2332770729462384 1 10956.00
problem25 29.50 2173401462325872 1 10956.00
problem26 34.57 2096986073823856 1 10956.00
problem27 22.74 2255898058240624 1 10956.00
problem28 23.48 2243924643211888 1 10956.00
problem29 18.50 2213370603545200 1 10956.00
problem30 43.38 2021837238065776 1 10956.00
problem31 21.40 2349326183436912 1 10956.00
problem32 25.88 2226537274919536 1 10956.00
problem33 15.13 2474140918055536 1 10956.00
problem34 19.40 2386651019295344 1 10956.00
problem35 15.01 2256903683371632 1 10956.00
problem36 8.39 2100623725079152 1 10956.00
problem37 28.60 2210578529673840 1 10956.00
problem38 20.90 2162619541363312 1 10956.00
problem39 12.43 2284629798015600 1 10956.00
problem40 19.30 2240352954583664 1 10956.00
problem41 31.26 1935390864392816 1 10956.00
problem42 15.06 2352832416250480 1 10956.00
problem43 27.75 2237126465073776 1 10956.00
problem44 20.10 2307410389527152 1 10956.00
problem45 28.96 1871014278472304 1 10956.00
problem46 7.78 2473839535184496 1 10956.00
problem47 9.86 2121325761761904 1 10956.00
problem48 8.50 2447266572225136 1 10956.00
problem49 12.57 2653301500215920 1 10956.00
problem50 19.13 1963025952193136 1 10956.00
problem51 33.95 1864994928095856 1 10956.00
problem52 40.43 2233645998549616 1 10956.00
problem53 20.62 2235296886153840 1 10956.00
problem54 18.86 2289674209434224 1 10956.00
problem55 16.79 2301898785378928 1 10956.00
problem56 30.90 2146270745660016 1 10956.00
problem57 15.89 2431529629565552 1 10956.00
problem58 23.46 2240258477292144 1 10956.00
problem59 17.59 2357049969095280 1 10956.00
problem60 20.83 2233854332627568 1 10956.00
problem61 25.14 2373720551957104 1 10956.00
problem62 20.63 2422044181748336 1 10956.00
problem63 23.14 2002196184371824 1 10956.00
problem64 16.88 2606682929678960 1 10956.00
problem65 28.70 2099588056121968 1 10956.00
problem66 23.46 2237232004741744 1 10956.00
problem67 18.14 2396557694333552 1 10956.00
problem68 21.29 2310715451353712 1 10956.00
problem69 25.65 2412110637785712 1 10956.00
problem70 34.85 2064388953676400 1 10956.00
problem71 22.10 2227652622865008 1 10956.00
problem72 32.53 1931227091077744 1 10956.00
problem73 15.58 2346252095210096 1 10956.00
problem74 22.40 2202917198756464 1 10956.00
problem75 15.19 2355634070336112 1 10956.00
problem76 39.12 2044696949254768 1 10956.00
problem77 17.05 2335555017187952 1 10956.00
problem78 39.76 1817522910321264 1 10956.00
problem79 16.00 2154115416363632 1 10956.00
problem80 15.22 2374383103134320 1 10956.00
problem81 22.27 2241815946068592 1 10956.00
problem82 25.51 2175178491017840 1 10956.00
problem83 16.81 2465657575273072 1 10956.00
problem84 8.87 2423641304410736 1 10956.00
problem85 18.48 2480985284600432 1 10956.00
problem86 14.87 2422997925141104 1 10956.00
problem87 19.59 2575912996459120 1 10956.00
problem88 11.64 2320349909355120 1 10956.00
problem89 12.57 2475054924022384 1 10956.00
problem90 20.57 2332617801562736 1 10956.00
problem91 23.30 2395056733893232 1 10956.00
problem92 30.37 2113222437038704 1 10956.00
problem93 38.56 1989064383439472 1 10956.00
problem94 18.90 2159459825375856 1 10956.00
problem95 36.53 2176311469412976 1 10956.00
problem96 17.79 2405126266931824 1 10956.00
problem97 15.44 2468106949198448 1 10956.00
problem98 27.55 2361255841184368 1 10956.00
problem99 34.85 1952997559300720 1 10956.00
