problem0 1211.33 38453800608252 1 35388.00
problem1 1650.56 36700597867853 1 40732.00
problem2 942.02 39934036460509 1 35468.00
problem3 863.54 38072040183810 1 40396.00
problem4 751.20 40780418050294 1 40396.00
problem5 741.85 44056078357583 1 40396.00
problem6 377.99 43256295519623 1 40396.00
problem7 421.5 45287821153140 1 34052.00
problem8 325.18 43309204880336 1 40404.00
problem9 923.85 40600062878897 1 40404.00
problem10 429.75 42633562852369 1 40404.00
problem11 624.99 38444593114438 1 40404.00
problem12 258.09 44786173527178 1 40404.00
problem13 515.34 44890578729075 1 40404.00
