problem0 0 43601960 0
problem1 0 34376369 0
problem2 0 46552414 0
problem3 0 45606585 0
problem4 0 38420217 0
problem5 0 31617398 0
problem6 0 40831022 0
problem7 0 34675041 0
problem8 0 42813008 0
problem9 0 39059013 0
problem10 0 41351339 0
problem11 0 46007016 0
problem12 0 48814165 0
problem13 0.01 42523456 0
problem14 0 41298100 0
problem15 0 42573222 1
problem16 0 42141447 0
problem17 0 37343841 0
problem18 0 42023534 0
problem19 0 33096607 0
problem20 0 42173488 0
problem21 0 46845419 0
problem22 0 43741108 0
problem23 0 53833379 0
problem24 0.01 39166484 0
problem25 0 59037429 0
problem26 0 55093929 0
problem27 0 47593678 0
problem28 0 55202479 0
problem29 0 40900720 0
problem30 0 50294102 0
problem31 0 51043354 0
problem32 0 43657188 0
problem33 0 42851328 0
problem34 0 54188409 0
problem35 0 48558738 0
problem36 0 38228863 0
problem37 0.01 45255620 0
problem38 0 40677705 0
problem39 0 46282252 0
problem40 0 44017630 0
problem41 0 37728679 0
problem42 0 42948267 0
problem43 0 39223489 0
problem44 0 48142045 0
problem45 0 41809815 0
problem46 0 47696838 0
problem47 0 47565965 0
problem48 0 40841874 0
problem49 0 39266223 0
problem50 0 42447478 0
problem51 0.01 37630852 0
problem52 0 47066305 0
problem53 0 45100019 0
problem54 0 35605705 0
problem55 0 42069873 0
problem56 0 42719144 0
problem57 0 52629063 0
problem58 0 49249502 0
problem59 0 51468972 0
problem60 0 49161549 0
problem61 0 47773916 0
problem62 0 51102801 0
problem63 0.01 50654946 0
problem64 0 41068358 0
problem65 0 42218833 0
problem66 0 43795871 0
problem67 0 40322654 0
problem68 0 49320004 0
problem69 0 33173041 0
problem70 0 38781514 0
problem71 0 39787237 0
problem72 0 39498090 0
problem73 0 49114348 0
problem74 0 40738013 0
problem75 0 41502344 0
problem76 0.01 48332179 0
problem77 0 42441693 1
problem78 0 42456788 0
problem79 0 47367039 0
problem80 0 45417997 1
problem81 0 52659450 0
problem82 0 51188356 0
problem83 0 40020791 0
problem84 0 48692600 0
problem85 0 44503633 0
problem86 0 45781493 0
problem87 0 44316805 0
problem88 0 44873048 0
problem89 0.01 45960604 0
problem90 0 44971710 1
problem91 0 44090481 0
problem92 0 37822410 0
problem93 0 32530695 0
problem94 0 43549523 0
problem95 0 35244486 0
problem96 0 44486384 0
problem97 0 56858301 0
problem98 0 51288502 0
problem99 0 47374877 0
