problem0 0 437866681 0 2208.00
problem1 0.00 319589205 0 2264.00
problem2 0.00 348542343 0 2264.00
problem3 0.00 351790789 0 2264.00
problem4 0.00 336216076 0 2264.00
problem5 0.00 325218688 0 2264.00
problem6 0.00 347015230 0 2264.00
problem7 0.00 319887767 0 2264.00
problem8 0.00 407717498 0 2264.00
problem9 0.00 328466009 0 2264.00
problem10 0.00 318175556 0 2264.00
problem11 0.00 385745706 0 2264.00
problem12 0.00 300472543 0 2264.00
problem13 0.00 340319205 0 2264.00
problem14 0.00 385231053 0 2264.00
problem15 0.00 290037170 0 2264.00
problem16 0.00 369297167 0 2264.00
problem17 0.00 305779447 0 2264.00
problem18 0.00 377567977 0 2264.00
problem19 0.00 351863749 0 2264.00
problem20 0.00 310608999 0 2264.00
problem21 0.00 323669529 0 2264.00
problem22 0.00 362508250 0 2264.00
problem23 0.00 326463181 0 2264.00
problem24 0.00 324379244 0 2264.00
problem25 0.00 331667229 0 2264.00
problem26 0.00 399026912 0 2264.00
problem27 0.00 261503300 0 2264.00
problem28 0.00 373969811 0 2264.00
problem29 0.00 363862188 0 2264.00
problem30 0.00 385838423 0 2264.00
problem31 0.00 399170686 0 2264.00
problem32 0.00 362424309 0 2264.00
problem33 0.00 340646977 0 2264.00
problem34 0.00 372955587 0 2264.00
problem35 0.00 325382811 0 2264.00
problem36 0.00 419910521 0 2264.00
problem37 0.00 330468408 0 2264.00
problem38 0.00 229421468 0 2264.00
problem39 0.00 318912138 0 2264.00
problem40 0.00 362784854 0 2264.00
problem41 0.00 343912925 0 2264.00
problem42 0.00 344938184 0 2264.00
problem43 0.00 437682368 0 2264.00
problem44 0.00 404658094 0 2264.00
problem45 0.00 364771359 0 2264.00
problem46 0.00 345492435 0 2264.00
problem47 0.00 395693261 0 2264.00
problem48 0.00 233779880 0 2264.00
problem49 0.00 316090386 0 2264.00
problem50 0.00 386380413 0 2264.00
problem51 0.00 331232156 0 2264.00
problem52 0.00 281947394 0 2264.00
problem53 0.00 397421558 0 2264.00
problem54 0.00 257903841 0 2264.00
problem55 0.00 486666310 0 2264.00
problem56 0.00 453760949 0 2264.00
problem57 0.00 316870227 0 2264.00
problem58 0.00 397376792 0 2264.00
problem59 0.00 403790700 0 2264.00
problem60 0.01 309208437 0 2264.00
problem61 0.00 370735355 0 2264.00
problem62 0.00 378258517 0 2264.00
problem63 0.00 419753840 0 2264.00
problem64 0.00 364029893 0 2264.00
problem65 0.00 411317683 0 2264.00
problem66 0.00 412894603 0 2264.00
problem67 0.00 430393027 0 2264.00
problem68 0.00 380670010 0 2264.00
problem69 0.00 393883583 0 2264.00
problem70 0.00 365937445 0 2264.00
problem71 0.00 316611402 0 2264.00
problem72 0.00 320516473 0 2264.00
problem73 0.00 422407414 0 2264.00
problem74 0.00 271424728 0 2264.00
problem75 0.00 389629643 0 2264.00
problem76 0.00 400654113 0 2264.00
problem77 0.00 394763484 0 2264.00
problem78 0.00 340252669 0 2264.00
problem79 0.00 345162786 0 2264.00
problem80 0.00 322242128 0 2264.00
problem81 0.00 388203827 0 2264.00
problem82 0.00 323818159 0 2264.00
problem83 0.00 417508169 0 2264.00
problem84 0.00 354876768 0 2264.00
problem85 0.00 375853823 0 2264.00
problem86 0.00 381326111 0 2264.00
problem87 0.00 337918181 0 2264.00
problem88 0.00 384612016 0 2264.00
problem89 0.00 415059668 0 2264.00
problem90 0.00 330184432 0 2264.00
problem91 0.00 358663523 0 2264.00
problem92 0.00 381755470 0 2264.00
problem93 0.00 334520584 0 2264.00
problem94 0.00 332957317 0 2264.00
problem95 0.00 349817418 0 2264.00
problem96 0.00 342281947 0 2264.00
problem97 0.00 329488176 0 2264.00
problem98 0.00 370055679 0 2264.00
problem99 0.00 324198953 0 2264.00
