problem0 1.76 777070943147107 1846 1 0.92
problem1 3.65 660547042133087 7416 3 2.92
problem2 5.07 621606023871977 17895 2 4.37
problem3 1.45 846216942867117 2083 1 1.13
problem4 2.16 698102486915607 5253 1 1.5
problem5 1.75 711031289007353 2494 1 1.19
problem6 2.34 723844427345133 2750 1 1.15
problem7 1.63 796229655244732 2155 1 1.02
problem8 1.7 731378988637783 2584 1 1.16
problem9 2.18 722253984456884 1913 1 1.37
problem10 3.18 708263335010015 6970 1 1.89
problem11 2.6 824780117997172 2642 1 1.06
problem12 2.71 695743468977126 6979 1 1.85
problem13 1.42 649630747457375 2215 1 1.26
problem14 3.38 736230802843380 3195 1 1.06
problem15 1.89 696045342101647 4402 1 1.46
problem16 2.17 685602825128505 4891 1 1.44
problem17 2.56 638480263950912 8630 1 1.7
problem18 1.5 776699227649088 1129 1 0.88
problem19 3.28 572951855576552 7940 1 1.53
problem20 1.44 663342061422451 1791 1 1.03
problem21 1.08 779098860381679 1497 1 0.91
problem22 2.14 617693932277151 4892 1 1.4
problem23 2.91 722903412607513 4378 1 1.3
problem24 2.44 796253688326812 2082 1 1.1
problem25 5.92 682802386371763 9328 1 1.3
problem26 1.76 702561673297100 3666 1 1.57
problem27 3.47 728920248693241 1958 1 0.9
problem28 2 627601093606413 6014 1 1.5
problem29 1.92 756832695021573 4359 1 1.74
problem30 1.83 835794951170048 1658 1 1.04
problem31 1.57 738434936151730 2772 1 1.14
problem32 2.97 721643024605639 5067 1 1.17
problem33 3.35 576412963000704 14243 1 2.28
problem34 3.26 692890483600395 11346 1 2.91
problem35 1.24 868148285787401 679 1 0.71
problem36 2.17 679400656852050 7529 1 1.36
problem37 2.42 672358300033277 10194 1 1.69
problem38 2.33 761791436566460 3309 1 1.12
problem39 2.93 606200287279758 13576 1 2.13
problem40 1.23 779680830409237 1043 1 0.81
problem41 2.26 715724003166576 7254 1 1.63
problem42 2.45 771255350629468 1911 1 1.04
problem43 1.5 686441808362411 3049 1 1.41
problem44 1.7 742238813168290 2182 1 0.97
problem45 3.08 742013344161279 5678 1 1.6
problem46 2.59 678986480636886 4711 1 2.04
problem47 2.1 584097495615374 7293 1 1.7
problem48 2.69 704915741832522 4091 1 1.56
problem49 1.75 841867833758401 942 1 0.85
problem50 1.84 778168825272830 1942 1 0.88
problem51 1.97 738380786827817 3730 1 1.68
problem52 2.15 798053234827555 4939 1 1.35
problem53 1.62 817357608821994 1101 1 0.9
problem54 3.64 724057051110021 5310 1 1.49
problem55 1.64 764099581370072 1873 1 1.05
problem56 1.49 718315286531222 3364 1 1.27
problem57 1.85 652897481797027 3065 1 1.5
problem58 1.47 713268725717841 2615 1 1.14
problem59 1.07 712167304166283 1505 1 1
problem60 1.72 675612845840579 2999 1 1.34
problem61 3.03 710688819483793 4590 1 1.11
problem62 2.15 746549135374993 1496 1 0.78
problem63 3.02 685796459738383 5817 1 1.31
problem64 1.7 714852733139935 3018 1 1.25
problem65 1.86 681053775093287 2944 1 1.56
problem66 2.07 696881038406032 5346 1 1.55
problem67 2.23 723367622689662 3426 1 1.23
problem68 1.49 885235878730520 814 1 0.81
problem69 2.57 750730954722890 2020 1 1.19
problem70 2.25 695040330114265 2474 1 1.02
problem71 2.67 714801160164840 5049 1 1.56
problem72 1.78 762386568544925 1338 1 0.94
problem73 3.16 758190987267702 1570 1 1.02
problem74 2.56 771527068646183 2734 1 1.18
problem75 3.34 681133905794286 7491 1 1.3
problem76 2.19 790188481887725 2740 1 1.02
problem77 4.13 757214422654293 2898 1 0.94
problem78 2.38 758222617395809 2659 1 1.04
problem79 3.13 683044506315079 5404 1 1.69
problem80 1.87 799811963560512 2261 1 1.09
problem81 1.17 809353869824543 1256 1 0.99
problem82 1.83 806170391844211 2338 1 1.04
problem83 1.6 732469606029814 2794 1 1.38
problem84 3.62 749568143633231 4205 1 1.33
problem85 1.79 703558958735585 2739 1 1.09
problem86 2.43 672254764612520 8286 1 1.74
problem87 1.92 731500441646911 3311 1 1.2
problem88 2.85 673256357917486 6189 1 2.4
problem89 1.48 622173249132072 2427 1 1.27
problem90 1.78 723759931541226 1448 1 0.87
problem91 2.2 709234848382174 6297 1 1.4
problem92 3.2 723113133012742 3334 1 1.11
problem93 1.96 749775012540293 2249 1 1.31
problem94 2.56 603452633743266 9364 1 1.98
problem95 2.59 753154321968584 2881 1 1.08
problem96 2.2 734458272953823 3175 1 1.26
problem97 2.68 770533852033748 5062 1 1.23
problem98 1.63 751896407187363 3477 1 1.35
problem99 3.18 710683804366083 5101 1 1.56
