problem0 0.62 1246318419999 0
problem1 0.26 1234297685005 0
problem2 0.18 1011934832951 0
problem3 0.45 1124116755397 0
problem4 0.24 1020211095664 0
problem5 0.63 1158153175681 0
problem6 0.52 1156048339196 0
problem7 0.48 984189149765 0
problem8 0.38 979589669537 0
problem9 0.39 1197665054319 0
problem10 0.22 1098540010598 0
problem11 0.2 1013193565827 0
problem12 0.28 854296029023 0
problem13 0.24 898876755410 0
problem14 0.41 1091003749321 0
problem15 0.4 1057294348988 0
problem16 0.61 988511925306 0
problem17 0.74 1310852153875 0
problem18 0.32 1016366940869 0
problem19 0.36 1055906027207 0
problem20 0.56 1228854878840 0
problem21 0.37 1093017651559 0
problem22 0.56 926789624892 0
problem23 0.43 1280822248456 0
problem24 0.61 1224752867317 0
problem25 0.25 1098888563838 0
problem26 0.3 1257618694084 0
problem27 0.33 1072993259554 0
problem28 0.18 1077455856971 0
problem29 0.38 1160434780292 0
problem30 0.38 1069371195704 0
problem31 0.32 939693763092 0
problem32 0.11 734486957387 0
problem33 0.14 903069818523 0
problem34 0.41 999273001523 0
problem35 0.42 938572015163 0
problem36 0.25 1114971701462 0
problem37 0.76 1104857108700 0
problem38 0.4 1099930418272 0
problem39 0.16 1086421579184 0
problem40 0.43 1251290773184 0
problem41 0.35 1030658737302 0
problem42 0.32 1022976346654 0
problem43 0.23 841261459230 0
problem44 0.28 1058555479831 0
problem45 0.23 1078519102205 0
problem46 0.38 1009186727182 0
problem47 0.32 869051527382 0
problem48 0.5 1039865229269 0
problem49 0.46 1211542706470 0
problem50 0.22 752309254296 0
problem51 0.34 1153257972771 0
problem52 0.21 1111774086741 0
problem53 0.47 1152820368740 0
problem54 0.52 1198391085948 0
problem55 0.37 976804295163 0
problem56 0.23 1002292086845 0
problem57 0.39 1087696362776 0
problem58 0.48 1076848921394 0
problem59 0.46 1087021214864 0
problem60 0.19 930146078120 0
problem61 0.39 1058786324835 0
problem62 0.27 959230525242 0
problem63 0.48 944853419670 0
problem64 0.33 1009347548002 0
problem65 0.41 1224348609582 0
problem66 0.36 992955339825 0
problem67 0.22 954229788476 0
problem68 0.36 968641524178 0
problem69 0.62 1172935153745 0
problem70 0.38 1054755360950 0
problem71 0.39 1248931347651 0
problem72 0.35 1115596316605 0
problem73 0.37 970656879891 0
problem74 0.1 967657628552 0
problem75 0.43 953195372222 0
problem76 0.28 872499526675 0
problem77 0.36 1076354031707 0
problem78 0.41 1111314829082 0
problem79 0.38 1191807068261 0
problem80 0.59 1288829632221 0
problem81 0.33 1111283213027 0
problem82 0.52 1193005679720 0
problem83 0.2 1093235222878 0
problem84 0.4 1048871683021 0
problem85 0.27 1017039018122 0
problem86 0.28 879587167086 0
