problem0 0.02 36539891522 1
problem1 0.01 35051293616 1
problem2 0.01 35385698542 1
problem3 0.01 34733909628 1
problem4 0.01 34984486874 1
problem5 0 33474839688 1
problem6 0.01 32218032134 1
problem7 0 31135986132 1
problem8 0.13 37624059250 1
problem9 0.01 31276743264 1
problem10 0.04 28649413662 1
problem11 0.04 29054216748 1
problem12 0.01 31035025418 1
problem13 0.02 29242740024 1
problem14 0.05 31644378422 1
problem15 0.02 30149504900 1
problem16 0.01 33785069474 1
problem17 0.01 35904658704 1
problem18 0.02 33497097038 1
problem19 0.03 31828943324 1
problem20 0.12 33510194234 1
problem21 0 30454385128 1
problem22 0.07 33331377766 1
problem23 0 30559314228 1
problem24 0.01 33781874130 1
problem25 0 33300444096 1
problem26 0 35246784126 1
problem27 0 31891475852 1
problem28 0.19 28228199530 1
problem29 0.01 31937870488 1
problem30 0 31700802454 1
problem31 0.02 30688413412 1
problem32 0 30758031362 1
problem33 0.02 33788051056 1
problem34 0.03 36551568814 1
problem35 0.02 33497656636 1
problem36 0 34112888986 1
problem37 0 33407655752 1
problem38 0.05 33543427270 1
problem39 0.05 35021234324 1
problem40 0.02 33111782962 1
problem41 0.07 37948063008 1
problem42 0.06 32435106014 1
problem43 0.08 32435028204 1
problem44 0.03 35279581386 1
problem45 0.01 30606194680 1
problem46 0.01 36275757558 1
problem47 0.01 34607853124 1
problem48 0.05 35236589666 1
problem49 0.01 33128034256 1
problem50 0.09 32571754510 1
problem51 0 34008008860 1
problem52 0.02 29085013242 1
problem53 0.01 36510336168 1
problem54 0.01 30892819238 1
problem55 0.03 33639100404 1
problem56 0.01 30137597586 1
problem57 0.01 31828760192 1
problem58 0.01 37395821374 1
problem59 0 32368362572 1
problem60 0.01 32301354282 1
problem61 0.01 32744506712 1
problem62 0.01 36059461718 1
problem63 0 37366965668 1
problem64 0 37080490178 1
problem65 0.1 32781136176 1
problem66 0.01 35685642862 1
problem67 0.01 36016567292 1
problem68 0.01 34676873562 1
problem69 0.01 31589300744 1
problem70 0.02 33417412998 1
problem71 0 35730034516 1
problem72 0.04 32603576050 1
problem73 0.01 30341398496 1
problem74 0.01 31138694558 1
problem75 0.04 35321124780 1
problem76 0 34100984202 1
problem77 0.02 30615888568 1
problem78 0.02 33888837302 1
problem79 0.01 31002340612 1
problem80 0.02 30779990306 1
problem81 0.01 29255074448 1
problem82 0.01 32439479502 1
problem83 0.01 35536121692 1
problem84 0 33114582458 1
problem85 0.01 32818675560 1
problem86 0 34458226662 1
problem87 0 34303704756 1
problem88 0.04 31409651538 1
problem89 0.01 32577386816 1
problem90 0.02 31516256254 1
problem91 0.01 31836732172 1
problem92 0.03 35420386794 1
problem93 0 34535706648 1
problem94 0.01 30788867350 1
problem95 0 34192786532 1
problem96 0.14 31561986434 1
problem97 0.01 32814883824 1
problem98 0.02 34411116334 1
problem99 0 27304393404 1
