problem0 0 789944 0
problem1 0 696822 1
problem2 0 755193 0
problem3 0 772635 1
problem4 0 826643 1
problem5 0 776568 1
problem6 0 809283 0
problem7 0 829261 1
problem8 0 820940 0
problem9 0 714970 1
problem10 0 722925 0
problem11 0 688479 1
problem12 0 795878 0
problem13 0 823836 1
problem14 0 744439 0
problem15 0 870993 1
problem16 0 815456 0
problem17 0 849726 1
problem18 0 786273 0
problem19 0 758819 1
problem20 0 820794 0
problem21 0 793152 1
problem22 0 801835 0
problem23 0 741589 1
problem24 0 810356 0
problem25 0 744738 1
problem26 0 752725 0
problem27 0 758375 1
problem28 0 807182 0
problem29 0 819684 1
problem30 0 756191 0
problem31 0 740057 1
problem32 0 760584 0
problem33 0 715398 1
problem34 0 675529 0
problem35 0 740395 1
problem36 0 841058 0
problem37 0 776456 1
problem38 0 726291 0
problem39 0 804957 1
problem40 0 817692 0
problem41 0 765802 1
problem42 0 771773 0
problem43 0 856431 1
problem44 0 795446 0
problem45 0 831404 1
problem46 0 748999 0
problem47 0 776545 1
problem48 0 805553 1
problem49 0 850894 1
problem50 0 750641 0
problem51 0 832051 1
problem52 0 772746 0
problem53 0 726480 1
problem54 0 795643 0
problem55 0 708069 1
problem56 0 810180 0
problem57 0 729010 1
problem58 0 747301 0
problem59 0 769655 1
problem60 0 760670 0
problem61 0 760692 1
problem62 0 755631 0
problem63 0 849385 1
problem64 0 770137 1
problem65 0 781078 1
problem66 0 749465 0
problem67 0 722491 1
problem68 0 796082 0
problem69 0 839832 1
problem70 0 747748 1
problem71 0 778605 1
problem72 0 771436 0
problem73 0 749050 1
problem74 0 826765 0
problem75 0 825727 1
problem76 0 817542 0
problem77 0 738620 1
problem78 0 825239 0
problem79 0 778353 1
problem80 0 752640 0
problem81 0 850014 1
problem82 0 753921 0
problem83 0 772163 1
problem84 0 730843 1
problem85 0 821600 1
problem86 0 795595 0
problem87 0 819957 1
problem88 0 766996 0
problem89 0 891458 1
problem90 0 797173 0
problem91 0 795271 1
problem92 0 769454 0
problem93 0 797956 1
problem94 0 793984 1
problem95 0 776441 1
problem96 0 818601 1
problem97 0 779174 1
problem98 0 780393 0
problem99 0 784459 1
