problem0 0 16884031465 1
problem1 0.38 15600714474 0
problem2 0.61 16576162096 0
problem3 0.15 13867709202 0
problem4 0.72 18409973576 0
problem5 0.14 14618132590 0
problem6 0.44 16808263807 0
problem7 0.83 18895249983 0
problem8 0.27 16443252996 0
problem9 0.11 15475305931 0
problem10 0.79 15134509854 1
problem11 0.55 15687411280 0
problem12 0.51 18924889882 0
problem13 0.77 16260975895 0
problem14 0.66 15114441517 0
problem15 0.81 16838521156 0
problem16 0.65 18923058065 1
problem17 0.62 18066997301 0
problem18 0.37 16713302677 0
problem19 0.36 17597682963 1
problem20 0.01 15526617195 1
problem21 0.54 17128343857 0
problem22 0.18 16256557918 0
problem23 0.37 15954379717 1
problem24 0.26 15719573417 0
problem25 0.59 17630546456 0
problem26 0.32 16373145480 0
problem27 0.26 13210079064 0
problem28 0.45 15525192511 1
problem29 0.09 19047220436 1
problem30 0.89 18177949969 0
problem31 0.44 14128310730 0
problem32 0.36 18301160761 1
problem33 0.36 16159071098 0
problem34 0.35 16799232514 0
problem35 0.79 16227788060 0
problem36 0.58 15460073364 0
problem37 0.27 16082898939 0
problem38 0.41 15451176005 0
problem39 0.32 14827238223 0
problem40 0.75 19708900430 0
problem41 0.19 15972713577 0
problem42 0.25 15806515702 0
problem43 0.5 16627738208 0
problem44 0.57 17025910137 0
problem45 0.1 15514696348 1
problem46 0.59 19196765435 0
problem47 0.54 17574260824 0
problem48 0.19 14441786595 0
problem49 0.31 18615538881 0
problem50 0.22 17869846370 1
