problem0 0 35312773 1
problem1 0 41884146 1
problem2 0 40382982 1
problem3 0 42942743 1
problem4 0 44481503 1
problem5 0 42403060 1
problem6 0 40398928 1
problem7 0 46269641 1
problem8 0 39891865 1
problem9 0 42245590 1
problem10 0 41902074 1
problem11 0 39664475 1
problem12 0 43603379 1
problem13 0 41494168 1
problem14 0 45255428 1
problem15 0.01 47240909 1
problem16 0 41786413 1
problem17 0 37732666 1
problem18 0 42261358 1
problem19 0 37464351 1
problem20 0 35709191 1
problem21 0 37711804 1
problem22 0 39885624 1
problem23 0 41772113 1
problem24 0 40296001 1
problem25 0 40703006 1
problem26 0 44135522 1
problem27 0 35166819 1
problem28 0 42839515 1
problem29 0.01 42823776 1
problem30 0 38695148 1
problem31 0 40156501 1
problem32 0 41404885 1
problem33 0 36120194 1
problem34 0 43252438 1
problem35 0 39853863 1
problem36 0 36047919 1
problem37 0 41203844 1
problem38 0 39705632 1
problem39 0 38924761 1
problem40 0.01 46247657 1
problem41 0 41322598 1
problem42 0 45170378 1
problem43 0 42747755 1
problem44 0 42355715 1
problem45 0 40163368 1
problem46 0 42380500 1
problem47 0.01 47059421 1
problem48 0 42720637 1
problem49 0 44157386 1
problem50 0 41160766 1
problem51 0 43328303 1
problem52 0 39894359 1
problem53 0 41639756 1
problem54 0 41333512 1
problem55 0 40906081 1
problem56 0 41133457 1
problem57 0.01 43874990 1
problem58 0 37568306 1
problem59 0 40944243 1
problem60 0 40742955 1
problem61 0 44293616 1
problem62 0 42057404 1
problem63 0 45962341 1
problem64 0 43800357 1
problem65 0 38546194 1
problem66 0 32742310 1
problem67 0.01 41104695 1
problem68 0 38499455 1
problem69 0 42460180 1
problem70 0 42049520 1
problem71 0 42505961 1
problem72 0 39797305 1
problem73 0 42887926 1
problem74 0 39056794 1
problem75 0 43944827 1
problem76 0 38689363 1
problem77 0 40829368 1
problem78 0.01 41297572 1
problem79 0 42140909 1
problem80 0 41662157 1
problem81 0 38980186 1
problem82 0 40967438 1
problem83 0 44225855 1
problem84 0 39891367 1
problem85 0 40814300 1
problem86 0 44376792 1
problem87 0.01 42708593 1
problem88 0 42403041 1
problem89 0 39180606 1
problem90 0 41148930 1
problem91 0 42869379 1
problem92 0 45271675 1
problem93 0 41599872 1
problem94 0 40526988 1
problem95 0.01 34579317 1
problem96 0 46955637 1
problem97 0 36841378 1
problem98 0 44766326 1
problem99 0 44860231 1
