problem0 0 12183624 1
problem1 0 12342190 1
problem2 0 12705157 1
problem3 0 10931559 1
problem4 0 12175626 1
problem5 0 11452872 1
problem6 0 13874199 1
problem7 0 12800273 1
problem8 0 12962284 1
problem9 0 11638146 1
problem10 0 13051849 1
problem11 0 14496603 1
problem12 0 12659950 1
problem13 0 13330652 1
problem14 0 11618971 1
problem15 0 13409861 1
problem16 0 12014608 1
problem17 0 12088790 1
problem18 0 13913741 1
problem19 0 11033551 1
problem20 0 12960082 1
problem21 0 13407856 1
problem22 0 13206943 1
problem23 0 12572153 1
problem24 0 12981940 1
problem25 0 12928170 1
problem26 0 13853137 1
problem27 0 13440707 1
problem28 0 13112886 1
problem29 0 13867652 1
problem30 0 13071651 1
problem31 0 13027373 1
problem32 0 12296664 1
problem33 0 13521406 1
problem34 0 12611989 1
problem35 0 13775927 1
problem36 0 12762010 1
problem37 0 12829976 1
problem38 0 12593447 1
problem39 0 12403937 1
problem40 0 11765116 1
problem41 0 12840402 1
problem42 0 11111897 1
problem43 0 12092459 1
problem44 0 12730750 1
problem45 0 12740140 1
problem46 0 13283755 1
problem47 0 12655637 1
problem48 0 12800416 1
problem49 0 13133862 1
problem50 0 13551261 1
problem51 0 14866079 1
problem52 0 12924898 1
problem53 0 13028800 1
problem54 0 12066479 1
problem55 0 12197321 1
problem56 0 13801028 1
problem57 0 12062970 1
problem58 0 12200929 1
problem59 0 11926419 1
problem60 0 13381318 1
problem61 0 12733396 1
problem62 0 13860915 1
problem63 0 13244925 1
problem64 0 13820776 1
problem65 0 11614286 1
problem66 0 12045733 1
problem67 0 12108551 1
problem68 0 14792234 1
problem69 0 12595304 1
problem70 0 13231671 1
problem71 0 11854001 1
problem72 0 12568844 1
problem73 0 13381154 1
problem74 0 12958697 1
problem75 0 13892859 1
problem76 0 14310926 1
problem77 0 10865532 1
problem78 0 11165883 1
problem79 0 11551205 1
problem80 0 11458352 1
problem81 0 11223670 1
problem82 0 12846765 1
problem83 0 14317935 1
problem84 0 12891762 1
problem85 0 11169040 1
problem86 0 12451775 1
problem87 0 10751385 1
problem88 0 12557780 1
problem89 0 12764490 1
problem90 0 13417969 1
problem91 0 12650595 1
problem92 0 11095894 1
problem93 0 14116132 1
problem94 0 12047171 1
problem95 0 13243341 1
problem96 0 12299512 1
problem97 0 11077278 1
problem98 0 13365685 1
problem99 0 13007319 1
