problem0 0 64445863083 1
problem1 0 73076657763 1
problem2 0.01 69402338203 1
problem3 0.03 72219790419 1
problem4 0 82564825227 1
problem5 0.16 74211555395 1
problem6 0 71606233979 1
problem7 0.16 75656909363 1
problem8 0 80984073323 1
problem9 0.03 69607709219 1
problem10 0.01 67909610331 1
problem11 0.01 72389480467 1
problem12 0.01 74935091275 1
problem13 0.19 70434419715 1
problem14 0 77734060859 1
problem15 0.06 69656741363 1
problem16 0.02 64273044523 1
problem17 0 79866643939 1
problem18 0.18 76939137819 1
problem19 0 77172569043 1
problem20 0.07 75889582091 1
problem21 0 71073288131 1
problem22 0.14 68152441595 1
problem23 0 72228870579 1
problem24 0.04 72981652459 1
problem25 0.06 70432199075 1
problem26 0.09 71642815195 1
problem27 0.53 67878188947 1
problem28 0.03 76921200587 1
problem29 0.01 75388914563 1
problem30 0.06 73243865787 1
problem31 0.53 75889610099 1
problem32 0.01 70081532843 1
problem33 0.01 86132047203 1
problem34 0.09 68914250395 1
problem35 0.05 73999637331 1
problem36 0.06 74757341067 1
problem37 0.12 77139126083 1
problem38 0.06 74938223227 1
problem39 0.09 63357378867 1
problem40 0.02 71023453035 1
problem41 0.09 69654169891 1
problem42 0.02 73701673563 1
problem43 0.01 74430127891 1
problem44 0.01 73507372875 1
problem45 0.01 73168757507 1
problem46 0.01 71137313339 1
problem47 0.02 67682243827 1
problem48 0.02 70722868011 1
problem49 0.97 74147738851 1
problem50 0.05 74712969755 1
problem51 0.03 76919685843 1
problem52 0.02 73925222155 1
problem53 0.13 67704618691 1
problem54 0.01 69272394235 1
problem55 0.01 71314188467 1
problem56 0.01 77919658731 1
problem57 0.52 69949587619 1
problem58 0.09 72332966363 1
problem59 0.03 70830507667 1
problem60 0.1 79851822795 1
problem61 0.27 72355494531 1
problem62 0.02 71271797179 1
problem63 0.08 74822589555 1
problem64 0.02 67933491883 1
problem65 0.06 69138263139 1
problem66 0.03 76475949467 1
problem67 0.01 70086634067 1
problem68 0.05 70297829003 1
problem69 0.07 67457439299 1
problem70 0.02 80003377531 1
problem71 0.01 71126413363 1
problem72 0.04 75005616747 1
problem73 0.01 63256999971 1
problem74 0.01 74373409115 1
problem75 0.04 70224277011 1
problem76 0.05 78900510283 1
problem77 0.19 70793253379 1
problem78 0.11 79947161915 1
problem79 0.07 77706470387 1
problem80 0.05 78482231851 1
problem81 0 77000811491 1
problem82 0.04 71376228635 1
problem83 0.05 74161623507 1
problem84 0.07 75812150795 1
problem85 0 79610424771 1
problem86 0 75850053883 1
problem87 0.01 74328389555 1
problem88 0.02 67238994411 1
problem89 0.01 69432242083 1
problem90 0.05 73774815451 1
problem91 0.05 75018966419 1
problem92 0.02 77221715403 1
problem93 0.27 70621129091 1
problem94 0 73398481083 1
problem95 0.16 73909578611 1
problem96 0.01 74040758699 1
problem97 0.03 73567804259 1
problem98 0.1 75914199195 1
problem99 0.28 75446057299 1
