problem0 0.17 145969536429142 0
problem1 0.25 144651845640951 0
problem2 0.42 153019417469590 0
problem3 0.37 157873243210575 0
problem4 0.36 118118199469587 0
problem5 0.35 115163765089203 0
problem6 0.31 134540552747250 0
problem7 0.46 156358926125694 0
problem8 0.51 148451586803852 0
problem9 0.35 142897226138219 0
problem10 0.56 139774444084739 0
problem11 0.41 120310205335844 0
problem12 0.52 129016120156485 0
problem13 0.53 147202642734644 0
problem14 0.37 139560749389201 0
problem15 0.53 142207099638995 0
problem16 0.38 142344475615278 0
problem17 0.39 145140717031763 0
problem18 0.42 164431282747015 0
problem19 0.37 107502375493429 0
problem20 0.36 141210429010589 0
problem21 0.28 141349469706968 0
problem22 0.42 144687934979725 0
problem23 0.48 128411854219691 0
problem24 0.37 138938584292824 0
problem25 0.46 138537842053557 0
problem26 0.29 142201265484320 0
problem27 0.47 118995615393475 0
problem28 0.36 153153657873883 0
problem29 0.53 142997434764230 0
problem30 0.43 139195519470496 0
problem31 0.34 144494680709321 0
problem32 0.23 139960146937666 0
problem33 0.38 136417877942613 0
problem34 0.5 140705969257342 0
problem35 0.2 114944183936979 0
problem36 0.43 124191554593934 0
problem37 0.54 145415758266903 0
problem38 0.44 127681206622233 0
problem39 0.22 139075130908644 0
problem40 0.4 169751447747883 0
problem41 0.42 165270208185668 0
problem42 0.3 111661333904619 0
problem43 0.28 155803681624459 0
problem44 0.6 136779522068255 0
problem45 0.53 123467907175210 0
problem46 0.24 152054596674128 0
problem47 0.51 135146909138985 0
problem48 0.37 117725536742742 0
problem49 0.43 144972688070450 0
problem50 0.24 136335836897284 0
problem51 0.52 135224957093510 0
problem52 0.25 118553359946114 0
problem53 0.46 143539576181153 0
problem54 0.57 149976058221423 0
problem55 0.62 147418009230186 0
problem56 0.48 146000388014403 0
problem57 0.42 155156763215507 0
problem58 0.38 158169572740428 0
problem59 0.31 157148952910850 0
problem60 0.33 119608682409026 0
problem61 0.25 153547305242283 0
problem62 0.18 126372275758336 0
problem63 0.14 127594849118352 0
problem64 0.52 150336770539643 0
problem65 0.37 146703480870269 0
problem66 0.21 141180687946251 0
problem67 0.27 132964344708585 0
problem68 0.24 130848452594433 0
problem69 0.45 149675724421175 0
problem70 0.35 117809146357281 0
problem71 0.17 140680749655523 0
problem72 0.28 138417110964949 0
problem73 0.4 131949979637857 0
problem74 0.35 131946980378240 0
problem75 0.49 131039164869369 0
problem76 0.52 162500708840140 0
problem77 0.39 121129279990261 0
problem78 0.23 134701977700112 0
problem79 0.29 134095275132788 0
problem80 0.18 119967365963516 0
problem81 0.2 127829998406865 0
problem82 0.28 137669886477447 0
problem83 0.18 139975297831033 0
problem84 0.21 119246371681216 0
problem85 0.54 126223925639018 0
