problem0 0.07 4386912372180 0
problem1 0.08 3791152199849 0
problem2 0.2 3905392466767 0
problem3 0.1 4180055862435 0
problem4 0.14 3990367668281 0
problem5 0.13 4024274242330 0
problem6 0.08 3127506351928 0
problem7 0.14 4358041266476 0
problem8 0.2 4844367402403 0
problem9 0.06 3752122103515 0
problem10 0.09 3752332263818 0
problem11 0.09 3353049640985 0
problem12 0.08 4380086509473 0
problem13 0.15 4082322967521 0
problem14 0.12 4353170715533 0
problem15 0.12 4373910454200 0
problem16 0.05 3093894585604 0
problem17 0.1 3691834572920 0
problem18 0.12 4380755091936 0
problem19 0.14 3868213714968 0
problem20 0.09 4292721917252 0
problem21 0.1 4034196354547 0
problem22 0.07 4247711534535 0
problem23 0.08 3212131558000 0
problem24 0.13 4384451359875 0
problem25 0.06 3640468131022 0
problem26 0.11 4206613024220 0
problem27 0.21 4662374487450 0
problem28 0.15 4145091976877 0
problem29 0.12 4457202651944 0
problem30 0.09 3926479703331 0
problem31 0.16 5270053486051 0
problem32 0.1 4601843348589 0
problem33 0.08 3764621178096 0
problem34 0.14 3906461751820 0
problem35 0.09 3603512471969 0
problem36 0.11 4508747490061 0
problem37 0.13 4368987811256 0
problem38 0.12 4503712101126 0
problem39 0.28 5355746369494 0
problem40 0.15 4454300943949 0
problem41 0.1 3908912299296 0
problem42 0.06 4200590590241 0
problem43 0.07 4562413349735 0
problem44 0.04 2465327303403 0
problem45 0.07 4242757724071 0
problem46 0.02 3287396123469 0
problem47 0.15 4331937604205 0
problem48 0.1 3941605780799 0
problem49 0.07 4068648975635 0
problem50 0.07 3836539467411 0
problem51 0.1 4319581824341 0
problem52 0.16 4754833193411 0
problem53 0.17 4123150705559 0
problem54 0.08 3886204345858 0
problem55 0.07 3111299423973 0
problem56 0.06 3843938659675 0
problem57 0.09 3787814929375 0
problem58 0.17 4477447122025 0
problem59 0.19 4752467153587 0
problem60 0.18 4532244065136 0
problem61 0.04 3976700989499 0
problem62 0.11 4120709271053 0
problem63 0.16 4024182128668 0
problem64 0.12 3995541713818 0
problem65 0.07 4111623488267 0
problem66 0.09 4048345498273 0
problem67 0.09 4076267448218 0
problem68 0.13 4200136735827 0
problem69 0.02 2828034371643 0
problem70 0.05 3833852651683 0
problem71 0.09 4187104794999 0
problem72 0.11 4188645538047 0
problem73 0.13 4865207043243 0
problem74 0.12 3936542514543 0
problem75 0.1 4062146476173 0
problem76 0.14 4469576236746 0
problem77 0.12 4090614706772 0
problem78 0.08 3914582897243 0
problem79 0.06 4670417619754 0
problem80 0.1 4344701548072 0
problem81 0.12 4186224732819 0
problem82 0.11 3902626800773 0
problem83 0.08 4323438192664 0
problem84 0.07 3634035602561 0
problem85 0.13 4676606837452 0
problem86 0.18 4269896317392 0
problem87 0.14 4150528860999 0
problem88 0.12 3751056488528 0
problem89 0.07 4352952753353 0
problem90 0.08 3501166591858 0
problem91 0.1 4100998324336 0
problem92 0.1 4449300149504 0
problem93 0.07 4156854882248 0
problem94 0.1 3120399844497 0
problem95 0.1 4418523484459 0
problem96 0.2 4521324472465 0
problem97 0.13 4172482413205 0
problem98 0.19 4758357564816 0
problem99 0.12 3803877226178 0
