problem0 0 96372756 1
problem1 0.01 97501076 1
problem2 0 113219348 1
problem3 0 101060244 1
problem4 0.01 85665300 1
problem5 0 79093140 1
problem6 0 89208084 1
problem7 0 94514324 1
problem8 0 94487572 1
problem9 0.02 101186452 1
problem10 0.02 105698068 1
problem11 0.02 99109524 1
problem12 0.04 101868052 1
problem13 0 96672148 1
problem14 0 91386132 1
problem15 0.03 98068628 1
problem16 0.01 103612436 1
problem17 0 99104660 1
problem18 0.01 92409620 1
problem19 0 103974548 1
problem20 0 87137812 1
problem21 0 83318164 1
problem22 0 100379924 1
problem23 0 104244372 1
problem24 0.01 106970132 1
problem25 0.02 108032916 1
problem26 0.01 98519828 1
problem27 0 90489492 1
problem28 0 91806228 1
problem29 0 85168532 1
problem30 0 78440724 1
problem31 0.01 96264340 1
problem32 0 96172052 1
problem33 0.01 98611092 1
problem34 0 111445780 1
problem35 0.01 96403092 1
problem36 0.01 99096084 1
problem37 0.01 93834644 1
problem38 0 92677396 1
problem39 0.02 103488660 1
problem40 0 92189716 1
problem41 0.02 100199316 1
problem42 0.01 106021652 1
problem43 0.01 88160916 1
problem44 0.01 100618772 1
problem45 0.01 96733588 1
problem46 0 101146900 1
problem47 0.01 92362900 1
problem48 0 111800340 1
problem49 0 100214676 1
problem50 0.01 90636052 1
problem51 0 90928788 1
problem52 0.01 100568596 1
problem53 0 98059668 1
problem54 0.03 95460628 1
problem55 0.01 109024404 1
problem56 0 100477972 1
problem57 0.01 102851476 1
problem58 0.01 107232020 1
problem59 0 96318100 1
problem60 0 111528468 1
problem61 0.01 110395796 1
problem62 0 113367316 1
problem63 0 103141524 1
problem64 0 100165652 1
problem65 0 87138196 1
problem66 0.04 101283604 1
problem67 0 91745940 1
problem68 0.01 108332564 1
problem69 0 108576148 1
problem70 0 100341012 1
problem71 0 95685780 1
problem72 0.01 94086164 1
problem73 0.01 103406484 1
problem74 0.01 102150932 1
problem75 0.01 93989524 1
problem76 0.01 107758100 1
problem77 0.01 105183636 1
problem78 0 85741844 1
problem79 0 103434388 1
problem80 0.01 103211028 1
problem81 0 101324692 1
problem82 0 105639700 1
problem83 0.01 103048852 1
problem84 0.02 118193684 1
problem85 0.01 96023956 1
problem86 0.01 98929940 1
problem87 0 105415828 1
problem88 0.01 102374420 1
problem89 0.01 110252948 1
problem90 0.02 94972692 1
problem91 0.01 102146708 1
problem92 0.03 97696276 1
problem93 0 102068628 1
problem94 0.01 106350868 1
problem95 0 114213012 1
problem96 0.01 91576340 1
problem97 0 88248212 1
problem98 0.03 86927124 1
problem99 0 95477396 1
