problem0 0 6761181 1
problem1 0 7708821 1
problem2 0 7709389 1
problem3 0 9693573 1
problem4 0 7711933 1
problem5 0 7906421 1
problem6 0 8325293 1
problem7 0 8884581 1
problem8 0 6911645 1
problem9 0 8155221 1
problem10 0 8173197 1
problem11 0 8061253 1
problem12 0 7899261 1
problem13 0 7537717 1
problem14 0 7646317 1
problem15 0 8141093 1
problem16 0 7922269 1
problem17 0 9068565 1
problem18 0.01 8448589 1
problem19 0 7158021 1
problem20 0 7373885 1
problem21 0 7898101 1
problem22 0 9138221 1
problem23 0 6815973 1
problem24 0 8220189 1
problem25 0 7565269 1
problem26 0 6700557 1
problem27 0 7508165 1
problem28 0 6922237 1
problem29 0 7676853 1
problem30 0.01 6771693 1
problem31 0 8054949 1
problem32 0 7018973 1
problem33 0 7839637 1
problem34 0 7385549 1
problem35 0 8587397 1
problem36 0 7855037 1
problem37 0 7136117 1
problem38 0 8411053 1
problem39 0 7139429 1
problem40 0 8250781 1
problem41 0 7794517 1
problem42 0 8144269 1
problem43 0 7512133 1
problem44 0 8075133 1
problem45 0 8110901 1
problem46 0 8026989 1
problem47 0 7477285 1
problem48 0 8245597 1
problem49 0 7692053 1
problem50 0 7403853 1
problem51 0 7690245 1
problem52 0 8106813 1
problem53 0 7979765 1
problem54 0 7454509 1
problem55 0 7757797 1
problem56 0 7265565 1
problem57 0.01 7270101 1
problem58 0 8047885 1
problem59 0 7811013 1
problem60 0 8212221 1
problem61 0 7529141 1
problem62 0 7217901 1
problem63 0 7456677 1
problem64 0 7407837 1
problem65 0 7052949 1
problem66 0 6930637 1
problem67 0 8136581 1
problem68 0 7604925 1
problem69 0 7283317 1
problem70 0 7579309 1
problem71 0 7360357 1
problem72 0 8410269 1
problem73 0 6778453 1
problem74 0 8508557 1
problem75 0 7618373 1
problem76 0 9168509 1
problem77 0.01 8028725 1
problem78 0 8276589 1
problem79 0 8255269 1
problem80 0 7651421 1
problem81 0 8281621 1
problem82 0 8325197 1
problem83 0 7829253 1
problem84 0 7660093 1
problem85 0 7668213 1
problem86 0 8261165 1
problem87 0 6733541 1
problem88 0 8801309 1
problem89 0.01 8678869 1
problem90 0 7429133 1
problem91 0 8244933 1
problem92 0 8584701 1
problem93 0 7512501 1
problem94 0 8057325 1
problem95 0 8562341 1
problem96 0 7141341 1
problem97 0 7445909 1
problem98 0 7393229 1
problem99 0 7554693 1
