problem0 1.1 10622083580 1
problem1 0.49 10302870861 1
problem2 0.07 10167960541 1
problem3 1.88 9771571202 1
problem4 0.16 11514734838 1
problem5 1.08 10651866191 1
problem6 0.01 9464509831 1
problem7 0.05 10275918708 1
problem8 0.14 10297392080 1
problem9 0.6 10206012593 1
problem10 0.64 10844277777 1
problem11 0.48 10004524358 1
problem12 0.28 9797289098 1
problem13 0.31 9781098611 1
problem14 0.39 10451739003 1
problem15 0.23 10646701944 1
problem16 0.37 10763177252 1
problem17 0.44 9391169941 1
problem18 0.39 10088296389 1
problem19 0.42 9493734410 1
problem20 0.01 11057528734 1
problem21 0.62 9613906455 1
problem22 0.58 10963423471 1
problem23 1.71 11297350908 1
problem24 0.05 9510708728 1
problem25 0.35 10596703225 1
problem26 0.09 11453464313 1
problem27 0.22 10606595150 1
problem28 0.1 8162437682 1
problem29 0.03 9810751803 1
problem30 0 9572733923 1
problem31 0.33 10114890752 1
problem32 0.47 10910832204 1
problem33 0.37 9860965341 1
problem34 0.05 10056255917 1
problem35 0.21 10357913106 1
problem36 0.01 9341555782 1
problem37 2.04 10078627295 1
problem38 0.17 10183670359 1
problem39 0.72 9718963332 1
problem40 0 9323507232 1
problem41 1.31 9847605569 1
problem42 0.16 10414546913 1
problem43 0.2 9943560534 1
problem44 0.36 10223554010 1
problem45 0.29 10007478275 1
problem46 0.05 10811298891 1
problem47 0.08 9748502152 1
problem48 0.02 9922526580 1
problem49 0.48 8877464613 1
problem50 0.2 9255162261 1
problem51 0.59 10449702426 1
